0,3391.028443
1,3456.302754
2,3542.933925
3,3615.953388
4,3659.015059
5,3700.914689
6,3716.688348
7,3802.050244
8,3825.738074
9,3882.119945
10,3948.406508
11,3982.449002
12,4007.266127
13,4061.450569
14,4074.527720
15,4134.876037
16,4157.447122
17,4160.332750
18,4146.716130
19,4177.559478
20,4203.552952
21,4240.312484
22,4271.256369
23,4290.489085
24,4356.701008
25,4365.657901
26,4374.458670
27,4408.366181
28,4424.043503
29,4460.974830
30,4498.852259
31,4544.898990
32,4585.845383
33,4644.192452
34,4701.723617
35,4699.476120
36,4718.473577
37,4779.434474
38,4833.223119
39,4830.568072
40,4830.894290
41,4866.831719
42,4864.372410
43,4885.959497
44,4882.423956
45,4853.045268
46,4958.471516
47,4955.617507
48,4982.104398
49,5049.095949
50,5081.263838
51,5111.160288
52,5130.598729
53,5150.952234
54,5072.522446
55,5107.353344
56,5221.722204
57,5239.762565
58,5234.894783
59,5277.462108
60,5286.468891
61,5336.221962
62,5332.127989
63,5371.711143
64,5374.612204
65,5475.321547
66,5461.983927
67,5492.386130
68,5488.963361
69,5583.763284
70,5533.493406
71,5618.042970
72,5636.552557
73,5554.737378
74,5440.923150
75,5509.419458
76,5583.418835
77,5578.566375
78,5555.902665
79,5574.610083
80,5523.979023
81,5464.025936
82,5436.789197
83,5392.433050
84,5329.806283
85,5295.702498
86,5467.843350
87,5483.955415
88,5341.734391
89,5446.357904
90,5490.387810
91,5410.246918
92,5576.977666
93,5491.323419
94,5535.238804
95,5609.691251
96,5593.573582
97,5592.716044
98,5560.122098
99,5594.701367
100,5532.177170
101,5659.321003
102,5614.471803
103,5586.256806
104,5680.031127
105,5674.815368
106,5708.192936
107,5721.183412
108,5746.224842
109,5722.168597
110,5685.502532
111,5660.668564
112,5763.391783
113,5702.627374
114,5690.134844
115,5575.688212
116,5578.299674
117,5646.814927
118,5604.137111
119,5512.952995
120,5505.697794
121,5534.985174
122,5539.300186
123,5632.364765
124,5525.201962
125,5567.088298
126,5605.789175
127,5596.819374
128,5577.410341
129,5510.103858
130,5568.178326
131,5585.483329
132,5539.083699
133,5477.249548
134,5488.624448
135,5502.360824
136,5613.054245
137,5486.469876
138,5468.500721
139,5408.583162
140,5526.330765
141,5590.378333
142,5616.131188
143,5499.716130
144,5507.435571
145,5474.729150
146,5553.602324
147,5587.121709
148,5513.076363
149,5664.917274
150,5697.614356
151,5672.784464
152,5650.579307
153,5555.819659
154,5556.350403
155,5640.578706
156,5712.681617
157,5678.358794
158,5590.458033
159,5578.189858
160,5568.790061
161,5590.764157
162,5659.482951
163,5689.688972
164,5663.362730
165,5716.519686
166,5560.783512
167,5611.440409
168,5569.818486
169,5647.700286
170,5549.941129
171,5606.205347
172,5429.282458
173,5424.688917
174,5424.543243
175,5360.317829
176,5465.797804
177,5570.394969
178,5546.224119
179,5573.758977
180,5555.104281
181,5581.186404
182,5624.803426
183,5604.609196
184,5564.809453
185,5585.959464
186,5593.057774
187,5718.861218
188,5683.394877
189,5637.875472
190,5748.833450
191,5676.783755
192,5715.717268
193,5617.280727
194,5727.504227
195,5624.890911
196,5618.773177
197,5585.051080
198,5628.271831
199,5602.232849
200,5581.972736
201,5718.963217
202,5758.629088
203,5611.247005
204,5613.462153
205,5655.828449
206,5672.292636
207,5701.572255
208,5709.510118
209,5721.002908
210,5714.728938
211,5622.605960
212,5674.526280
213,5746.559259
214,5615.258393
215,5689.370268
216,5687.595998
217,5714.134184
218,5741.495878
219,5780.886585
220,5801.667476
221,5795.705374
222,5684.066844
223,5703.759380
224,5581.121479
225,5635.762796
226,5547.430316
227,5573.142638
228,5566.777924
229,5555.186798
230,5565.777655
231,5618.963743
232,5534.706882
233,5584.436750
234,5562.233668
235,5542.669689
236,5615.863711
237,5655.980780
238,5569.741251
239,5653.824521
240,5516.065646
241,5626.612941
242,5589.840127
243,5556.570041
244,5541.116526
245,5539.385204
246,5523.070244
247,5474.457546
248,5446.800330
249,5434.224786
250,5410.590003
251,5443.521815
252,5552.810041
253,5506.057085
254,5595.825853
255,5629.160378
256,5565.170920
257,5537.250589
258,5520.980566
259,5477.914456
260,5617.276672
261,5710.841672
262,5734.623097
263,5749.207678
264,5625.721029
265,5589.924394
266,5718.447823
267,5739.760487
268,5732.289284
269,5730.649827
270,5642.594344
271,5818.850947
272,5833.532144
273,5777.281629
274,5695.233308
275,5731.936960
276,5777.834909
277,5661.246129
278,5642.260054
279,5713.821122
280,5734.959784
281,5681.168583
282,5603.462994
283,5615.342006
284,5532.123568
285,5582.256350
286,5712.057077
287,5681.615166
288,5645.189432
289,5778.186451
290,5787.566572
291,5752.127568
292,5790.108837
293,5814.386420
294,5819.708847
295,5813.687311
296,5804.641516
297,5708.020255
298,5779.207801
299,5735.441013
300,5790.775517
301,5778.153341
302,5767.185225
303,5723.644951
304,5721.782201
305,5701.180478
306,5572.241718
307,5680.173832
308,5705.851008
309,5799.400388
310,5827.058141
311,5629.940300
312,5562.957128
313,5614.272131
314,5680.489364
315,5659.382072
316,5635.612030
317,5645.728123
318,5723.410187
319,5652.556928
320,5642.388077
321,5681.554856
322,5721.105600
323,5754.551646
324,5679.214933
325,5808.626536
326,5711.702194
327,5674.888679
328,5584.931470
329,5561.163903
330,5703.860015
331,5789.532354
332,5641.024601
333,5627.851929
334,5687.319218
335,5611.466812
336,5487.471497
337,5525.125513
338,5409.935893
339,5439.585302
340,5532.930863
341,5601.723275
342,5632.595555
343,5621.593645
344,5637.967875
345,5613.448835
346,5584.100117
347,5672.966656
348,5762.809319
349,5773.124798
350,5756.227804
351,5780.611913
352,5608.841450
353,5545.069426
354,5654.283731
355,5688.729325
356,5543.658672
357,5678.071894
358,5659.590598
359,5689.277487
360,5752.748184
361,5704.910895
362,5665.511082
363,5738.057430
364,5739.011277
365,5769.895813
366,5758.302888
367,5688.779942
368,5706.174478
369,5755.566701
370,5833.053110
371,5882.451160
372,5912.297853
373,5752.844522
374,5674.743818
375,5758.474116
376,5773.173368
377,5745.938185
378,5816.451270
379,5737.718502
380,5829.849620
381,5763.356646
382,5601.999755
383,5545.626002
384,5636.290150
385,5664.949880
386,5643.961295
387,5692.160723
388,5750.011939
389,5784.848139
390,5754.954198
391,5700.761308
392,5651.460265
393,5759.577634
394,5811.598679
395,5705.269698
396,5759.309405
397,5648.406652
398,5623.203132
399,5600.493943
400,5650.145201
401,5553.414315
402,5653.011837
403,5585.694834
404,5574.156668
405,5576.529833
406,5576.920237
407,5658.788766
408,5703.576168
409,5616.575827
410,5764.784389
411,5758.013851
412,5808.017673
413,5821.128898
414,5686.849364
415,5682.920093
416,5646.014460
417,5555.233663
418,5484.364427
419,5664.541389
420,5715.884356
421,5804.709542
422,5800.416701
423,5837.392661
424,5776.640452
425,5730.216114
426,5711.889181
427,5740.502308
428,5651.768833
429,5678.146898
430,5705.665260
431,5773.073488
432,5798.766035
433,5808.373620
434,5748.104299
435,5778.892595
436,5780.788040
437,5853.009331
438,5823.952111
439,5871.767315
440,5991.189736
441,5733.761287
442,5712.044131
443,5627.389072
444,5442.358100
445,5489.398684
446,5526.216453
447,5624.145041
448,5723.168107
449,5751.224154
450,5666.853698
451,5630.401327
452,5726.240075
453,5737.544820
454,5774.677388
455,5879.460861
456,5942.500245
457,5927.201260
458,5919.940297
459,5827.043570
460,5744.651041
461,5678.841127
462,5823.879287
463,5780.073126
464,5733.328996
465,5650.320626
466,5694.190964
467,5634.686864
468,5529.360915
469,5647.896171
470,5684.833995
471,5776.451789
472,5750.888428
473,5663.062706
474,5808.362916
475,5735.256662
476,5718.546155
477,5792.591134
478,5771.913038
479,5753.760241
480,5782.459659
481,5753.139123
482,5711.645177
483,5789.514412
484,5722.416546
485,5585.259807
486,5602.695813
487,5586.687225
488,5560.960457
489,5682.908445
490,5662.994845
491,5556.799640
492,5520.335798
493,5625.938923
494,5670.304191
495,5688.579728
496,5791.383229
497,5765.855018
498,5784.054456
499,5780.739623
