0,3350.927670
1,3475.833652
2,3608.022459
3,3626.456331
4,3650.081388
5,3666.095673
6,3703.117832
7,3719.109027
8,3710.026644
9,3716.080023
10,3731.987215
11,3748.669697
12,3741.567255
13,3814.163628
14,3780.310401
15,3713.020769
16,3684.986500
17,3687.448160
18,3730.666800
19,3768.322190
20,3712.850366
21,3701.880502
22,3736.958078
23,3730.457588
24,3740.322354
25,3755.023549
26,3770.192786
27,3754.075311
28,3836.906091
29,3888.937100
30,3836.123814
31,3795.482576
32,3778.857934
33,3799.066711
34,3724.614642
35,3753.304976
36,3798.702423
37,3788.632108
38,3740.605794
39,3755.647450
40,3772.552206
41,3749.402656
42,3753.137408
43,3778.213971
44,3776.484920
45,3781.470423
46,3755.493021
47,3717.135085
48,3745.180477
49,3753.682811
50,3775.039437
51,3762.643441
52,3749.314724
53,3756.722106
54,3775.470664
55,3823.753319
56,3807.622783
57,3806.309236
58,3810.967361
59,3804.057487
60,3766.289704
61,3776.364730
62,3774.879128
63,3811.136695
64,3824.640814
65,3843.637372
66,3823.129744
67,3811.354623
68,3820.824922
69,3808.478388
70,3833.938782
71,3811.168837
72,3835.910944
73,3840.862840
74,3840.347300
75,3839.750909
76,3797.553182
77,3784.011838
78,3784.910390
79,3789.577208
80,3822.178633
81,3747.458796
82,3784.747527
83,3804.880798
84,3788.957736
85,3766.063989
86,3787.933260
87,3777.585719
88,3792.930251
89,3809.831417
90,3775.484155
91,3779.574957
92,3791.922932
93,3763.499446
94,3787.213502
95,3785.836708
96,3746.610561
97,3786.549193
98,3830.568983
99,3818.610233
100,3852.087103
101,3770.424780
102,3765.293409
103,3817.879754
104,3844.403242
105,3813.332704
106,3858.404693
107,3854.595432
108,3813.839545
109,3834.085413
110,3819.843355
111,3841.796235
112,3861.852250
113,3889.254768
114,3840.506033
115,3816.040895
116,3828.143516
117,3833.546841
118,3776.092666
119,3775.266598
120,3774.507109
121,3757.974815
122,3799.299666
123,3776.820107
124,3763.281013
125,3778.083486
126,3786.097774
127,3779.088500
128,3780.773914
129,3810.552508
130,3790.709023
131,3814.757128
132,3807.706962
133,3812.173091
134,3790.469562
135,3769.168333
136,3762.695016
137,3759.962611
138,3788.662577
139,3753.124669
140,3737.286228
141,3751.698951
142,3738.439850
143,3723.540611
144,3735.427432
145,3780.469623
146,3794.871271
147,3784.655222
148,3767.059942
149,3777.311094
150,3797.486335
151,3801.548036
152,3826.568583
153,3860.868525
154,3853.225645
155,3850.421888
156,3803.220398
157,3777.802767
158,3794.241317
159,3807.011676
160,3825.925140
161,3831.899967
162,3851.796831
163,3845.605442
164,3838.691666
165,3833.799721
166,3779.993755
167,3806.352296
168,3749.864518
169,3737.499981
170,3739.253284
171,3742.558728
172,3768.886117
173,3745.009546
174,3714.799197
175,3742.319081
176,3810.837137
177,3808.965172
178,3762.294540
179,3767.702118
180,3762.191235
181,3774.166681
182,3774.786408
183,3750.705234
184,3755.508050
185,3738.023491
186,3744.987417
187,3721.763794
188,3763.526298
189,3742.366146
190,3771.690955
191,3737.847575
192,3764.477543
193,3782.761692
194,3765.826373
195,3760.337234
196,3746.589056
197,3698.481790
198,3696.513399
199,3705.788645
200,3727.104180
201,3738.288200
202,3778.886718
203,3790.221073
204,3803.563163
205,3712.112532
206,3726.994626
207,3730.280653
208,3748.530635
209,3745.141825
210,3768.444302
211,3792.138505
212,3831.936576
213,3855.344242
214,3825.749260
215,3835.376011
216,3885.807669
217,3847.831311
218,3824.126738
219,3856.506736
220,3824.198593
221,3843.535978
222,3853.014316
223,3833.273875
224,3795.236046
225,3814.673126
226,3807.280036
227,3822.262798
228,3807.679587
229,3793.699535
230,3801.187309
231,3771.663130
232,3777.660939
233,3743.362321
234,3760.664993
235,3775.119234
236,3745.299969
237,3756.598553
238,3780.715173
239,3792.254398
240,3783.229225
241,3815.697449
242,3794.411536
243,3810.178287
244,3809.300383
245,3841.161939
246,3775.512347
247,3862.048447
248,3798.283830
249,3809.472709
250,3770.063277
251,3765.963370
252,3753.832774
253,3751.589323
254,3757.826896
255,3760.425136
256,3766.198537
257,3764.152685
258,3795.063581
259,3767.561568
260,3721.534525
261,3744.485710
262,3770.291461
263,3764.705287
264,3773.512322
265,3735.425126
266,3776.915756
267,3762.503027
268,3759.706938
269,3779.946706
270,3781.861768
271,3804.047645
272,3791.309227
273,3724.484393
274,3715.439110
275,3763.097530
276,3792.852468
277,3737.954490
278,3764.948381
279,3766.465032
280,3768.221679
281,3753.677128
282,3758.949590
283,3752.707902
284,3774.684847
285,3791.788687
286,3823.581952
287,3807.048197
288,3788.548275
289,3811.203027
290,3830.333849
291,3894.728570
292,3874.962428
293,3919.008687
294,3882.802648
295,3853.292607
296,3848.560285
297,3828.951578
298,3829.593949
299,3857.607010
300,3818.074258
301,3765.102975
302,3718.456199
303,3708.486640
304,3761.825379
305,3771.037251
306,3727.049523
307,3737.005764
308,3755.120487
309,3729.799569
310,3693.395306
311,3713.700709
312,3726.263585
313,3696.474173
314,3675.017285
315,3696.048238
316,3712.824069
317,3755.439245
318,3772.881364
319,3771.457576
320,3778.277845
321,3777.067328
322,3777.902048
323,3793.588816
324,3802.301095
325,3795.132681
326,3811.181642
327,3753.717947
328,3745.014648
329,3796.189469
330,3760.707624
331,3741.551316
332,3754.305675
333,3752.394955
334,3738.348003
335,3793.607521
336,3760.379181
337,3722.357577
338,3758.941735
339,3746.186691
340,3758.754792
341,3755.172340
342,3745.851306
343,3768.321951
344,3763.544991
345,3758.088393
346,3736.800234
347,3740.687802
348,3732.486065
349,3722.792320
350,3688.442150
351,3678.014959
352,3640.887418
353,3728.582960
354,3718.319922
355,3747.677870
356,3811.065556
357,3830.441943
358,3869.694350
359,3865.042675
360,3877.059066
361,3896.778567
362,3865.324917
363,3896.617049
364,3859.963064
365,3828.329485
366,3776.123465
367,3838.048295
368,3837.528782
369,3835.384702
370,3882.781423
371,3895.045568
372,3864.530804
373,3850.489390
374,3840.353703
375,3799.481838
376,3851.720789
377,3872.378696
378,3860.657709
379,3855.430961
380,3859.319053
381,3854.287619
382,3754.013147
383,3759.467833
384,3720.965402
385,3729.792970
386,3744.850838
387,3776.838252
388,3790.474482
389,3767.115582
390,3759.788437
391,3765.482909
392,3742.877439
393,3803.370550
394,3783.533574
395,3788.770558
396,3790.768237
397,3799.758329
398,3787.021731
399,3827.929541
400,3854.156586
401,3853.456476
402,3846.890660
403,3835.021013
404,3824.578044
405,3826.316344
406,3849.063634
407,3868.910200
408,3870.239178
409,3896.377714
410,3903.293386
411,3867.903689
412,3858.209912
413,3876.069161
414,3875.578653
415,3861.081864
416,3874.932433
417,3831.048252
418,3871.483562
419,3883.586467
420,3844.442353
421,3856.990140
422,3844.438437
423,3795.348877
424,3771.366405
425,3770.331876
426,3785.164235
427,3761.887687
428,3754.295566
429,3764.919781
430,3735.251427
431,3762.602423
432,3775.643295
433,3784.423515
434,3775.771095
435,3766.740335
436,3764.132796
437,3829.115961
438,3822.908932
439,3775.125677
440,3786.186194
441,3833.938924
442,3873.718867
443,3893.780997
444,3866.825544
445,3830.889778
446,3831.402858
447,3758.027406
448,3775.334291
449,3737.938208
450,3742.563243
451,3741.473311
452,3776.448134
453,3800.709301
454,3800.540579
455,3807.913358
456,3824.756237
457,3836.612606
458,3868.740310
459,3835.430288
460,3848.087370
461,3818.808597
462,3844.281660
463,3862.646612
464,3871.480021
465,3885.993665
466,3877.937882
467,3883.537622
468,3835.410432
469,3912.874257
470,3870.090731
471,3838.199063
472,3861.516433
473,3814.517732
474,3809.420707
475,3830.722443
476,3809.133964
477,3823.809951
478,3822.327906
479,3814.614438
480,3792.917034
481,3788.156563
482,3807.817169
483,3805.716446
484,3796.469627
485,3768.122822
486,3784.834026
487,3816.542923
488,3806.592606
489,3772.769125
490,3762.193700
491,3735.328460
492,3713.708481
493,3680.505637
494,3726.087845
495,3769.011059
496,3781.067685
497,3818.419396
498,3787.494133
499,3826.931766
