0,3323.130119
1,3505.851387
2,3615.659488
3,3697.149448
4,3738.184600
5,3828.833621
6,3931.685210
7,4010.116542
8,4078.583062
9,4114.487689
10,4168.835045
11,4200.631023
12,4238.028760
13,4278.976614
14,4294.681504
15,4334.518687
16,4373.761832
17,4412.228966
18,4459.524080
19,4479.753049
20,4484.735778
21,4519.522392
22,4541.247158
23,4582.089929
24,4624.924107
25,4647.416391
26,4671.392872
27,4697.484214
28,4753.294257
29,4792.068797
30,4856.280660
31,4911.764574
32,4952.409321
33,4949.329697
34,4995.222466
35,5005.885624
36,5008.355750
37,5036.822865
38,5031.650409
39,5085.011062
40,5138.656243
41,5149.604296
42,5178.336378
43,5177.293789
44,5174.395720
45,5165.530704
46,5189.042594
47,5213.083701
48,5216.089464
49,5235.914865
50,5224.594547
51,5244.742236
52,5238.700370
53,5278.748382
54,5299.023725
55,5316.805165
56,5333.587706
57,5347.520083
58,5342.962157
59,5334.125430
60,5364.250667
61,5366.081541
62,5370.098976
63,5352.027513
64,5395.152982
65,5429.511300
66,5439.738750
67,5422.610470
68,5466.718262
69,5469.714814
70,5473.609751
71,5486.647802
72,5481.902548
73,5511.784219
74,5498.250348
75,5478.621380
76,5487.242842
77,5492.997366
78,5499.302505
79,5519.714445
80,5510.254337
81,5517.405762
82,5526.197849
83,5516.309840
84,5508.554060
85,5507.866950
86,5510.833092
87,5502.439245
88,5468.980753
89,5495.272128
90,5491.668318
91,5481.388382
92,5486.976239
93,5490.824699
94,5514.083401
95,5512.029998
96,5477.852847
97,5467.349245
98,5482.829086
99,5494.724846
100,5496.465253
101,5504.549585
102,5490.351972
103,5511.224158
104,5480.686240
105,5488.404161
106,5488.846433
107,5516.826572
108,5505.890795
109,5509.504161
110,5471.872783
111,5454.288486
112,5434.076803
113,5494.976955
114,5495.686629
115,5508.793364
116,5484.973404
117,5481.283148
118,5513.026558
119,5520.679864
120,5527.026940
121,5531.891629
122,5527.244188
123,5498.546644
124,5481.528802
125,5437.453822
126,5471.558091
127,5459.733185
128,5479.611937
129,5488.121849
130,5481.869788
131,5470.156399
132,5503.813818
133,5515.261247
134,5510.039751
135,5492.153908
136,5459.639322
137,5479.055358
138,5499.941765
139,5468.970348
140,5484.174867
141,5507.924816
142,5486.763312
143,5447.919371
144,5441.014488
145,5462.527685
146,5471.427748
147,5462.450630
148,5448.054938
149,5429.618345
150,5448.525297
151,5449.072093
152,5455.533568
153,5472.845718
154,5490.569699
155,5480.035447
156,5482.958435
157,5481.007894
158,5491.044375
159,5510.117766
160,5521.641589
161,5514.327567
162,5486.375098
163,5478.776032
164,5470.229651
165,5470.317747
166,5465.238417
167,5478.625041
168,5492.964666
169,5518.586868
170,5507.112748
171,5503.059137
172,5461.132489
173,5461.433316
174,5440.496003
175,5456.359914
176,5476.881479
177,5490.822772
178,5474.120713
179,5476.533349
180,5502.328860
181,5488.931793
182,5478.933918
183,5481.931718
184,5476.296280
185,5479.210222
186,5492.574344
187,5480.139108
188,5491.857827
189,5485.088665
190,5479.688464
191,5493.351065
192,5483.614600
193,5452.338289
194,5480.811779
195,5479.752361
196,5482.665935
197,5483.611770
198,5502.279658
199,5512.978515
200,5526.343258
201,5499.653656
202,5494.036398
203,5484.061824
204,5478.310343
205,5467.737879
206,5485.158271
207,5472.561684
208,5486.910485
209,5505.872211
210,5494.308036
211,5510.732029
212,5531.720187
213,5484.742498
214,5515.005044
215,5486.148277
216,5501.051551
217,5508.564733
218,5455.263293
219,5434.548975
220,5443.745071
221,5467.671900
222,5479.733177
223,5486.158734
224,5482.134791
225,5473.264688
226,5494.845695
227,5499.877515
228,5471.960999
229,5464.887992
230,5460.478005
231,5506.355058
232,5506.497889
233,5508.379924
234,5528.843727
235,5511.610390
236,5506.943778
237,5500.886489
238,5468.237442
239,5477.319464
240,5469.696436
241,5492.812152
242,5495.314719
243,5497.774683
244,5473.755917
245,5451.541795
246,5458.337673
247,5444.120112
248,5455.421601
249,5451.876396
250,5462.229747
251,5492.901138
252,5454.547442
253,5497.483269
254,5506.290258
255,5497.144425
256,5489.563182
257,5503.162250
258,5510.524773
259,5508.113607
260,5458.142726
261,5459.865248
262,5481.357188
263,5448.910196
264,5489.551311
265,5468.452656
266,5481.807374
267,5483.735598
268,5452.563547
269,5434.623263
270,5454.534779
271,5454.977333
272,5488.318233
273,5488.481545
274,5476.540221
275,5487.541666
276,5482.202896
277,5487.036730
278,5508.899629
279,5502.415373
280,5492.960791
281,5494.499831
282,5468.932770
283,5487.657026
284,5507.462870
285,5478.622339
286,5477.071480
287,5496.552224
288,5458.983914
289,5454.585513
290,5459.221543
291,5468.992908
292,5457.360401
293,5473.427609
294,5494.301331
295,5489.639028
296,5476.061769
297,5435.936172
298,5482.176372
299,5432.521057
300,5432.310627
301,5434.231742
302,5448.573923
303,5491.663463
304,5505.208917
305,5494.209557
306,5453.836844
307,5472.417813
308,5453.887762
309,5485.598452
310,5496.395055
311,5493.006091
312,5503.743152
313,5498.292994
314,5500.942022
315,5519.345507
316,5517.321004
317,5508.070727
318,5472.838779
319,5491.561786
320,5468.185659
321,5479.194749
322,5494.691139
323,5501.671724
324,5501.431977
325,5496.316359
326,5493.718389
327,5500.592794
328,5478.966578
329,5465.450865
330,5495.834101
331,5497.912788
332,5460.965543
333,5484.197580
334,5484.505283
335,5475.678027
336,5475.484011
337,5517.378605
338,5517.094864
339,5502.150761
340,5500.191830
341,5526.739510
342,5491.326656
343,5499.593201
344,5507.262497
345,5476.927564
346,5477.617039
347,5469.218571
348,5456.141818
349,5448.615255
350,5440.404660
351,5472.848953
352,5441.734369
353,5454.972228
354,5470.429891
355,5457.608899
356,5446.572286
357,5444.510824
358,5450.654853
359,5431.481306
360,5460.972354
361,5473.974006
362,5469.758098
363,5470.302440
364,5470.043230
365,5467.460012
366,5481.679826
367,5478.802712
368,5469.359895
369,5478.457146
370,5489.270167
371,5486.967617
372,5494.793321
373,5508.738157
374,5498.944976
375,5501.570793
376,5498.354229
377,5493.492162
378,5498.771604
379,5485.145514
380,5486.388456
381,5491.050994
382,5509.093624
383,5483.277314
384,5479.386700
385,5478.240685
386,5486.965278
387,5465.585023
388,5480.812587
389,5489.218836
390,5468.217949
391,5476.028384
392,5458.968657
393,5479.301505
394,5488.876553
395,5504.133193
396,5505.640061
397,5510.775858
398,5493.056638
399,5468.595948
400,5489.520275
401,5479.206875
402,5487.087311
403,5500.790304
404,5487.241341
405,5456.743003
406,5470.115410
407,5472.633279
408,5489.961109
409,5472.563059
410,5504.090010
411,5498.796184
412,5454.858101
413,5461.125243
414,5457.544289
415,5470.776534
416,5484.906531
417,5508.704423
418,5506.128269
419,5513.664570
420,5513.223863
421,5471.695231
422,5471.622769
423,5504.759646
424,5508.120192
425,5509.365559
426,5549.885903
427,5519.591581
428,5519.311778
429,5537.408029
430,5520.155179
431,5515.354901
432,5499.762683
433,5484.708255
434,5484.118683
435,5476.249794
436,5491.884979
437,5521.856048
438,5507.837593
439,5486.525883
440,5482.731932
441,5541.769526
442,5523.870184
443,5526.405254
444,5524.960877
445,5522.297975
446,5497.348537
447,5511.248548
448,5527.110364
449,5531.482236
450,5516.469807
451,5524.242759
452,5525.880994
453,5519.035844
454,5485.958838
455,5454.295134
456,5433.219041
457,5434.284477
458,5471.978648
459,5456.841003
460,5500.307679
461,5523.498066
462,5498.152067
463,5481.635311
464,5493.412362
465,5497.092392
466,5479.678327
467,5446.856248
468,5473.286266
469,5481.880592
470,5505.032233
471,5515.312374
472,5478.126716
473,5467.040476
474,5476.797666
475,5458.083358
476,5453.268168
477,5446.434260
478,5425.372763
479,5478.647750
480,5475.004030
481,5474.505388
482,5482.552238
483,5482.893976
484,5490.163609
485,5448.414004
486,5453.268916
487,5497.959381
488,5500.592961
489,5515.391579
490,5520.742736
491,5501.477677
492,5467.075468
493,5470.195055
494,5456.367547
495,5482.866372
496,5510.023633
497,5480.248956
498,5495.679243
499,5484.673180
