0,3367.593007
1,3337.510063
2,3348.635409
3,3318.125035
4,3302.120606
5,3286.954471
6,3307.793385
7,3241.782943
8,3286.003305
9,3265.899564
10,3293.640876
11,3317.635651
12,3300.863779
13,3265.517404
14,3246.506144
15,3213.440530
16,3253.753130
17,3311.004191
18,3315.972128
19,3289.964826
20,3282.729719
21,3338.154663
22,3334.305778
23,3337.028205
24,3307.711486
25,3306.224686
26,3309.245759
27,3322.545987
28,3339.651376
29,3331.448441
30,3307.486582
31,3331.315238
32,3341.879515
33,3341.421515
34,3352.667772
35,3324.413324
36,3292.487369
37,3232.164926
38,3206.235440
39,3240.377246
40,3276.878422
41,3269.583159
42,3280.019487
43,3271.326055
44,3207.251146
45,3195.442363
46,3205.498431
47,3231.545924
48,3255.585600
49,3273.559358
50,3338.216272
51,3285.410829
52,3295.929717
53,3328.440328
54,3298.318381
55,3296.074943
56,3267.691271
57,3244.706424
58,3248.786714
59,3275.730863
60,3315.456542
61,3276.770354
62,3248.169004
63,3284.467674
64,3254.664240
65,3292.915507
66,3316.947181
67,3302.015260
68,3260.891414
69,3298.763978
70,3295.605722
71,3306.179932
72,3281.138688
73,3265.806077
74,3293.800994
75,3293.388922
76,3307.581567
77,3291.779580
78,3295.698351
79,3257.806081
80,3329.484354
81,3340.658495
82,3290.545655
83,3298.132851
84,3243.671062
85,3264.488878
86,3270.356005
87,3239.237763
88,3284.848549
89,3341.417121
90,3339.835646
91,3310.177316
92,3301.477844
93,3322.310330
94,3345.436199
95,3337.032338
96,3327.059099
97,3303.634563
98,3291.581016
99,3300.550704
100,3309.983794
101,3246.535899
102,3233.533431
103,3251.853329
104,3270.323870
105,3300.041596
106,3261.314809
107,3245.127474
108,3256.128191
109,3215.298756
110,3217.197085
111,3234.949384
112,3214.673483
113,3203.007989
114,3242.634082
115,3185.107050
116,3193.580309
117,3179.821542
118,3210.230628
119,3175.376491
120,3196.805971
121,3196.715888
122,3247.397597
123,3223.200772
124,3222.744581
125,3210.128479
126,3191.868194
127,3195.108208
128,3242.199667
129,3186.717764
130,3204.007209
131,3174.345141
132,3176.733949
133,3204.749875
134,3260.238973
135,3243.209594
136,3218.530083
137,3191.070510
138,3228.849943
139,3193.341694
140,3271.923033
141,3256.152217
142,3231.594593
143,3264.414212
144,3261.669613
145,3233.793528
146,3260.325093
147,3252.042442
148,3222.659361
149,3224.997560
150,3230.703535
151,3219.961507
152,3236.229771
153,3229.033586
154,3254.649947
155,3288.158887
156,3263.499216
157,3274.191671
158,3286.741135
159,3267.838763
160,3236.307092
161,3189.721356
162,3199.533893
163,3162.555000
164,3205.349483
165,3225.096694
166,3262.282967
167,3270.653011
168,3241.778065
169,3334.451046
170,3279.266443
171,3235.540502
172,3282.364062
173,3258.877638
174,3268.420815
175,3260.003639
176,3267.441905
177,3277.609662
178,3314.069074
179,3324.128874
180,3316.893860
181,3295.602228
182,3257.235281
183,3247.587898
184,3244.246115
185,3230.431585
186,3263.156062
187,3218.946644
188,3252.374207
189,3227.823763
190,3251.015639
191,3241.319104
192,3257.027357
193,3224.112998
194,3271.952747
195,3254.844274
196,3230.959054
197,3239.761616
198,3243.836932
199,3229.744843
200,3261.361440
201,3303.444914
202,3270.615355
203,3264.741082
204,3313.716336
205,3340.355060
206,3338.268374
207,3286.342627
208,3254.346258
209,3209.239607
210,3193.588535
211,3216.193540
212,3210.102627
213,3211.487696
214,3199.553380
215,3219.609359
216,3220.806514
217,3224.467784
218,3176.792699
219,3203.773697
220,3237.793551
221,3224.572977
222,3248.149643
223,3255.604423
224,3259.942559
225,3251.618003
226,3236.633499
227,3204.400825
228,3217.528552
229,3252.861536
230,3276.641182
231,3248.457629
232,3263.604917
233,3297.482563
234,3307.290372
235,3292.378332
236,3265.962342
237,3202.497163
238,3198.013507
239,3245.409118
240,3290.673059
241,3331.690906
242,3294.217758
243,3311.883450
244,3321.953468
245,3294.483058
246,3309.837773
247,3333.900825
248,3329.759048
249,3331.491275
250,3347.434562
251,3316.199845
252,3267.898241
253,3247.362930
254,3262.049847
255,3268.928793
256,3255.923631
257,3269.694938
258,3263.218167
259,3294.210872
260,3268.654150
261,3289.845846
262,3293.917832
263,3260.044767
264,3285.184878
265,3253.024339
266,3216.269409
267,3169.304137
268,3247.310068
269,3263.450369
270,3265.670534
271,3283.486245
272,3255.133525
273,3304.506051
274,3294.122221
275,3302.041617
276,3315.765240
277,3320.494864
278,3270.272952
279,3239.473601
280,3226.242134
281,3231.498412
282,3197.180323
283,3265.768306
284,3246.993045
285,3200.777225
286,3216.275119
287,3242.319480
288,3276.670763
289,3262.132168
290,3259.196759
291,3257.625040
292,3269.256297
293,3232.404139
294,3229.004824
295,3232.057574
296,3243.983182
297,3280.676720
298,3271.428719
299,3241.731094
300,3249.791001
301,3273.522980
302,3271.977103
303,3296.716143
304,3304.120475
305,3347.031376
306,3327.027676
307,3317.500482
308,3295.414835
309,3330.907304
310,3355.909572
311,3332.070922
312,3328.198723
313,3345.987886
314,3356.867736
315,3311.771676
316,3291.183343
317,3308.339575
318,3271.907536
319,3287.769903
320,3232.304340
321,3268.594291
322,3246.887352
323,3265.127935
324,3277.934251
325,3296.755312
326,3301.071343
327,3328.896204
328,3332.178048
329,3357.234862
330,3277.663902
331,3286.931891
332,3304.206361
333,3277.540623
334,3238.342203
335,3228.307479
336,3207.549879
337,3198.750426
338,3231.673626
339,3233.004833
340,3246.206025
341,3230.267197
342,3220.391274
343,3245.931195
344,3245.951891
345,3246.725642
346,3235.950789
347,3204.564692
348,3250.354161
349,3220.885128
350,3266.767804
351,3282.095861
352,3283.437065
353,3253.096933
354,3251.396528
355,3283.542557
356,3230.541202
357,3253.001467
358,3270.604088
359,3241.593763
360,3253.279602
361,3211.697071
362,3202.832265
363,3183.971567
364,3177.311478
365,3242.710268
366,3236.828966
367,3230.805021
368,3204.993158
369,3210.005961
370,3206.276100
371,3206.721036
372,3206.656164
373,3179.725017
374,3179.870176
375,3184.512658
376,3246.762237
377,3281.302531
378,3284.927651
379,3317.378800
380,3256.143527
381,3248.964261
382,3248.858003
383,3264.404139
384,3301.760065
385,3357.298099
386,3344.577960
387,3346.200375
388,3348.388986
389,3326.780149
390,3361.446243
391,3330.093600
392,3327.542980
393,3291.502024
394,3272.218423
395,3276.125571
396,3328.305543
397,3326.730673
398,3298.048404
399,3310.595504
400,3272.376184
401,3230.401051
402,3245.329692
403,3195.620852
404,3162.986712
405,3169.784753
406,3165.379129
407,3154.502638
408,3175.529911
409,3215.535799
410,3201.458216
411,3186.957981
412,3196.346645
413,3139.429348
414,3237.638684
415,3253.844954
416,3258.197028
417,3235.065085
418,3212.722126
419,3214.725838
420,3205.635694
421,3262.710701
422,3251.506913
423,3230.542972
424,3224.919965
425,3193.043893
426,3170.155784
427,3207.464720
428,3221.475442
429,3191.807822
430,3219.025297
431,3252.867584
432,3288.781638
433,3328.259723
434,3318.218260
435,3288.619744
436,3267.360042
437,3253.634569
438,3222.564418
439,3273.523302
440,3274.439734
441,3270.031374
442,3277.621323
443,3281.383092
444,3254.293435
445,3316.052298
446,3263.160362
447,3300.268008
448,3301.777446
449,3301.795522
450,3324.753308
451,3343.527666
452,3282.678207
453,3306.387820
454,3286.677861
455,3339.126045
456,3264.708865
457,3285.266172
458,3273.048411
459,3275.413443
460,3283.022585
461,3310.022664
462,3324.233629
463,3345.427610
464,3358.790004
465,3407.140151
466,3418.482832
467,3374.362040
468,3327.380867
469,3326.608792
470,3263.152111
471,3289.656727
472,3313.685525
473,3278.797956
474,3245.085113
475,3259.282654
476,3223.743572
477,3289.222716
478,3268.344386
479,3297.109984
480,3295.027298
481,3262.156931
482,3251.170350
483,3282.703306
484,3239.837303
485,3238.119661
486,3209.625512
487,3238.125758
488,3252.494967
489,3252.019213
490,3277.669207
491,3268.380526
492,3244.555298
493,3256.854428
494,3230.970085
495,3232.777708
496,3185.514951
497,3215.418318
498,3247.433280
499,3259.429524
