0,3367.981648
1,6738.942006
2,7030.554153
3,7252.174621
4,7467.768324
5,7599.936196
6,7737.092610
7,7873.921733
8,8021.109824
9,8110.405267
10,8212.699060
11,8246.326445
12,8325.611746
13,8438.533360
14,8481.482396
15,8546.099455
16,8577.937223
17,8625.512542
18,8687.615491
19,8681.922620
20,8738.258512
21,8759.964276
22,8815.462129
23,8878.811636
24,8956.169109
25,8990.128480
26,9041.234542
27,9068.771906
28,9137.281249
29,9121.966621
30,9127.188150
31,9193.386538
32,9359.839310
33,9412.480687
34,9383.865348
35,9522.785226
36,9615.803521
37,9694.295337
38,9863.241149
39,9940.402270
40,9842.370270
41,9931.385605
42,10068.860130
43,10071.685592
44,10206.691464
45,10142.598675
46,10281.655669
47,10389.362592
48,10527.169725
49,10415.155054
50,10570.126688
51,10642.137976
52,10550.549920
53,10632.325806
54,10667.584444
55,10755.467814
56,10739.386230
57,10636.797227
58,10803.217974
59,10905.172561
60,10744.792852
61,10703.569147
62,10915.592472
63,10875.929985
64,10854.332738
65,10896.519956
66,10881.883015
67,10955.547575
68,10912.241063
69,11016.994747
70,10905.223587
71,10890.197928
72,11041.479327
73,11066.904129
74,11027.531078
75,11107.449251
76,11114.459759
77,11088.656034
78,10910.252373
79,10986.966508
80,11051.248633
81,11174.966180
82,11012.429313
83,11023.322784
84,11108.356767
85,11102.993879
86,11126.941861
87,11198.204299
88,11256.578690
89,11176.167804
90,11145.744166
91,11153.287209
92,11149.767678
93,11177.031802
94,11148.060112
95,11258.571312
96,11336.227075
97,11341.246521
98,11274.086774
99,11269.374028
100,11150.102592
101,11178.934805
102,11234.538276
103,11186.683076
104,11255.080957
105,11176.238224
106,11293.258450
107,11285.166182
108,11295.225692
109,11300.664183
110,11279.489166
111,11369.393187
112,11314.400624
113,11302.864442
114,11405.000829
115,11513.827632
116,11486.560393
117,11352.043189
118,11359.719039
119,11338.104102
120,11302.521538
121,11346.480596
122,11353.075039
123,11380.409083
124,11329.358345
125,11349.596742
126,11365.055112
127,11458.439207
128,11394.473919
129,11352.845359
130,11417.232797
131,11296.556969
132,11221.033074
133,11285.477052
134,11468.818936
135,11385.953474
136,11433.367660
137,11363.783311
138,11320.171091
139,11212.996438
140,11260.117137
141,11220.044273
142,11208.696461
143,11284.711284
144,11272.349744
145,11246.892408
146,11332.695550
147,11211.815347
148,11271.962853
149,11261.675910
150,11287.716922
151,11291.207646
152,11220.822430
153,11179.985911
154,11336.545885
155,11286.243602
156,11260.915482
157,11203.969544
158,11211.742989
159,11246.382602
160,11288.238372
161,11387.060219
162,11450.774055
163,11511.358012
164,11328.606937
165,11396.352457
166,11349.709541
167,11327.461987
168,11327.413101
169,11451.617321
170,11342.296477
171,11377.148253
172,11409.706235
173,11411.825027
174,11333.996364
175,11364.786155
176,11375.020253
177,11279.760455
178,11296.281084
179,11374.729614
180,11255.813580
181,11175.729376
182,11208.015234
183,11259.823241
184,11271.989131
185,11313.375387
186,11346.273917
187,11346.607172
188,11362.169387
189,11357.057255
190,11288.079233
191,11320.982225
192,11376.262642
193,11513.372233
194,11291.976607
195,11367.000091
196,11240.925411
197,11323.092162
198,11331.898983
199,11352.631487
200,11319.522185
201,11292.075272
202,11292.998689
203,11263.428295
204,11240.000242
205,11324.612593
206,11354.686270
207,11420.665585
208,11403.999740
209,11457.825698
210,11393.918945
211,11374.269097
212,11493.346791
213,11277.015783
214,11307.741298
215,11420.757818
216,11477.907804
217,11472.203034
218,11414.286556
219,11374.835103
220,11474.827147
221,11494.808159
222,11417.775527
223,11486.942755
224,11459.919455
225,11622.376561
226,11535.385559
227,11438.346759
228,11460.710380
229,11578.389601
230,11558.940469
231,11554.887108
232,11629.282203
233,11615.140844
234,11482.335799
235,11499.837637
236,11531.329378
237,11729.738034
238,11652.754573
239,11548.870030
240,11662.974365
241,11644.191289
242,11578.139103
243,11513.167812
244,11578.978759
245,11539.763156
246,11494.991138
247,11580.465319
248,11652.181696
249,11417.111923
250,11491.979020
251,11642.937704
252,11639.329772
253,11546.240325
254,11648.308343
255,11499.715522
256,11360.547787
257,11463.548020
258,11534.592089
259,11654.855016
260,11646.097117
261,11590.174722
262,11484.311437
263,11615.514522
264,11577.404008
265,11516.709926
266,11526.826335
267,11565.727212
268,11607.727895
269,11647.651357
270,11455.522508
271,11594.570211
272,11634.672839
273,11507.685425
274,11657.251849
275,11614.161289
276,11518.421159
277,11492.859295
278,11479.188680
279,11451.034927
280,11558.624637
281,11673.789678
282,11726.574576
283,11684.631251
284,11752.989566
285,11570.022124
286,11540.211932
287,11623.582796
288,11593.256544
289,11548.314172
290,11601.132596
291,11618.017851
292,11582.720457
293,11653.140473
294,11558.586962
295,11631.928098
296,11556.419366
297,11544.018432
298,11552.282009
299,11574.696827
300,11551.219273
301,11648.884738
302,11667.616532
303,11443.618143
304,11555.922942
305,11608.356488
306,11650.580735
307,11616.882769
308,11699.182718
309,11676.493308
310,11546.068601
311,11509.557112
312,11443.398875
313,11548.423921
314,11426.447346
315,11361.965924
316,11552.382130
317,11683.522826
318,11724.547124
319,11555.285254
320,11643.406953
321,11572.966730
322,11558.245288
323,11585.516669
324,11574.046998
325,11577.088068
326,11459.823992
327,11667.084195
328,11599.492492
329,11632.622826
330,11518.727021
331,11629.148526
332,11651.978650
333,11667.298211
334,11570.775499
335,11535.196269
336,11462.946435
337,11567.565815
338,11556.968814
339,11421.285990
340,11492.409622
341,11443.151242
342,11560.310341
343,11630.551419
344,11680.391265
345,11588.599169
346,11606.632793
347,11761.747407
348,11788.091126
349,11772.990647
350,11728.558344
351,11831.218921
352,11727.307035
353,11668.795038
354,11709.870405
355,11832.868192
356,11941.616846
357,11904.617755
358,11914.536255
359,11846.609024
360,11796.162865
361,11911.747354
362,11826.281485
363,11821.077279
364,11771.504095
365,11857.918355
366,11883.209623
367,11873.802665
368,11911.178657
369,11923.150803
370,11913.531807
371,11968.020765
372,11901.799410
373,11958.596110
374,11831.692061
375,11698.257026
376,11826.068236
377,12011.170248
378,12028.635896
379,11931.557828
380,12056.442211
381,12013.061892
382,12098.949496
383,11895.407774
384,11795.756454
385,11837.811149
386,11920.264571
387,11908.526714
388,11965.602785
389,12118.415680
390,12021.124291
391,12005.015226
392,11764.967813
393,11761.524384
394,11839.033446
395,11861.725272
396,11805.864311
397,11732.538337
398,11916.629703
399,12126.827775
400,12084.238072
401,11979.688666
402,11859.556401
403,11961.567758
404,11898.841608
405,11935.113446
406,11982.567665
407,11915.017763
408,12015.982238
409,11919.688050
410,11856.485627
411,11933.705810
412,11914.348482
413,11965.636241
414,11854.410583
415,11917.131636
416,12086.284673
417,11969.131713
418,11945.751864
419,12056.374047
420,11956.628010
421,11883.584427
422,11844.351118
423,11842.625626
424,11870.241951
425,12007.316683
426,12007.573757
427,12100.870737
428,12072.148721
429,12019.357944
430,12081.532551
431,12147.254176
432,12155.772697
433,12175.993541
434,12069.929294
435,12172.481874
436,12052.873950
437,11951.808187
438,11850.026896
439,11976.959997
440,12005.454311
441,11939.869218
442,11976.319414
443,12146.953616
444,11843.276814
445,12030.777692
446,12124.813342
447,11996.961795
448,11944.254495
449,12083.514564
450,12184.330609
451,12024.714374
452,12185.913431
453,12070.469388
454,12136.750921
455,12089.064973
456,12016.377873
457,12201.609957
458,12167.659393
459,11931.785693
460,12153.557925
461,12172.632930
462,12231.740583
463,12088.936954
464,12126.415813
465,12148.669305
466,12214.346185
467,12126.158389
468,11860.753493
469,12007.952949
470,11844.491251
471,11793.786158
472,11809.967843
473,11984.816252
474,12044.943197
475,12038.941471
476,12089.301900
477,12161.347953
478,11954.352267
479,12012.939469
480,12087.832464
481,12115.141285
482,12127.631941
483,12149.161242
484,12076.921578
485,12028.306797
486,12115.942613
487,12041.461274
488,11881.254454
489,11947.894297
490,11927.496740
491,11962.900673
492,11959.087068
493,12126.356450
494,11955.906455
495,12069.154313
496,12135.355065
497,11941.190776
498,12024.552507
499,12237.760986
