0,3421.166219
1,3831.030420
2,4049.488867
3,4212.379910
4,4343.347193
5,4456.547042
6,4558.750831
7,4658.714123
8,4745.804728
9,4810.234085
10,4875.272674
11,4969.608583
12,5060.679978
13,5139.022973
14,5223.689015
15,5279.700755
16,5327.082618
17,5375.278486
18,5417.312841
19,5461.406215
20,5512.548604
21,5534.578834
22,5548.689337
23,5566.666942
24,5588.997040
25,5643.390317
26,5722.135281
27,5736.549533
28,5745.802665
29,5761.689195
30,5781.124723
31,5788.003931
32,5790.948745
33,5790.948745
34,5790.948745
35,5790.948745
36,5790.948745
37,5791.214787
38,5791.347808
39,5792.145933
40,5792.678017
41,5794.141248
42,5795.870521
43,5800.792297
44,5812.042879
45,5824.546851
46,5824.889712
47,5825.232573
48,5825.232573
49,5826.089725
50,5827.289738
51,5831.746931
52,5838.432719
53,5853.347170
54,5867.061608
55,5867.061608
56,5867.061608
57,5867.061608
58,5867.061608
59,5868.012893
60,5868.964179
61,5872.769322
62,5881.806538
63,5894.648896
64,5928.088150
65,5988.163406
66,5989.258943
67,5990.354479
68,5998.023236
69,6003.500920
70,6012.265214
71,6040.749168
72,6089.027452
73,6193.837109
74,6260.084470
75,6260.255439
76,6260.882325
77,6261.851150
78,6264.358695
79,6269.829703
80,6274.365792
81,6274.758587
82,6275.020450
83,6275.544177
84,6277.377222
85,6280.781447
86,6288.244557
87,6301.861460
88,6306.836866
89,6306.836866
90,6306.836866
91,6306.836866
92,6306.836866
93,6306.836866
94,6306.836866
95,6306.836866
96,6306.836866
97,6306.836866
98,6306.836866
99,6306.836866
100,6306.836866
101,6306.836866
102,6306.836866
103,6306.836866
104,6306.836866
105,6306.836866
106,6306.836866
107,6306.836866
108,6306.836866
109,6306.836866
110,6306.836866
111,6306.836866
112,6306.836866
113,6306.836866
114,6306.836866
115,6306.836866
116,6306.836866
117,6306.836866
118,6306.836866
119,6306.836866
120,6306.836866
121,6306.836866
122,6306.836866
123,6306.836866
124,6306.836866
125,6306.950103
126,6306.995333
127,6307.085874
128,6307.391500
129,6308.025285
130,6309.677879
131,6312.790842
132,6316.926532
133,6322.606215
134,6324.183354
135,6326.811919
136,6330.379256
137,6330.379256
138,6330.379256
139,6330.379256
140,6330.379256
141,6330.379256
142,6330.379256
143,6330.379256
144,6330.379256
145,6330.379256
146,6330.379256
147,6330.379256
148,6330.379256
149,6330.379256
150,6330.379256
151,6330.379256
152,6330.520352
153,6330.520352
154,6330.661448
155,6330.802544
156,6330.943640
157,6331.225832
158,6332.636792
159,6334.612136
160,6339.409399
161,6347.875159
162,6361.138181
163,6365.653253
164,6365.653253
165,6365.653253
166,6365.653253
167,6365.653253
168,6365.653253
169,6365.653253
170,6365.653253
171,6365.653253
172,6365.653253
173,6365.653253
174,6365.653253
175,6365.653253
176,6365.653253
177,6365.653253
178,6365.653253
179,6366.247090
180,6366.840927
181,6368.473979
182,6372.779298
183,6380.796099
184,6395.642026
185,6402.768072
186,6402.768072
187,6402.768072
188,6402.768072
189,6402.768072
190,6402.768072
191,6402.768072
192,6402.768072
193,6402.768072
194,6402.768072
195,6402.768072
196,6402.768072
197,6402.901001
198,6403.033931
199,6403.233325
200,6403.432719
201,6404.230296
202,6406.357167
203,6410.345050
204,6417.988493
205,6419.384252
206,6419.384252
207,6419.384252
208,6419.384252
209,6419.384252
210,6419.384252
211,6419.384252
212,6419.384252
213,6419.384252
214,6419.384252
215,6419.384252
216,6419.384252
217,6419.384252
218,6419.384252
219,6419.384252
220,6419.384252
221,6419.384252
222,6419.384252
223,6419.384252
224,6419.384252
225,6419.384252
226,6419.384252
227,6419.384252
228,6419.384252
229,6419.384252
230,6419.384252
231,6419.384252
232,6419.384252
233,6419.384252
234,6419.384252
235,6419.384252
236,6419.384252
237,6419.384252
238,6419.384252
239,6419.384252
240,6419.779023
241,6419.779023
242,6419.779023
243,6420.173795
244,6420.963339
245,6422.147654
246,6424.121512
247,6427.279686
248,6441.491468
249,6468.335945
250,6514.129464
251,6518.077181
252,6518.160810
253,6518.216562
254,6518.328067
255,6518.523201
256,6519.024974
257,6520.223654
258,6522.648890
259,6525.046249
260,6525.595399
261,6526.144549
262,6526.693699
263,6527.791998
264,6529.856330
265,6535.907018
266,6550.703070
267,6581.173570
268,6596.166240
269,6598.867618
270,6603.369917
271,6613.725202
272,6621.829339
273,6621.829339
274,6621.829339
275,6621.829339
276,6621.829339
277,6621.829339
278,6621.829339
279,6621.829339
280,6621.829339
281,6621.829339
282,6621.829339
283,6621.829339
284,6621.829339
285,6621.829339
286,6621.829339
287,6621.829339
288,6621.829339
289,6621.829339
290,6621.829339
291,6621.829339
292,6621.829339
293,6621.829339
294,6621.829339
295,6621.829339
296,6621.829339
297,6621.829339
298,6621.829339
299,6621.829339
300,6621.829339
301,6621.829339
302,6621.829339
303,6621.829339
304,6621.829339
305,6621.829339
306,6621.829339
307,6621.829339
308,6621.829339
309,6621.829339
310,6621.829339
311,6621.829339
312,6621.829339
313,6621.829339
314,6621.829339
315,6621.829339
316,6621.829339
317,6621.829339
318,6621.829339
319,6621.829339
320,6621.829339
321,6621.829339
322,6621.829339
323,6621.829339
324,6621.829339
325,6621.829339
326,6621.829339
327,6621.829339
328,6621.829339
329,6621.829339
330,6621.829339
331,6621.829339
332,6621.829339
333,6621.829339
334,6621.829339
335,6621.829339
336,6621.829339
337,6621.829339
338,6621.829339
339,6621.829339
340,6621.829339
341,6621.829339
342,6621.829339
343,6621.829339
344,6621.829339
345,6621.829339
346,6621.829339
347,6621.829339
348,6621.829339
349,6621.829339
350,6621.829339
351,6621.829339
352,6621.829339
353,6621.981412
354,6621.981412
355,6621.981412
356,6622.437632
357,6622.437632
358,6623.036503
359,6623.492723
360,6624.956483
361,6628.701341
362,6633.814858
363,6644.935488
364,6661.749663
365,6664.175368
366,6668.741476
367,6678.892785
368,6686.964030
369,6702.040506
370,6709.807175
371,6709.807175
372,6709.807175
373,6709.807175
374,6709.807175
375,6709.807175
376,6709.807175
377,6709.807175
378,6709.807175
379,6709.807175
380,6709.807175
381,6709.807175
382,6709.807175
383,6709.807175
384,6709.807175
385,6709.807175
386,6709.807175
387,6709.807175
388,6709.807175
389,6709.807175
390,6709.807175
391,6709.807175
392,6709.807175
393,6709.807175
394,6709.807175
395,6709.807175
396,6709.807175
397,6709.807175
398,6709.807175
399,6709.807175
400,6709.807175
401,6709.807175
402,6709.807175
403,6709.807175
404,6709.807175
405,6709.807175
406,6709.807175
407,6709.807175
408,6709.807175
409,6709.807175
410,6709.807175
411,6709.807175
412,6709.807175
413,6709.807175
414,6709.807175
415,6709.807175
416,6709.807175
417,6709.807175
418,6709.807175
419,6709.807175
420,6709.807175
421,6709.807175
422,6709.807175
423,6709.807175
424,6709.807175
425,6709.807175
426,6709.807175
427,6709.807175
428,6709.807175
429,6709.807175
430,6709.807175
431,6709.807175
432,6709.807175
433,6709.807175
434,6709.807175
435,6709.807175
436,6709.807175
437,6709.807175
438,6709.807175
439,6709.807175
440,6709.807175
441,6709.807175
442,6709.807175
443,6709.807175
444,6709.807175
445,6709.807175
446,6709.807175
447,6709.807175
448,6709.807175
449,6709.807175
450,6709.807175
451,6709.807175
452,6709.807175
453,6709.807175
454,6709.807175
455,6709.807175
456,6709.807175
457,6709.807175
458,6709.807175
459,6709.807175
460,6709.807175
461,6709.807175
462,6709.807175
463,6709.807175
464,6709.807175
465,6709.807175
466,6709.807175
467,6709.807175
468,6709.807175
469,6709.807175
470,6709.807175
471,6709.807175
472,6709.807175
473,6709.807175
474,6709.807175
475,6709.807175
476,6709.807175
477,6709.807175
478,6710.160869
479,6710.514564
480,6710.691411
481,6711.045105
482,6712.813577
483,6716.173673
484,6722.717019
485,6735.096321
486,6754.018968
487,6754.018968
488,6754.018968
489,6754.018968
490,6754.018968
491,6754.018968
492,6754.018968
493,6754.018968
494,6754.018968
495,6754.018968
496,6754.018968
497,6754.018968
498,6754.018968
499,6754.018968
