0,3378.833088
1,6731.898856
2,7031.054647
3,7334.880506
4,7567.222588
5,7733.254332
6,7896.124862
7,8056.857077
8,8194.384814
9,8322.418908
10,8468.376574
11,8559.827135
12,8625.356639
13,8734.048822
14,8804.418042
15,8896.691560
16,8980.151253
17,9052.861805
18,9100.387987
19,9141.893824
20,9206.695604
21,9246.998405
22,9292.884033
23,9386.914892
24,9420.246559
25,9486.803102
26,9577.904960
27,9684.013085
28,9765.007403
29,9902.823328
30,9981.159881
31,10041.961213
32,10157.903610
33,10275.450725
34,10328.691373
35,10368.003716
36,10440.234383
37,10517.721426
38,10541.577157
39,10627.903969
40,10643.559426
41,10702.513047
42,10784.521243
43,10838.064895
44,10942.572920
45,10929.825376
46,10963.097192
47,10994.140533
48,10998.366351
49,11010.744403
50,11051.804004
51,11080.072771
52,11076.672013
53,11094.221960
54,11119.955074
55,11128.409956
56,11139.969183
57,11171.830851
58,11135.578088
59,11186.714255
60,11198.911682
61,11177.881832
62,11227.951570
63,11199.906949
64,11183.541768
65,11229.897948
66,11224.070990
67,11255.205629
68,11258.499672
69,11247.866813
70,11215.885712
71,11230.302482
72,11222.039397
73,11269.754280
74,11214.232140
75,11252.547297
76,11266.745758
77,11259.265973
78,11237.180685
79,11312.319716
80,11305.387442
81,11296.746622
82,11257.247867
83,11242.859518
84,11271.527031
85,11288.100250
86,11312.331966
87,11302.151420
88,11314.528106
89,11275.344364
90,11254.703437
91,11290.414801
92,11297.300069
93,11277.132122
94,11223.043534
95,11279.437747
96,11282.295177
97,11316.663459
98,11290.918633
99,11269.556272
100,11286.021461
101,11313.881924
102,11339.456085
103,11284.453496
104,11290.376323
105,11275.622569
106,11352.066124
107,11316.749542
108,11342.325601
109,11297.791359
110,11327.313719
111,11295.102837
112,11289.954810
113,11286.745546
114,11291.329562
115,11316.213002
116,11321.174571
117,11344.065660
118,11305.673778
119,11305.922187
120,11327.423634
121,11311.128209
122,11281.122559
123,11283.760235
124,11255.380813
125,11328.045138
126,11338.234233
127,11362.120166
128,11363.815636
129,11347.382375
130,11323.051846
131,11279.177841
132,11300.122892
133,11326.861440
134,11332.669623
135,11296.537302
136,11308.432041
137,11272.942178
138,11282.660372
139,11296.750808
140,11306.410815
141,11323.026740
142,11344.766817
143,11313.164572
144,11249.269401
145,11284.811693
146,11326.951977
147,11323.986685
148,11345.362694
149,11321.838824
150,11292.540914
151,11305.937302
152,11342.209718
153,11308.227075
154,11277.803221
155,11300.222314
156,11302.169793
157,11294.479809
158,11293.729281
159,11303.805898
160,11304.442298
161,11307.034068
162,11316.917955
163,11299.454891
164,11317.083416
165,11293.438715
166,11299.183597
167,11276.004627
168,11233.816453
169,11265.327426
170,11260.040357
171,11314.353702
172,11292.367594
173,11327.932087
174,11346.710220
175,11329.765575
176,11296.244760
177,11320.628501
178,11311.291958
179,11303.049591
180,11311.868945
181,11301.073351
182,11285.693969
183,11267.680156
184,11284.588124
185,11309.226594
186,11311.991722
187,11307.415790
188,11280.652586
189,11276.906926
190,11291.083756
191,11255.390088
192,11293.896012
193,11337.433374
194,11275.303275
195,11280.680493
196,11327.074922
197,11311.332269
198,11333.614670
199,11314.426621
200,11295.365089
201,11356.630075
202,11354.921272
203,11353.190661
204,11317.706301
205,11262.949163
206,11273.441468
207,11274.146275
208,11318.345678
209,11268.261341
210,11293.385312
211,11286.903632
212,11296.114731
213,11312.631022
214,11304.161686
215,11289.807967
216,11282.386237
217,11251.782228
218,11261.876287
219,11305.576324
220,11334.010413
221,11258.022885
222,11256.068540
223,11253.477725
224,11304.859939
225,11314.525883
226,11288.770938
227,11252.182629
228,11284.936934
229,11263.612943
230,11290.387116
231,11269.217188
232,11262.072175
233,11310.563737
234,11304.323810
235,11250.592558
236,11247.121065
237,11277.983655
238,11340.781520
239,11328.186521
240,11296.901974
241,11313.728806
242,11331.363909
243,11318.072973
244,11284.805430
245,11296.624135
246,11266.871518
247,11264.430398
248,11317.984759
249,11263.415996
250,11254.329943
251,11303.448314
252,11311.849085
253,11300.445768
254,11282.927529
255,11299.448555
256,11328.342749
257,11282.718927
258,11297.023408
259,11246.577695
260,11215.992551
261,11278.032718
262,11293.692690
263,11300.428047
264,11293.236162
265,11295.497296
266,11273.506254
267,11272.918367
268,11280.023056
269,11288.295786
270,11295.411201
271,11301.707436
272,11318.058267
273,11279.252990
274,11314.098051
275,11297.990655
276,11266.938465
277,11290.116743
278,11300.191554
279,11338.109563
280,11298.661530
281,11309.510459
282,11302.511644
283,11315.276671
284,11309.193600
285,11310.114406
286,11346.638835
287,11298.241948
288,11305.875889
289,11292.022244
290,11323.629170
291,11344.312802
292,11335.405339
293,11358.978687
294,11341.645899
295,11337.264661
296,11317.133244
297,11324.545453
298,11387.006235
299,11350.941581
300,11348.211639
301,11336.786329
302,11337.373392
303,11372.647517
304,11400.493822
305,11389.990480
306,11400.175107
307,11400.235743
308,11388.133633
309,11397.716106
310,11389.066157
311,11383.944319
312,11355.502016
313,11385.754070
314,11345.073486
315,11407.608020
316,11426.378990
317,11385.126314
318,11411.299574
319,11366.643279
320,11361.086522
321,11346.720693
322,11313.384773
323,11360.516223
324,11400.030341
325,11398.584846
326,11358.627977
327,11325.275568
328,11329.776843
329,11394.386769
330,11361.132709
331,11387.799999
332,11382.314173
333,11377.542496
334,11401.911879
335,11368.665412
336,11390.122630
337,11379.027673
338,11402.908820
339,11373.097888
340,11388.676928
341,11395.066215
342,11397.106504
343,11429.080257
344,11349.281285
345,11390.330860
346,11390.148964
347,11370.822727
348,11377.625167
349,11353.291565
350,11389.750335
351,11412.942088
352,11425.294713
353,11378.929159
354,11409.776084
355,11433.320532
356,11404.744803
357,11407.000101
358,11375.896827
359,11401.143763
360,11364.835943
361,11363.922832
362,11391.520031
363,11384.559781
364,11381.174255
365,11409.981796
366,11350.634964
367,11371.354569
368,11406.904012
369,11416.292136
370,11427.390772
371,11432.120302
372,11408.476205
373,11386.764777
374,11401.875257
375,11421.353014
376,11409.044558
377,11371.315344
378,11345.453666
379,11370.837966
380,11387.010155
381,11412.938078
382,11391.953659
383,11409.708293
384,11376.866203
385,11362.726206
386,11406.162279
387,11391.237558
388,11349.984257
389,11349.780265
390,11358.852929
391,11338.392668
392,11377.156602
393,11395.605714
394,11352.791396
395,11308.754812
396,11315.915252
397,11371.115161
398,11357.777364
399,11381.504428
400,11410.956446
401,11430.025961
402,11415.160146
403,11384.385875
404,11403.011264
405,11392.921116
406,11384.115490
407,11408.722817
408,11403.604318
409,11374.142067
410,11394.577895
411,11399.786704
412,11368.185070
413,11330.632873
414,11333.209790
415,11400.392639
416,11396.282294
417,11373.613907
418,11405.711235
419,11371.408486
420,11365.834056
421,11332.108772
422,11399.766398
423,11357.837902
424,11378.780811
425,11391.776131
426,11374.712965
427,11392.055080
428,11389.738624
429,11375.595016
430,11384.482161
431,11387.305287
432,11362.519271
433,11358.687395
434,11373.306222
435,11393.975902
436,11390.966517
437,11413.370975
438,11424.906985
439,11399.979518
440,11398.762976
441,11382.331913
442,11401.373081
443,11386.642262
444,11371.894489
445,11377.515346
446,11369.437593
447,11384.346010
448,11363.022749
449,11387.863437
450,11400.164049
451,11418.030278
452,11440.979108
453,11381.593724
454,11392.497060
455,11415.777378
456,11404.668468
457,11410.330537
458,11390.603386
459,11421.595155
460,11426.768956
461,11402.545138
462,11378.405174
463,11392.234888
464,11376.607974
465,11377.753229
466,11411.321444
467,11382.239533
468,11404.836459
469,11400.731625
470,11421.606153
471,11417.902013
472,11393.338399
473,11417.809423
474,11412.071666
475,11392.238448
476,11393.181644
477,11424.305538
478,11385.972170
479,11367.030501
480,11358.062943
481,11362.731683
482,11340.037437
483,11364.178179
484,11392.302300
485,11382.442814
486,11381.341929
487,11401.156157
488,11378.808016
489,11419.766828
490,11417.875193
491,11440.073099
492,11405.738098
493,11378.656319
494,11409.436197
495,11405.591659
496,11369.351870
497,11384.836628
498,11344.658653
499,11326.645092
