0,3368.121521
1,6695.981327
2,6967.989606
3,7184.013920
4,7360.598111
5,7477.038538
6,7530.540533
7,7632.341777
8,7694.417709
9,7807.410884
10,7878.740185
11,7889.400846
12,7939.092238
13,7906.700051
14,7983.906564
15,8027.360098
16,8075.943137
17,8092.668409
18,8041.273277
19,8148.202823
20,8143.666253
21,8239.509591
22,8233.815054
23,8235.770515
24,8385.131909
25,8412.368054
26,8412.363982
27,8405.112929
28,8506.330308
29,8426.254909
30,8535.480561
31,8637.327806
32,8669.616525
33,8675.991532
34,8761.863186
35,8740.661716
36,8829.870253
37,8881.725750
38,8914.621102
39,8937.377335
40,9006.038305
41,9191.776533
42,9121.710167
43,9195.224927
44,9151.513076
45,9048.532071
46,9230.485714
47,9424.928912
48,9485.146266
49,9618.785639
50,9606.836457
51,9781.531499
52,9899.671767
53,9887.397428
54,9856.183502
55,9969.282568
56,10168.125756
57,10161.537557
58,10071.947670
59,10132.085981
60,10053.628565
61,10116.875733
62,10187.614940
63,10208.615432
64,10044.585193
65,9927.278333
66,10016.000843
67,10230.313715
68,10319.466624
69,10367.286415
70,10311.577088
71,10326.293796
72,10172.176171
73,10326.624885
74,10313.827344
75,10250.818771
76,10384.100957
77,10435.201239
78,10410.686647
79,10479.962144
80,10220.409706
81,10335.551500
82,10620.650986
83,10603.690481
84,10481.135528
85,10406.889744
86,10504.475718
87,10608.417723
88,10591.394343
89,10561.099761
90,10664.516709
91,10504.772463
92,10651.317038
93,10639.617320
94,10677.754110
95,10877.029382
96,10748.390648
97,10500.116716
98,10581.826187
99,10647.493057
100,10525.665762
101,10756.244323
102,10800.414119
103,10818.417123
104,10815.490958
105,10828.511390
106,10826.539152
107,10779.285783
108,10714.640397
109,10754.488563
110,10747.100403
111,10807.250855
112,10826.979519
113,10660.244154
114,10531.860972
115,10537.574796
116,10778.804323
117,10865.405205
118,10827.621191
119,11086.277801
120,11106.495686
121,11126.700536
122,10970.879770
123,10943.296532
124,11050.500155
125,11079.949050
126,11144.465445
127,11109.992529
128,11149.835072
129,11171.111331
130,11195.943237
131,11217.838795
132,11144.083822
133,11078.361496
134,11152.958591
135,11288.010351
136,11123.943116
137,11229.851591
138,11326.160461
139,11349.110332
140,11252.747492
141,11382.068766
142,11269.347013
143,11372.950396
144,11279.422325
145,11458.989163
146,11485.275792
147,11482.373279
148,11405.137463
149,11432.455866
150,11397.495596
151,11402.693670
152,11533.283694
153,11587.341058
154,11549.357150
155,11726.264233
156,11584.746055
157,11616.352287
158,11643.432794
159,11708.626696
160,11600.333556
161,11677.926733
162,11621.652038
163,11641.194489
164,11756.588829
165,11639.847766
166,11703.176938
167,11652.796868
168,11654.211455
169,11606.153144
170,11723.435715
171,11736.180946
172,11745.280682
173,11704.272908
174,11758.464736
175,11714.077278
176,11723.493279
177,11756.989577
178,11783.351766
179,11763.471791
180,11793.370735
181,11808.183861
182,11776.057293
183,11795.083482
184,11759.998925
185,11762.171083
186,11791.613696
187,11796.931446
188,11739.557495
189,11789.918222
190,11791.992422
191,11784.776538
192,11783.321410
193,11752.015830
194,11751.732174
195,11815.094205
196,11825.931250
197,11810.080483
198,11788.049169
199,11816.418839
200,11788.594351
201,11807.880014
202,11814.770704
203,11825.931250
204,11818.657273
205,11786.908047
206,11802.557539
207,11816.832822
208,11825.931250
209,11825.931250
210,11815.136708
211,11825.931250
212,11815.731390
213,11825.931250
214,11825.931250
215,11825.931250
216,11825.931250
217,11825.931250
218,11825.931250
219,11825.931250
220,11825.931250
221,11825.931250
222,11816.662311
223,11825.931250
224,11825.931250
225,11825.931250
226,11825.931250
227,11825.931250
228,11825.931250
229,11825.931250
230,11825.931250
231,11825.931250
232,11825.931250
233,11825.931250
234,11825.931250
235,11825.931250
236,11825.931250
237,11825.931250
238,11825.931250
239,11825.931250
240,11825.931250
241,11825.931250
242,11825.931250
243,11825.931250
244,11825.931250
245,11825.931250
246,11825.931250
247,11825.931250
248,11825.931250
249,11825.931250
250,11825.931250
251,11825.931250
252,11825.931250
253,11825.931250
254,11820.356819
255,11825.931250
256,11825.931250
257,11825.931250
258,11825.931250
259,11825.931250
260,11825.931250
261,11825.931250
262,11825.931250
263,11825.931250
264,11825.931250
265,11825.931250
266,11825.931250
267,11825.931250
268,11825.931250
269,11825.931250
270,11825.931250
271,11825.931250
272,11817.008674
273,11825.931250
274,11825.931250
275,11825.931250
276,11825.931250
277,11825.931250
278,11825.931250
279,11825.931250
280,11825.931250
281,11825.931250
282,11825.931250
283,11825.931250
284,11825.931250
285,11825.931250
286,11825.931250
287,11825.931250
288,11825.931250
289,11825.931250
290,11825.931250
291,11825.931250
292,11825.931250
293,11825.931250
294,11825.931250
295,11825.931250
296,11825.931250
297,11825.931250
298,11825.931250
299,11825.931250
300,11825.931250
301,11825.931250
302,11825.931250
303,11816.460712
304,11825.931250
305,11825.931250
306,11825.931250
307,11825.931250
308,11825.931250
309,11825.931250
310,11825.931250
311,11825.931250
312,11825.931250
313,11825.931250
314,11825.931250
315,11825.931250
316,11825.931250
317,11825.931250
318,11825.931250
319,11825.931250
320,11825.931250
321,11825.931250
322,11825.931250
323,11825.931250
324,11825.931250
325,11825.931250
326,11825.931250
327,11825.931250
328,11825.931250
329,11825.931250
330,11825.931250
331,11825.931250
332,11825.931250
333,11825.931250
334,11825.931250
335,11825.931250
336,11825.931250
337,11825.931250
338,11825.931250
339,11825.931250
340,11825.931250
341,11825.931250
342,11825.931250
343,11825.931250
344,11825.931250
345,11825.931250
346,11825.931250
347,11825.931250
348,11825.931250
349,11825.931250
350,11825.931250
351,11825.931250
352,11825.931250
353,11825.931250
354,11825.931250
355,11825.931250
356,11825.931250
357,11825.931250
358,11825.931250
359,11825.931250
360,11825.931250
361,11825.931250
362,11825.931250
363,11825.931250
364,11825.931250
365,11825.931250
366,11825.931250
367,11825.931250
368,11825.931250
369,11825.931250
370,11825.931250
371,11825.931250
372,11825.931250
373,11825.931250
374,11825.931250
375,11825.931250
376,11825.931250
377,11825.931250
378,11825.931250
379,11825.931250
380,11825.931250
381,11825.931250
382,11825.931250
383,11825.931250
384,11825.931250
385,11825.931250
386,11825.931250
387,11825.931250
388,11825.931250
389,11825.931250
390,11825.931250
391,11825.931250
392,11825.931250
393,11825.931250
394,11825.931250
395,11825.931250
396,11825.931250
397,11825.931250
398,11817.591011
399,11825.931250
400,11825.931250
401,11825.931250
402,11825.931250
403,11825.931250
404,11825.931250
405,11825.931250
406,11825.931250
407,11825.931250
408,11825.931250
409,11825.931250
410,11825.931250
411,11825.931250
412,11825.931250
413,11825.931250
414,11825.931250
415,11825.931250
416,11817.278510
417,11825.931250
418,11825.931250
419,11825.931250
420,11825.931250
421,11825.931250
422,11825.931250
423,11825.931250
424,11825.931250
425,11825.931250
426,11825.931250
427,11825.931250
428,11825.931250
429,11825.931250
430,11825.931250
431,11825.931250
432,11825.931250
433,11825.931250
434,11825.931250
435,11825.931250
436,11825.931250
437,11825.931250
438,11825.931250
439,11825.931250
440,11825.931250
441,11825.931250
442,11825.931250
443,11825.931250
444,11825.931250
445,11825.931250
446,11825.931250
447,11825.931250
448,11825.931250
449,11825.931250
450,11825.931250
451,11819.150719
452,11825.931250
453,11825.931250
454,11825.931250
455,11825.931250
456,11825.931250
457,11825.931250
458,11825.931250
459,11825.931250
460,11825.931250
461,11825.931250
462,11825.931250
463,11825.931250
464,11825.931250
465,11825.931250
466,11825.931250
467,11825.931250
468,11825.931250
469,11825.931250
470,11825.931250
471,11825.931250
472,11825.931250
473,11825.931250
474,11825.931250
475,11825.931250
476,11825.931250
477,11825.931250
478,11825.931250
479,11825.931250
480,11825.931250
481,11825.931250
482,11825.931250
483,11825.931250
484,11825.931250
485,11825.931250
486,11825.931250
487,11825.931250
488,11825.931250
489,11825.931250
490,11825.931250
491,11825.931250
492,11825.931250
493,11825.931250
494,11825.931250
495,11825.931250
496,11825.931250
497,11825.931250
498,11825.931250
499,11825.931250
