0,3410.221347
1,6992.193754
2,7478.259993
3,7700.260698
4,7903.452740
5,8076.016969
6,8203.282575
7,8401.188568
8,8474.299442
9,8476.298169
10,8728.106236
11,8764.457086
12,8857.238064
13,8949.275447
14,9074.871791
15,9188.496862
16,9299.964003
17,9445.642006
18,9484.159210
19,9605.373664
20,9687.273339
21,9728.945757
22,9735.284375
23,9791.300616
24,9947.751610
25,9943.051409
26,10095.273258
27,10228.931222
28,10218.266470
29,10158.895825
30,10206.512285
31,10322.056625
32,10502.971711
33,10439.824843
34,10501.150007
35,10555.906825
36,10558.239315
37,10522.553772
38,10600.438749
39,10704.287267
40,10636.494191
41,10663.213313
42,10677.249977
43,10717.455654
44,10878.709735
45,11092.664467
46,11149.655439
47,11140.698053
48,11054.697951
49,10886.698702
50,10801.097905
51,10933.637860
52,11004.586599
53,11170.615635
54,11054.661740
55,11068.550505
56,11076.918877
57,10957.276641
58,11028.305099
59,11236.521725
60,11341.642718
61,11403.694130
62,11208.453306
63,11107.154234
64,11160.844976
65,11169.752845
66,11170.004809
67,11352.609310
68,11296.999100
69,11313.051668
70,11318.625046
71,11395.982124
72,11175.419473
73,11152.442935
74,11139.108388
75,11103.336657
76,11109.690846
77,10956.727887
78,11050.542252
79,11213.400213
80,11171.612896
81,11124.615691
82,11345.210119
83,11354.146967
84,11226.396377
85,11224.405187
86,11248.330795
87,11428.406334
88,11347.852328
89,11264.699693
90,11227.408073
91,11134.612573
92,11077.300350
93,11256.657163
94,11284.302439
95,11346.746281
96,11371.534828
97,11337.077698
98,11156.783689
99,11116.534171
100,11328.213546
101,11276.914145
102,11031.123548
103,11003.117797
104,11323.835375
105,11203.531534
106,11078.346931
107,11282.644969
108,11213.870372
109,11163.966674
110,11168.074687
111,11265.562577
112,11089.950094
113,11318.081813
114,11353.324033
115,11330.411367
116,11221.128808
117,11270.611606
118,11166.660424
119,11000.269226
120,11210.454225
121,11203.894650
122,11299.974359
123,11137.613869
124,10906.014538
125,11020.710386
126,11073.063015
127,11145.379717
128,11227.788947
129,11407.977497
130,11177.481261
131,11176.077776
132,11292.188332
133,11267.997715
134,11357.544814
135,11194.798355
136,11355.406033
137,11144.635220
138,11104.845304
139,11066.025881
140,11054.380041
141,11105.956010
142,11214.872438
143,11356.253701
144,11377.568090
145,11244.064130
146,11103.413897
147,11340.042083
148,11272.394232
149,11319.478960
150,11283.384844
151,11180.695319
152,11205.540148
153,11171.679401
154,11414.159480
155,11191.664224
156,11128.730603
157,11001.416307
158,11203.468648
159,11298.493558
160,11120.917327
161,11177.611258
162,11062.830075
163,11221.862018
164,11322.047629
165,11334.627015
166,11257.526368
167,11501.550074
168,11364.240025
169,11212.051631
170,11265.759409
171,11362.638565
172,11330.588284
173,11165.153462
174,11485.003919
175,11458.588812
176,11552.750356
177,11359.974090
178,11297.220590
179,11096.168526
180,11197.417432
181,11290.246396
182,11440.178786
183,11370.002299
184,11296.908778
185,11266.947272
186,11181.969726
187,11207.335732
188,11172.716608
189,11241.676724
190,11286.499368
191,11299.764770
192,11169.720698
193,11393.522455
194,11470.463336
195,11393.789017
196,11284.647513
197,11156.497829
198,11273.230525
199,11268.097282
200,11274.438055
201,11174.632912
202,11352.264666
203,11323.377076
204,11308.721362
205,11410.872224
206,11146.172435
207,11116.111585
208,11271.816489
209,11400.851697
210,11355.018404
211,11558.328471
212,11357.499067
213,11188.669261
214,11293.179537
215,11297.942130
216,11252.250713
217,11314.847891
218,11388.954952
219,11239.961312
220,11352.308547
221,11217.216841
222,11484.197271
223,11395.542758
224,11404.703760
225,11437.086775
226,11524.877257
227,11524.990919
228,11532.126904
229,11511.701901
230,11569.376319
231,11516.194247
232,11350.467135
233,11314.153882
234,11414.619407
235,11455.453324
236,11418.011658
237,11386.987003
238,11504.560848
239,11241.376394
240,11508.000674
241,11400.735004
242,11371.031904
243,11247.929369
244,11516.570559
245,11380.523732
246,11384.113793
247,11192.759895
248,11459.300343
249,11280.564128
250,11455.563530
251,11452.343185
252,11488.752889
253,11627.827127
254,11614.665045
255,11491.080131
256,11391.328660
257,11416.914097
258,11424.664379
259,11375.988609
260,11234.021705
261,11330.369816
262,11420.133537
263,11424.517013
264,11463.235345
265,11333.323453
266,11326.784179
267,11366.146301
268,11313.003627
269,11265.249130
270,11377.240980
271,11418.766688
272,11319.227666
273,11217.813432
274,11458.390729
275,11371.663492
276,11273.721380
277,11506.093523
278,11456.904688
279,11350.405161
280,11317.911565
281,11466.911462
282,11517.808060
283,11316.900650
284,11308.609888
285,11575.074601
286,11362.636472
287,11536.612463
288,11358.784249
289,11217.392695
290,11346.309517
291,11584.193014
292,11411.935438
293,11316.946790
294,11302.768134
295,11472.477198
296,11366.409454
297,11218.113578
298,11260.511201
299,11347.620579
300,11669.076263
301,11580.678519
302,11707.190522
303,11524.525723
304,11452.847941
305,11675.593915
306,11579.544004
307,11435.732027
308,11158.762788
309,11213.001665
310,11263.858195
311,11243.861474
312,11410.267701
313,11367.124552
314,11372.456104
315,11251.205318
316,11316.687667
317,11491.174802
318,11677.360886
319,11223.602753
320,11091.879914
321,11336.060004
322,11326.857870
323,11423.797358
324,11210.698347
325,11323.017822
326,11239.876025
327,11444.923815
328,11483.334813
329,11365.889422
330,11380.172123
331,11635.289739
332,11504.207180
333,11555.338994
334,11546.500726
335,11545.582549
336,11457.046207
337,11341.518540
338,11216.796651
339,11234.016915
340,11519.854146
341,11176.486727
342,11121.399251
343,11356.652140
344,11357.999427
345,11263.970308
346,11308.454855
347,11574.366971
348,11489.516368
349,11451.926071
350,11413.583198
351,11361.868368
352,11338.276096
353,11278.817090
354,11220.058682
355,11329.042059
356,11641.523546
357,11411.077657
358,11306.229695
359,11362.525482
360,11321.992204
361,11329.251936
362,11556.206145
363,11475.919693
364,11290.709733
365,11343.359601
366,11449.677371
367,11473.686666
368,11337.903590
369,11463.365660
370,11536.418194
371,11542.469384
372,11513.490627
373,11513.341866
374,11461.967039
375,11265.714891
376,11344.912109
377,11461.042816
378,11527.784846
379,11398.184640
380,11312.338287
381,11443.434590
382,11267.260970
383,11275.227418
384,11342.882902
385,11308.629600
386,11621.592165
387,11566.546799
388,11299.051097
389,11376.207439
390,11200.993200
391,11523.993161
392,11433.513429
393,11320.307579
394,11409.931548
395,11417.231606
396,11609.670079
397,11592.133242
398,11266.841102
399,11479.833912
400,11230.696040
401,11262.509090
402,11358.389344
403,11481.704166
404,11667.105841
405,11650.756304
406,11602.994977
407,11497.848873
408,11578.392119
409,11603.839826
410,11592.282260
411,11551.701533
412,11516.593931
413,11733.269294
414,11532.677117
415,11359.410428
416,11506.553350
417,11617.764467
418,11702.887886
419,11520.615820
420,11634.949780
421,11638.681317
422,11711.776948
423,11337.665165
424,11621.946587
425,11408.720889
426,11562.037745
427,11534.467074
428,11372.275795
429,11896.511870
430,11623.044229
431,11542.674419
432,11648.668712
433,11549.010846
434,11515.377020
435,11406.898308
436,11420.274614
437,11507.873119
438,11550.382424
439,11631.711367
440,11584.771198
441,11380.042114
442,11547.432250
443,11662.822973
444,11471.216258
445,11481.493240
446,11581.521522
447,11794.482867
448,11748.421528
449,11691.191955
450,11651.629377
451,11672.522670
452,11518.380960
453,11574.195127
454,11715.384850
455,11583.330910
456,11421.181876
457,11408.940867
458,11477.846791
459,11583.147469
460,11663.751327
461,11572.840741
462,11700.830659
463,11675.346199
464,11433.195084
465,11518.181302
466,11364.039656
467,11424.984753
468,11582.411638
469,11812.848239
470,11461.416121
471,11425.436827
472,11441.630375
473,11605.106912
474,11623.993184
475,11698.726447
476,11629.295531
477,11510.800451
478,11433.066770
479,11489.177887
480,11663.244166
481,11670.284664
482,11603.917619
483,11666.295702
484,11626.976411
485,11628.426808
486,11727.687948
487,11484.567655
488,11575.666009
489,11639.290748
490,11451.897438
491,11551.484961
492,11504.869390
493,11728.634401
494,11720.430707
495,11775.367092
496,11697.615259
497,11530.289249
498,11622.197850
499,11585.898278
