0,3318.710069
1,3413.219298
2,3507.163097
3,3567.259168
4,3609.086226
5,3700.183906
6,3801.579792
7,3884.508575
8,3947.863218
9,3926.442652
10,3973.239499
11,4025.186823
12,4041.235586
13,4064.222436
14,4113.771310
15,4141.298255
16,4173.009630
17,4211.553702
18,4234.139128
19,4268.311380
20,4297.557190
21,4306.802439
22,4297.613515
23,4322.678064
24,4374.646086
25,4378.386408
26,4406.176472
27,4438.523999
28,4451.345500
29,4445.347756
30,4479.083287
31,4527.919289
32,4569.474331
33,4586.739065
34,4556.854052
35,4584.817868
36,4536.673517
37,4541.402709
38,4481.133079
39,4485.379644
40,4481.256328
41,4532.355725
42,4546.948356
43,4518.574919
44,4576.260549
45,4578.304291
46,4586.851531
47,4562.408901
48,4557.454719
49,4523.557189
50,4544.249844
51,4565.241842
52,4568.905259
53,4581.460291
54,4591.183178
55,4577.857034
56,4534.016692
57,4507.325339
58,4523.300189
59,4511.641694
60,4508.991953
61,4536.520569
62,4530.128844
63,4486.405985
64,4566.555602
65,4576.212868
66,4617.660730
67,4600.365021
68,4558.920191
69,4554.702903
70,4566.288946
71,4614.650934
72,4592.190579
73,4569.225289
74,4612.297160
75,4581.953401
76,4583.594554
77,4633.593152
78,4569.655286
79,4598.739184
80,4631.462510
81,4592.264217
82,4610.851089
83,4613.554544
84,4558.931940
85,4646.354057
86,4667.784004
87,4654.016357
88,4651.812348
89,4678.062257
90,4655.285768
91,4656.863973
92,4658.197982
93,4637.721170
94,4629.657012
95,4636.593809
96,4606.858814
97,4615.658084
98,4678.182603
99,4712.250471
100,4679.055562
101,4690.983527
102,4717.669244
103,4675.936907
104,4649.350996
105,4680.770151
106,4677.324451
107,4670.087173
108,4692.808787
109,4654.500464
110,4639.901024
111,4658.875965
112,4627.230985
113,4636.948318
114,4625.149224
115,4657.895597
116,4656.516479
117,4641.649484
118,4616.999808
119,4622.954114
120,4624.875175
121,4622.682441
122,4651.115007
123,4599.932495
124,4644.523782
125,4606.978904
126,4593.664567
127,4641.877589
128,4693.914707
129,4693.383494
130,4666.088347
131,4694.552715
132,4649.652010
133,4664.252312
134,4685.105594
135,4632.099582
136,4575.317876
137,4592.919740
138,4614.111067
139,4614.386958
140,4648.715192
141,4643.951851
142,4652.983363
143,4652.600226
144,4704.070108
145,4656.239113
146,4673.944260
147,4661.421474
148,4699.493303
149,4688.191719
150,4681.460817
151,4662.760943
152,4721.555579
153,4721.882080
154,4698.995355
155,4693.584466
156,4694.994550
157,4720.200218
158,4698.181523
159,4673.903798
160,4624.538054
161,4633.589855
162,4640.516627
163,4648.536692
164,4656.244620
165,4665.268441
166,4586.386202
167,4600.787149
168,4610.523134
169,4623.993172
170,4660.349032
171,4654.604615
172,4633.820181
173,4646.038917
174,4636.357508
175,4635.998780
176,4664.069909
177,4652.494583
178,4614.165886
179,4615.182350
180,4677.329045
181,4654.808134
182,4669.242914
183,4691.565931
184,4707.153602
185,4714.741219
186,4684.333811
187,4630.478744
188,4655.305885
189,4641.623423
190,4600.914296
191,4648.069735
192,4625.880336
193,4635.119325
194,4651.217511
195,4644.798101
196,4650.400149
197,4688.599101
198,4670.391388
199,4641.022533
200,4639.955212
201,4674.881386
202,4701.107807
203,4690.659703
204,4727.366568
205,4677.568193
206,4643.327722
207,4680.832275
208,4647.734137
209,4649.660235
210,4637.019490
211,4646.941905
212,4628.119866
213,4617.877536
214,4645.657181
215,4647.102576
216,4631.378053
217,4623.858607
218,4639.307449
219,4607.406706
220,4666.786294
221,4636.166887
222,4656.993060
223,4665.622718
224,4667.544049
225,4671.910470
226,4663.240466
227,4658.834976
228,4660.883910
229,4653.203436
230,4660.194363
231,4628.634742
232,4625.257378
233,4623.725708
234,4627.083761
235,4581.859416
236,4581.392377
237,4593.446700
238,4702.209580
239,4667.820037
240,4650.381234
241,4571.057662
242,4619.141777
243,4664.844581
244,4669.546520
245,4629.046334
246,4595.460766
247,4574.074485
248,4640.158140
249,4650.680227
250,4624.410180
251,4648.276593
252,4702.503954
253,4674.353787
254,4662.953403
255,4693.206445
256,4694.989620
257,4652.639765
258,4674.253844
259,4710.887186
260,4716.700759
261,4734.860977
262,4709.390158
263,4678.184509
264,4691.559773
265,4654.295243
266,4651.442188
267,4679.717489
268,4644.918500
269,4631.280708
270,4597.902196
271,4623.217678
272,4677.470900
273,4695.088900
274,4700.993112
275,4681.615671
276,4684.137350
277,4667.168861
278,4655.119894
279,4653.261508
280,4644.591489
281,4676.278757
282,4662.550946
283,4676.251292
284,4643.144194
285,4633.076626
286,4616.118664
287,4654.906488
288,4627.129085
289,4669.197997
290,4656.724376
291,4655.775521
292,4673.543316
293,4676.901065
294,4673.397013
295,4662.332531
296,4645.987137
297,4642.756163
298,4647.089833
299,4692.135761
300,4677.629880
301,4649.519075
302,4596.960222
303,4619.886292
304,4608.463554
305,4621.171589
306,4605.917350
307,4602.029421
308,4611.616022
309,4599.790962
310,4610.458079
311,4624.828160
312,4667.167688
313,4679.865737
314,4716.787203
315,4742.165060
316,4708.459130
317,4731.872999
318,4690.558900
319,4728.653945
320,4708.349216
321,4692.367370
322,4658.200001
323,4673.582012
324,4628.714537
325,4672.499939
326,4676.014529
327,4627.056394
328,4653.510778
329,4654.306806
330,4685.950308
331,4699.339834
332,4677.466117
333,4607.472689
334,4587.081021
335,4583.746997
336,4609.050833
337,4647.226016
338,4634.168832
339,4612.243150
340,4622.396815
341,4606.372702
342,4628.547476
343,4648.859290
344,4659.790961
345,4673.762766
346,4690.390391
347,4680.968486
348,4718.429821
349,4733.041735
350,4686.778451
351,4687.038336
352,4649.865150
353,4665.271052
354,4689.969737
355,4672.124998
356,4667.980728
357,4661.880837
358,4675.434579
359,4700.639376
360,4716.165928
361,4676.262897
362,4688.758882
363,4632.436428
364,4647.821914
365,4655.726208
366,4694.213833
367,4650.167858
368,4624.436455
369,4608.466814
370,4646.483188
371,4664.341293
372,4693.049571
373,4698.799355
374,4712.969798
375,4672.187603
376,4684.204476
377,4736.812712
378,4744.901907
379,4731.443091
380,4705.283818
381,4696.008453
382,4714.114612
383,4714.463035
384,4654.516348
385,4586.132668
386,4646.644966
387,4701.729263
388,4684.818936
389,4682.492004
390,4705.564186
391,4695.667964
392,4678.903988
393,4711.883544
394,4713.510824
395,4747.330623
396,4729.278733
397,4678.965259
398,4661.538807
399,4655.484976
400,4655.789319
401,4648.505355
402,4644.638293
403,4653.079752
404,4649.611209
405,4673.952227
406,4669.559299
407,4666.978424
408,4633.888901
409,4704.140414
410,4664.170589
411,4631.765061
412,4647.172031
413,4618.717791
414,4649.696786
415,4625.825869
416,4624.715458
417,4637.499015
418,4633.022406
419,4639.890449
420,4683.151775
421,4704.482047
422,4685.637557
423,4676.310634
424,4640.801776
425,4654.126026
426,4691.098757
427,4709.004362
428,4651.098603
429,4712.113630
430,4654.123140
431,4660.908123
432,4600.900266
433,4633.473739
434,4642.786346
435,4654.055465
436,4590.617860
437,4598.059805
438,4616.929275
439,4606.299879
440,4650.685322
441,4638.835346
442,4605.471196
443,4614.157894
444,4609.237769
445,4603.642560
446,4613.860409
447,4606.255224
448,4665.732379
449,4680.583364
450,4726.165776
451,4705.758825
452,4699.461791
453,4703.426862
454,4684.672105
455,4665.828882
456,4625.006579
457,4637.024214
458,4580.002375
459,4562.800593
460,4604.099973
461,4573.470681
462,4567.660902
463,4597.795300
464,4581.198459
465,4605.773134
466,4618.899928
467,4625.502038
468,4653.052463
469,4640.814890
470,4551.986049
471,4613.823723
472,4646.368481
473,4596.219121
474,4601.664774
475,4623.255696
476,4612.656397
477,4570.962222
478,4564.948684
479,4631.778419
480,4646.508398
481,4672.356317
482,4660.386290
483,4653.156665
484,4625.382921
485,4663.416544
486,4645.754749
487,4647.482529
488,4651.852504
489,4625.917347
490,4618.159756
491,4638.503944
492,4671.488739
493,4615.055116
494,4628.391215
495,4632.734961
496,4652.479578
497,4701.167934
498,4685.478580
499,4630.335560
