0,3345.835653
1,3483.372792
2,3639.650422
3,3792.933968
4,3919.151114
5,3999.758912
6,4100.802782
7,4180.966050
8,4220.532957
9,4295.889031
10,4358.094133
11,4356.638835
12,4397.074237
13,4440.849665
14,4443.544188
15,4499.046402
16,4530.635932
17,4599.631924
18,4640.428654
19,4661.355559
20,4749.712805
21,4816.542377
22,4859.540879
23,4895.892460
24,4961.055300
25,5023.257885
26,5069.393369
27,5122.198183
28,5218.876657
29,5281.473685
30,5299.585200
31,5378.304867
32,5512.096558
33,5452.179851
34,5459.660844
35,5497.771893
36,5559.386862
37,5532.388012
38,5520.385566
39,5553.692291
40,5634.959767
41,5613.487169
42,5623.052433
43,5675.280232
44,5647.892145
45,5657.744416
46,5696.463007
47,5637.652922
48,5690.432072
49,5724.904942
50,5694.011214
51,5719.568289
52,5755.193786
53,5734.637372
54,5718.755106
55,5685.116498
56,5736.905963
57,5750.092034
58,5785.546190
59,5729.709348
60,5711.497184
61,5742.226666
62,5733.738220
63,5689.330539
64,5686.594218
65,5687.517857
66,5718.080728
67,5697.455136
68,5667.197705
69,5653.258689
70,5704.115831
71,5725.584729
72,5709.077730
73,5707.177875
74,5715.536697
75,5750.186010
76,5772.509786
77,5765.723339
78,5748.833397
79,5749.113568
80,5745.477565
81,5758.116320
82,5799.687824
83,5808.991453
84,5774.680336
85,5774.536232
86,5818.402513
87,5753.234998
88,5751.710865
89,5690.771044
90,5715.682597
91,5733.540266
92,5728.602979
93,5785.072489
94,5757.081868
95,5781.980491
96,5713.501554
97,5816.357015
98,5766.360579
99,5815.018319
100,5781.113718
101,5730.286569
102,5754.783783
103,5776.693647
104,5843.409380
105,5817.048740
106,5828.510470
107,5848.292890
108,5806.686888
109,5783.682122
110,5760.448345
111,5769.429776
112,5820.807517
113,5835.565924
114,5866.878745
115,5845.640381
116,5732.954572
117,5843.236537
118,5816.153226
119,5870.370200
120,5922.632993
121,5976.660247
122,5951.997024
123,5898.146182
124,5908.015739
125,5921.977575
126,5939.940710
127,6015.791555
128,6005.220566
129,5945.619244
130,5945.744215
131,5980.948803
132,5971.414353
133,6014.134832
134,6055.054072
135,6033.378904
136,6039.116432
137,5978.638334
138,5941.526613
139,5906.656788
140,5910.215542
141,5968.728794
142,5952.856692
143,5989.514982
144,5965.326467
145,5956.295581
146,5972.938198
147,5915.326718
148,5914.267190
149,5890.639270
150,5941.287285
151,5904.394791
152,5858.622382
153,5852.565983
154,5857.440051
155,5872.600655
156,5844.822824
157,5984.492808
158,5963.610802
159,5928.612684
160,5954.904512
161,6011.084003
162,5936.726531
163,5958.855130
164,5939.792023
165,6011.796795
166,5954.307253
167,5938.224374
168,5931.456804
169,5920.193312
170,6013.238860
171,6002.303538
172,6004.889229
173,5991.957311
174,5980.961209
175,6007.847822
176,5949.450061
177,5993.317680
178,6014.297076
179,5972.200410
180,5945.286151
181,5907.807325
182,5883.296380
183,5917.435029
184,5915.024485
185,5882.437163
186,5941.744162
187,5960.212887
188,5930.385086
189,5959.090472
190,5987.809438
191,6002.230798
192,5938.513219
193,5874.046212
194,5913.212494
195,5859.548260
196,5950.295187
197,5947.339903
198,6002.937100
199,5962.159177
200,5966.064044
201,5956.732848
202,5951.268935
203,5946.382557
204,6003.411424
205,6024.340588
206,5987.007230
207,5993.816811
208,5974.513643
209,5908.346009
210,5877.555947
211,5924.390496
212,5945.751538
213,5912.708383
214,5940.361030
215,6000.227782
216,6055.654679
217,5997.167644
218,5919.425679
219,5980.910071
220,6021.814946
221,5989.244116
222,5935.274073
223,5913.192183
224,5881.518142
225,5945.798262
226,5935.646970
227,5929.423662
228,5987.458453
229,5966.310102
230,6024.977908
231,6062.907680
232,5985.454626
233,5965.522577
234,5925.800094
235,5910.838141
236,5949.219376
237,5982.279665
238,6021.889395
239,5961.445511
240,5969.219536
241,5983.519129
242,5997.207711
243,5935.554318
244,5975.566239
245,6011.283586
246,5981.935350
247,5946.654711
248,5952.947128
249,5923.644759
250,5947.257895
251,5974.086557
252,5982.346245
253,5967.276576
254,5927.857904
255,5906.491443
256,5965.021870
257,5934.130472
258,5999.763039
259,5963.476469
260,6004.020398
261,6015.196752
262,5984.559452
263,5983.848497
264,5978.556839
265,5938.159588
266,5902.827550
267,6001.069672
268,5973.413279
269,6023.290674
270,6015.919578
271,6007.755334
272,6006.950455
273,5985.857731
274,5982.409623
275,6020.986637
276,5944.586786
277,5937.395575
278,5936.934650
279,5972.063186
280,5902.907600
281,5891.153228
282,5900.555961
283,5894.462722
284,5932.870449
285,5918.286518
286,5908.444694
287,5949.497497
288,5899.953229
289,5873.273279
290,5857.554427
291,5869.071378
292,5835.371672
293,5877.150288
294,5967.163717
295,5990.939445
296,5928.697449
297,5956.930060
298,5894.881526
299,5898.668159
300,5999.449163
301,6002.993672
302,6032.137263
303,5965.669071
304,6046.819822
305,6004.906227
306,5967.930536
307,6001.063415
308,6007.606633
309,5983.194005
310,5957.738449
311,5867.569081
312,5884.413968
313,5936.711176
314,5968.049532
315,5917.565671
316,5909.570864
317,6003.434946
318,5956.161841
319,5934.489852
320,6013.035866
321,5957.143941
322,5952.925787
323,5938.123387
324,5942.531469
325,5945.294129
326,5943.348537
327,5998.412451
328,5965.014437
329,5948.710495
330,5949.412456
331,5920.351117
332,5877.321461
333,5908.401088
334,5901.248252
335,5859.841426
336,5827.189794
337,5789.940759
338,5890.096687
339,5906.602435
340,5924.678823
341,5953.807606
342,5956.572756
343,5937.595304
344,5985.768068
345,6006.154881
346,5985.102675
347,5933.382819
348,5915.750567
349,5941.399368
350,5947.910891
351,5966.759355
352,5997.809358
353,6046.917881
354,5988.422960
355,6006.604817
356,5994.241767
357,5993.953331
358,5983.087745
359,5953.297996
360,5910.408615
361,5889.202619
362,5948.027184
363,6035.623483
364,5977.073145
365,5956.587412
366,5994.867579
367,5973.854254
368,5969.750015
369,5894.395191
370,5959.695998
371,5967.329125
372,5979.695157
373,5983.023768
374,5980.430727
375,5904.013728
376,5946.275487
377,5965.207586
378,5955.108613
379,5917.827979
380,5935.892162
381,5966.605943
382,5974.305514
383,5976.474352
384,5931.612002
385,5937.341744
386,5941.546467
387,5973.846524
388,5966.857419
389,5985.846188
390,5938.984419
391,5941.487887
392,5906.304209
393,5926.862590
394,5917.652918
395,5930.636895
396,5898.266438
397,5885.758064
398,5933.647880
399,5942.102068
400,5966.718846
401,5958.165257
402,5960.833577
403,5945.413572
404,5965.348061
405,5963.196319
406,5880.713057
407,5868.444827
408,5908.840102
409,5956.896571
410,5955.633369
411,5969.818534
412,5929.248768
413,5926.405944
414,5941.738933
415,6018.693970
416,5934.960175
417,5982.565110
418,5960.892094
419,5962.562466
420,5983.419171
421,6018.476048
422,6018.055834
423,6003.169983
424,5991.942374
425,5980.574381
426,5977.322451
427,5942.331676
428,5905.744977
429,5881.726887
430,5928.785389
431,5928.340134
432,5952.572119
433,5992.585284
434,5997.652797
435,5948.462513
436,5960.169729
437,5956.158186
438,5935.103353
439,5881.866203
440,5891.217375
441,5951.783290
442,5961.173412
443,5979.023991
444,5954.403995
445,5977.113842
446,5967.269249
447,5948.184311
448,5952.943716
449,5987.097463
450,5900.532020
451,5903.491052
452,5903.661450
453,5929.926857
454,5984.910415
455,5971.661405
456,6002.443814
457,5975.785443
458,5988.915750
459,5907.067518
460,5889.189746
461,5907.791408
462,5910.551391
463,5897.982799
464,5922.409040
465,5984.986841
466,5915.293365
467,5900.644745
468,5911.990064
469,5867.803633
470,5906.546400
471,5917.475965
472,5969.362138
473,6006.200414
474,6006.056642
475,5974.222132
476,5951.782338
477,5995.054733
478,5939.815063
479,5851.940055
480,5895.470969
481,5947.766020
482,5873.908672
483,5881.412700
484,5929.374893
485,5852.774007
486,5940.722539
487,5946.947876
488,5965.568286
489,5982.512023
490,5994.127899
491,5962.385419
492,6046.567086
493,5978.531856
494,5904.675405
495,5940.615532
496,5967.307834
497,6071.351978
498,6019.557728
499,5969.517541
