0,3318.240283
1,3543.563536
2,3731.608335
3,3817.869639
4,3940.196460
5,4032.100792
6,4094.450929
7,4165.527760
8,4223.274566
9,4300.464434
10,4352.667904
11,4403.969081
12,4462.203159
13,4494.724520
14,4513.206716
15,4520.086665
16,4508.112258
17,4552.146142
18,4591.049051
19,4616.398618
20,4622.257504
21,4624.075667
22,4637.920185
23,4691.436375
24,4668.809254
25,4665.113489
26,4691.768715
27,4692.042395
28,4696.653525
29,4722.015771
30,4717.988694
31,4731.643749
32,4739.789809
33,4750.038103
34,4772.238308
35,4783.896519
36,4758.815698
37,4779.683467
38,4783.404234
39,4817.543368
40,4769.513164
41,4791.862641
42,4811.884749
43,4802.456819
44,4793.692465
45,4829.388794
46,4809.283556
47,4811.867434
48,4827.285755
49,4828.433405
50,4851.220883
51,4849.993529
52,4847.233149
53,4871.476573
54,4883.915411
55,4885.638798
56,4896.154654
57,4922.673238
58,4900.864057
59,4882.177855
60,4871.752698
61,4879.133893
62,4908.052413
63,4894.704557
64,4918.586918
65,4905.758274
66,4880.943958
67,4907.002865
68,4906.550573
69,4919.548441
70,4882.010276
71,4890.626048
72,4862.036381
73,4914.527315
74,4896.611126
75,4908.795674
76,4908.964282
77,4884.459157
78,4893.714702
79,4936.451482
80,4956.430888
81,4945.569789
82,4897.387480
83,4893.821812
84,4911.931573
85,4904.428721
86,4898.092364
87,4929.272271
88,4913.141533
89,4860.311390
90,4892.995737
91,4902.693178
92,4940.267339
93,4919.601877
94,4877.972008
95,4925.533020
96,4982.299301
97,4974.314829
98,4951.488334
99,4953.133085
100,4952.455505
101,4967.823245
102,4944.014563
103,4968.823055
104,4964.070145
105,4959.047004
106,4974.680380
107,5004.514319
108,5012.064111
109,4951.445712
110,4963.247870
111,4939.948688
112,4916.571372
113,4925.096555
114,4934.550727
115,4957.469609
116,4972.056729
117,4985.511001
118,4984.913095
119,4984.860715
120,4954.439363
121,4938.634825
122,4990.979921
123,5004.901407
124,4978.056011
125,4987.614316
126,4987.370944
127,4965.999525
128,4967.632819
129,4946.976213
130,4928.248035
131,4956.622379
132,4950.562250
133,4942.975863
134,4969.130735
135,4932.118860
136,4992.349374
137,4973.195061
138,4960.853281
139,4975.314252
140,4976.189000
141,4981.616413
142,4999.956036
143,4987.643263
144,5017.197297
145,5023.469362
146,5026.200479
147,5014.903755
148,5010.995946
149,5025.317109
150,5007.097149
151,5015.486745
152,5008.741565
153,4987.802473
154,4999.288217
155,5020.338636
156,5035.106711
157,5050.021116
158,5029.361854
159,5034.617892
160,4988.492249
161,4971.669913
162,4998.874695
163,5005.397218
164,5023.991649
165,4969.088160
166,4950.497672
167,4971.567895
168,4944.739529
169,4897.659748
170,4913.166980
171,4925.276874
172,4927.117648
173,4935.701268
174,4938.292348
175,4955.849924
176,4935.969067
177,4949.034312
178,4926.301128
179,4923.747272
180,4947.771751
181,4958.272019
182,4986.530897
183,4995.388980
184,4991.949247
185,5009.566671
186,4994.694385
187,5003.950888
188,4975.883185
189,4951.006275
190,4962.927731
191,4988.835267
192,4971.969136
193,4984.344118
194,4999.872037
195,5025.466226
196,4983.332977
197,5001.951474
198,5003.451171
199,4997.876739
200,4950.810940
201,4978.511240
202,5014.040423
203,5016.363291
204,5021.099525
205,4989.395602
206,4977.879566
207,5009.988205
208,4977.927063
209,5009.456185
210,5025.379407
211,5010.994087
212,4988.557756
213,5001.349635
214,4984.351228
215,4997.612282
216,4991.139388
217,5013.253539
218,5004.558759
219,5025.471286
220,4991.727624
221,4937.377331
222,4956.211354
223,4965.575873
224,4969.031109
225,4951.316657
226,4918.784753
227,4951.636087
228,4958.884675
229,4984.296318
230,5009.807667
231,4978.696982
232,4980.364326
233,4973.533357
234,4952.628946
235,4955.417367
236,4968.602939
237,4960.370853
238,4977.317003
239,4971.959486
240,4991.631539
241,4998.129587
242,4969.055105
243,4959.608939
244,4914.132001
245,4947.614771
246,4892.837445
247,4914.780022
248,4910.327701
249,4918.288456
250,4885.277355
251,4854.945077
252,4891.417549
253,4942.921236
254,4903.703904
255,4922.738892
256,4891.766612
257,4911.053920
258,4919.123357
259,4910.715329
260,4949.491989
261,4948.772622
262,4969.277980
263,4974.248137
264,4963.587162
265,4956.962550
266,4902.821955
267,4883.606518
268,4935.658409
269,4936.784061
270,4890.665280
271,4904.032183
272,4932.604325
273,4946.982967
274,4921.637569
275,4933.524291
276,4949.505908
277,4977.814118
278,4947.660346
279,4960.104740
280,4985.917476
281,4994.234247
282,4968.595778
283,4981.385491
284,4965.059377
285,4983.127837
286,5007.463815
287,4987.214357
288,4994.695515
289,4998.124443
290,4967.418665
291,4974.519538
292,4941.617140
293,4954.072434
294,4909.306279
295,4928.973335
296,4911.480761
297,4933.265595
298,4959.089821
299,4954.606321
300,4973.130492
301,4960.827135
302,4946.522081
303,4990.721675
304,4971.963130
305,4916.664047
306,4918.207198
307,4970.377022
308,4962.304696
309,4949.136545
310,4949.138157
311,4923.580052
312,4972.653832
313,4978.863193
314,4982.510193
315,4976.435466
316,4966.027131
317,4955.612218
318,4971.308509
319,4983.997465
320,4957.735829
321,4982.538305
322,4978.374773
323,4925.706186
324,4933.360915
325,4969.493991
326,4959.310339
327,4967.859415
328,4944.240315
329,4979.830364
330,4962.899406
331,4960.311169
332,4995.505615
333,4988.619419
334,4977.731843
335,4991.407773
336,4995.280165
337,4985.729392
338,4981.547314
339,5013.090817
340,5027.314424
341,5015.413210
342,5026.729590
343,4970.600813
344,4962.122021
345,4954.026628
346,4939.218099
347,4959.346663
348,5000.405198
349,5027.734542
350,5021.045450
351,4997.959544
352,5001.263376
353,4998.023308
354,4971.539326
355,4996.829696
356,4985.910728
357,5011.663778
358,4997.503533
359,4969.200050
360,5013.436289
361,5042.873787
362,5003.034950
363,4991.410191
364,5018.577502
365,4981.110908
366,4986.086707
367,4992.880507
368,4969.947070
369,4931.625189
370,4944.314586
371,4956.458405
372,4921.627901
373,4909.852811
374,4922.065308
375,4945.426819
376,4956.195578
377,4962.441307
378,4943.129789
379,4963.919452
380,4935.934344
381,4950.509073
382,4906.663766
383,4927.582248
384,4936.859339
385,4973.890241
386,4993.418564
387,4960.920944
388,4938.019073
389,4930.161945
390,4949.239460
391,4929.573919
392,4947.463564
393,4950.233986
394,4950.841942
395,4936.516697
396,4918.398577
397,4936.809699
398,4952.995069
399,4963.844515
400,5001.414776
401,5005.139063
402,4964.003595
403,5014.359266
404,5001.156877
405,4984.171350
406,4977.330854
407,5009.320662
408,5005.001665
409,4987.644462
410,4929.169727
411,4922.295542
412,4892.371065
413,4909.611157
414,4960.058874
415,4943.742570
416,4965.513613
417,4962.917612
418,4957.547040
419,4936.373492
420,4925.142666
421,4955.498879
422,4949.644047
423,4981.832522
424,4958.221731
425,4959.445526
426,4974.352743
427,4962.714695
428,4988.704440
429,4966.192932
430,4990.470152
431,5015.411312
432,4996.248560
433,5015.390579
434,5016.134926
435,4969.561703
436,4952.037177
437,5010.915265
438,5031.174401
439,5020.747766
440,5003.574899
441,4993.220810
442,4985.079867
443,4964.238000
444,4986.243641
445,4994.209029
446,5001.249878
447,5014.070650
448,4999.221957
449,5021.909815
450,5042.831025
451,5020.639671
452,4987.947641
453,4981.085372
454,4972.044260
455,4964.766473
456,4962.116728
457,4973.588025
458,4952.911758
459,4987.098671
460,4982.711873
461,4964.218135
462,4940.155551
463,4933.061079
464,4950.730338
465,4944.394302
466,4957.989644
467,4958.596836
468,4966.103531
469,4928.588521
470,4916.385505
471,4911.433984
472,4917.034172
473,4951.197931
474,4937.674143
475,4930.360362
476,4908.573704
477,4885.881254
478,4906.909932
479,4926.585609
480,4934.226528
481,4952.253578
482,4944.495874
483,4944.209977
484,4959.871760
485,4964.043188
486,4919.692536
487,4912.127779
488,4913.008058
489,4899.970874
490,4930.114674
491,4952.778580
492,4949.278815
493,4950.259113
494,4946.549189
495,4962.429389
496,4952.226513
497,4927.854848
498,4908.478680
499,4898.713569
