0,3383.332892
1,6714.114703
2,7055.357928
3,7203.782684
4,7323.214197
5,7483.642786
6,7517.401469
7,7504.601710
8,7545.457543
9,7674.051421
10,7788.029968
11,7768.059240
12,7839.552160
13,7885.724462
14,7860.063095
15,7825.976040
16,7960.477571
17,7978.193478
18,7998.841044
19,7997.015611
20,8118.760442
21,8040.437587
22,8127.745125
23,8018.148047
24,8089.724218
25,8160.355203
26,8181.797130
27,8184.255154
28,8128.246888
29,8177.860606
30,8201.967865
31,8284.034504
32,8213.200040
33,8233.932678
34,8318.275323
35,8314.706140
36,8305.876537
37,8315.483762
38,8307.918204
39,8355.048094
40,8438.004321
41,8376.917615
42,8450.500363
43,8406.272557
44,8479.027770
45,8378.304436
46,8476.751094
47,8423.888441
48,8407.658582
49,8433.779363
50,8453.641898
51,8535.940685
52,8518.264803
53,8572.863878
54,8576.874588
55,8499.441798
56,8549.607961
57,8525.799196
58,8661.329250
59,8609.329415
60,8662.424651
61,8695.648159
62,8696.742082
63,8707.284574
64,8593.694303
65,8660.172003
66,8597.994489
67,8710.143283
68,8806.421284
69,8745.350790
70,8741.845951
71,8794.557324
72,8761.157663
73,8947.521458
74,8783.327611
75,8894.299959
76,8836.107031
77,8842.388754
78,8821.670282
79,8883.908461
80,8920.094310
81,8922.872917
82,9018.878740
83,9037.093933
84,8992.493287
85,9033.864251
86,9012.375865
87,9045.201676
88,9114.771991
89,9083.401984
90,9129.170613
91,9154.477649
92,9183.601702
93,9152.660979
94,9088.799209
95,9132.042536
96,9241.797114
97,9300.830135
98,9272.590259
99,9338.136687
100,9336.386377
101,9435.685881
102,9458.945572
103,9458.266619
104,9436.182391
105,9593.155438
106,9464.990404
107,9488.611681
108,9524.287283
109,9486.900877
110,9538.290709
111,9502.749686
112,9628.636172
113,9756.346585
114,9751.159952
115,9753.077791
116,9845.420025
117,9793.994560
118,9864.724951
119,9809.507449
120,9883.984493
121,9811.644942
122,9945.163017
123,9937.399332
124,9936.517197
125,10061.492082
126,10064.526669
127,9950.652495
128,10058.916381
129,10166.174228
130,10012.708602
131,10127.469495
132,10172.473258
133,10285.293001
134,10263.130628
135,10141.193784
136,10164.722021
137,10264.368249
138,10293.954484
139,10257.322726
140,10342.909718
141,10235.758220
142,10407.955045
143,10422.236549
144,10447.065390
145,10393.199300
146,10375.865574
147,10392.284137
148,10402.633191
149,10569.062384
150,10550.008402
151,10697.694757
152,10668.486127
153,10468.761708
154,10722.638806
155,10668.403387
156,10705.402043
157,10681.461845
158,10827.893749
159,10950.940288
160,10790.403098
161,10657.116032
162,10953.881420
163,10908.623206
164,10867.249752
165,11183.136078
166,11203.652825
167,11148.817877
168,11206.183244
169,11207.066712
170,11238.041328
171,11332.884267
172,11121.941378
173,11176.245328
174,11236.935187
175,11298.116459
176,11288.280214
177,11318.103757
178,11264.195365
179,11377.059407
180,11446.591565
181,11486.336391
182,11578.559881
183,11485.202239
184,11365.219109
185,11668.633969
186,11544.758476
187,11591.503726
188,11494.255895
189,11662.353519
190,11718.012804
191,11847.351750
192,11690.254361
193,11853.003416
194,11818.419793
195,11967.007269
196,11917.002541
197,11896.549481
198,11998.390594
199,12114.209466
200,12062.619879
201,12161.980487
202,11960.856251
203,12096.498240
204,12161.958271
205,12333.583023
206,12103.688285
207,12262.259469
208,12256.220995
209,12229.639414
210,12360.119368
211,12287.477536
212,12350.577227
213,12409.701998
214,12196.628236
215,12333.808444
216,12252.074260
217,12343.860383
218,12343.545593
219,12422.123155
220,12467.129130
221,12432.271928
222,12370.264273
223,12431.396506
224,12402.136152
225,12444.291106
226,12603.487899
227,12528.335075
228,12429.919904
229,12497.820778
230,12527.882911
231,12532.274241
232,12566.604295
233,12540.723150
234,12324.749600
235,12474.953075
236,12584.145727
237,12590.437957
238,12490.632778
239,12573.235332
240,12432.999513
241,12568.996153
242,12551.650158
243,12448.074684
244,12413.210294
245,12322.658989
246,12541.564500
247,12460.623996
248,12499.536502
249,12616.109788
250,12510.758087
251,12569.520755
252,12478.859813
253,12423.024629
254,12487.778348
255,12518.666499
256,12444.727049
257,12447.998530
258,12505.565010
259,12552.849780
260,12541.545097
261,12506.512230
262,12528.347476
263,12294.004902
264,12499.369115
265,12537.531936
266,12547.812642
267,12477.434748
268,12505.202969
269,12521.909696
270,12352.497648
271,12436.241457
272,12496.889914
273,12490.479418
274,12624.934537
275,12462.412123
276,12442.032158
277,12640.313420
278,12594.283415
279,12526.212524
280,12557.039608
281,12545.766714
282,12428.512855
283,12537.219856
284,12471.890670
285,12530.726748
286,12501.432339
287,12479.352119
288,12433.674352
289,12319.835334
290,12487.809287
291,12517.098886
292,12420.584296
293,12505.377297
294,12598.594906
295,12588.048378
296,12499.189306
297,12564.188148
298,12532.959429
299,12499.102485
300,12459.155525
301,12542.135052
302,12607.710040
303,12482.021033
304,12480.375468
305,12569.170621
306,12270.049958
307,12497.503657
308,12412.071628
309,12404.803647
310,12530.276004
311,12624.446290
312,12568.357040
313,12478.231227
314,12446.658695
315,12568.824422
316,12502.724970
317,12606.088584
318,12509.346178
319,12407.909254
320,12568.647154
321,12549.569388
322,12642.837757
323,12596.801176
324,12497.571663
325,12552.159127
326,12419.298705
327,12588.412055
328,12617.380996
329,12514.080196
330,12567.254443
331,12586.407379
332,12423.908051
333,12407.849700
334,12661.939606
335,12619.971341
336,12621.953086
337,12658.755806
338,12692.829370
339,12681.068696
340,12585.576393
341,12617.935421
342,12616.810354
343,12754.292629
344,12641.817288
345,12505.398581
346,12600.908649
347,12638.656404
348,12662.877394
349,12596.506900
350,12692.263837
351,12649.458566
352,12623.474055
353,12616.893173
354,12474.607564
355,12671.324129
356,12479.021449
357,12685.646935
358,12605.876035
359,12535.798961
360,12625.882108
361,12651.712328
362,12609.320473
363,12633.300294
364,12597.459835
365,12638.030567
366,12736.908656
367,12626.183977
368,12672.237310
369,12626.614143
370,12729.065580
371,12712.072308
372,12648.196880
373,12612.076079
374,12661.720297
375,12518.678970
376,12521.739077
377,12668.007813
378,12599.412949
379,12592.430454
380,12556.253533
381,12600.373730
382,12549.723366
383,12572.476982
384,12717.650734
385,12570.238548
386,12588.373171
387,12575.715237
388,12569.173040
389,12549.165606
390,12678.680752
391,12461.328971
392,12627.574078
393,12632.717629
394,12613.070610
395,12699.805811
396,12636.981155
397,12626.700640
398,12738.414431
399,12628.276658
400,12632.191486
401,12619.965436
402,12627.678604
403,12600.625449
404,12620.841643
405,12703.062788
406,12673.911980
407,12666.762269
408,12633.445267
409,12545.471066
410,12539.884610
411,12624.490656
412,12708.495960
413,12678.422008
414,12615.261221
415,12670.042395
416,12682.279583
417,12749.360285
418,12692.109661
419,12635.312974
420,12681.503849
421,12710.451995
422,12687.246364
423,12522.307860
424,12530.573128
425,12483.081429
426,12542.106368
427,12602.751194
428,12579.379593
429,12667.434653
430,12477.910756
431,12627.486394
432,12646.320706
433,12683.742409
434,12666.105860
435,12657.865592
436,12665.388161
437,12616.548746
438,12698.636730
439,12661.014633
440,12717.512297
441,12640.357033
442,12662.747776
443,12642.078566
444,12662.693462
445,12656.777590
446,12588.163706
447,12649.508089
448,12677.694657
449,12629.096751
450,12761.455016
451,12714.057470
452,12726.029884
453,12686.895969
454,12591.114816
455,12727.452952
456,12637.392981
457,12652.898127
458,12636.098868
459,12749.034862
460,12755.758010
461,12601.085681
462,12695.010944
463,12337.159501
464,12662.879950
465,12623.373774
466,12731.876870
467,12742.112973
468,12750.246240
469,12644.933903
470,12602.115221
471,12747.349332
472,12668.073816
473,12688.883706
474,12745.225791
475,12652.628479
476,12562.044790
477,12535.698174
478,12700.722241
479,12562.236104
480,12650.032605
481,12600.666835
482,12760.386645
483,12646.526274
484,12747.443721
485,12657.522194
486,12641.641962
487,12718.974343
488,12642.166878
489,12710.968799
490,12431.897794
491,12638.043807
492,12769.505600
493,12615.302956
494,12721.529331
495,12717.734782
496,12667.617257
497,12737.810798
498,12732.636946
499,12634.362082
