0,3362.459377
1,6668.170210
2,6929.719153
3,7180.240304
4,7452.635641
5,7598.421258
6,7745.605526
7,7874.454284
8,7991.685219
9,8096.453593
10,8250.701812
11,8297.463337
12,8432.028528
13,8577.405941
14,8606.250467
15,8602.702606
16,8649.314388
17,8732.475938
18,8794.973916
19,8780.267997
20,8880.498174
21,8966.684710
22,8994.168903
23,9050.767105
24,9062.475796
25,9148.564946
26,9194.455162
27,9214.181802
28,9248.859240
29,9286.693973
30,9306.690419
31,9347.060204
32,9459.607445
33,9487.645039
34,9498.739711
35,9519.903087
36,9711.135208
37,9677.186318
38,9694.168001
39,9755.029463
40,9829.698019
41,9818.876594
42,9889.554262
43,9820.745410
44,9926.792672
45,10026.271526
46,10009.439256
47,9985.788488
48,10116.877898
49,10094.036880
50,10060.342237
51,10122.922208
52,10002.250381
53,10125.271633
54,10172.903386
55,10231.233586
56,10257.878529
57,10224.235431
58,10236.797332
59,10308.674513
60,10243.605758
61,10286.862073
62,10185.336858
63,10187.339171
64,10157.631650
65,10222.515319
66,10286.640009
67,10270.577940
68,10349.144458
69,10296.679048
70,10288.530903
71,10302.571496
72,10285.234355
73,10375.250515
74,10344.663255
75,10326.547491
76,10330.385906
77,10265.909410
78,10363.486767
79,10324.483076
80,10372.149646
81,10341.686779
82,10441.956196
83,10322.897014
84,10328.159016
85,10440.496813
86,10383.276053
87,10380.641557
88,10316.726451
89,10415.944888
90,10318.035596
91,10362.523519
92,10334.000887
93,10264.569239
94,10318.017527
95,10298.838911
96,10360.063253
97,10386.187915
98,10480.780365
99,10437.743949
100,10330.130971
101,10383.794951
102,10399.098871
103,10368.070006
104,10374.009184
105,10388.805442
106,10492.903640
107,10498.806540
108,10577.466621
109,10422.200003
110,10380.744033
111,10378.293378
112,10327.968261
113,10438.347968
114,10401.735299
115,10422.275326
116,10461.077966
117,10539.646036
118,10520.801927
119,10370.475631
120,10421.728818
121,10554.152873
122,10482.615595
123,10475.717588
124,10475.194772
125,10579.024082
126,10521.338881
127,10506.774104
128,10485.738365
129,10574.113103
130,10537.972310
131,10492.320392
132,10542.657801
133,10520.179478
134,10660.091848
135,10523.927025
136,10624.386180
137,10528.532843
138,10592.946467
139,10518.025086
140,10527.935301
141,10681.299894
142,10521.260090
143,10608.222622
144,10640.777144
145,10635.544131
146,10651.274788
147,10599.867488
148,10669.552978
149,10599.644991
150,10633.874195
151,10679.482390
152,10581.775784
153,10617.532676
154,10619.951699
155,10732.420137
156,10699.699918
157,10640.052236
158,10757.302064
159,10734.994625
160,10647.003535
161,10681.642530
162,10711.964020
163,10787.745120
164,10757.160814
165,10837.546383
166,10748.255890
167,10755.942117
168,10754.315857
169,10889.929384
170,10792.282498
171,10801.166845
172,10792.005658
173,10828.181594
174,10853.217671
175,10844.410662
176,10808.670819
177,10889.259833
178,10851.698126
179,10892.739246
180,10946.834436
181,10913.877944
182,10872.711901
183,10933.829414
184,10928.692112
185,10923.061316
186,10950.494402
187,10884.115815
188,10966.044151
189,10970.357376
190,10955.510777
191,10947.031754
192,10951.768683
193,10944.449973
194,10921.575683
195,10945.326917
196,10950.532929
197,11034.787984
198,11059.915792
199,10996.277757
200,11037.363029
201,11041.811935
202,11028.883745
203,11021.895271
204,11051.327529
205,11017.135513
206,11039.879379
207,11043.801181
208,11056.333587
209,11038.258047
210,11056.260128
211,11010.604183
212,11054.395388
213,11091.524600
214,11068.855778
215,11072.458324
216,11065.234551
217,11092.829814
218,11070.062574
219,11072.161760
220,11066.536421
221,11078.790925
222,11071.467662
223,11089.063699
224,11087.388214
225,11087.824050
226,11075.810145
227,11077.178991
228,11099.848342
229,11097.658522
230,11082.116626
231,11097.291288
232,11082.717863
233,11081.420028
234,11092.891921
235,11080.317383
236,11092.357053
237,11079.717231
238,11094.915868
239,11084.341844
240,11090.694250
241,11092.733971
242,11096.597775
243,11082.786095
244,11080.984851
245,11082.970550
246,11070.567684
247,11083.423343
248,11101.425948
249,11086.036418
250,11091.830951
251,11082.960862
252,11083.351240
253,11088.718371
254,11096.391142
255,11097.341529
256,11097.598131
257,11087.894693
258,11082.798409
259,11089.306488
260,11101.425948
261,11074.850795
262,11083.019357
263,11084.768213
264,11097.681862
265,11082.718345
266,11091.419878
267,11084.985025
268,11066.254757
269,11092.539027
270,11092.624876
271,11088.655619
272,11087.615641
273,11097.224539
274,11101.425948
275,11097.598131
276,11070.665629
277,11096.707375
278,11097.131159
279,11092.841676
280,11096.689361
281,11088.088437
282,11080.321628
283,11088.568373
284,11084.986874
285,11077.657551
286,11077.389815
287,11080.199955
288,11082.009744
289,11084.031673
290,11092.272437
291,11080.872145
292,11092.554702
293,11087.874513
294,11091.709193
295,11097.188677
296,11091.818265
297,11088.757604
298,11088.438903
299,11084.358086
300,11083.178627
301,11101.425948
302,11092.020345
303,11088.836176
304,11097.991155
305,11096.597775
306,11091.803213
307,11090.190689
308,11101.425948
309,11087.532024
310,11097.535348
311,11088.605684
312,11087.389737
313,11097.131159
314,11090.395911
315,11101.425948
316,11096.819819
317,11088.193891
318,11089.836274
319,11087.824529
320,11078.806563
321,11097.405749
322,11083.958110
323,11083.742163
324,11093.901896
325,11085.588899
326,11084.051460
327,11086.407371
328,11096.659123
329,11084.683611
330,11091.432682
331,11084.529164
332,11093.191038
333,11075.474143
334,11090.300992
335,11092.016887
336,11086.589573
337,11093.914436
338,11097.848715
339,11093.413029
340,11085.271553
341,11088.719203
342,11092.054652
343,11092.399674
344,11097.681862
345,11081.734284
346,11093.111335
347,11096.899415
348,11084.334738
349,11089.202639
350,11093.696366
351,11097.291288
352,11092.830055
353,11092.176265
354,11088.653359
355,11092.961151
356,11085.444994
357,11093.721881
358,11092.543498
359,11097.658522
360,11089.448206
361,11084.196332
362,11093.569263
363,11101.425948
364,11080.967185
365,11071.316006
366,11089.721362
367,11076.262898
368,11072.089122
369,11092.530847
370,11096.622451
371,11088.641725
372,11082.666641
373,11089.643909
374,11085.176406
375,11090.908048
376,11080.360689
377,11092.025728
378,11085.168162
379,11091.718412
380,11095.462459
381,11088.861964
382,11086.078494
383,11094.247069
384,11093.901896
385,11093.493953
386,11092.713349
387,11091.998128
388,11097.203171
389,11083.293327
390,11092.704332
391,11097.991155
392,11071.681529
393,11087.360870
394,11077.881653
395,11076.999845
396,11097.658522
397,11092.768523
398,11083.677362
399,11095.426598
400,11101.425948
401,11093.799175
402,11096.550052
403,11083.680269
404,11091.468598
405,11092.321234
406,11083.900859
407,11079.467637
408,11089.053866
409,11087.978638
410,11091.885389
411,11092.202331
412,11075.479218
413,11092.044857
414,11097.991155
415,11093.040536
416,11087.781521
417,11085.689786
418,11089.333730
419,11091.469622
420,11078.826629
421,11090.931263
422,11092.921935
423,11077.415535
424,11096.606445
425,11084.046255
426,11083.822881
427,11081.532864
428,11083.654363
429,11092.846867
430,11079.607251
431,11097.614610
432,11080.503291
433,11082.305888
434,11092.522026
435,11091.294491
436,11089.798121
437,11089.570646
438,11101.425948
439,11092.752985
440,11093.513712
441,11084.422193
442,11080.306516
443,11085.247623
444,11096.904240
445,11101.425948
446,11096.550052
447,11093.828516
448,11097.188677
449,11088.761182
450,11090.013729
451,11088.359195
452,11064.307931
453,11096.822969
454,11101.425948
455,11096.822969
456,11093.758202
457,11085.951479
458,11081.006108
459,11093.018572
460,11092.329997
461,11097.658522
462,11101.425948
463,11080.480898
464,11084.758727
465,11092.951407
466,11092.992001
467,11088.962771
468,11088.894584
469,11086.739585
470,11092.778628
471,11070.966526
472,11101.425948
473,11083.543492
474,11097.549698
475,11096.606445
476,11096.622451
477,11084.986102
478,11101.425948
479,11092.349170
480,11083.314302
481,11090.367439
482,11081.329809
483,11088.488458
484,11093.553926
485,11093.958115
486,11089.540962
487,11097.598131
488,11083.027871
489,11083.814770
490,11078.519254
491,11077.760978
492,11077.200300
493,11097.502288
494,11097.030487
495,11096.188195
496,11091.729162
497,11089.374174
498,11091.459191
499,11089.096344
