0,3367.134614
1,6728.395619
2,7066.012997
3,7176.944172
4,7340.483268
5,7488.332309
6,7541.920255
7,7630.614342
8,7618.554248
9,7726.819335
10,7759.447301
11,7858.932823
12,7877.725704
13,7926.807895
14,7948.439998
15,8023.599539
16,8072.958540
17,8170.605250
18,8083.878425
19,8218.058186
20,8346.804529
21,8436.698407
22,8426.159964
23,8538.695411
24,8526.987621
25,8573.594216
26,8706.525332
27,8648.501522
28,8720.974382
29,8788.575483
30,8836.501058
31,8980.639170
32,9167.590248
33,9190.122201
34,9384.470467
35,9399.522573
36,9323.195019
37,9442.565630
38,9507.550064
39,9544.788421
40,9580.119212
41,9571.278155
42,9806.371266
43,9683.794109
44,9628.963727
45,9941.614745
46,9923.851405
47,10076.086808
48,9838.384796
49,9958.440947
50,10113.039189
51,10083.121213
52,10170.330969
53,10069.653980
54,9967.027050
55,10114.498127
56,10100.986343
57,10088.953873
58,10181.334316
59,10386.984209
60,10629.998508
61,10380.971955
62,10275.210947
63,10044.500997
64,10199.084350
65,10059.412229
66,10196.600812
67,10492.252491
68,10260.685089
69,10283.771687
70,10309.252600
71,10503.411750
72,10405.946478
73,10359.546130
74,10359.256946
75,10375.228528
76,10272.077275
77,10288.902291
78,10257.635297
79,10339.099180
80,10383.072441
81,10649.292660
82,10468.478417
83,10318.774385
84,10410.927225
85,10510.579195
86,10443.342149
87,10342.086503
88,10511.787263
89,10370.511576
90,10370.940741
91,10335.053714
92,10636.544300
93,10480.540297
94,10604.663237
95,10679.392537
96,10679.000056
97,10456.333034
98,10560.419131
99,10557.943166
100,10631.343244
101,10666.545438
102,10650.293504
103,10557.156743
104,10543.844241
105,10669.487363
106,10868.235663
107,10654.385606
108,10676.240063
109,10666.805332
110,10948.988773
111,10781.666180
112,10807.110082
113,10862.588189
114,10765.208340
115,10713.625848
116,10695.482952
117,10836.026291
118,10927.106594
119,10991.751159
120,11005.113001
121,11005.011361
122,10827.298718
123,10891.224329
124,11008.248282
125,11108.431627
126,11153.077529
127,11006.360891
128,11033.562677
129,11034.969384
130,10935.999895
131,10813.401360
132,10969.343291
133,11106.684337
134,10990.405796
135,11087.148645
136,11197.448834
137,11206.317451
138,11125.100864
139,11255.354191
140,11290.253933
141,11349.194376
142,11184.751266
143,11203.170885
144,11248.366169
145,11275.689696
146,11328.197295
147,11320.146943
148,11451.882512
149,11335.339692
150,11237.969085
151,11385.100070
152,11311.103330
153,11402.634162
154,11420.727513
155,11495.167684
156,11517.006371
157,11458.381163
158,11481.020626
159,11422.028055
160,11576.189739
161,11490.045841
162,11525.968521
163,11460.057657
164,11532.190611
165,11519.599147
166,11579.199442
167,11596.791811
168,11632.005829
169,11610.956958
170,11622.883311
171,11663.019335
172,11666.150842
173,11641.839282
174,11664.344084
175,11606.856929
176,11587.713060
177,11636.182562
178,11705.129319
179,11670.851331
180,11625.073142
181,11678.812025
182,11701.167486
183,11684.685146
184,11684.389773
185,11698.406103
186,11689.976411
187,11696.971513
188,11724.041617
189,11722.868442
190,11715.313212
191,11727.657436
192,11731.411593
193,11719.521394
194,11713.125486
195,11727.116373
196,11740.432248
197,11712.629909
198,11740.432248
199,11724.730921
200,11724.923080
201,11740.432248
202,11724.349160
203,11728.014328
204,11740.432248
205,11729.562178
206,11740.432248
207,11731.606714
208,11740.432248
209,11740.432248
210,11731.805283
211,11740.432248
212,11740.432248
213,11740.432248
214,11740.432248
215,11732.007884
216,11740.432248
217,11740.432248
218,11740.432248
219,11740.432248
220,11740.432248
221,11731.872135
222,11740.432248
223,11740.432248
224,11740.432248
225,11740.432248
226,11740.432248
227,11740.432248
228,11740.432248
229,11740.432248
230,11734.063789
231,11740.432248
232,11740.432248
233,11740.432248
234,11740.432248
235,11740.432248
236,11740.432248
237,11740.432248
238,11740.432248
239,11740.432248
240,11740.432248
241,11740.432248
242,11740.432248
243,11740.432248
244,11740.432248
245,11740.432248
246,11740.432248
247,11740.432248
248,11740.432248
249,11740.432248
250,11740.432248
251,11740.432248
252,11740.432248
253,11740.432248
254,11740.432248
255,11740.432248
256,11740.432248
257,11740.432248
258,11740.432248
259,11740.432248
260,11740.432248
261,11733.125806
262,11740.432248
263,11740.432248
264,11740.432248
265,11740.432248
266,11740.432248
267,11740.432248
268,11740.432248
269,11740.432248
270,11740.432248
271,11740.432248
272,11740.432248
273,11740.432248
274,11740.432248
275,11740.432248
276,11740.432248
277,11740.432248
278,11740.432248
279,11740.432248
280,11740.432248
281,11740.432248
282,11740.432248
283,11740.432248
284,11740.432248
285,11740.432248
286,11740.432248
287,11740.432248
288,11732.006942
289,11740.432248
290,11740.432248
291,11740.432248
292,11740.432248
293,11740.432248
294,11740.432248
295,11740.432248
296,11740.432248
297,11740.432248
298,11740.432248
299,11740.432248
300,11733.343402
301,11740.432248
302,11740.432248
303,11740.432248
304,11740.432248
305,11740.432248
306,11740.432248
307,11740.432248
308,11740.432248
309,11734.102051
310,11733.918811
311,11740.432248
312,11740.432248
313,11740.432248
314,11740.432248
315,11731.858516
316,11740.432248
317,11740.432248
318,11740.432248
319,11740.432248
320,11740.432248
321,11740.432248
322,11740.432248
323,11740.432248
324,11740.432248
325,11740.432248
326,11740.432248
327,11740.432248
328,11740.432248
329,11740.432248
330,11740.432248
331,11740.432248
332,11740.432248
333,11740.432248
334,11740.432248
335,11740.432248
336,11740.432248
337,11740.432248
338,11740.432248
339,11740.432248
340,11740.432248
341,11740.432248
342,11740.432248
343,11740.432248
344,11740.432248
345,11740.432248
346,11732.696872
347,11740.432248
348,11740.432248
349,11740.432248
350,11740.432248
351,11740.432248
352,11732.943668
353,11740.432248
354,11740.432248
355,11740.432248
356,11740.432248
357,11740.432248
358,11740.432248
359,11740.432248
360,11740.432248
361,11740.432248
362,11740.432248
363,11740.432248
364,11740.432248
365,11740.432248
366,11740.432248
367,11740.432248
368,11740.432248
369,11740.432248
370,11740.432248
371,11740.432248
372,11740.432248
373,11740.432248
374,11734.277634
375,11740.432248
376,11731.360327
377,11740.432248
378,11740.432248
379,11740.432248
380,11740.432248
381,11740.432248
382,11740.432248
383,11740.432248
384,11740.432248
385,11740.432248
386,11740.432248
387,11740.432248
388,11740.432248
389,11740.432248
390,11740.432248
391,11740.432248
392,11740.432248
393,11740.432248
394,11740.432248
395,11740.432248
396,11740.432248
397,11740.432248
398,11740.432248
399,11740.432248
400,11740.432248
401,11740.432248
402,11740.432248
403,11740.432248
404,11740.432248
405,11740.432248
406,11740.432248
407,11740.432248
408,11740.432248
409,11740.432248
410,11740.432248
411,11740.432248
412,11740.432248
413,11740.432248
414,11740.432248
415,11740.432248
416,11740.432248
417,11740.432248
418,11740.432248
419,11740.432248
420,11740.432248
421,11740.432248
422,11740.432248
423,11740.432248
424,11740.432248
425,11740.432248
426,11740.432248
427,11740.432248
428,11740.432248
429,11733.209040
430,11740.432248
431,11740.432248
432,11740.432248
433,11740.432248
434,11740.432248
435,11740.432248
436,11740.432248
437,11740.432248
438,11740.432248
439,11740.432248
440,11740.432248
441,11740.432248
442,11740.432248
443,11740.432248
444,11740.432248
445,11740.432248
446,11740.432248
447,11740.432248
448,11740.432248
449,11740.432248
450,11740.432248
451,11740.432248
452,11740.432248
453,11740.432248
454,11740.432248
455,11740.432248
456,11740.432248
457,11740.432248
458,11740.432248
459,11740.432248
460,11740.432248
461,11740.432248
462,11740.432248
463,11740.432248
464,11740.432248
465,11740.432248
466,11740.432248
467,11740.432248
468,11740.432248
469,11740.432248
470,11740.432248
471,11740.432248
472,11740.432248
473,11740.432248
474,11740.432248
475,11740.432248
476,11740.432248
477,11740.432248
478,11740.432248
479,11740.432248
480,11740.432248
481,11740.432248
482,11740.432248
483,11740.432248
484,11740.432248
485,11740.432248
486,11740.432248
487,11740.432248
488,11740.432248
489,11740.432248
490,11740.432248
491,11740.432248
492,11740.432248
493,11740.432248
494,11740.432248
495,11740.432248
496,11740.432248
497,11740.432248
498,11740.432248
499,11740.432248
