0,3368.903076
1,3649.660476
2,3882.309494
3,4047.637506
4,4191.545582
5,4320.859873
6,4400.933009
7,4477.714463
8,4548.732845
9,4642.807466
10,4710.798820
11,4783.919623
12,4872.110566
13,4962.551021
14,5021.396268
15,5065.813904
16,5106.517123
17,5136.971239
18,5178.237187
19,5200.590081
20,5231.096405
21,5245.375068
22,5253.932947
23,5266.676663
24,5274.101575
25,5286.658073
26,5292.887550
27,5303.710687
28,5312.521820
29,5313.625944
30,5309.472644
31,5311.640599
32,5308.834017
33,5312.791785
34,5311.641416
35,5313.054930
36,5310.434049
37,5316.429319
38,5316.328494
39,5316.429319
40,5315.047409
41,5313.207879
42,5312.212693
43,5314.144292
44,5316.428375
45,5315.533237
46,5315.592766
47,5315.746102
48,5316.428375
49,5313.545498
50,5313.169144
51,5316.114686
52,5315.332921
53,5316.598531
54,5310.122147
55,5315.692257
56,5313.845589
57,5314.305997
58,5315.701505
59,5313.777165
60,5314.083188
61,5316.175158
62,5308.474419
63,5315.510744
64,5312.518302
65,5311.201519
66,5313.429470
67,5314.700272
68,5311.162332
69,5314.536721
70,5311.976782
71,5312.064915
72,5314.001556
73,5315.388759
74,5314.317805
75,5315.087371
76,5313.137852
77,5312.325666
78,5314.927408
79,5316.720515
80,5313.385349
81,5313.772803
82,5313.947321
83,5314.506560
84,5313.269085
85,5313.751415
86,5313.541148
87,5313.725858
88,5316.138122
89,5314.049102
90,5314.726539
91,5315.319038
92,5315.701505
93,5317.133695
94,5314.436839
95,5316.406825
96,5314.291809
97,5311.890007
98,5312.871920
99,5315.692257
100,5316.015195
101,5314.001166
102,5307.238117
103,5312.639310
104,5314.099160
105,5314.192318
106,5315.289268
107,5313.254030
108,5315.946417
109,5317.133695
110,5311.549695
111,5312.950805
112,5314.123150
113,5315.432412
114,5314.706876
115,5312.843646
116,5315.510744
117,5316.215120
118,5313.782640
119,5316.528810
120,5317.133695
121,5314.358508
122,5316.429319
123,5315.301570
124,5315.591822
125,5316.428375
126,5311.525610
127,5314.213477
128,5313.326949
129,5314.437230
130,5314.223975
131,5314.897638
132,5314.021772
133,5315.146900
134,5313.017917
135,5312.852270
136,5314.095337
137,5316.428375
138,5316.260107
139,5314.536721
140,5313.858022
141,5315.702449
142,5312.846656
143,5314.900197
144,5316.528810
145,5314.827917
146,5313.608982
147,5315.723999
148,5316.138122
149,5315.883962
150,5314.755270
151,5317.133695
152,5311.053844
153,5314.147269
154,5314.627601
155,5306.762370
156,5307.342627
157,5312.484549
158,5314.193261
159,5316.429319
160,5316.429319
161,5314.017998
162,5314.417651
163,5315.714750
164,5315.592766
165,5314.725900
166,5310.915660
167,5309.618026
168,5313.204965
169,5314.827917
170,5308.434929
171,5314.293695
172,5316.237613
173,5314.113596
174,5316.015195
175,5313.200603
176,5315.309875
177,5313.479636
178,5314.674191
179,5315.423554
180,5316.037298
181,5314.026963
182,5315.823490
183,5314.796813
184,5314.023659
185,5314.584892
186,5315.332921
187,5313.973402
188,5313.807868
189,5309.592457
190,5315.067793
191,5316.307334
192,5315.209993
193,5311.807427
194,5312.244575
195,5315.723055
196,5313.990421
197,5315.692257
198,5316.820006
199,5311.504708
200,5315.411253
201,5310.794648
202,5314.514227
203,5312.491035
204,5311.122370
205,5312.995401
206,5312.889375
207,5310.279552
208,5317.424891
209,5314.613718
210,5311.959372
211,5314.992411
212,5316.598531
213,5316.720515
214,5315.113452
215,5314.918797
216,5316.720515
217,5316.842499
218,5315.178642
219,5315.946417
220,5313.422078
221,5315.289268
222,5314.022162
223,5314.200538
224,5312.818628
225,5313.646018
226,5314.513837
227,5313.879181
228,5313.126634
229,5316.307334
230,5314.373441
231,5309.169547
232,5316.307334
233,5312.994848
234,5313.453637
235,5311.479326
236,5314.700272
237,5314.700272
238,5315.311762
239,5313.391069
240,5315.845983
241,5315.602958
242,5313.388060
243,5314.045209
244,5316.720515
245,5314.987880
246,5316.115629
247,5312.212000
248,5314.096389
249,5314.542631
250,5317.870409
251,5320.616388
252,5324.502507
253,5331.127753
254,5344.167703
255,5379.089808
256,5429.542368
257,5493.877517
258,5531.743321
259,5543.106288
260,5544.734185
261,5543.727239
262,5548.388827
263,5548.938901
264,5548.761820
265,5545.419131
266,5544.359660
267,5544.721276
268,5546.294068
269,5547.512174
270,5534.534744
271,5540.680726
272,5549.086682
273,5548.527485
274,5545.273434
275,5549.086682
276,5549.199288
277,5545.088780
278,5547.510209
279,5542.831395
280,5547.056060
281,5538.966001
282,5545.771423
283,5548.091733
284,5543.881853
285,5547.419930
286,5544.639227
287,5546.105808
288,5548.063964
289,5547.074705
290,5546.633556
291,5547.661671
292,5543.652681
293,5546.869855
294,5547.624780
295,5544.731471
296,5545.512199
297,5543.361512
298,5548.416595
299,5543.259511
300,5547.857398
301,5549.404138
302,5547.618385
303,5548.322635
304,5547.730991
305,5548.649214
306,5545.215194
307,5547.291806
308,5543.241806
309,5545.325370
310,5548.525520
311,5543.520298
312,5547.772561
313,5547.838753
314,5547.633903
315,5547.803578
316,5546.460155
317,5543.900358
318,5543.514278
319,5542.871960
320,5548.062248
321,5543.206989
322,5546.552399
323,5545.437975
324,5543.419405
325,5544.769112
326,5540.316310
327,5546.184251
328,5546.290462
329,5548.211745
330,5547.827665
331,5547.074705
332,5545.571316
333,5544.623397
334,5548.015471
335,5546.097697
336,5542.864008
337,5547.979127
338,5542.633989
339,5546.000361
340,5547.215080
341,5547.648867
342,5547.537978
343,5546.842087
344,5547.001667
345,5549.086682
346,5547.309040
347,5543.925695
348,5547.744792
349,5545.874906
350,5543.782776
351,5546.176685
352,5545.762639
353,5549.199288
354,5546.631591
355,5542.076471
356,5546.630842
357,5547.866521
358,5545.387343
359,5542.431429
360,5549.171520
361,5548.296583
362,5545.977684
363,5549.404138
364,5549.404138
365,5542.920754
366,5548.090016
367,5542.490360
368,5542.617174
369,5547.098793
370,5547.196434
371,5548.854064
372,5548.090016
373,5548.501433
374,5548.322635
375,5540.660001
376,5542.386611
377,5548.706283
378,5547.498372
379,5546.978780
380,5548.966670
381,5545.027559
382,5543.201252
383,5546.398973
384,5548.416595
385,5545.977684
386,5543.530967
387,5547.772561
388,5548.938901
389,5548.621445
390,5542.970350
391,5541.473483
392,5543.728410
393,5548.090016
394,5547.102474
395,5544.303875
396,5547.539942
397,5547.851003
398,5545.553769
399,5548.211745
400,5544.532063
401,5547.866521
402,5548.649214
403,5549.199288
404,5547.445981
405,5546.278960
406,5546.639292
407,5545.841082
408,5547.539942
409,5547.102474
410,5547.289842
411,5547.772561
412,5548.706283
413,5544.759239
414,5548.761820
415,5547.857398
416,5548.621445
417,5544.235966
418,5546.785018
419,5545.756655
420,5546.897624
421,5547.335092
422,5546.758966
423,5541.887131
424,5547.102474
425,5547.419930
426,5548.296583
427,5547.539942
428,5545.196708
429,5544.821751
430,5542.903388
431,5545.896744
432,5544.867340
433,5539.873528
434,5548.353736
435,5548.649214
436,5545.321151
437,5543.954212
438,5545.197047
439,5546.633556
440,5548.529201
441,5544.457640
442,5545.007376
443,5542.570022
444,5548.006332
445,5543.974921
446,5543.888276
447,5546.748126
448,5544.210253
449,5548.621445
450,5543.110105
451,5546.785018
452,5546.097697
453,5547.513890
454,5546.280925
455,5545.865078
456,5548.706283
457,5545.717297
458,5542.906862
459,5547.419930
460,5547.774277
461,5548.088052
462,5545.394749
463,5542.315774
464,5538.389873
465,5548.026101
466,5548.854064
467,5540.763233
468,5539.092213
469,5548.060284
470,5546.867891
471,5547.194718
472,5547.963609
473,5539.539750
474,5547.744792
475,5545.771423
476,5548.734051
477,5547.855434
478,5547.648867
479,5546.305980
480,5548.060284
481,5546.515260
482,5546.674128
483,5547.652548
484,5548.938901
485,5545.011101
486,5548.296583
487,5546.174055
488,5546.948298
489,5543.651525
490,5548.525520
491,5542.876638
492,5547.866521
493,5545.417076
494,5546.645399
495,5547.703222
496,5547.772561
497,5548.210029
498,5547.429053
499,5546.746162
