0,3352.966654
1,6780.263317
2,7188.650233
3,7411.368557
4,7632.947995
5,7803.393445
6,7973.873351
7,8142.124952
8,8292.483922
9,8465.469480
10,8486.277830
11,8611.955007
12,8671.912596
13,8687.474277
14,8760.066775
15,8818.577625
16,8844.671475
17,8891.396369
18,8942.909505
19,8985.690059
20,9058.270806
21,9140.295637
22,9200.759465
23,9292.703916
24,9333.249257
25,9458.155854
26,9529.752090
27,9535.201304
28,9682.529419
29,9640.897493
30,9775.665728
31,9841.641216
32,9901.777340
33,9874.586787
34,9984.331441
35,10063.950876
36,10149.147731
37,10200.321513
38,10141.726012
39,10160.025629
40,10122.694897
41,10213.568113
42,10225.324654
43,10245.858592
44,10261.205848
45,10344.413828
46,10408.672162
47,10320.269767
48,10382.387864
49,10408.337480
50,10409.474554
51,10425.642518
52,10470.691768
53,10454.927769
54,10482.314026
55,10492.958930
56,10582.248279
57,10524.277056
58,10497.458760
59,10570.793998
60,10511.476840
61,10552.532718
62,10534.836417
63,10566.622972
64,10586.041997
65,10563.736900
66,10584.126069
67,10688.543586
68,10680.327626
69,10741.173398
70,10735.080492
71,10679.417010
72,10754.583512
73,10719.235994
74,10662.404199
75,10671.943221
76,10692.099441
77,10676.601329
78,10811.573657
79,10739.027369
80,10715.114160
81,10721.731655
82,10727.520003
83,10747.234748
84,10646.569600
85,10756.276475
86,10763.892995
87,10739.417497
88,10822.848032
89,10763.157909
90,10808.556764
91,10823.970652
92,10869.824062
93,10815.501266
94,10778.101558
95,10734.037875
96,10723.236913
97,10794.848533
98,10872.511814
99,10789.772847
100,10835.738377
101,10819.946710
102,10860.779940
103,10918.717256
104,10870.794895
105,10876.519823
106,10817.598834
107,10829.123361
108,10891.749822
109,10853.679379
110,10859.630121
111,10912.979243
112,10835.620063
113,10876.098978
114,10917.429901
115,10908.685301
116,10844.805981
117,10890.905754
118,10933.644024
119,10956.592818
120,10910.351792
121,10912.251505
122,10818.603601
123,10928.223129
124,10849.178731
125,10941.358378
126,10873.897147
127,11007.736508
128,10948.825784
129,10910.095203
130,10907.844465
131,10904.967310
132,10928.468906
133,10927.964626
134,10944.823618
135,10904.412190
136,10852.180210
137,10991.047727
138,11031.342187
139,10946.371386
140,10973.481526
141,10973.980099
142,10966.228529
143,10898.110025
144,10957.421019
145,10931.371664
146,10900.131950
147,10954.537047
148,11023.778186
149,10902.981874
150,10967.493166
151,10950.481210
152,10887.654543
153,10907.582590
154,10986.768159
155,10927.101430
156,10990.763879
157,10904.164046
158,11004.486745
159,10995.427973
160,10894.733467
161,10924.578930
162,10980.316845
163,10912.486076
164,10970.105122
165,10937.025551
166,10941.996529
167,10952.586712
168,10922.740711
169,11001.126021
170,10971.030259
171,10952.210467
172,11027.644285
173,11007.076601
174,10946.703829
175,10927.121147
176,10982.780745
177,10956.363009
178,10973.285480
179,10899.882670
180,10922.326905
181,11088.515268
182,11010.529792
183,11043.235053
184,11006.119336
185,10901.534254
186,10910.280810
187,10984.722780
188,10948.246593
189,10937.374435
190,10937.406408
191,10977.182098
192,10956.391791
193,10954.197027
194,11030.219058
195,10992.519819
196,10974.425110
197,11050.959688
198,10997.310504
199,10972.450388
200,10951.332526
201,11011.573391
202,11009.293618
203,11021.860543
204,10934.424753
205,11048.304032
206,11023.679335
207,10943.911601
208,10988.032025
209,10993.652862
210,11022.349270
211,10975.462178
212,11099.619411
213,11074.091057
214,10954.970651
215,10959.878787
216,11035.784539
217,11044.690700
218,10975.472145
219,11095.080314
220,11005.801975
221,11021.272550
222,10996.044161
223,10991.836015
224,10967.166956
225,10970.278955
226,10948.799266
227,11038.332775
228,11030.937768
229,11013.071794
230,11071.782696
231,11040.453464
232,10998.073975
233,10965.321160
234,10949.107256
235,11039.312844
236,10923.738213
237,10998.701324
238,11079.160758
239,11044.242261
240,11086.102014
241,10981.025362
242,10985.190324
243,11096.703524
244,11017.447222
245,11048.258547
246,11058.339389
247,11156.041397
248,11089.500404
249,11080.855595
250,11052.314734
251,11072.620007
252,11051.624406
253,10950.462604
254,10972.662738
255,10996.872186
256,11067.630124
257,11039.705512
258,11002.318938
259,11024.075954
260,11000.572330
261,11115.183748
262,11160.637588
263,11017.792358
264,11026.750011
265,11087.759681
266,11098.670125
267,11069.514878
268,11076.875528
269,11043.767866
270,11139.539208
271,11056.199459
272,11071.628836
273,11061.532414
274,11062.072816
275,11018.135363
276,11035.171324
277,11112.083390
278,11047.367556
279,11063.962766
280,11054.984477
281,11051.042101
282,11063.537353
283,11005.360546
284,11103.298592
285,11022.984438
286,11062.935216
287,11050.034241
288,11096.174733
289,11070.308427
290,11041.999779
291,11033.313737
292,11043.301400
293,10977.316100
294,11084.962975
295,11067.934206
296,11082.630346
297,11010.817643
298,11033.363823
299,11043.529955
300,11024.841711
301,11142.500612
302,11174.120568
303,11034.587996
304,11074.135508
305,11063.017217
306,11088.496321
307,11130.933044
308,11101.735227
309,11029.347152
310,11032.718341
311,11041.204955
312,11002.062046
313,10949.275487
314,11148.448835
315,11058.427715
316,11136.826421
317,11072.511535
318,11054.320981
319,11101.940118
320,11054.364668
321,11081.644421
322,11183.196979
323,11103.826784
324,11140.344913
325,11062.895619
326,11113.863972
327,11080.250606
328,11039.881345
329,11115.812168
330,11066.803876
331,11093.959167
332,11017.971871
333,11137.381178
334,11102.997303
335,11109.343372
336,11040.005239
337,11085.753744
338,11127.532952
339,11015.373289
340,11026.886464
341,11014.005927
342,11106.884968
343,11079.429486
344,11073.474849
345,10969.850909
346,11046.158290
347,11065.130283
348,11101.686920
349,11086.950808
350,11100.545820
351,11098.895019
352,11080.164524
353,11003.794129
354,11085.702484
355,11057.458524
356,11111.335110
357,11099.114108
358,11028.617367
359,11093.076336
360,11018.973703
361,11034.343630
362,11026.022547
363,11038.692047
364,11030.775314
365,11117.593988
366,11050.087378
367,11145.250042
368,11036.389292
369,11028.533025
370,11078.707230
371,11049.928816
372,11053.690366
373,11099.052755
374,11141.489895
375,11092.333629
376,11087.839825
377,11003.163970
378,11054.151081
379,11128.428176
380,11060.191302
381,10985.957164
382,11129.445288
383,11174.100966
384,11119.002885
385,11109.902865
386,11112.565539
387,11116.138363
388,11074.674590
389,11001.126954
390,10979.450086
391,11067.548224
392,11093.542926
393,11053.615835
394,11110.159580
395,11177.602162
396,11067.524639
397,11033.723532
398,10973.585642
399,11021.885289
400,11111.420330
401,11018.495781
402,11031.511359
403,11012.971905
404,11095.289410
405,11103.033511
406,11053.922797
407,11016.242142
408,11084.925038
409,11055.453306
410,11086.961406
411,11144.922514
412,11086.232065
413,11054.348796
414,11020.026528
415,11032.072606
416,11040.437922
417,11152.601065
418,11056.591654
419,11096.704432
420,11103.457743
421,11157.866071
422,10985.280237
423,10998.495317
424,11114.549391
425,11101.232414
426,11138.603483
427,11082.449586
428,11105.174360
429,11011.565436
430,11076.554484
431,11016.657726
432,10990.409554
433,11110.427264
434,11051.912865
435,11086.443455
436,11095.376768
437,11067.582843
438,11051.927721
439,11066.013844
440,11018.132503
441,11150.253017
442,11051.596476
443,11127.179170
444,11027.973309
445,11061.613494
446,11122.854291
447,10989.821762
448,11042.770309
449,11002.405347
450,11006.219317
451,11098.703710
452,11097.936932
453,11023.737414
454,11034.657924
455,11070.791659
456,11035.349638
457,11124.158036
458,11037.719433
459,11037.039733
460,11098.950118
461,11103.404127
462,11045.958156
463,10968.545533
464,11027.750176
465,11005.665887
466,11003.039237
467,11040.279780
468,11092.323092
469,11066.566604
470,11031.341076
471,11046.248786
472,11079.055777
473,10971.545049
474,11138.862944
475,11124.938962
476,11045.904849
477,11042.393525
478,11064.978546
479,11094.495382
480,11182.407481
481,11025.309510
482,11056.611387
483,11035.247154
484,11078.846401
485,11075.705203
486,11090.691810
487,11124.310234
488,11120.667807
489,11028.997400
490,11039.014226
491,11042.010109
492,11112.330744
493,11114.723278
494,11054.059212
495,10987.787037
496,11041.644939
497,11189.696298
498,11013.536713
499,11053.569446
