0,3356.873269
1,6671.297071
2,6991.787234
3,7234.676963
4,7459.112931
5,7587.205805
6,7710.054319
7,7834.582485
8,7972.859711
9,8059.334777
10,8177.381283
11,8225.703456
12,8328.452204
13,8385.830145
14,8435.764709
15,8528.527690
16,8565.802316
17,8563.862447
18,8581.963043
19,8627.639893
20,8675.361909
21,8704.233570
22,8729.242087
23,8773.942746
24,8797.948740
25,8866.196826
26,8872.384011
27,8883.430619
28,8931.831533
29,8976.196785
30,8968.184056
31,8977.176016
32,9030.165671
33,9063.358270
34,9070.294358
35,9083.184807
36,9148.535649
37,9127.808113
38,9195.664478
39,9195.826360
40,9217.096505
41,9245.581676
42,9247.702496
43,9309.495134
44,9330.998097
45,9372.666916
46,9412.295004
47,9421.624180
48,9408.240255
49,9453.423576
50,9483.431911
51,9507.177440
52,9514.890156
53,9544.919137
54,9580.624165
55,9596.323695
56,9592.280056
57,9600.775726
58,9623.458769
59,9614.396146
60,9624.444657
61,9674.397475
62,9675.368228
63,9719.336982
64,9698.162314
65,9678.435766
66,9695.782710
67,9728.813319
68,9764.491775
69,9760.600826
70,9771.168078
71,9820.203754
72,9790.537991
73,9811.226423
74,9804.440107
75,9866.178152
76,9839.176730
77,9851.731040
78,9860.665316
79,9898.597251
80,9917.684084
81,9918.218648
82,9862.392579
83,9930.292478
84,9917.973497
85,9950.080455
86,9956.449418
87,9943.203034
88,9957.151094
89,9956.855316
90,9970.140482
91,10013.296372
92,9991.218693
93,10013.298382
94,10000.675819
95,10022.802406
96,10055.634264
97,10055.244629
98,10033.634024
99,10050.089983
100,10073.342098
101,10095.701247
102,10097.052381
103,10105.556590
104,10087.045745
105,10115.308062
106,10137.602476
107,10119.948645
108,10166.068505
109,10208.830904
110,10166.738495
111,10141.104247
112,10169.468560
113,10173.584981
114,10163.339557
115,10226.809013
116,10200.894534
117,10238.294626
118,10285.565060
119,10282.272639
120,10245.905966
121,10256.781371
122,10270.001301
123,10305.132454
124,10298.906554
125,10315.567797
126,10338.755753
127,10301.160212
128,10278.733736
129,10344.752792
130,10385.625112
131,10385.015488
132,10388.498733
133,10410.506615
134,10394.468757
135,10394.615699
136,10386.169091
137,10384.326401
138,10441.643373
139,10385.531655
140,10455.730546
141,10426.024834
142,10442.136020
143,10458.590979
144,10441.297890
145,10466.974991
146,10495.725514
147,10461.771490
148,10494.829999
149,10477.418469
150,10493.695928
151,10574.011857
152,10505.888823
153,10496.257280
154,10510.932503
155,10579.363905
156,10519.254069
157,10538.909270
158,10552.709186
159,10541.395966
160,10565.574454
161,10544.408040
162,10550.521083
163,10577.833996
164,10609.647540
165,10575.204467
166,10607.596401
167,10540.472163
168,10569.671472
169,10617.558294
170,10602.154449
171,10608.804223
172,10557.844351
173,10563.486413
174,10622.196668
175,10645.791516
176,10656.344953
177,10606.390097
178,10650.066169
179,10692.029927
180,10644.225454
181,10640.545174
182,10639.589110
183,10647.278950
184,10658.457999
185,10682.921499
186,10675.789422
187,10691.937002
188,10672.498026
189,10614.196311
190,10660.306548
191,10630.523336
192,10701.669338
193,10729.240252
194,10669.794383
195,10720.520212
196,10711.701550
197,10683.272278
198,10709.604153
199,10679.603430
200,10725.644412
201,10703.250287
202,10740.735791
203,10760.620969
204,10708.660362
205,10727.754801
206,10733.091502
207,10724.711654
208,10683.136793
209,10674.586606
210,10722.869110
211,10726.079761
212,10703.165954
213,10723.241372
214,10731.089688
215,10750.354714
216,10751.865529
217,10677.329328
218,10734.094987
219,10683.661767
220,10767.078925
221,10704.675509
222,10727.875522
223,10765.168089
224,10743.712671
225,10714.250617
226,10731.539729
227,10737.474853
228,10762.593098
229,10766.254883
230,10750.737867
231,10781.552647
232,10764.084713
233,10763.518385
234,10747.773455
235,10739.361190
236,10742.069515
237,10796.110833
238,10772.970840
239,10830.285392
240,10779.777829
241,10749.791173
242,10740.010848
243,10745.758290
244,10783.191684
245,10759.273930
246,10802.179164
247,10736.920390
248,10712.750834
249,10796.442817
250,10756.446135
251,10762.594712
252,10773.647306
253,10732.017283
254,10790.387119
255,10775.156729
256,10844.211955
257,10813.589822
258,10785.402694
259,10813.039701
260,10835.375325
261,10826.858139
262,10758.021929
263,10768.208610
264,10798.613836
265,10832.386842
266,10769.728137
267,10803.238002
268,10769.567239
269,10743.019193
270,10753.819536
271,10765.217615
272,10787.483725
273,10809.294638
274,10770.617890
275,10833.325314
276,10792.956159
277,10794.509908
278,10811.811500
279,10773.872151
280,10781.892362
281,10812.867220
282,10792.486923
283,10849.022519
284,10828.669666
285,10785.869066
286,10829.719662
287,10835.102579
288,10849.828399
289,10806.962304
290,10787.786476
291,10776.406396
292,10794.516385
293,10816.102079
294,10796.766708
295,10794.747060
296,10794.029164
297,10827.542115
298,10793.990104
299,10791.119452
300,10801.243771
301,10870.775624
302,10819.761274
303,10833.715204
304,10794.437810
305,10837.392969
306,10820.404116
307,10838.352558
308,10833.669256
309,10876.622596
310,10815.541421
311,10777.084132
312,10848.664915
313,10781.455297
314,10871.949419
315,10861.332783
316,10839.137314
317,10858.631174
318,10811.935334
319,10771.266225
320,10808.916221
321,10806.957376
322,10791.224850
323,10789.877727
324,10815.333055
325,10825.710214
326,10869.896431
327,10865.223286
328,10858.763778
329,10837.010901
330,10759.255218
331,10841.134742
332,10861.636336
333,10824.133257
334,10881.232474
335,10810.507834
336,10850.374369
337,10857.054656
338,10831.090568
339,10892.215552
340,10864.133948
341,10835.484066
342,10804.678024
343,10797.473126
344,10843.658520
345,10863.387950
346,10829.545342
347,10783.929509
348,10822.698158
349,10808.062546
350,10844.316891
351,10836.839725
352,10851.416170
353,10857.246525
354,10849.090681
355,10870.119707
356,10852.381066
357,10863.165184
358,10876.870801
359,10897.537816
360,10863.440860
361,10839.555852
362,10893.624374
363,10872.155249
364,10883.949294
365,10848.001210
366,10891.494490
367,10861.464369
368,10862.151375
369,10878.429301
370,10843.856687
371,10908.228002
372,10892.059130
373,10885.786719
374,10897.895162
375,10864.406812
376,10832.803204
377,10854.120461
378,10831.863241
379,10874.325553
380,10894.038999
381,10878.778086
382,10931.490334
383,10920.000534
384,10890.754875
385,10888.200285
386,10894.182652
387,10858.705857
388,10867.592099
389,10869.206611
390,10856.259024
391,10853.178040
392,10843.321817
393,10937.714992
394,10930.353569
395,10926.625715
396,10948.033104
397,10916.924066
398,10946.005022
399,10887.795103
400,10841.271468
401,10841.754431
402,10898.804564
403,10939.979884
404,10925.047918
405,10869.548813
406,10955.745069
407,10946.280650
408,10950.013490
409,10927.157584
410,10905.581596
411,10926.475405
412,10923.174892
413,10930.092374
414,10890.425737
415,10895.799957
416,10887.108003
417,10928.103644
418,10891.929183
419,10895.216098
420,10930.700667
421,10884.332877
422,10932.661490
423,10924.610786
424,10929.689772
425,10911.817025
426,10901.317976
427,10895.294961
428,10928.271670
429,10952.372063
430,10935.869619
431,10939.923648
432,10877.100120
433,10909.911591
434,10972.803624
435,10934.791833
436,10933.093436
437,10953.125841
438,10944.456624
439,10916.581171
440,10852.745524
441,10965.271528
442,10933.357100
443,10927.959930
444,10894.337202
445,10931.282255
446,10917.140070
447,10945.354615
448,10891.411535
449,10911.783407
450,10940.432161
451,10957.625056
452,10930.660706
453,10925.177002
454,10923.182125
455,10900.462757
456,10949.477679
457,10951.131734
458,10993.580516
459,10902.311979
460,10962.412256
461,10917.588694
462,10926.921846
463,10882.124031
464,10903.876116
465,10889.348539
466,10944.388261
467,10922.120633
468,10923.245102
469,10915.851412
470,10929.886669
471,10958.596030
472,10896.807262
473,10926.720221
474,10953.352129
475,10945.151016
476,10911.061588
477,10970.175274
478,10941.541845
479,10913.869823
480,10917.852041
481,10905.333003
482,10965.640892
483,10930.553768
484,10944.141547
485,10859.380535
486,10913.114972
487,10892.951020
488,10920.125003
489,10947.838029
490,10886.471608
491,10893.286618
492,10963.372911
493,10923.499768
494,10944.311780
495,10934.453717
496,10903.662576
497,10905.631982
498,10926.932704
499,10906.147204
