0,3282.423191
1,3481.973514
2,3654.137651
3,3842.720808
4,3985.790454
5,4098.967304
6,4200.324661
7,4321.967578
8,4407.803276
9,4474.903889
10,4562.525040
11,4630.772475
12,4712.078065
13,4825.876037
14,4940.349306
15,5016.940589
16,5118.600955
17,5159.557286
18,5237.375536
19,5330.385059
20,5430.552589
21,5531.668899
22,5642.918340
23,5679.432808
24,5737.961022
25,5767.185979
26,5791.672256
27,5822.099071
28,5846.585435
29,5855.921906
30,5872.151820
31,5889.993521
32,5911.763212
33,5920.752598
34,5931.869331
35,5945.488658
36,5944.113207
37,5939.992676
38,5938.595752
39,5947.471826
40,5955.931769
41,5967.787638
42,5989.597338
43,5998.883629
44,6001.064346
45,5997.927508
46,5999.992499
47,6012.009761
48,6015.588566
49,6020.324934
50,6030.710889
51,6040.631262
52,6042.680701
53,6019.062605
54,6043.512899
55,6066.793065
56,6085.842251
57,6082.534069
58,6076.969961
59,6086.779286
60,6102.885834
61,6090.922217
62,6119.217859
63,6115.164889
64,6112.137996
65,6111.987383
66,6121.279401
67,6132.212014
68,6137.326236
69,6110.407175
70,6119.647793
71,6125.009541
72,6129.519304
73,6114.311108
74,6124.871517
75,6123.790387
76,6114.671237
77,6131.055571
78,6132.143113
79,6132.987156
80,6143.786208
81,6150.372533
82,6146.791895
83,6136.293679
84,6130.927801
85,6117.423475
86,6135.238117
87,6142.350686
88,6143.151161
89,6135.751261
90,6122.578664
91,6142.514450
92,6139.065526
93,6143.434406
94,6132.756799
95,6146.672853
96,6134.018686
97,6140.927280
98,6155.420376
99,6147.424723
100,6141.341776
101,6142.390359
102,6142.112431
103,6131.755684
104,6145.074330
105,6143.572457
106,6141.394054
107,6134.827865
108,6142.388055
109,6142.005536
110,6125.726088
111,6147.710543
112,6141.034328
113,6150.584111
114,6152.849265
115,6144.559077
116,6137.152345
117,6139.050500
118,6132.823556
119,6121.814188
120,6118.875515
121,6126.230487
122,6133.762506
123,6145.593063
124,6147.510950
125,6144.058793
126,6139.169762
127,6129.871750
128,6142.152280
129,6136.763428
130,6136.001878
131,6125.608655
132,6139.845723
133,6144.149474
134,6089.503321
135,6120.041006
136,6134.436576
137,6135.251136
138,6129.222570
139,6130.807606
140,6134.448065
141,6143.938867
142,6141.727661
143,6140.964252
144,6144.126411
145,6136.669604
146,6115.695847
147,6129.593970
148,6130.588620
149,6141.569949
150,6145.114359
151,6145.414514
152,6142.298132
153,6116.333470
154,6130.786988
155,6135.069363
156,6112.080548
157,6138.642951
158,6124.298590
159,6141.064320
160,6151.300845
161,6139.424510
162,6121.761697
163,6130.080830
164,6119.437711
165,6130.202043
166,6141.642817
167,6142.157522
168,6122.951743
169,6126.514289
170,6134.729780
171,6125.281356
172,6127.695271
173,6131.270813
174,6123.718533
175,6110.430124
176,6092.473429
177,6139.118233
178,6140.308736
179,6142.459126
180,6129.701416
181,6121.249699
182,6138.292947
183,6125.848263
184,6135.323110
185,6130.400397
186,6140.567757
187,6133.052230
188,6121.293310
189,6118.073128
190,6125.943867
191,6116.674707
192,6122.776816
193,6135.781108
194,6136.217855
195,6148.327173
196,6143.003818
197,6147.658598
198,6149.975775
199,6136.405273
200,6150.486191
201,6141.647026
202,6105.822386
203,6122.566040
204,6130.392168
205,6140.660179
206,6126.344802
207,6114.158056
208,6133.528128
209,6132.629378
210,6128.635499
211,6137.434021
212,6139.185117
213,6123.188676
214,6143.396038
215,6132.405687
216,6136.848966
217,6120.872396
218,6127.606894
219,6131.305431
220,6136.120327
221,6143.091146
222,6136.024371
223,6124.707319
224,6128.610448
225,6131.379222
226,6136.618249
227,6152.109069
228,6132.934260
229,6134.610881
230,6140.555674
231,6142.961813
232,6137.609022
233,6137.836141
234,6128.097800
235,6134.319569
236,6130.383286
237,6142.575627
238,6146.581345
239,6143.990895
240,6144.287544
241,6142.563704
242,6135.153707
243,6136.324212
244,6138.676177
245,6144.214317
246,6152.269891
247,6133.116320
248,6143.277049
249,6148.881989
250,6160.668983
251,6142.966039
252,6155.020581
253,6163.763951
254,6164.376271
255,6150.502010
256,6152.257894
257,6129.958184
258,6149.538079
259,6145.926248
260,6169.954834
261,6166.689875
262,6162.569595
263,6169.025158
264,6175.735491
265,6169.041595
266,6154.806091
267,6170.314509
268,6165.954127
269,6161.249176
270,6154.520489
271,6171.423478
272,6160.697277
273,6162.651038
274,6167.946931
275,6132.208949
276,6152.033134
277,6150.759378
278,6150.394718
279,6162.327432
280,6166.245294
281,6157.687721
282,6164.473423
283,6169.068913
284,6162.139354
285,6160.374722
286,6175.189575
287,6163.555121
288,6156.278243
289,6162.784858
290,6155.560333
291,6153.805945
292,6168.229841
293,6157.681654
294,6145.581544
295,6159.938960
296,6163.260565
297,6163.953094
298,6162.217681
299,6162.725219
300,6165.093790
301,6172.187893
302,6166.863028
303,6155.312272
304,6171.141148
305,6166.788425
306,6152.980166
307,6152.350257
308,6139.237322
309,6124.054475
310,6156.748485
311,6158.564934
312,6162.413525
313,6173.356508
314,6169.373664
315,6164.606022
316,6184.839574
317,6174.068676
318,6160.556232
319,6168.239043
320,6150.977231
321,6161.717326
322,6140.508768
323,6165.154486
324,6161.657339
325,6173.782301
326,6164.551909
327,6147.543368
328,6162.390213
329,6134.474804
330,6171.717523
331,6158.544168
332,6162.302217
333,6167.423560
334,6155.776739
335,6143.580662
336,6157.113406
337,6171.154071
338,6178.715320
339,6166.189091
340,6156.685169
341,6150.033447
342,6167.399281
343,6161.101787
344,6147.474304
345,6138.264342
346,6151.553888
347,6143.551667
348,6147.654228
349,6142.508426
350,6148.919557
351,6168.283017
352,6155.188343
353,6158.782437
354,6149.193103
355,6151.129758
356,6152.546328
357,6148.004674
358,6160.709146
359,6157.631864
360,6166.034538
361,6139.657919
362,6153.952061
363,6166.567906
364,6163.827676
365,6160.056485
366,6150.828661
367,6159.682450
368,6174.547848
369,6153.308132
370,6154.813605
371,6148.014219
372,6165.945711
373,6158.614468
374,6155.577592
375,6160.532927
376,6149.431579
377,6138.249802
378,6148.248975
379,6143.293083
380,6164.331482
381,6166.518632
382,6163.346680
383,6169.647113
384,6162.221156
385,6169.719795
386,6145.461790
387,6161.128597
388,6170.566726
389,6155.772372
390,6154.851364
391,6136.440087
392,6156.422497
393,6145.882074
394,6148.644801
395,6170.066655
396,6168.227872
397,6171.656393
398,6164.623570
399,6164.802028
400,6167.188814
401,6174.222512
402,6143.192300
403,6160.948399
404,6133.103616
405,6174.512806
406,6159.112538
407,6149.324362
408,6152.627187
409,6161.557592
410,6136.349192
411,6143.301552
412,6142.729664
413,6172.924737
414,6175.809669
415,6165.544676
416,6157.944948
417,6163.312073
418,6155.364643
419,6151.226518
420,6168.510435
421,6166.784970
422,6155.126190
423,6176.599663
424,6164.515562
425,6157.280807
426,6138.628473
427,6146.646702
428,6146.707850
429,6156.779776
430,6153.552860
431,6145.683633
432,6161.065182
433,6162.801814
434,6178.765224
435,6165.650901
436,6145.466514
437,6142.595323
438,6160.990842
439,6158.460261
440,6162.291933
441,6145.246357
442,6139.497607
443,6149.790402
444,6158.607008
445,6151.386690
446,6144.760810
447,6146.940236
448,6172.402188
449,6162.205617
450,6161.630557
451,6163.816501
452,6154.411184
453,6163.326534
454,6169.722849
455,6163.232901
456,6173.508721
457,6173.452472
458,6172.462111
459,6159.897675
460,6163.859897
461,6171.714364
462,6169.759739
463,6160.071460
464,6145.403020
465,6136.945115
466,6163.106624
467,6181.904335
468,6189.131631
469,6189.745570
470,6171.963265
471,6171.984516
472,6175.998184
473,6154.130700
474,6168.570655
475,6153.926806
476,6167.750472
477,6162.155584
478,6149.515859
479,6140.215035
480,6157.175150
481,6166.216052
482,6161.668506
483,6161.622804
484,6151.159426
485,6168.556019
486,6166.030230
487,6167.084591
488,6175.511823
489,6182.993272
490,6174.633015
491,6151.362285
492,6163.412260
493,6164.376817
494,6172.556018
495,6143.857320
496,6169.059231
497,6153.637473
498,6158.089170
499,6137.920327
