0,3379.264027
1,3749.469277
2,3966.063868
3,4134.100421
4,4260.361368
5,4334.451853
6,4408.054097
7,4502.935141
8,4624.209204
9,4735.808019
10,4849.120717
11,4937.749690
12,5006.776216
13,5065.048606
14,5128.754666
15,5180.089781
16,5217.442459
17,5247.994556
18,5276.411747
19,5301.045737
20,5314.260722
21,5326.230688
22,5345.713957
23,5379.254506
24,5391.943658
25,5404.542792
26,5419.128082
27,5445.376345
28,5475.645908
29,5477.419361
30,5477.419361
31,5477.419361
32,5477.419361
33,5477.419361
34,5477.419361
35,5477.419361
36,5477.419361
37,5477.419361
38,5477.419361
39,5477.419361
40,5477.419361
41,5477.419361
42,5477.419361
43,5477.419361
44,5477.419361
45,5477.419361
46,5477.419361
47,5477.419361
48,5477.419361
49,5477.419361
50,5477.419361
51,5477.419361
52,5477.419361
53,5477.419361
54,5477.419361
55,5477.419361
56,5477.419361
57,5477.419361
58,5477.419361
59,5477.419361
60,5477.419361
61,5477.419361
62,5477.419361
63,5477.419361
64,5477.419361
65,5477.419361
66,5477.419361
67,5477.419361
68,5477.419361
69,5477.419361
70,5477.419361
71,5477.419361
72,5477.419361
73,5477.419361
74,5477.419361
75,5477.419361
76,5477.419361
77,5477.419361
78,5477.419361
79,5477.419361
80,5477.419361
81,5477.419361
82,5477.419361
83,5477.419361
84,5477.419361
85,5477.419361
86,5477.419361
87,5477.419361
88,5477.419361
89,5477.419361
90,5477.419361
91,5477.419361
92,5477.419361
93,5477.419361
94,5477.419361
95,5477.419361
96,5477.419361
97,5477.419361
98,5477.419361
99,5477.419361
100,5477.419361
101,5477.419361
102,5477.419361
103,5477.419361
104,5477.419361
105,5477.419361
106,5477.419361
107,5477.419361
108,5477.419361
109,5477.419361
110,5477.419361
111,5477.419361
112,5477.419361
113,5477.419361
114,5477.419361
115,5477.419361
116,5477.419361
117,5477.419361
118,5477.419361
119,5477.419361
120,5477.419361
121,5477.419361
122,5477.419361
123,5477.419361
124,5477.419361
125,5477.419361
126,5477.419361
127,5477.419361
128,5477.419361
129,5477.419361
130,5477.419361
131,5477.419361
132,5477.419361
133,5477.419361
134,5477.419361
135,5477.419361
136,5477.419361
137,5477.419361
138,5477.419361
139,5477.419361
140,5477.419361
141,5477.419361
142,5477.419361
143,5477.419361
144,5477.419361
145,5477.419361
146,5477.419361
147,5477.419361
148,5477.419361
149,5477.419361
150,5477.419361
151,5477.419361
152,5477.419361
153,5477.419361
154,5477.419361
155,5477.419361
156,5477.419361
157,5477.419361
158,5477.419361
159,5477.419361
160,5477.419361
161,5477.419361
162,5477.419361
163,5477.419361
164,5477.419361
165,5477.419361
166,5477.419361
167,5477.419361
168,5477.419361
169,5477.419361
170,5477.419361
171,5477.419361
172,5477.419361
173,5477.419361
174,5477.419361
175,5477.419361
176,5477.419361
177,5477.419361
178,5477.419361
179,5477.419361
180,5477.419361
181,5477.419361
182,5477.419361
183,5477.419361
184,5477.419361
185,5477.419361
186,5477.419361
187,5477.419361
188,5477.419361
189,5477.419361
190,5477.419361
191,5477.419361
192,5477.419361
193,5477.419361
194,5477.419361
195,5477.419361
196,5477.419361
197,5477.419361
198,5477.419361
199,5477.419361
200,5477.419361
201,5477.419361
202,5477.419361
203,5477.419361
204,5477.419361
205,5477.419361
206,5477.419361
207,5477.419361
208,5477.419361
209,5477.419361
210,5477.419361
211,5477.419361
212,5477.419361
213,5477.419361
214,5477.419361
215,5477.419361
216,5477.419361
217,5477.419361
218,5477.419361
219,5477.419361
220,5477.419361
221,5477.419361
222,5477.419361
223,5477.419361
224,5477.419361
225,5477.419361
226,5477.419361
227,5477.419361
228,5477.419361
229,5477.419361
230,5477.419361
231,5477.419361
232,5477.419361
233,5477.419361
234,5477.419361
235,5477.419361
236,5477.419361
237,5477.419361
238,5477.419361
239,5477.419361
240,5477.419361
241,5477.419361
242,5477.419361
243,5477.419361
244,5477.419361
245,5477.419361
246,5477.419361
247,5477.419361
248,5477.419361
249,5477.419361
250,5477.419361
251,5477.419361
252,5477.419361
253,5477.419361
254,5477.419361
255,5477.419361
256,5477.419361
257,5477.419361
258,5477.419361
259,5477.419361
260,5477.419361
261,5477.419361
262,5477.419361
263,5477.419361
264,5477.419361
265,5477.419361
266,5477.419361
267,5477.419361
268,5477.419361
269,5477.419361
270,5477.419361
271,5477.419361
272,5477.419361
273,5477.419361
274,5477.419361
275,5477.419361
276,5477.419361
277,5477.419361
278,5477.419361
279,5477.419361
280,5477.419361
281,5477.419361
282,5477.419361
283,5477.419361
284,5477.419361
285,5477.419361
286,5477.419361
287,5477.419361
288,5477.419361
289,5477.419361
290,5477.419361
291,5477.419361
292,5477.419361
293,5477.419361
294,5477.419361
295,5477.419361
296,5477.419361
297,5477.419361
298,5477.419361
299,5477.419361
300,5477.419361
301,5477.419361
302,5477.419361
303,5477.419361
304,5477.419361
305,5477.419361
306,5477.419361
307,5477.419361
308,5477.419361
309,5477.419361
310,5477.419361
311,5477.419361
312,5477.419361
313,5477.419361
314,5477.419361
315,5477.419361
316,5477.419361
317,5477.419361
318,5477.419361
319,5477.419361
320,5477.419361
321,5477.419361
322,5477.419361
323,5477.419361
324,5477.419361
325,5477.419361
326,5477.419361
327,5477.419361
328,5477.419361
329,5477.419361
330,5477.419361
331,5477.419361
332,5477.419361
333,5477.419361
334,5477.419361
335,5477.419361
336,5477.419361
337,5477.419361
338,5477.419361
339,5477.419361
340,5477.419361
341,5477.419361
342,5477.419361
343,5477.419361
344,5477.419361
345,5477.419361
346,5477.419361
347,5477.419361
348,5477.419361
349,5477.419361
350,5477.419361
351,5477.419361
352,5477.419361
353,5477.419361
354,5477.419361
355,5477.419361
356,5477.419361
357,5477.419361
358,5477.419361
359,5477.419361
360,5477.419361
361,5477.419361
362,5477.419361
363,5477.419361
364,5477.419361
365,5477.419361
366,5477.419361
367,5477.419361
368,5477.419361
369,5477.419361
370,5477.419361
371,5477.419361
372,5477.419361
373,5477.419361
374,5477.419361
375,5477.419361
376,5477.419361
377,5477.419361
378,5477.419361
379,5477.419361
380,5477.419361
381,5477.419361
382,5477.419361
383,5477.419361
384,5477.419361
385,5477.419361
386,5477.419361
387,5477.419361
388,5477.419361
389,5477.419361
390,5477.419361
391,5477.419361
392,5477.419361
393,5477.419361
394,5477.419361
395,5477.419361
396,5477.419361
397,5477.419361
398,5477.419361
399,5477.419361
400,5477.419361
401,5477.419361
402,5477.419361
403,5477.419361
404,5477.419361
405,5477.419361
406,5477.419361
407,5477.419361
408,5477.419361
409,5477.419361
410,5477.419361
411,5477.419361
412,5477.419361
413,5477.419361
414,5477.419361
415,5477.419361
416,5477.419361
417,5477.419361
418,5477.419361
419,5477.419361
420,5477.419361
421,5477.419361
422,5477.419361
423,5477.419361
424,5477.419361
425,5477.419361
426,5477.419361
427,5477.419361
428,5477.419361
429,5477.419361
430,5477.419361
431,5477.419361
432,5477.419361
433,5477.419361
434,5477.419361
435,5477.419361
436,5477.419361
437,5477.419361
438,5477.419361
439,5477.419361
440,5477.419361
441,5477.419361
442,5477.419361
443,5477.419361
444,5477.419361
445,5477.419361
446,5477.419361
447,5477.419361
448,5477.419361
449,5477.419361
450,5477.419361
451,5477.419361
452,5477.419361
453,5477.419361
454,5477.419361
455,5477.419361
456,5477.419361
457,5477.419361
458,5477.419361
459,5477.419361
460,5477.419361
461,5477.419361
462,5477.419361
463,5477.419361
464,5477.419361
465,5477.419361
466,5477.419361
467,5477.419361
468,5477.419361
469,5477.419361
470,5477.419361
471,5477.419361
472,5477.419361
473,5477.419361
474,5477.419361
475,5477.419361
476,5477.419361
477,5477.419361
478,5477.419361
479,5477.419361
480,5477.419361
481,5477.419361
482,5477.419361
483,5477.419361
484,5477.419361
485,5477.419361
486,5477.419361
487,5477.419361
488,5477.419361
489,5477.419361
490,5477.419361
491,5477.419361
492,5477.419361
493,5477.419361
494,5477.419361
495,5477.419361
496,5477.419361
497,5477.419361
498,5477.419361
499,5477.419361
