0,3372.286389
1,6729.926902
2,7068.379856
3,7315.842662
4,7511.291885
5,7658.790340
6,7857.689189
7,7992.872911
8,8106.533488
9,8165.789562
10,8279.883702
11,8374.403656
12,8470.122622
13,8583.099385
14,8637.979356
15,8685.557183
16,8751.437392
17,8837.444128
18,8897.960224
19,8935.674848
20,9014.478950
21,9066.661788
22,9117.679017
23,9157.011311
24,9186.099504
25,9205.922745
26,9228.107967
27,9321.295649
28,9353.678142
29,9401.157139
30,9494.816906
31,9560.329978
32,9527.522677
33,9547.650250
34,9655.317900
35,9699.554624
36,9759.391009
37,9756.732259
38,9846.966584
39,9846.025215
40,9897.238163
41,9989.090122
42,10059.044193
43,10121.788530
44,10125.715279
45,10171.754845
46,10220.307717
47,10265.575815
48,10283.140533
49,10358.451630
50,10382.432889
51,10367.495435
52,10460.984561
53,10535.215070
54,10498.768302
55,10597.497116
56,10602.931124
57,10663.411624
58,10689.755599
59,10723.965520
60,10699.306210
61,10746.249376
62,10842.960194
63,10906.635590
64,10865.463498
65,10875.803265
66,10897.202545
67,10876.016009
68,10884.110859
69,10976.750632
70,10966.738664
71,10981.350976
72,10988.217219
73,10977.328629
74,10981.652029
75,10997.272945
76,10993.347461
77,11014.080867
78,11019.216031
79,10983.970902
80,11007.366493
81,11010.425143
82,11023.528642
83,11012.633151
84,11014.103226
85,11027.869833
86,11037.888514
87,11109.198766
88,11045.681791
89,10957.909440
90,10997.838145
91,11046.099643
92,11003.305120
93,10986.698937
94,10970.718689
95,11042.991475
96,10994.655866
97,10997.734366
98,10995.613271
99,11000.356873
100,11041.077430
101,11053.941005
102,11008.266314
103,11004.529849
104,11038.495234
105,11005.098530
106,11063.932631
107,11029.490522
108,11023.541337
109,11053.741006
110,10992.215313
111,11032.276949
112,11020.894996
113,11013.357154
114,11036.885169
115,10981.295051
116,10977.466978
117,11005.525904
118,11071.307574
119,11102.414692
120,11022.423820
121,11096.551374
122,11060.716749
123,11017.052941
124,11085.782874
125,11049.650928
126,11026.828673
127,11025.454490
128,10985.476628
129,10983.771090
130,10965.038493
131,10982.226660
132,11027.938420
133,11018.142288
134,11036.827525
135,11029.010726
136,11077.891440
137,11087.443666
138,11010.204436
139,11038.425995
140,11000.498745
141,10968.400710
142,11145.623807
143,11114.904572
144,10998.554346
145,10997.677106
146,11016.170736
147,11010.905049
148,11074.032449
149,11013.014838
150,11050.930886
151,11019.176546
152,11033.110285
153,11059.214387
154,11040.022222
155,11016.660079
156,10954.393748
157,10984.645903
158,11003.124170
159,10993.815633
160,10965.347644
161,10930.712474
162,11005.802001
163,11065.005713
164,11088.273863
165,11049.633251
166,10984.913262
167,10985.040833
168,11034.117307
169,11023.337922
170,11050.800866
171,11020.945932
172,11017.196219
173,11025.023414
174,11087.785050
175,11059.087156
176,11061.152841
177,10977.479005
178,11084.236381
179,11014.290914
180,11055.627840
181,11064.775695
182,11014.913368
183,11001.690701
184,11037.033249
185,10999.331891
186,11015.706632
187,10978.734817
188,10978.838037
189,10980.776169
190,10994.262116
191,10978.249249
192,10936.773493
193,11039.591450
194,11035.541561
195,11064.858035
196,11076.723175
197,11035.203547
198,11032.857502
199,11019.772182
200,11019.663566
201,10995.963445
202,10934.767835
203,10993.985178
204,11017.904251
205,11014.103991
206,11080.008630
207,11006.006481
208,10939.697234
209,11059.506689
210,11031.690811
211,11010.861072
212,10976.531486
213,11037.430504
214,11013.599432
215,10990.978678
216,10996.445088
217,11038.489784
218,11114.424834
219,11062.690985
220,11070.041335
221,11043.527418
222,11002.422927
223,11018.908780
224,11010.332252
225,11006.199637
226,11026.191625
227,10992.654851
228,10921.978444
229,10980.042403
230,10968.580781
231,11069.925132
232,11004.661143
233,11061.941061
234,11009.619501
235,11108.768328
236,11100.483115
237,11017.743561
238,11027.562056
239,11005.814506
240,11027.494922
241,11020.251928
242,10997.751156
243,11023.206765
244,10966.799136
245,10970.460574
246,11008.016551
247,10974.507353
248,11016.123990
249,10987.977730
250,10990.989370
251,11037.379371
252,11035.221587
253,10987.686413
254,10988.160437
255,10969.473550
256,11008.787984
257,11026.399309
258,11003.127635
259,10976.370580
260,10980.341999
261,11052.163284
262,11013.693844
263,11008.556220
264,11003.448350
265,11049.439240
266,11004.121158
267,11020.703005
268,10987.627887
269,11026.026523
270,11040.666344
271,11043.042836
272,10983.153523
273,11004.122363
274,10950.635333
275,11012.780855
276,10983.802834
277,11017.540160
278,11008.771455
279,11031.770318
280,11000.405326
281,10982.005127
282,11015.399157
283,10985.176623
284,10988.579079
285,10995.198767
286,11014.285468
287,11049.413539
288,11005.504757
289,11083.572658
290,11061.215561
291,11029.303585
292,11040.172703
293,11069.652589
294,11054.670757
295,10998.081473
296,11099.766324
297,11104.860674
298,11026.783493
299,11029.845957
300,11032.704491
301,10969.657460
302,11032.872920
303,10998.208042
304,10994.227992
305,11007.944735
306,10981.665323
307,11027.389429
308,11057.278968
309,10977.955291
310,10992.064190
311,11081.651141
312,10960.750056
313,11019.786202
314,11023.685802
315,11071.996331
316,11109.628897
317,10990.950556
318,10997.936372
319,11083.718803
320,11123.098356
321,11076.265358
322,11049.977949
323,11047.684556
324,11024.062024
325,11025.427206
326,10988.179472
327,11008.731381
328,11032.186632
329,11030.982624
330,11040.164751
331,11055.742736
332,11030.160090
333,11000.053603
334,11022.655224
335,11013.730748
336,10999.239200
337,11087.153996
338,11062.776904
339,11028.146802
340,11026.353899
341,11029.301481
342,10917.805905
343,11025.226290
344,11009.009736
345,11033.775606
346,10977.523173
347,11031.298366
348,10990.480270
349,10988.668963
350,11050.414112
351,11005.361832
352,11009.015273
353,11025.107833
354,11008.417805
355,10993.794596
356,11046.707976
357,11077.978243
358,10994.830043
359,11053.023022
360,11043.866119
361,11088.069424
362,11044.300790
363,11052.814116
364,10977.691089
365,11104.784509
366,11119.092366
367,11107.588302
368,11077.433771
369,11062.074284
370,11014.818155
371,10992.777783
372,11049.943038
373,11029.873907
374,10987.801178
375,10976.273224
376,11055.271759
377,11030.284445
378,11061.981819
379,11005.706797
380,11051.715655
381,11090.239078
382,11003.519335
383,10989.199133
384,11006.998873
385,10967.298131
386,10955.944486
387,11058.935299
388,10960.538934
389,10950.368244
390,10951.816201
391,11005.699404
392,10949.008980
393,10991.787669
394,11062.673662
395,11043.091249
396,11026.544154
397,11029.201328
398,10961.615868
399,11035.141147
400,10994.932290
401,11027.532971
402,11024.192314
403,11020.070476
404,11053.164803
405,11011.152296
406,11057.697580
407,11013.947484
408,10961.849551
409,11000.252395
410,11003.272967
411,11016.761099
412,10977.107524
413,11001.116016
414,10928.565944
415,10967.935678
416,10980.635469
417,10997.767795
418,11054.216008
419,10987.608362
420,10965.116984
421,11058.923843
422,10969.722030
423,11029.554986
424,11082.778073
425,11043.580675
426,11021.980513
427,10991.275329
428,10942.547107
429,10949.430829
430,11028.980282
431,10945.441693
432,11033.946690
433,11034.049698
434,11080.613958
435,11000.337508
436,10966.340044
437,10949.959250
438,10981.187916
439,10984.509227
440,11056.577911
441,10980.774434
442,11022.252809
443,10990.616124
444,11014.658904
445,11061.316878
446,10974.950910
447,11024.776126
448,11069.856568
449,11107.689940
450,11052.918998
451,11054.282431
452,10957.396998
453,10995.763646
454,10977.100167
455,10945.524568
456,10954.514330
457,11059.380368
458,11075.808975
459,11045.081252
460,11081.029219
461,11008.270186
462,10992.817584
463,11035.938992
464,11004.922007
465,11036.725093
466,11024.047018
467,11045.901713
468,10900.018572
469,10957.269203
470,10923.429495
471,10960.310033
472,11027.182944
473,10989.439634
474,11027.720066
475,11006.962347
476,10979.528733
477,11095.956127
478,11093.207224
479,11128.517012
480,11019.368960
481,11069.074396
482,11013.998183
483,11015.659836
484,11031.318059
485,11016.357976
486,11024.337021
487,10988.035792
488,10990.189651
489,11024.240404
490,10981.520034
491,11003.700100
492,10998.129698
493,10972.487160
494,10999.290046
495,10984.852826
496,10975.563590
497,10987.694643
498,10979.521524
499,10996.093214
