0,3381.712120
1,3716.037741
2,3922.097093
3,4108.156791
4,4230.768948
5,4345.065658
6,4474.867997
7,4639.352473
8,4734.477682
9,4830.210468
10,4933.792835
11,5013.761604
12,5090.493823
13,5207.972112
14,5303.282608
15,5365.092212
16,5421.057802
17,5471.859227
18,5507.190530
19,5537.977560
20,5572.964622
21,5607.500861
22,5632.619092
23,5649.844339
24,5666.625066
25,5684.708484
26,5704.234944
27,5720.798201
28,5730.281252
29,5740.704329
30,5748.927561
31,5759.779696
32,5772.332118
33,5785.091231
34,5793.931940
35,5802.579236
36,5809.642977
37,5827.552303
38,5851.722144
39,5873.605458
40,5897.242275
41,5921.573965
42,5950.300871
43,5981.140492
44,6028.208893
45,6052.007710
46,6076.661737
47,6111.428111
48,6135.774851
49,6148.989320
50,6163.200049
51,6175.748020
52,6188.506049
53,6221.412209
54,6272.797263
55,6276.700094
56,6276.700094
57,6276.700094
58,6276.700094
59,6276.700094
60,6277.114496
61,6277.114496
62,6277.528898
63,6279.600905
64,6284.573724
65,6289.546542
66,6301.978589
67,6320.626659
68,6347.152668
69,6381.231614
70,6381.231614
71,6381.231614
72,6381.231614
73,6381.231614
74,6381.763870
75,6382.828382
76,6384.425149
77,6386.287415
78,6390.648077
79,6397.566143
80,6418.403838
81,6454.313180
82,6506.292352
83,6562.187659
84,6598.370324
85,6613.083677
86,6613.166170
87,6613.207417
88,6613.248663
89,6613.331156
90,6613.496143
91,6613.867361
92,6614.156087
93,6615.352236
94,6616.795865
95,6619.765615
96,6623.395309
97,6623.395309
98,6623.395309
99,6623.395309
100,6623.395309
101,6623.395309
102,6623.395309
103,6623.395309
104,6623.395309
105,6623.395309
106,6623.395309
107,6623.395309
108,6623.395309
109,6623.395309
110,6623.395309
111,6623.395309
112,6623.395309
113,6623.395309
114,6623.395309
115,6623.395309
116,6623.395309
117,6623.395309
118,6623.395309
119,6623.395309
120,6623.395309
121,6623.395309
122,6623.395309
123,6623.702676
124,6623.856359
125,6624.163726
126,6624.471093
127,6625.085827
128,6626.930028
129,6630.157379
130,6636.151033
131,6647.677290
132,6661.816165
133,6661.816165
134,6661.816165
135,6661.816165
136,6661.816165
137,6661.816165
138,6661.816165
139,6661.816165
140,6661.816165
141,6661.816165
142,6661.816165
143,6661.816165
144,6661.816165
145,6661.840515
146,6661.840515
147,6661.840515
148,6661.901391
149,6662.023143
150,6662.315348
151,6662.730785
152,6663.229968
153,6663.741327
154,6664.910146
155,6665.010508
156,6665.161051
157,6665.368003
158,6665.669089
159,6666.277488
160,6667.437879
161,6668.805221
162,6671.176183
163,6676.112602
164,6677.405209
165,6677.405209
166,6677.405209
167,6677.405209
168,6677.405209
169,6677.405209
170,6677.405209
171,6677.405209
172,6677.405209
173,6677.405209
174,6677.405209
175,6677.405209
176,6677.405209
177,6677.405209
178,6677.405209
179,6677.405209
180,6677.405209
181,6677.405209
182,6677.405209
183,6677.405209
184,6677.405209
185,6677.405209
186,6677.405209
187,6677.405209
188,6677.405209
189,6677.405209
190,6677.405209
191,6677.405209
192,6677.405209
193,6677.405209
194,6677.405209
195,6677.405209
196,6677.405209
197,6677.405209
198,6677.405209
199,6677.405209
200,6677.405209
201,6677.405209
202,6677.405209
203,6677.405209
204,6677.405209
205,6677.405209
206,6677.405209
207,6677.405209
208,6677.405209
209,6677.405209
210,6677.405209
211,6677.405209
212,6677.613508
213,6677.891240
214,6678.238405
215,6678.655003
216,6679.488199
217,6680.737992
218,6683.436835
219,6688.297144
220,6695.368004
221,6695.905381
222,6696.980135
223,6698.256405
224,6701.413494
225,6706.451402
226,6711.556483
227,6711.556483
228,6711.556483
229,6711.556483
230,6711.556483
231,6711.556483
232,6711.556483
233,6711.556483
234,6711.556483
235,6711.556483
236,6711.556483
237,6711.556483
238,6711.556483
239,6711.556483
240,6711.556483
241,6711.556483
242,6711.556483
243,6711.556483
244,6711.556483
245,6711.556483
246,6711.556483
247,6711.556483
248,6711.556483
249,6711.556483
250,6711.556483
251,6711.556483
252,6711.556483
253,6711.556483
254,6711.556483
255,6711.556483
256,6711.556483
257,6711.556483
258,6711.556483
259,6711.556483
260,6711.556483
261,6711.556483
262,6711.556483
263,6711.556483
264,6711.556483
265,6711.556483
266,6711.556483
267,6711.556483
268,6711.556483
269,6711.556483
270,6711.556483
271,6711.556483
272,6711.556483
273,6711.566745
274,6711.577007
275,6711.587269
276,6711.638579
277,6711.710413
278,6711.823295
279,6712.079845
280,6712.500587
281,6713.218927
282,6714.121982
283,6714.121982
284,6714.121982
285,6714.121982
286,6714.121982
287,6714.121982
288,6714.121982
289,6714.121982
290,6714.121982
291,6714.121982
292,6714.121982
293,6714.121982
294,6714.121982
295,6714.121982
296,6714.121982
297,6714.121982
298,6714.121982
299,6714.121982
300,6714.121982
301,6714.121982
302,6714.121982
303,6714.121982
304,6714.121982
305,6714.121982
306,6714.121982
307,6714.121982
308,6714.121982
309,6714.121982
310,6714.121982
311,6714.121982
312,6714.121982
313,6714.121982
314,6714.121982
315,6714.121982
316,6714.121982
317,6714.121982
318,6714.121982
319,6714.121982
320,6714.188659
321,6714.255335
322,6714.388688
323,6714.622056
324,6715.055452
325,6715.822231
326,6717.089084
327,6719.156053
328,6722.423199
329,6722.456537
330,6722.456537
331,6722.456537
332,6722.456537
333,6722.456537
334,6722.456537
335,6722.740652
336,6722.740652
337,6722.740652
338,6722.740652
339,6722.740652
340,6723.024767
341,6723.024767
342,6723.592998
343,6723.877113
344,6725.723862
345,6729.133245
346,6734.389376
347,6742.912833
348,6755.982133
349,6757.970939
350,6757.970939
351,6757.970939
352,6757.970939
353,6757.970939
354,6757.970939
355,6757.970939
356,6757.970939
357,6757.970939
358,6757.970939
359,6757.970939
360,6757.970939
361,6757.970939
362,6757.970939
363,6757.970939
364,6757.970939
365,6758.086212
366,6758.316757
367,6758.662574
368,6759.469482
369,6760.161117
370,6761.774932
371,6764.195654
372,6769.037099
373,6778.143626
374,6786.789063
375,6786.789063
376,6786.789063
377,6786.789063
378,6786.789063
379,6786.789063
380,6786.789063
381,6786.789063
382,6786.789063
383,6786.789063
384,6786.789063
385,6786.789063
386,6786.789063
387,6786.789063
388,6786.789063
389,6786.789063
390,6786.789063
391,6786.789063
392,6786.789063
393,6786.789063
394,6786.789063
395,6786.789063
396,6786.789063
397,6786.789063
398,6786.789063
399,6786.789063
400,6786.789063
401,6786.789063
402,6786.789063
403,6786.789063
404,6786.845555
405,6786.902046
406,6786.986783
407,6787.325732
408,6787.834155
409,6789.048722
410,6790.715220
411,6793.455056
412,6793.850496
413,6793.850496
414,6793.850496
415,6793.850496
416,6793.850496
417,6793.850496
418,6793.850496
419,6793.850496
420,6793.850496
421,6793.850496
422,6794.184275
423,6794.740574
424,6795.408133
425,6796.075692
426,6797.744590
427,6800.081047
428,6805.087739
429,6814.211046
430,6821.665455
431,6821.665455
432,6821.665455
433,6821.665455
434,6821.665455
435,6821.665455
436,6821.665455
437,6821.665455
438,6821.665455
439,6821.665455
440,6821.665455
441,6821.665455
442,6821.665455
443,6821.665455
444,6821.665455
445,6821.665455
446,6821.665455
447,6821.665455
448,6821.665455
449,6821.665455
450,6821.665455
451,6821.665455
452,6821.665455
453,6821.665455
454,6821.665455
455,6821.665455
456,6821.665455
457,6821.665455
458,6821.665455
459,6821.665455
460,6821.665455
461,6821.665455
462,6821.665455
463,6821.665455
464,6821.665455
465,6821.665455
466,6821.665455
467,6821.665455
468,6821.665455
469,6821.665455
470,6821.665455
471,6821.665455
472,6821.665455
473,6821.665455
474,6821.665455
475,6821.665455
476,6821.665455
477,6821.665455
478,6821.665455
479,6821.665455
480,6821.665455
481,6821.665455
482,6821.665455
483,6821.665455
484,6821.665455
485,6821.665455
486,6821.665455
487,6821.665455
488,6821.665455
489,6821.665455
490,6821.665455
491,6821.665455
492,6821.665455
493,6821.665455
494,6821.665455
495,6821.665455
496,6821.665455
497,6821.665455
498,6821.665455
499,6821.665455
