0,3371.271885
1,3662.047964
2,3830.937004
3,3939.466466
4,4023.641197
5,4073.663041
6,4125.763076
7,4191.441760
8,4255.347407
9,4290.851077
10,4330.614479
11,4387.747538
12,4415.597244
13,4460.760097
14,4502.503464
15,4517.521607
16,4541.251071
17,4578.445080
18,4623.849926
19,4640.166101
20,4678.656530
21,4710.467632
22,4735.761840
23,4772.840154
24,4800.130861
25,4822.297817
26,4853.913166
27,4877.209435
28,4894.660390
29,4912.572205
30,4946.408119
31,4964.862965
32,4989.494026
33,5013.280779
34,5036.309295
35,5048.293023
36,5067.070463
37,5097.331001
38,5110.130356
39,5130.835425
40,5148.871999
41,5163.163526
42,5183.620191
43,5199.936823
44,5216.415914
45,5239.156987
46,5249.458122
47,5262.112063
48,5278.715274
49,5294.631168
50,5309.704572
51,5321.296309
52,5332.094987
53,5335.442478
54,5353.032642
55,5364.368138
56,5368.113258
57,5378.951854
58,5392.539149
59,5405.823086
60,5418.723177
61,5432.559115
62,5454.355273
63,5462.818986
64,5468.131800
65,5474.882637
66,5485.678151
67,5488.956655
68,5501.811822
69,5517.633831
70,5528.130224
71,5540.020074
72,5548.767585
73,5552.317145
74,5558.850074
75,5564.945094
76,5570.792410
77,5575.124390
78,5584.049706
79,5604.864043
80,5618.463969
81,5625.440914
82,5628.747372
83,5630.548353
84,5636.751199
85,5648.303543
86,5653.549797
87,5660.421234
88,5666.161885
89,5668.397830
90,5677.765921
91,5687.751024
92,5693.269955
93,5706.038959
94,5712.008115
95,5718.316797
96,5722.497583
97,5726.202112
98,5727.902933
99,5734.394234
100,5738.382355
101,5740.159936
102,5740.422344
103,5742.606155
104,5744.480844
105,5748.718649
106,5754.491411
107,5759.229060
108,5761.261699
109,5766.774341
110,5768.932856
111,5774.805705
112,5776.740406
113,5779.937190
114,5786.656004
115,5793.998302
116,5796.646503
117,5797.499438
118,5808.604055
119,5810.037436
120,5812.599266
121,5818.140086
122,5823.933540
123,5826.698877
124,5830.097597
125,5835.842742
126,5837.600735
127,5838.908281
128,5839.575880
129,5843.369645
130,5844.443651
131,5846.884598
132,5850.022595
133,5853.334491
134,5855.518552
135,5856.260236
136,5856.644686
137,5862.957591
138,5865.324284
139,5866.987521
140,5868.559409
141,5871.632530
142,5875.019561
143,5878.197437
144,5882.373014
145,5882.853837
146,5884.670151
147,5886.340680
148,5888.336429
149,5888.905509
150,5890.872551
151,5893.017982
152,5894.459997
153,5897.079236
154,5900.947630
155,5902.807259
156,5904.771672
157,5906.529386
158,5908.745889
159,5915.688660
160,5919.138245
161,5921.226359
162,5926.479373
163,5926.834306
164,5928.746067
165,5929.991341
166,5931.821818
167,5934.985376
168,5937.106332
169,5945.611900
170,5947.647953
171,5953.978596
172,5954.788109
173,5956.444751
174,5960.457748
175,5963.142510
176,5966.964443
177,5968.177130
178,5973.261253
179,5979.057910
180,5980.560782
181,5987.657165
182,5991.872351
183,5991.878581
184,6000.591339
185,6003.790592
186,6004.135046
187,6005.264552
188,6008.166233
189,6008.348095
190,6010.477247
191,6014.975142
192,6015.693517
193,6017.497561
194,6018.993314
195,6021.111434
196,6024.277152
197,6024.432156
198,6024.432156
199,6027.244603
200,6029.885277
201,6031.226548
202,6032.218980
203,6032.218980
204,6039.284876
205,6041.625187
206,6042.347554
207,6044.604847
208,6046.961321
209,6052.386353
210,6052.564606
211,6054.526840
212,6056.366423
213,6058.608792
214,6060.681257
215,6064.689216
216,6068.114494
217,6070.756459
218,6074.256416
219,6075.212795
220,6080.730087
221,6082.598012
222,6085.147636
223,6089.033424
224,6092.436497
225,6094.723467
226,6097.742160
227,6098.611754
228,6104.775133
229,6108.671762
230,6110.257274
231,6111.357443
232,6115.843937
233,6121.661962
234,6122.790355
235,6126.585519
236,6137.247691
237,6137.591638
238,6138.637939
239,6142.031399
240,6143.900782
241,6145.716327
242,6146.634341
243,6150.947612
244,6156.747760
245,6159.442810
246,6161.484591
247,6166.047689
248,6167.438372
249,6168.107658
250,6168.356394
251,6171.144935
252,6171.721605
253,6173.523617
254,6178.397873
255,6179.850491
256,6180.434000
257,6181.436398
258,6183.082008
259,6183.626876
260,6184.328780
261,6185.056660
262,6190.185488
263,6190.430669
264,6195.241760
265,6196.657340
266,6199.168193
267,6202.559471
268,6204.010004
269,6210.164483
270,6215.517276
271,6216.509906
272,6221.027342
273,6227.102277
274,6228.413994
275,6232.703805
276,6234.573851
277,6236.053033
278,6238.484723
279,6240.822168
280,6243.105440
281,6246.373822
282,6247.327084
283,6247.668323
284,6249.606404
285,6249.918099
286,6253.011758
287,6253.609862
288,6253.609862
289,6253.810497
290,6253.810497
291,6253.810497
292,6255.786455
293,6257.657334
294,6259.035022
295,6261.894035
296,6261.957977
297,6265.924690
298,6267.611433
299,6267.700886
300,6268.010676
301,6269.282405
302,6270.319427
303,6272.210610
304,6276.107938
305,6278.135438
306,6280.910199
307,6281.662073
308,6282.413948
309,6283.812227
310,6286.619110
311,6289.232907
312,6292.080711
313,6292.587080
314,6293.712718
315,6294.508671
316,6296.224109
317,6296.627132
318,6298.468163
319,6299.956427
320,6300.829250
321,6303.588653
322,6304.492255
323,6306.556979
324,6307.467580
325,6307.823798
326,6309.581800
327,6309.877784
328,6310.454740
329,6312.515046
330,6312.742041
331,6313.591251
332,6317.107387
333,6320.706179
334,6320.715128
335,6320.938882
336,6323.833460
337,6324.130368
338,6329.009283
339,6329.337834
340,6329.582282
341,6330.769609
342,6332.897240
343,6333.825497
344,6334.566691
345,6334.566691
346,6336.454914
347,6336.454914
348,6338.567427
349,6338.623685
350,6341.052204
351,6342.511259
352,6342.873183
353,6343.380203
354,6343.570605
355,6343.871179
356,6344.309077
357,6344.309077
358,6344.671156
359,6344.923289
360,6345.950085
361,6345.950085
362,6346.436974
363,6346.464701
364,6347.423197
365,6349.315999
366,6350.448833
367,6350.448833
368,6350.622941
369,6351.656994
370,6353.052255
371,6353.437123
372,6354.437360
373,6356.207525
374,6357.662859
375,6358.260189
376,6359.051551
377,6359.348533
378,6362.703734
379,6364.560461
380,6364.577214
381,6367.244183
382,6368.766368
383,6369.283509
384,6370.992206
385,6371.870508
386,6372.447558
387,6372.662716
388,6372.676547
389,6375.114989
390,6376.429328
391,6377.429157
392,6379.272030
393,6380.837515
394,6381.145638
395,6381.848785
396,6381.848785
397,6383.532646
398,6384.930158
399,6385.197858
400,6387.992292
401,6388.142884
402,6390.995470
403,6392.355628
404,6392.634318
405,6393.009201
406,6393.009201
407,6393.009201
408,6393.009201
409,6394.707108
410,6395.065550
411,6397.056217
412,6398.839242
413,6399.820747
414,6401.115096
415,6402.436238
416,6402.436238
417,6403.961220
418,6404.528978
419,6406.269958
420,6406.755192
421,6407.186816
422,6408.483314
423,6408.521259
424,6409.674477
425,6409.724622
426,6409.922358
427,6410.929467
428,6412.182913
429,6412.182913
430,6413.724268
431,6413.906813
432,6414.759285
433,6414.849691
434,6414.863008
435,6415.455145
436,6416.695604
437,6417.090992
438,6417.959426
439,6418.018793
440,6419.402936
441,6420.949039
442,6421.145975
443,6422.714517
444,6423.474708
445,6423.833317
446,6424.035755
447,6424.583945
448,6425.088069
449,6426.073504
450,6426.904857
451,6427.502925
452,6428.745831
453,6428.745831
454,6428.745831
455,6429.168565
456,6430.523292
457,6430.722791
458,6432.030208
459,6432.271499
460,6432.271499
461,6433.086087
462,6433.581755
463,6433.948349
464,6435.727208
465,6435.953069
466,6436.722766
467,6437.830573
468,6439.104893
469,6439.449573
470,6439.464209
471,6439.785957
472,6440.277281
473,6440.563340
474,6441.240204
475,6442.152954
476,6442.152954
477,6442.782185
478,6443.608860
479,6444.152916
480,6444.991362
481,6446.001732
482,6446.490625
483,6446.910966
484,6446.953055
485,6447.195024
486,6447.373183
487,6448.106408
488,6449.288048
489,6450.846559
490,6452.691944
491,6452.691944
492,6453.467432
493,6453.823018
494,6454.905344
495,6455.415606
496,6456.238038
497,6456.533168
498,6457.235472
499,6457.235472
