0,3343.730637
1,6623.891911
2,6917.539355
3,7133.439604
4,7224.517138
5,7354.444092
6,7454.709410
7,7538.111512
8,7610.794611
9,7669.469495
10,7750.666393
11,7758.431891
12,7751.353624
13,7830.975121
14,7903.756475
15,7922.330800
16,7945.196109
17,7933.960383
18,7970.741083
19,8074.593461
20,8087.505081
21,8079.850350
22,8050.395904
23,8168.567420
24,8176.051877
25,8216.697930
26,8249.114650
27,8272.053778
28,8349.165425
29,8345.944594
30,8394.143521
31,8433.299169
32,8402.209325
33,8456.763960
34,8451.829147
35,8521.616889
36,8596.207078
37,8570.376132
38,8542.282708
39,8610.532138
40,8667.811498
41,8708.363669
42,8791.310844
43,8891.374542
44,8820.607382
45,8851.034334
46,8955.641088
47,8898.019607
48,9036.472278
49,8977.034423
50,8938.392178
51,8975.298107
52,9061.741227
53,9194.905264
54,9051.332132
55,9147.345655
56,9104.504135
57,9146.672844
58,9109.717733
59,9235.408324
60,9194.284060
61,9196.169750
62,9308.267774
63,9284.531194
64,9297.714754
65,9255.166430
66,9231.428836
67,9310.163336
68,9358.402398
69,9272.941813
70,9266.425709
71,9337.437665
72,9401.330784
73,9364.826720
74,9355.030034
75,9370.146009
76,9354.734134
77,9443.890683
78,9335.867727
79,9342.070093
80,9361.928351
81,9408.471616
82,9414.566282
83,9424.094689
84,9390.102094
85,9467.116453
86,9471.927622
87,9419.430110
88,9371.684060
89,9515.135915
90,9451.822148
91,9554.022529
92,9457.321478
93,9510.250327
94,9528.482624
95,9494.603776
96,9550.285433
97,9400.694549
98,9551.793109
99,9501.824571
100,9597.416489
101,9581.559059
102,9508.268974
103,9490.526567
104,9581.167800
105,9527.436237
106,9612.186185
107,9653.619209
108,9551.596926
109,9604.873564
110,9505.783453
111,9652.779105
112,9610.199986
113,9653.498105
114,9565.100936
115,9513.610789
116,9535.934543
117,9617.340326
118,9615.955068
119,9532.400452
120,9508.422135
121,9589.509714
122,9594.994432
123,9616.112731
124,9548.365703
125,9431.208798
126,9518.866049
127,9573.946385
128,9469.377325
129,9600.224793
130,9511.420020
131,9594.361165
132,9550.864303
133,9577.015362
134,9582.745155
135,9593.548630
136,9609.283048
137,9479.337783
138,9549.432287
139,9624.278987
140,9654.024712
141,9599.262775
142,9632.923088
143,9554.631995
144,9680.444706
145,9565.871216
146,9473.933360
147,9566.042059
148,9750.221752
149,9571.983086
150,9556.876262
151,9681.020075
152,9624.606121
153,9658.091247
154,9667.174623
155,9568.805986
156,9668.012678
157,9552.167582
158,9586.822853
159,9637.742715
160,9644.677515
161,9628.031805
162,9621.951551
163,9455.796275
164,9620.977229
165,9596.464841
166,9655.340009
167,9761.236580
168,9687.963207
169,9649.225764
170,9612.319040
171,9603.876760
172,9679.127606
173,9546.501946
174,9688.295874
175,9646.982479
176,9637.184962
177,9642.015510
178,9628.367380
179,9683.104404
180,9612.291248
181,9594.072905
182,9558.752840
183,9615.101691
184,9689.819380
185,9667.649863
186,9675.590444
187,9574.129705
188,9710.263100
189,9693.519007
190,9624.247010
191,9613.450088
192,9613.537527
193,9693.936586
194,9589.900275
195,9779.367553
196,9629.398992
197,9493.640758
198,9609.536717
199,9696.341971
200,9577.095744
201,9564.866573
202,9696.382300
203,9738.346807
204,9688.971454
205,9748.761482
206,9622.944819
207,9657.751850
208,9594.901609
209,9786.051170
210,9662.084510
211,9579.471305
212,9684.735773
213,9747.403346
214,9681.842020
215,9663.771987
216,9845.530888
217,9827.481681
218,9784.133694
219,9792.905550
220,9803.126749
221,9767.800887
222,9825.652561
223,9802.685213
224,9753.340577
225,9865.788547
226,9715.191167
227,9856.732088
228,9868.200481
229,9709.639169
230,9767.663953
231,9796.237772
232,9741.058945
233,9745.096171
234,9924.514828
235,9809.019251
236,9844.763271
237,9899.955807
238,9790.982558
239,9844.012350
240,9751.239253
241,9813.310450
242,9957.977585
243,9974.468627
244,10055.209295
245,10036.952654
246,10061.420248
247,10045.686901
248,10124.987453
249,10087.099681
250,10087.216898
251,10004.980003
252,10134.526044
253,10177.805730
254,10134.054747
255,10066.221673
256,10165.292425
257,10046.573318
258,10194.437306
259,10028.344546
260,10126.282644
261,10094.131830
262,10151.629640
263,10264.745588
264,10062.432474
265,10050.230737
266,10046.214567
267,10194.031190
268,10156.410889
269,10207.836295
270,10137.810809
271,10134.224265
272,10105.090078
273,10187.353048
274,10168.872360
275,10223.557028
276,10183.252714
277,10185.049486
278,9984.330489
279,10179.185045
280,10095.753969
281,10231.990449
282,10161.616022
283,10114.201524
284,10208.388966
285,10215.926623
286,10102.297014
287,10018.732852
288,10170.858949
289,10185.062417
290,10219.818813
291,10105.664792
292,10088.199013
293,10115.631304
294,10260.195689
295,10099.615106
296,10217.310142
297,9998.335080
298,10065.988360
299,10078.432801
300,10061.970898
301,10053.626951
302,10054.760349
303,10127.905548
304,10115.601478
305,10227.060338
306,10271.628392
307,10154.177504
308,10218.407723
309,10125.877711
310,10285.177462
311,10304.382485
312,10451.183163
313,10301.898448
314,10145.778772
315,10128.743924
316,10024.571701
317,10064.507342
318,10258.607857
319,10122.127441
320,10066.215731
321,10090.290582
322,10210.992482
323,10205.306391
324,10244.892686
325,10244.235174
326,10216.000831
327,10128.857900
328,10238.267576
329,10245.549264
330,10042.495879
331,10101.447370
332,10163.006821
333,10122.879442
334,10089.471857
335,10172.111249
336,10218.523270
337,10030.823098
338,10036.473737
339,10126.764811
340,10126.404072
341,10127.456303
342,10194.713020
343,10059.489352
344,10129.627344
345,10113.337445
346,10203.774054
347,10238.076817
348,10204.062058
349,10117.557722
350,10186.881138
351,10172.064949
352,10158.872258
353,10171.210807
354,10139.345997
355,10244.796094
356,10225.184140
357,10184.149147
358,10014.531314
359,10202.242984
360,10064.398140
361,10119.038933
362,10113.112066
363,10084.295033
364,10062.795048
365,10107.150806
366,10116.508340
367,10071.889050
368,10245.866596
369,10221.260189
370,10228.633478
371,10321.185991
372,10263.487666
373,10095.067796
374,10091.650911
375,10242.791759
376,10041.688864
377,10016.082816
378,10073.716806
379,10148.893282
380,10233.177210
381,10139.702722
382,10230.554600
383,10146.646953
384,10097.941969
385,10096.720035
386,10097.630454
387,10033.362208
388,10092.064847
389,10192.604474
390,10286.475325
391,10328.806252
392,10163.760459
393,10211.415222
394,10190.940723
395,10385.313179
396,10300.053742
397,10082.341362
398,10206.380591
399,10310.569123
400,10194.820235
401,10148.665997
402,10210.756202
403,10233.662806
404,10105.553370
405,10182.520529
406,10126.239990
407,10127.777013
408,10073.224343
409,10114.714422
410,10137.256846
411,10141.833382
412,10104.436215
413,10215.650669
414,10240.934465
415,10230.675416
416,10333.935350
417,10360.782194
418,10250.192369
419,10201.655880
420,10158.716467
421,10329.231597
422,10280.259437
423,10157.879821
424,10297.021704
425,10282.955656
426,10242.580101
427,10350.119305
428,10249.705314
429,10181.054484
430,10182.120892
431,10292.266698
432,10208.058177
433,10274.259416
434,10291.698906
435,10174.843066
436,10165.117257
437,10158.264323
438,10072.256050
439,10167.866978
440,10286.933506
441,10238.709788
442,10230.491469
443,10245.834976
444,10196.161855
445,10258.525054
446,10298.779984
447,10270.683617
448,10213.475535
449,10225.566059
450,10247.266612
451,10268.173043
452,10264.239902
453,10267.343428
454,10198.458416
455,10301.826961
456,10274.671469
457,10294.058210
458,10190.466440
459,10174.918821
460,10109.688578
461,10298.362001
462,10174.573114
463,10290.803115
464,10192.305817
465,10253.883898
466,10176.642339
467,10430.384593
468,10274.760581
469,10323.894948
470,10282.069070
471,10262.512961
472,10218.517610
473,10212.748783
474,10248.858560
475,10293.016484
476,10225.873613
477,10207.520277
478,10273.048086
479,10215.360251
480,10306.189032
481,10316.671007
482,10312.596221
483,10313.276807
484,10319.031439
485,10321.556972
486,10240.620412
487,10206.315467
488,10231.875038
489,10225.777942
490,10122.723825
491,10283.932232
492,10284.343003
493,10064.843743
494,10346.118822
495,10086.219273
496,10161.836785
497,10162.117153
498,10286.603701
499,10347.055259
