0,3379.735939
1,3347.176065
2,3314.331054
3,3263.351782
4,3240.280319
5,3223.899709
6,3206.268528
7,3223.372657
8,3241.677095
9,3289.252990
10,3284.962581
11,3253.427653
12,3298.497644
13,3262.671485
14,3207.078183
15,3234.631398
16,3222.866503
17,3235.776667
18,3263.511590
19,3272.390880
20,3300.374764
21,3297.696812
22,3275.986468
23,3239.365502
24,3258.830778
25,3265.683807
26,3257.905472
27,3281.775736
28,3305.885795
29,3323.151709
30,3358.995735
31,3353.584497
32,3364.200034
33,3247.194478
34,3301.334142
35,3322.580606
36,3339.673392
37,3280.661059
38,3295.006982
39,3306.566948
40,3305.840701
41,3347.737065
42,3358.474578
43,3302.949770
44,3321.527966
45,3383.475272
46,3339.436681
47,3330.706427
48,3352.694630
49,3318.117671
50,3269.816707
51,3273.215190
52,3281.865753
53,3332.561564
54,3320.999830
55,3340.925152
56,3359.459379
57,3343.996486
58,3322.125300
59,3288.683224
60,3249.457293
61,3248.648618
62,3229.733808
63,3174.778494
64,3234.121545
65,3272.415963
66,3260.928185
67,3267.521666
68,3302.377601
69,3352.758825
70,3331.813921
71,3372.571536
72,3370.645485
73,3376.734464
74,3378.194294
75,3358.457423
76,3367.333281
77,3383.350898
78,3365.422227
79,3374.201240
80,3364.604567
81,3303.760083
82,3332.142091
83,3320.807157
84,3316.573083
85,3345.810627
86,3336.563415
87,3342.783672
88,3365.461973
89,3358.190115
90,3348.033368
91,3369.538202
92,3356.488686
93,3375.663590
94,3315.034805
95,3317.359919
96,3247.191675
97,3255.140792
98,3274.120560
99,3257.233789
100,3256.980367
101,3245.505987
102,3295.781853
103,3255.563469
104,3206.480029
105,3246.990965
106,3242.968998
107,3231.942158
108,3266.801330
109,3282.205417
110,3283.989105
111,3306.648034
112,3314.256215
113,3385.594293
114,3376.723037
115,3359.039188
116,3331.307507
117,3303.711148
118,3286.970341
119,3280.377641
120,3316.807628
121,3267.891157
122,3243.506861
123,3318.053086
124,3301.509926
125,3261.648763
126,3253.959556
127,3280.101630
128,3281.757159
129,3291.483094
130,3282.245924
131,3281.605375
132,3261.774940
133,3312.542367
134,3307.810537
135,3300.985972
136,3302.927803
137,3320.183050
138,3314.206775
139,3361.585232
140,3331.505322
141,3317.880912
142,3326.504270
143,3328.391825
144,3304.917985
145,3252.780060
146,3246.310424
147,3241.931419
148,3221.826749
149,3253.439138
150,3283.407076
151,3248.334945
152,3285.762682
153,3229.980594
154,3251.719180
155,3282.622255
156,3299.882899
157,3245.165991
158,3253.762772
159,3297.885721
160,3281.098707
161,3278.859629
162,3285.443630
163,3218.102735
164,3160.538890
165,3157.222461
166,3199.360803
167,3214.447765
168,3202.352757
169,3195.932754
170,3279.438352
171,3254.439260
172,3190.268639
173,3219.088579
174,3233.352317
175,3273.778266
176,3263.275154
177,3264.220734
178,3270.080394
179,3255.059451
180,3210.479352
181,3224.681540
182,3274.517652
183,3262.063806
184,3272.248860
185,3294.081085
186,3296.767814
187,3264.458761
188,3255.235726
189,3265.850472
190,3227.451716
191,3215.817938
192,3178.305640
193,3171.833570
194,3197.906867
195,3211.249641
196,3212.221104
197,3238.707152
198,3249.771341
199,3276.142961
200,3243.259632
201,3303.174351
202,3316.231548
203,3353.919065
204,3307.389830
205,3311.133799
206,3289.377635
207,3308.264710
208,3267.423870
209,3272.275540
210,3279.114116
211,3265.339922
212,3315.284510
213,3277.158156
214,3226.987989
215,3266.582221
216,3262.511800
217,3208.836215
218,3227.830039
219,3217.766802
220,3192.233841
221,3130.483663
222,3161.670022
223,3230.667680
224,3257.738441
225,3293.157722
226,3307.442098
227,3300.599871
228,3302.264862
229,3246.319593
230,3242.861031
231,3264.309359
232,3267.179209
233,3276.570378
234,3251.878019
235,3244.344416
236,3290.432383
237,3300.209803
238,3255.689547
239,3221.265884
240,3267.388752
241,3243.776704
242,3242.257641
243,3251.932388
244,3292.872526
245,3225.872270
246,3220.689565
247,3211.396409
248,3217.874033
249,3247.035236
250,3211.773518
251,3221.638260
252,3228.780289
253,3226.301901
254,3255.073391
255,3241.105468
256,3218.042351
257,3198.791560
258,3220.361694
259,3277.820322
260,3234.933751
261,3254.989411
262,3251.048099
263,3260.769068
264,3230.649028
265,3250.598094
266,3198.938173
267,3194.375862
268,3199.646627
269,3175.817226
270,3219.007914
271,3231.694117
272,3191.889400
273,3203.982312
274,3204.396897
275,3238.070870
276,3235.383494
277,3206.107599
278,3197.915506
279,3140.039665
280,3148.697713
281,3116.629511
282,3195.776703
283,3180.886545
284,3190.405183
285,3217.499392
286,3224.398383
287,3249.314762
288,3293.449593
289,3312.101908
290,3287.855506
291,3309.850791
292,3242.805224
293,3192.790832
294,3204.065842
295,3238.895586
296,3212.504461
297,3284.357481
298,3244.479047
299,3219.271104
300,3218.529590
301,3208.565228
302,3252.509774
303,3201.001428
304,3174.638089
305,3225.920324
306,3214.027514
307,3206.061251
308,3185.195209
309,3225.594963
310,3211.199454
311,3201.575504
312,3243.339728
313,3225.839703
314,3231.260232
315,3239.709398
316,3209.460048
317,3233.518046
318,3295.994378
319,3300.974510
320,3345.987946
321,3299.129971
322,3351.254376
323,3385.880537
324,3321.960927
325,3317.691695
326,3298.888734
327,3245.716988
328,3220.769371
329,3282.136554
330,3278.432011
331,3307.307590
332,3296.399566
333,3330.381674
334,3320.537591
335,3237.345828
336,3252.566917
337,3296.255581
338,3259.949738
339,3258.721614
340,3308.409558
341,3326.943699
342,3332.418851
343,3360.385289
344,3325.057613
345,3325.700472
346,3305.683219
347,3293.767449
348,3342.698375
349,3330.427189
350,3255.183308
351,3185.459593
352,3238.285895
353,3297.897259
354,3305.044588
355,3273.264245
356,3265.243524
357,3261.335851
358,3256.764279
359,3237.512593
360,3250.950269
361,3257.611487
362,3253.093745
363,3182.039177
364,3234.634046
365,3293.928026
366,3284.214084
367,3283.363751
368,3296.195133
369,3255.788107
370,3240.164942
371,3202.070995
372,3233.626599
373,3258.356011
374,3273.947007
375,3289.415175
376,3275.660584
377,3259.225532
378,3312.195579
379,3313.878220
380,3255.068825
381,3291.925351
382,3282.661511
383,3271.812096
384,3275.647537
385,3323.336578
386,3385.593732
387,3344.206307
388,3271.499337
389,3278.791601
390,3281.955570
391,3277.065537
392,3279.258994
393,3295.909009
394,3275.058256
395,3282.863665
396,3312.358512
397,3332.220979
398,3341.681966
399,3304.539069
400,3319.592453
401,3303.900027
402,3312.436041
403,3309.941808
404,3345.162067
405,3339.392901
406,3345.748044
407,3339.418279
408,3298.258755
409,3270.531185
410,3332.446708
411,3250.885922
412,3251.314441
413,3211.297382
414,3232.794855
415,3260.277773
416,3268.208281
417,3324.596985
418,3311.009034
419,3285.633927
420,3287.642051
421,3306.131016
422,3318.942049
423,3320.112098
424,3293.802010
425,3291.249327
426,3299.452525
427,3276.014160
428,3229.297427
429,3262.674857
430,3316.180095
431,3254.494932
432,3267.922229
433,3286.836383
434,3295.225551
435,3249.485747
436,3269.100902
437,3246.496491
438,3284.545849
439,3324.246632
440,3294.984438
441,3298.686801
442,3268.744376
443,3291.959308
444,3271.443184
445,3238.193285
446,3210.673791
447,3214.013829
448,3181.878587
449,3216.620886
450,3258.379765
451,3295.740798
452,3252.810493
453,3255.804050
454,3287.332735
455,3234.220062
456,3227.163405
457,3224.295753
458,3166.511159
459,3133.063217
460,3192.421424
461,3229.231602
462,3264.711262
463,3246.460937
464,3227.220434
465,3258.808430
466,3270.279422
467,3288.471077
468,3283.190309
469,3270.922371
470,3268.807953
471,3304.974043
472,3294.334249
473,3300.470340
474,3278.218868
475,3208.825662
476,3192.245563
477,3263.395132
478,3225.142667
479,3253.092442
480,3211.529628
481,3186.475613
482,3178.696744
483,3168.676144
484,3186.180113
485,3200.573048
486,3215.096586
487,3195.667459
488,3151.003749
489,3138.185099
490,3170.001026
491,3193.939595
492,3206.745617
493,3247.861517
494,3258.717836
495,3234.758106
496,3222.562147
497,3212.932003
498,3185.632683
499,3228.124064
