0,3372.974031
1,6725.181983
2,6977.599370
3,7159.564022
4,7262.664368
5,7399.198931
6,7501.696256
7,7573.150948
8,7618.414896
9,7611.067299
10,7626.871911
11,7717.105847
12,7740.350244
13,7711.482213
14,7824.738775
15,7889.176409
16,7847.684237
17,7896.299924
18,7890.757892
19,7964.140581
20,7942.842067
21,8043.586053
22,8011.237213
23,8068.720704
24,8129.252824
25,8069.327047
26,8122.288369
27,8180.799245
28,8167.900404
29,8192.645622
30,8236.712705
31,8224.857544
32,8291.314565
33,8246.965304
34,8246.215730
35,8301.232350
36,8292.762624
37,8291.885976
38,8314.664458
39,8331.441792
40,8372.235174
41,8408.594941
42,8401.266233
43,8404.227786
44,8436.278161
45,8492.373804
46,8519.286410
47,8533.203895
48,8543.658721
49,8545.000580
50,8543.699099
51,8618.716795
52,8645.196947
53,8704.871914
54,8690.998038
55,8685.735514
56,8649.276887
57,8743.050186
58,8737.449490
59,8791.647080
60,8789.868584
61,8813.730417
62,8699.239515
63,8806.177356
64,8780.082435
65,8848.706646
66,8740.629879
67,8863.271344
68,8881.216603
69,8941.297476
70,8879.109658
71,8921.905514
72,8928.892565
73,8943.163904
74,8918.025030
75,8951.812557
76,8933.462158
77,8946.436561
78,9024.848892
79,8958.347577
80,9076.302262
81,9010.127649
82,9096.701102
83,9139.774388
84,9167.263968
85,9134.154572
86,9175.581774
87,9218.323955
88,9102.770738
89,9173.970894
90,9192.775895
91,9146.796811
92,9151.709713
93,9197.344128
94,9240.058266
95,9213.441060
96,9135.559049
97,9166.038832
98,9199.185336
99,9272.066633
100,9269.314448
101,9300.453869
102,9315.289066
103,9267.838142
104,9307.726497
105,9258.994123
106,9255.519914
107,9256.368517
108,9356.207236
109,9390.337474
110,9336.175541
111,9330.271936
112,9370.596434
113,9393.031330
114,9460.241921
115,9443.619087
116,9358.345651
117,9341.196627
118,9341.218553
119,9309.155083
120,9408.706130
121,9450.284176
122,9440.527611
123,9444.423740
124,9374.707485
125,9437.750763
126,9532.566840
127,9476.655176
128,9531.999457
129,9466.152151
130,9503.728227
131,9494.056534
132,9522.349183
133,9428.449330
134,9496.494911
135,9393.685036
136,9433.013044
137,9516.290377
138,9475.948319
139,9538.203586
140,9534.538815
141,9548.719379
142,9558.160832
143,9561.995378
144,9604.996027
145,9603.741285
146,9671.954896
147,9531.983252
148,9587.236187
149,9519.217898
150,9650.776709
151,9613.494523
152,9659.266226
153,9616.212750
154,9624.420386
155,9643.422577
156,9655.039798
157,9681.027185
158,9574.160449
159,9623.480940
160,9674.688647
161,9670.127128
162,9732.040837
163,9677.177194
164,9718.185308
165,9680.700711
166,9712.030421
167,9678.256699
168,9730.664780
169,9835.907135
170,9753.060342
171,9754.762227
172,9702.035023
173,9748.580900
174,9684.667494
175,9814.054916
176,9799.083494
177,9761.012392
178,9716.677316
179,9816.725516
180,9793.357681
181,9785.408388
182,9801.830930
183,9721.969868
184,9776.415677
185,9822.575146
186,9817.268716
187,9907.047484
188,9773.396819
189,9825.715698
190,9913.685140
191,9831.541565
192,9791.501627
193,9881.196298
194,9757.121716
195,9879.803338
196,9789.506790
197,9816.071261
198,9823.577166
199,9858.529793
200,9939.335865
201,9861.459686
202,9930.027289
203,9852.862945
204,9844.331031
205,9841.028971
206,9891.267123
207,9893.601398
208,9832.683665
209,9895.171849
210,9885.387552
211,9970.236652
212,9921.052104
213,9942.647408
214,9970.821018
215,9918.924953
216,10031.643132
217,9879.099264
218,9898.809530
219,9921.214694
220,9887.917662
221,9921.705943
222,9962.361950
223,9928.076510
224,10016.888657
225,10028.319828
226,9925.584289
227,9989.201515
228,9963.428696
229,9973.070023
230,9909.646401
231,9916.697396
232,10061.614230
233,10017.543307
234,10006.585921
235,10007.031453
236,9976.848402
237,9934.066005
238,9948.970872
239,9990.059645
240,9884.310834
241,9951.722712
242,9999.183970
243,9977.513188
244,10005.244512
245,9922.319739
246,9874.371623
247,10080.951080
248,9930.636594
249,9865.589650
250,10007.278321
251,10013.917132
252,10098.164827
253,9969.287759
254,9809.692875
255,9940.342478
256,9945.146440
257,10017.358157
258,10037.807589
259,9918.792794
260,9958.913523
261,9953.535773
262,9976.216619
263,9965.387360
264,9973.734238
265,10069.030693
266,10055.178737
267,9995.665348
268,10000.571346
269,10013.459629
270,10046.259545
271,10017.291978
272,10023.318693
273,10119.704897
274,10053.813805
275,10097.953097
276,10114.408749
277,10043.830038
278,10018.157121
279,10063.903114
280,10067.973332
281,10078.253506
282,10019.091411
283,10076.228292
284,10073.701821
285,10105.403034
286,10034.053333
287,10047.623575
288,9984.570553
289,10095.961788
290,10041.432296
291,10015.089198
292,10037.779434
293,10122.609848
294,10092.073415
295,10034.593082
296,10039.679526
297,10115.705457
298,10047.701492
299,10086.100669
300,10155.828207
301,9982.276652
302,10011.869817
303,10134.105463
304,10087.957851
305,10123.391430
306,10061.333006
307,9989.253244
308,10013.892681
309,9988.402685
310,10007.937821
311,10026.285481
312,10111.959539
313,10101.985256
314,10100.451244
315,10084.934621
316,10225.851708
317,10163.618942
318,10120.883472
319,10130.927901
320,10098.600367
321,10105.079404
322,10121.622214
323,9974.972464
324,10181.102913
325,10192.793228
326,10150.546397
327,10155.218742
328,10194.083008
329,10139.233395
330,10205.398124
331,10128.845617
332,10160.641980
333,10251.615883
334,10218.709545
335,10177.766886
336,10051.882691
337,10130.744417
338,10108.600069
339,10169.498704
340,10135.254151
341,10198.750659
342,10142.008516
343,10108.702031
344,10101.591298
345,10122.456603
346,10132.395078
347,10183.489207
348,10109.016278
349,10020.936950
350,10036.715953
351,10075.999821
352,10128.804905
353,10135.693549
354,10208.511310
355,10126.761401
356,10087.335031
357,10216.990120
358,10237.876033
359,10161.593243
360,10260.478206
361,10288.079664
362,10131.588184
363,10087.802169
364,10136.513815
365,10218.915021
366,10181.671281
367,10238.809806
368,10191.468868
369,10213.322165
370,10132.484104
371,10186.950559
372,10153.150793
373,10126.349407
374,10171.902299
375,10265.608708
376,10237.814680
377,10239.645086
378,10119.947737
379,10087.878375
380,10034.052234
381,10249.861780
382,10202.802082
383,10218.168947
384,10305.204349
385,10227.473843
386,10192.464206
387,10094.983452
388,10229.180580
389,10244.397933
390,10196.488118
391,10210.434877
392,10173.539944
393,10183.526704
394,10234.740946
395,10182.990755
396,10184.202570
397,10132.207625
398,10164.251849
399,10185.547054
400,10196.326420
401,10255.145852
402,10188.736294
403,10292.697579
404,10255.404871
405,10186.256573
406,10212.837098
407,10229.862071
408,10245.875898
409,10300.927027
410,10235.492672
411,10288.947042
412,10228.379198
413,10199.976549
414,10154.484935
415,10153.207711
416,10237.832335
417,10211.913349
418,10195.412700
419,10335.626396
420,10129.355286
421,10157.213545
422,10293.151348
423,10152.547904
424,10186.700180
425,10319.505074
426,10288.905154
427,10272.790952
428,10230.068061
429,10161.550581
430,10224.335919
431,10266.659954
432,10243.868740
433,10168.077302
434,10230.046013
435,10216.806418
436,10260.498875
437,10291.457133
438,10371.587820
439,10185.563624
440,10207.480179
441,10166.298645
442,10243.129760
443,10310.430149
444,10262.813227
445,10344.447663
446,10307.983822
447,10291.086450
448,10330.854817
449,10211.094810
450,10209.584123
451,10259.578968
452,10221.878335
453,10246.008053
454,10306.661645
455,10149.842662
456,10367.930572
457,10283.750650
458,10216.113657
459,10234.509574
460,10297.300895
461,10212.447621
462,10290.734648
463,10315.054975
464,10239.841106
465,10307.381263
466,10382.703070
467,10360.094358
468,10444.995416
469,10275.220740
470,10158.325578
471,10242.208744
472,10199.879792
473,10308.126099
474,10311.717900
475,10313.938028
476,10293.559048
477,10269.673575
478,10326.100369
479,10367.119445
480,10287.335320
481,10288.666733
482,10327.359318
483,10259.248436
484,10239.669653
485,10286.366984
486,10249.568208
487,10376.815386
488,10262.637134
489,10297.362724
490,10144.932486
491,10283.380268
492,10219.763932
493,10280.869045
494,10345.691309
495,10327.562570
496,10262.128009
497,10281.466202
498,10154.821765
499,10220.969450
