0,3322.737573
1,3412.512069
2,3527.359646
3,3568.696907
4,3594.399854
5,3606.987625
6,3636.805477
7,3666.941792
8,3680.482016
9,3738.951046
10,3743.267706
11,3814.939725
12,3874.167183
13,3848.672071
14,3869.636788
15,3876.782573
16,3974.144077
17,3959.134314
18,3998.195510
19,3953.863164
20,3981.741096
21,4070.723013
22,4095.499659
23,4071.956669
24,4120.741932
25,4141.939746
26,4109.522858
27,4104.345170
28,4088.558656
29,4089.448338
30,4114.759151
31,4070.408683
32,4113.358178
33,4166.003926
34,4315.968447
35,4333.404292
36,4278.675576
37,4302.432651
38,4279.706732
39,4244.100229
40,4226.464446
41,4269.703257
42,4231.043174
43,4253.947996
44,4278.652945
45,4417.822769
46,4503.339490
47,4390.560454
48,4411.160531
49,4439.946373
50,4458.371257
51,4562.614923
52,4502.719464
53,4569.777027
54,4566.856435
55,4524.653273
56,4450.964447
57,4616.109751
58,4669.790208
59,4569.125835
60,4535.111008
61,4538.856572
62,4528.972509
63,4636.068126
64,4606.288487
65,4765.314132
66,4887.477564
67,4767.081465
68,4812.797715
69,4735.736136
70,4792.538405
71,4801.460127
72,4760.195711
73,4752.363996
74,4678.354257
75,4839.881080
76,4823.737325
77,4844.912292
78,4982.582798
79,5043.063998
80,5065.998359
81,5099.484051
82,5099.156526
83,4994.217794
84,5094.141884
85,4930.488442
86,4887.871015
87,5059.113578
88,4978.378113
89,4931.090846
90,4963.904888
91,4991.872375
92,5005.171331
93,5032.472380
94,4946.388877
95,4973.164945
96,5077.272653
97,5184.552769
98,5366.265392
99,5349.097592
100,5349.691070
101,5189.846095
102,5232.641223
103,5235.980028
104,5353.611932
105,5374.942615
106,5421.772013
107,5296.344011
108,5266.772289
109,5271.083999
110,5320.947490
111,5275.814286
112,5324.228368
113,5487.605721
114,5373.724803
115,5390.670429
116,5451.832082
117,5360.067508
118,5355.004604
119,5374.197676
120,5322.651603
121,5399.465325
122,5382.612970
123,5434.403612
124,5368.698468
125,5395.472619
126,5374.843996
127,5449.294094
128,5530.398097
129,5618.671565
130,5623.045822
131,5529.902780
132,5556.462540
133,5582.960110
134,5492.740768
135,5648.399242
136,5651.679571
137,5626.765426
138,5690.535368
139,5694.856923
140,5661.299826
141,5522.323235
142,5643.623454
143,5564.244768
144,5621.040859
145,5631.196259
146,5628.706414
147,5712.795934
148,5719.272208
149,5629.946508
150,5595.247008
151,5638.723468
152,5695.581858
153,5671.045280
154,5706.973747
155,5739.644185
156,5725.843609
157,5661.568274
158,5752.855566
159,5704.895753
160,5687.941121
161,5665.693171
162,5717.804208
163,5705.938010
164,5734.788675
165,5760.945142
166,5761.160641
167,5784.202413
168,5765.342820
169,5789.670943
170,5771.149952
171,5774.206543
172,5795.483248
173,5799.002926
174,5780.182290
175,5775.810561
176,5798.993765
177,5801.452438
178,5808.493854
179,5807.146855
180,5815.630032
181,5787.411419
182,5780.331703
183,5765.263962
184,5795.975497
185,5804.185323
186,5815.630032
187,5815.630032
188,5815.630032
189,5815.630032
190,5806.973143
191,5804.155570
192,5815.630032
193,5815.630032
194,5794.239471
195,5797.552999
196,5815.630032
197,5799.070385
198,5796.930239
199,5815.630032
200,5815.630032
201,5815.630032
202,5801.044767
203,5808.763770
204,5808.763770
205,5815.630032
206,5815.630032
207,5815.630032
208,5815.630032
209,5815.630032
210,5815.630032
211,5815.630032
212,5815.630032
213,5815.630032
214,5815.630032
215,5815.630032
216,5815.630032
217,5815.630032
218,5815.630032
219,5815.630032
220,5815.630032
221,5815.630032
222,5815.630032
223,5815.630032
224,5815.630032
225,5815.630032
226,5815.630032
227,5815.630032
228,5815.630032
229,5815.630032
230,5815.630032
231,5815.630032
232,5815.630032
233,5815.630032
234,5815.630032
235,5815.630032
236,5815.630032
237,5815.630032
238,5815.630032
239,5815.630032
240,5815.630032
241,5815.630032
242,5815.630032
243,5815.630032
244,5815.630032
245,5815.630032
246,5815.630032
247,5815.630032
248,5815.630032
249,5815.630032
250,5815.630032
251,5815.630032
252,5815.630032
253,5815.630032
254,5815.630032
255,5815.630032
256,5815.630032
257,5806.953422
258,5815.630032
259,5815.630032
260,5815.630032
261,5815.630032
262,5815.630032
263,5815.630032
264,5815.630032
265,5815.630032
266,5815.630032
267,5815.630032
268,5815.630032
269,5815.630032
270,5815.630032
271,5815.630032
272,5815.630032
273,5815.630032
274,5815.630032
275,5815.630032
276,5815.630032
277,5815.630032
278,5815.630032
279,5815.630032
280,5815.630032
281,5815.630032
282,5815.630032
283,5815.630032
284,5815.630032
285,5815.630032
286,5815.630032
287,5815.630032
288,5815.630032
289,5815.630032
290,5815.630032
291,5815.630032
292,5815.630032
293,5815.630032
294,5815.630032
295,5815.630032
296,5815.630032
297,5815.630032
298,5815.630032
299,5815.630032
300,5815.630032
301,5815.630032
302,5815.630032
303,5815.630032
304,5815.630032
305,5815.630032
306,5815.630032
307,5815.630032
308,5815.630032
309,5815.630032
310,5815.630032
311,5815.630032
312,5815.630032
313,5815.630032
314,5815.630032
315,5815.630032
316,5815.630032
317,5815.630032
318,5815.630032
319,5815.630032
320,5815.630032
321,5815.630032
322,5815.630032
323,5815.630032
324,5815.630032
325,5815.630032
326,5815.630032
327,5815.630032
328,5815.630032
329,5815.630032
330,5815.630032
331,5815.630032
332,5815.630032
333,5815.630032
334,5815.630032
335,5815.630032
336,5815.630032
337,5815.630032
338,5815.630032
339,5815.630032
340,5815.630032
341,5815.630032
342,5815.630032
343,5815.630032
344,5815.630032
345,5815.630032
346,5815.630032
347,5809.517033
348,5815.630032
349,5815.630032
350,5815.630032
351,5815.630032
352,5815.630032
353,5815.630032
354,5815.630032
355,5815.630032
356,5815.630032
357,5815.630032
358,5815.630032
359,5815.630032
360,5815.630032
361,5815.630032
362,5815.630032
363,5815.630032
364,5815.630032
365,5815.630032
366,5815.630032
367,5815.630032
368,5815.630032
369,5815.630032
370,5815.630032
371,5815.630032
372,5815.630032
373,5815.630032
374,5815.630032
375,5797.736723
376,5815.630032
377,5815.630032
378,5815.630032
379,5815.630032
380,5815.630032
381,5815.630032
382,5815.630032
383,5815.630032
384,5815.630032
385,5815.630032
386,5815.630032
387,5815.630032
388,5815.630032
389,5815.630032
390,5815.630032
391,5815.630032
392,5815.630032
393,5815.630032
394,5815.630032
395,5815.630032
396,5815.630032
397,5815.630032
398,5815.630032
399,5815.630032
400,5815.630032
401,5815.630032
402,5815.630032
403,5815.630032
404,5815.630032
405,5815.630032
406,5815.630032
407,5815.630032
408,5815.630032
409,5815.630032
410,5815.630032
411,5815.630032
412,5815.630032
413,5815.630032
414,5815.630032
415,5815.630032
416,5815.630032
417,5815.630032
418,5815.630032
419,5815.630032
420,5815.630032
421,5815.630032
422,5815.630032
423,5815.630032
424,5815.630032
425,5815.630032
426,5815.630032
427,5815.630032
428,5815.630032
429,5815.630032
430,5815.630032
431,5815.630032
432,5815.630032
433,5815.630032
434,5815.630032
435,5815.630032
436,5815.630032
437,5815.630032
438,5815.630032
439,5815.630032
440,5815.630032
441,5815.630032
442,5815.630032
443,5815.630032
444,5815.630032
445,5815.630032
446,5815.630032
447,5815.630032
448,5815.630032
449,5815.630032
450,5815.630032
451,5815.630032
452,5815.630032
453,5815.630032
454,5815.630032
455,5815.630032
456,5815.630032
457,5815.630032
458,5815.630032
459,5815.630032
460,5815.630032
461,5815.630032
462,5815.630032
463,5815.630032
464,5815.630032
465,5815.630032
466,5815.630032
467,5815.630032
468,5815.630032
469,5815.630032
470,5815.630032
471,5815.630032
472,5815.630032
473,5815.630032
474,5815.630032
475,5815.630032
476,5815.630032
477,5815.630032
478,5815.630032
479,5815.630032
480,5815.630032
481,5815.630032
482,5815.630032
483,5815.630032
484,5815.630032
485,5815.630032
486,5815.630032
487,5815.630032
488,5815.630032
489,5815.630032
490,5815.630032
491,5815.630032
492,5815.630032
493,5815.630032
494,5815.630032
495,5815.630032
496,5815.630032
497,5815.630032
498,5815.630032
499,5815.630032
