0,3385.391427
1,3381.518599
2,3378.761440
3,3377.578535
4,3419.886672
5,3401.563433
6,3448.349965
7,3467.462436
8,3471.180835
9,3482.558574
10,3509.843534
11,3586.575780
12,3540.817400
13,3495.953831
14,3472.496335
15,3508.329643
16,3482.689265
17,3463.835715
18,3458.952228
19,3475.705867
20,3498.599291
21,3480.277042
22,3511.858808
23,3497.245555
24,3543.598731
25,3543.035038
26,3571.025758
27,3620.211697
28,3636.013883
29,3607.884851
30,3595.279232
31,3625.039177
32,3624.768183
33,3671.757735
34,3659.809784
35,3667.589687
36,3675.513529
37,3659.665642
38,3658.584542
39,3662.929560
40,3655.982693
41,3631.016393
42,3640.658093
43,3643.207730
44,3669.783426
45,3682.539791
46,3709.979174
47,3734.160113
48,3717.369461
49,3717.453025
50,3722.847836
51,3757.568277
52,3762.789195
53,3805.713950
54,3789.732926
55,3789.953911
56,3798.063604
57,3812.699438
58,3816.562772
59,3827.629117
60,3802.747928
61,3859.078277
62,3896.105274
63,3874.726283
64,3884.299093
65,3889.248688
66,3897.231361
67,3919.063175
68,3918.683797
69,3941.772924
70,3956.986145
71,3925.017269
72,3889.790634
73,3893.871793
74,3911.133752
75,3917.398269
76,3956.764860
77,3937.131419
78,3927.405546
79,3959.425870
80,3933.491015
81,3961.090760
82,3978.211422
83,3979.931711
84,3993.315691
85,3972.289044
86,3963.373634
87,3966.384800
88,3960.503119
89,4033.006120
90,4048.299434
91,4049.178523
92,4058.200793
93,4017.295740
94,4032.798231
95,4080.192788
96,4130.346385
97,4127.022216
98,4093.218426
99,4129.866662
100,4152.554170
101,4265.179111
102,4321.689013
103,4365.962744
104,4435.848762
105,4506.099518
106,4519.016083
107,4610.312209
108,4761.777377
109,4828.377788
110,4855.192782
111,4915.017232
112,5003.558846
113,5004.181115
114,5018.102419
115,5010.564233
116,5033.401855
117,5030.880421
118,5078.544621
119,5079.489982
120,5124.274631
121,5116.774478
122,5137.578512
123,5144.365914
124,5187.066509
125,5204.152605
126,5187.950983
127,5263.244858
128,5261.074360
129,5259.616193
130,5270.596165
131,5295.033393
132,5277.485072
133,5330.293518
134,5369.978946
135,5355.965225
136,5363.231935
137,5374.664967
138,5423.304640
139,5434.919569
140,5479.585290
141,5505.646546
142,5581.749589
143,5621.905440
144,5658.930615
145,5684.077293
146,5695.751636
147,5747.909185
148,5766.562384
149,5781.046226
150,5807.977906
151,5824.125453
152,5791.091618
153,5850.049523
154,5845.200685
155,5830.599234
156,5852.089130
157,5839.715475
158,5827.091987
159,5829.007404
160,5851.146014
161,5875.153762
162,5897.049062
163,5898.781486
164,5902.505641
165,5936.132095
166,5947.921554
167,5975.041903
168,5973.097923
169,5968.007119
170,5987.916779
171,5971.024788
172,5967.163405
173,5978.506550
174,5989.413900
175,5996.903174
176,5993.889327
177,5992.910377
178,6028.052793
179,6055.383791
180,6075.158237
181,6065.850642
182,6063.551772
183,6081.353788
184,6088.515063
185,6073.039082
186,6076.708270
187,6069.283335
188,6075.758311
189,6085.868055
190,6079.625151
191,6078.634297
192,6082.119435
193,6106.731032
194,6114.242559
195,6108.616973
196,6110.936699
197,6106.739511
198,6108.717338
199,6115.544670
200,6126.898412
201,6126.445491
202,6144.098050
203,6174.748910
204,6198.301851
205,6239.405606
206,6276.429336
207,6296.221982
208,6309.443819
209,6319.285545
210,6314.327679
211,6319.800933
212,6324.033025
213,6326.853097
214,6324.814100
215,6331.320923
216,6335.756164
217,6335.191751
218,6336.712984
219,6337.744208
220,6343.594956
221,6346.269525
222,6340.130395
223,6341.797655
224,6344.255826
225,6344.203738
226,6343.694092
227,6353.615019
228,6354.166283
229,6364.691756
230,6362.190050
231,6365.769577
232,6374.342592
233,6374.155016
234,6366.596904
235,6370.927937
236,6377.936518
237,6379.932731
238,6382.369756
239,6379.604750
240,6388.523666
241,6384.449445
242,6390.607551
243,6391.453831
244,6387.250233
245,6397.791167
246,6398.566202
247,6397.123969
248,6399.797380
249,6397.585812
250,6398.070729
251,6399.587600
252,6400.814355
253,6406.241728
254,6402.616947
255,6405.903054
256,6409.609306
257,6411.389352
258,6406.085860
259,6409.246496
260,6412.647375
261,6412.189609
262,6410.934868
263,6405.085065
264,6412.502364
265,6409.502093
266,6409.284507
267,6409.581077
268,6407.254313
269,6408.758288
270,6407.621209
271,6404.189348
272,6405.051504
273,6403.540129
274,6410.963523
275,6409.393582
276,6412.828731
277,6409.741561
278,6410.066779
279,6411.205865
280,6406.464356
281,6410.056286
282,6408.406460
283,6412.861775
284,6408.143565
285,6410.772572
286,6411.687639
287,6412.940135
288,6412.183511
289,6415.369485
290,6410.465197
291,6412.915640
292,6416.051229
293,6410.307671
294,6408.583052
295,6412.961190
296,6412.702827
297,6415.501542
298,6406.062640
299,6412.603355
300,6415.186306
301,6408.964001
302,6412.320988
303,6412.494623
304,6413.709986
305,6415.170185
306,6415.121400
307,6416.418891
308,6415.726531
309,6420.626749
310,6423.490235
311,6428.812712
312,6430.320156
313,6428.729835
314,6432.925374
315,6432.554278
316,6427.227132
317,6436.676698
318,6443.278947
319,6443.751191
320,6447.348849
321,6447.407083
322,6441.126039
323,6446.760993
324,6443.224752
325,6446.033159
326,6445.522999
327,6447.737388
328,6449.884900
329,6452.538609
330,6451.010884
331,6447.850809
332,6447.417449
333,6448.228616
334,6448.025170
335,6445.200226
336,6453.196091
337,6452.895033
338,6449.302693
339,6451.254903
340,6453.714135
341,6451.951892
342,6448.461728
343,6445.856766
344,6450.456610
345,6446.652926
346,6448.864478
347,6447.563519
348,6450.897041
349,6453.517200
350,6447.685286
351,6452.639451
352,6452.172095
353,6454.886843
354,6451.697784
355,6453.494384
356,6453.273277
357,6451.680867
358,6452.938171
359,6450.572968
360,6449.692364
361,6451.135424
362,6450.558677
363,6450.533578
364,6453.584952
365,6450.448346
366,6451.514076
367,6450.456056
368,6453.024355
369,6449.504867
370,6448.134401
371,6452.659429
372,6451.651745
373,6452.224519
374,6449.175642
375,6448.616552
376,6448.760559
377,6455.131825
378,6446.243954
379,6449.392677
380,6453.488605
381,6446.300906
382,6448.338931
383,6452.156283
384,6450.093512
385,6452.448455
386,6451.306404
387,6451.020501
388,6448.833952
389,6448.212134
390,6453.182117
391,6449.525200
392,6452.334343
393,6451.578646
394,6452.634785
395,6450.260463
396,6452.809064
397,6453.934317
398,6453.151456
399,6451.827318
400,6448.051427
401,6451.484964
402,6446.743616
403,6444.640979
404,6455.012725
405,6454.472224
406,6453.737652
407,6453.561075
408,6451.944625
409,6459.352861
410,6462.429102
411,6463.765520
412,6472.057039
413,6473.716246
414,6480.244873
415,6484.357528
416,6488.445122
417,6490.014712
418,6496.966522
419,6497.541506
420,6503.171472
421,6508.120678
422,6507.021332
423,6503.500560
424,6509.034324
425,6508.714834
426,6505.673838
427,6509.944506
428,6508.557890
429,6510.860866
430,6533.331680
431,6614.031987
432,6711.761401
433,6765.560218
434,6781.980978
435,6790.174835
436,6787.895529
437,6789.676264
438,6789.224937
439,6789.042328
440,6792.526347
441,6787.175808
442,6785.701516
443,6783.933568
444,6785.919241
445,6791.758981
446,6794.277213
447,6790.049995
448,6787.104226
449,6786.499506
450,6782.411771
451,6790.304593
452,6794.277213
453,6792.727274
454,6791.787185
455,6784.586370
456,6789.771010
457,6788.732209
458,6791.325727
459,6790.585437
460,6791.007280
461,6790.918823
462,6793.082383
463,6793.672039
464,6787.342177
465,6788.084005
466,6793.847966
467,6789.263755
468,6788.825487
469,6789.997179
470,6788.204366
471,6789.766209
472,6792.402083
473,6797.115860
474,6794.481590
475,6796.388572
476,6790.037535
477,6789.723256
478,6793.059166
479,6791.763520
480,6787.110884
481,6795.083446
482,6791.718204
483,6796.999708
484,6797.874483
485,6785.111065
486,6796.470814
487,6794.546446
488,6793.131170
489,6798.467893
490,6795.007535
491,6794.136790
492,6797.946920
493,6792.213991
494,6799.277729
495,6796.718626
496,6796.976609
497,6796.399765
498,6800.541358
499,6793.190381
