0,3381.634408
1,6715.260419
2,6999.502529
3,7141.327252
4,7319.807219
5,7332.023046
6,7476.376489
7,7531.353282
8,7572.777833
9,7639.055676
10,7753.105419
11,7804.294309
12,7856.333809
13,7897.433854
14,7925.256360
15,7986.800224
16,8004.809548
17,8001.418598
18,8053.178403
19,8141.067719
20,8205.090785
21,8188.070992
22,8256.980231
23,8332.071825
24,8300.793250
25,8376.508543
26,8424.686535
27,8433.532843
28,8381.536153
29,8434.707372
30,8464.154104
31,8541.134066
32,8656.280801
33,8664.650223
34,8734.690196
35,8842.438386
36,8839.556997
37,8922.772638
38,8897.029811
39,9038.941591
40,9076.726549
41,9091.547704
42,9166.306504
43,9275.714405
44,9256.176719
45,9429.717010
46,9333.525797
47,9462.826611
48,9525.804251
49,9449.540912
50,9603.602157
51,9563.586768
52,9544.341751
53,9476.209408
54,9660.378962
55,9620.878592
56,9768.151464
57,9712.125730
58,9665.951353
59,9829.713800
60,9928.113138
61,9806.247409
62,9964.021621
63,9895.635204
64,9803.216214
65,9916.117036
66,9958.701746
67,9870.348855
68,9845.318683
69,9883.639301
70,9977.846482
71,10008.813926
72,10099.818017
73,10081.468046
74,10105.764339
75,10007.598909
76,10162.999124
77,10087.016988
78,9994.845875
79,10118.721389
80,10114.212814
81,10218.128397
82,10034.989209
83,10218.673168
84,10184.286873
85,10071.689093
86,10188.676796
87,10117.308219
88,10106.142804
89,10166.385565
90,10222.911171
91,10162.782524
92,10305.844229
93,10106.027806
94,10295.495111
95,10118.417956
96,10148.383244
97,10259.172643
98,10239.924657
99,10334.162731
100,10265.844816
101,10263.809463
102,10142.135028
103,10222.673995
104,10173.971379
105,10272.314504
106,10281.555425
107,10312.559595
108,10286.901892
109,10221.137729
110,10161.969472
111,10193.199635
112,10240.447529
113,10236.795619
114,10191.270989
115,10317.749240
116,10166.920244
117,10172.394399
118,10195.985896
119,10178.370038
120,10299.977501
121,10242.270218
122,10359.547999
123,10075.211392
124,10158.854722
125,10185.216025
126,10179.895573
127,10295.805792
128,10281.639798
129,10237.233855
130,10144.249374
131,10346.850370
132,10294.933029
133,10191.479233
134,10198.998763
135,10184.005423
136,10268.426072
137,10172.242465
138,10181.344308
139,10121.854081
140,10201.749429
141,10207.034613
142,10221.366143
143,10250.520634
144,10453.192021
145,10468.047700
146,10439.113509
147,10385.986031
148,10312.846704
149,10295.942293
150,10355.323961
151,10090.419030
152,10207.130334
153,10247.246685
154,10298.524357
155,10450.215312
156,10345.218608
157,10331.538827
158,10354.124680
159,10513.948942
160,10524.900066
161,10603.337120
162,10447.758361
163,10528.463609
164,10380.030403
165,10572.609759
166,10610.443683
167,10480.544065
168,10630.491135
169,10648.808953
170,10456.516314
171,10447.384349
172,10460.963640
173,10455.716311
174,10479.098306
175,10415.528301
176,10464.065477
177,10289.211042
178,10351.605452
179,10521.786872
180,10496.567427
181,10497.188360
182,10562.074618
183,10535.520408
184,10441.945037
185,10561.267923
186,10312.817227
187,10362.431196
188,10532.767044
189,10284.789283
190,10482.512599
191,10442.145096
192,10340.773866
193,10315.863213
194,10538.892147
195,10390.720963
196,10494.181633
197,10479.956096
198,10546.274631
199,10712.356961
200,10711.839343
201,10611.698631
202,10498.389934
203,10567.731023
204,10421.466477
205,10498.666292
206,10566.960879
207,10524.997114
208,10502.123517
209,10602.562357
210,10697.873115
211,10642.420325
212,10513.094873
213,10435.373819
214,10493.911406
215,10559.170294
216,10398.453998
217,10495.039266
218,10503.236156
219,10642.941104
220,10633.782939
221,10606.704267
222,10410.164731
223,10403.013595
224,10540.671047
225,10414.632033
226,10647.024720
227,10584.555048
228,10623.943863
229,10503.352343
230,10511.834863
231,10733.966667
232,10677.193132
233,10501.615794
234,10417.311339
235,10447.641975
236,10432.458372
237,10517.497534
238,10611.558579
239,10609.431467
240,10518.226749
241,10467.449281
242,10572.679650
243,10658.489036
244,10614.761658
245,10483.370240
246,10344.896114
247,10554.251401
248,10569.673763
249,10614.435127
250,10412.559828
251,10334.132295
252,10374.581355
253,10563.451800
254,10543.500681
255,10613.110518
256,10556.829473
257,10421.984062
258,10339.582846
259,10363.801398
260,10482.721544
261,10550.601574
262,10488.151325
263,10449.070161
264,10549.970671
265,10592.455385
266,10471.778874
267,10572.030084
268,10465.362570
269,10587.618066
270,10517.802706
271,10535.513167
272,10486.448936
273,10291.207772
274,10514.645596
275,10438.528761
276,10628.263383
277,10557.779673
278,10571.896942
279,10417.645275
280,10381.434276
281,10391.732200
282,10469.032020
283,10531.084229
284,10584.901027
285,10566.894520
286,10597.628522
287,10566.343873
288,10474.691068
289,10540.623243
290,10657.372800
291,10606.042305
292,10563.239186
293,10451.414507
294,10555.045878
295,10385.726046
296,10471.841073
297,10649.845503
298,10543.989579
299,10546.721211
300,10570.582857
301,10522.939011
302,10519.969034
303,10620.165896
304,10512.003267
305,10602.288521
306,10583.988232
307,10570.291616
308,10559.506422
309,10444.486976
310,10532.848465
311,10454.416512
312,10511.682916
313,10486.126382
314,10456.864741
315,10559.956761
316,10451.663941
317,10597.202723
318,10590.171673
319,10504.471960
320,10433.426868
321,10397.482513
322,10371.637682
323,10396.111717
324,10581.291361
325,10436.564775
326,10407.438044
327,10537.023426
328,10652.181316
329,10463.627212
330,10586.458252
331,10611.097566
332,10443.317122
333,10542.132147
334,10634.640570
335,10495.202002
336,10561.831265
337,10444.484355
338,10396.859791
339,10627.453576
340,10599.101389
341,10588.408158
342,10471.965583
343,10452.109413
344,10288.269863
345,10486.586680
346,10440.640359
347,10275.259862
348,10420.299806
349,10450.044621
350,10709.001522
351,10607.371743
352,10626.900177
353,10668.118438
354,10410.717087
355,10441.132396
356,10445.894185
357,10450.789649
358,10602.198428
359,10537.089924
360,10428.106170
361,10504.960302
362,10435.321500
363,10501.116440
364,10693.652627
365,10546.314051
366,10430.271224
367,10674.901759
368,10545.144406
369,10645.186289
370,10504.205215
371,10439.558929
372,10414.856731
373,10620.884706
374,10818.197623
375,10880.938193
376,10709.108226
377,10763.464410
378,10638.319428
379,10700.327619
380,10608.674131
381,10651.540182
382,10864.777430
383,10575.736979
384,10832.027153
385,10810.596745
386,10759.476451
387,10486.219914
388,10619.001756
389,10621.390106
390,10578.700371
391,10780.629383
392,10704.724810
393,10506.518899
394,10540.425802
395,10553.930137
396,10594.245584
397,10733.308671
398,10740.891107
399,10831.141949
400,10713.557704
401,10554.839708
402,10650.431280
403,10614.762840
404,10894.021015
405,10550.809782
406,10595.156575
407,10624.040442
408,10602.684168
409,10566.104989
410,10678.405805
411,10737.085748
412,10636.140963
413,10788.481360
414,10745.814270
415,10616.723354
416,10691.898158
417,10649.588196
418,10648.327144
419,10690.083678
420,10518.811025
421,10629.130661
422,10745.408013
423,10718.311726
424,10593.526832
425,10577.329998
426,10461.258723
427,10537.983785
428,10647.972672
429,10542.037826
430,10585.285609
431,10689.056411
432,10761.123277
433,10571.760574
434,10618.397890
435,10587.435893
436,10749.627383
437,10450.104907
438,10586.299288
439,10467.069336
440,10599.321825
441,10583.302280
442,10502.579244
443,10744.231089
444,10829.852451
445,10587.450114
446,10786.189870
447,10645.812973
448,10732.270401
449,10842.634723
450,10786.207945
451,10792.277509
452,10707.946892
453,10488.864033
454,10596.720843
455,10724.714558
456,10804.222311
457,10733.921416
458,10871.533380
459,10763.708828
460,10820.144609
461,10819.381695
462,10591.957432
463,10646.236034
464,10620.746995
465,10700.541719
466,10638.989142
467,10661.557356
468,10814.515798
469,10607.648847
470,10548.046269
471,10575.618324
472,10703.575878
473,10851.615452
474,10508.511356
475,10585.433363
476,10596.702688
477,10648.650296
478,10709.551368
479,10908.495360
480,10803.763622
481,10833.215152
482,10783.526735
483,10687.154282
484,10722.242387
485,10827.186347
486,10656.925894
487,10487.660121
488,10623.701881
489,10704.832579
490,10731.342512
491,10902.764160
492,10840.200120
493,10663.278415
494,10745.361753
495,10471.700190
496,10521.437352
497,10672.028261
498,10766.441983
499,10782.186049
