0,3373.719504
1,3399.164828
2,3439.726732
3,3436.541212
4,3492.312985
5,3532.080010
6,3522.931460
7,3518.507914
8,3570.904440
9,3580.178149
10,3586.249227
11,3575.732613
12,3551.050017
13,3559.531169
14,3577.330635
15,3561.815718
16,3584.242655
17,3583.093958
18,3574.628725
19,3558.887054
20,3479.019818
21,3498.508431
22,3512.957648
23,3491.511725
24,3520.551113
25,3503.525888
26,3526.390000
27,3540.904410
28,3515.753689
29,3466.043268
30,3434.084519
31,3488.764122
32,3506.036989
33,3521.618709
34,3525.377166
35,3561.984802
36,3579.975920
37,3548.122899
38,3546.964158
39,3598.446649
40,3600.012854
41,3601.390415
42,3587.504583
43,3560.455200
44,3601.391016
45,3577.273381
46,3563.298666
47,3567.285968
48,3574.178780
49,3589.349508
50,3556.295266
51,3555.339493
52,3566.405433
53,3585.905121
54,3565.303116
55,3578.149132
56,3548.537059
57,3568.680014
58,3479.806079
59,3431.551868
60,3445.460008
61,3448.745000
62,3472.225392
63,3547.466374
64,3571.922665
65,3619.178044
66,3596.325059
67,3559.227984
68,3636.049735
69,3632.584532
70,3594.126254
71,3592.796952
72,3586.364870
73,3567.674142
74,3526.518112
75,3515.313959
76,3514.828461
77,3513.053988
78,3559.814758
79,3522.887318
80,3569.641169
81,3556.455499
82,3516.240585
83,3485.169888
84,3523.708297
85,3496.081256
86,3499.181892
87,3480.351020
88,3477.353838
89,3511.361333
90,3504.598593
91,3555.990932
92,3563.698722
93,3549.726597
94,3541.463758
95,3607.106910
96,3599.591953
97,3519.256488
98,3505.107921
99,3484.663452
100,3541.238334
101,3535.679841
102,3572.315276
103,3574.103145
104,3572.858868
105,3525.407704
106,3525.175355
107,3499.008362
108,3492.224170
109,3537.986049
110,3513.239836
111,3530.196482
112,3526.737200
113,3559.489851
114,3543.676401
115,3522.833067
116,3515.502807
117,3502.541257
118,3526.775058
119,3519.721469
120,3533.652617
121,3509.243454
122,3504.107840
123,3554.786576
124,3547.817269
125,3551.148448
126,3518.894682
127,3450.088784
128,3510.633512
129,3511.622647
130,3559.064495
131,3555.402106
132,3555.420599
133,3498.813669
134,3490.591176
135,3500.896286
136,3493.970362
137,3526.809283
138,3509.727083
139,3530.115251
140,3488.478337
141,3536.993064
142,3525.501654
143,3475.386786
144,3530.911317
145,3500.857981
146,3519.638048
147,3533.530016
148,3550.925879
149,3520.693508
150,3523.221757
151,3555.575584
152,3493.842924
153,3529.242925
154,3536.575177
155,3576.029565
156,3528.729570
157,3525.029001
158,3524.009818
159,3508.746644
160,3464.953515
161,3471.849057
162,3514.379069
163,3501.661665
164,3518.454034
165,3530.658261
166,3559.307894
167,3546.944357
168,3531.362595
169,3579.857851
170,3570.264933
171,3563.714268
172,3534.492757
173,3533.506935
174,3593.718851
175,3576.598083
176,3629.125302
177,3627.098952
178,3617.913539
179,3593.922517
180,3525.551859
181,3516.666478
182,3514.103168
183,3549.385041
184,3541.614032
185,3575.390362
186,3571.640066
187,3547.614364
188,3637.098352
189,3606.954294
190,3575.196031
191,3523.673245
192,3532.352391
193,3556.653152
194,3528.981756
195,3591.170971
196,3576.761960
197,3540.811922
198,3522.350076
199,3515.845910
200,3522.066489
201,3522.581923
202,3515.830572
203,3549.293243
204,3581.824428
205,3567.013961
206,3556.244365
207,3540.023244
208,3546.339649
209,3493.598895
210,3500.835201
211,3515.451111
212,3506.773250
213,3556.584820
214,3628.389205
215,3655.186994
216,3656.768571
217,3564.888053
218,3519.869400
219,3542.686590
220,3529.843701
221,3489.116399
222,3517.014279
223,3480.085498
224,3451.151202
225,3446.302718
226,3428.190378
227,3458.605581
228,3476.424184
229,3497.509090
230,3533.947967
231,3529.295034
232,3512.412211
233,3519.014278
234,3494.777163
235,3496.574058
236,3509.344537
237,3555.023249
238,3503.333590
239,3489.551945
240,3458.774608
241,3487.535511
242,3560.368559
243,3576.971476
244,3578.876912
245,3570.609281
246,3563.114659
247,3623.089522
248,3491.850954
249,3547.805725
250,3525.520843
251,3490.590034
252,3546.864558
253,3549.666922
254,3542.643156
255,3535.857974
256,3541.256209
257,3537.234058
258,3517.491700
259,3544.860988
260,3573.302097
261,3607.986783
262,3590.155130
263,3540.514900
264,3545.736781
265,3487.014684
266,3573.612055
267,3587.787828
268,3596.004220
269,3566.757330
270,3527.625188
271,3523.551635
272,3512.480344
273,3480.747871
274,3485.996342
275,3497.619537
276,3473.920290
277,3458.664502
278,3435.505861
279,3504.128135
280,3527.831092
281,3540.394690
282,3571.473420
283,3569.933644
284,3496.037745
285,3549.544738
286,3555.318533
287,3572.937474
288,3574.572849
289,3462.964145
290,3487.908685
291,3480.804233
292,3526.239353
293,3536.916020
294,3526.347320
295,3457.521088
296,3502.193794
297,3496.788921
298,3476.736108
299,3505.506192
300,3508.933895
301,3518.005479
302,3503.693416
303,3507.970310
304,3481.520143
305,3499.891143
306,3544.247828
307,3531.281658
308,3545.993309
309,3496.293110
310,3515.894770
311,3471.604328
312,3468.252871
313,3518.065787
314,3534.805579
315,3576.191067
316,3609.700219
317,3607.160548
318,3593.896308
319,3566.650524
320,3592.268025
321,3531.339954
322,3472.761643
323,3449.541279
324,3503.324651
325,3486.935199
326,3395.580035
327,3393.700495
328,3415.536421
329,3420.339849
330,3471.827009
331,3485.802644
332,3446.138144
333,3428.727246
334,3458.485956
335,3501.165748
336,3582.622856
337,3583.986441
338,3552.095001
339,3476.469001
340,3507.475048
341,3492.533414
342,3487.981216
343,3433.802809
344,3458.284461
345,3510.446014
346,3442.790945
347,3459.152459
348,3425.837298
349,3459.290508
350,3461.765329
351,3485.883736
352,3479.828220
353,3538.401532
354,3494.545914
355,3535.910912
356,3521.498915
357,3539.015112
358,3531.346691
359,3572.638727
360,3595.593526
361,3590.201054
362,3600.484177
363,3604.939853
364,3650.195720
365,3668.231794
366,3630.265671
367,3591.338597
368,3554.933962
369,3587.227034
370,3556.853919
371,3550.141840
372,3525.671484
373,3515.988679
374,3475.066929
375,3509.687144
376,3468.774745
377,3487.591635
378,3484.858144
379,3482.444458
380,3485.070723
381,3484.795596
382,3478.538827
383,3489.901355
384,3465.695566
385,3453.139148
386,3477.036005
387,3508.691307
388,3526.305877
389,3526.186171
390,3543.024652
391,3547.055300
392,3573.448188
393,3505.277166
394,3517.115877
395,3556.413453
396,3510.844547
397,3522.895600
398,3478.627613
399,3538.003979
400,3516.572099
401,3583.323116
402,3562.468300
403,3499.684960
404,3504.763056
405,3481.258366
406,3447.343292
407,3438.740768
408,3525.104346
409,3552.384391
410,3500.436988
411,3561.963080
412,3524.602694
413,3498.264667
414,3454.987806
415,3514.735046
416,3499.582401
417,3507.808783
418,3554.869664
419,3596.096859
420,3540.903333
421,3518.456571
422,3491.488326
423,3511.636363
424,3482.089194
425,3528.779287
426,3546.998725
427,3522.665831
428,3539.472257
429,3552.330801
430,3531.032834
431,3577.971203
432,3599.522337
433,3622.311907
434,3631.928314
435,3581.927053
436,3570.288309
437,3601.918782
438,3565.233567
439,3501.455954
440,3532.082360
441,3526.670318
442,3485.672224
443,3564.193853
444,3558.317428
445,3543.834790
446,3528.628437
447,3575.632041
448,3607.907932
449,3596.302977
450,3551.478717
451,3522.383321
452,3505.291182
453,3509.806820
454,3435.836621
455,3473.992402
456,3468.137923
457,3485.321515
458,3436.066166
459,3456.076420
460,3448.318435
461,3466.332530
462,3506.772424
463,3541.633470
464,3579.917940
465,3579.008458
466,3603.980527
467,3641.897359
468,3595.138652
469,3617.866926
470,3636.818151
471,3665.636532
472,3649.630447
473,3638.899310
474,3574.723006
475,3554.152895
476,3542.293017
477,3578.418046
478,3588.148380
479,3558.066196
480,3506.001704
481,3516.488348
482,3508.843329
483,3527.577033
484,3510.004969
485,3494.840633
486,3513.145640
487,3526.558188
488,3510.352949
489,3541.681375
490,3507.746122
491,3512.533058
492,3512.187676
493,3520.820215
494,3479.007104
495,3529.782422
496,3548.673484
497,3546.620454
498,3597.190981
499,3587.990477
