0,3379.756344
1,6776.733034
2,7116.109494
3,7304.119737
4,7519.436624
5,7655.889533
6,7800.729329
7,7958.137015
8,8094.818324
9,8262.306192
10,8411.499563
11,8490.417468
12,8542.042352
13,8661.532727
14,8751.379429
15,8861.384779
16,8960.830420
17,8959.131131
18,9105.613925
19,9134.503825
20,9194.902595
21,9285.408389
22,9336.642968
23,9343.132144
24,9426.613520
25,9607.296012
26,9614.700932
27,9742.498476
28,9795.325725
29,9889.262512
30,9953.625586
31,10128.568192
32,10073.392606
33,10151.522985
34,10227.154558
35,10224.289059
36,10347.585344
37,10446.560021
38,10448.534958
39,10424.789771
40,10587.983219
41,10640.631817
42,10744.004120
43,10602.164983
44,10679.981172
45,10679.015317
46,10741.156333
47,10692.859376
48,10787.654191
49,10768.780551
50,10863.134481
51,10870.001933
52,10863.057404
53,10990.531418
54,10968.378889
55,11083.224532
56,11163.672642
57,11085.908883
58,11135.677799
59,11175.186421
60,11206.047488
61,11333.731952
62,11279.304967
63,11403.086484
64,11416.395493
65,11254.947784
66,11257.849712
67,11434.008686
68,11443.099499
69,11340.215225
70,11437.496781
71,11422.576032
72,11234.453370
73,11249.090506
74,11475.257267
75,11386.776432
76,11284.980306
77,11342.896742
78,11400.607408
79,11390.581795
80,11475.813967
81,11498.113633
82,11562.722255
83,11567.850113
84,11543.132870
85,11456.757805
86,11497.358525
87,11536.217273
88,11563.260345
89,11689.353558
90,11526.731972
91,11429.809046
92,11533.389906
93,11424.758053
94,11451.604365
95,11392.657062
96,11329.783802
97,11510.799399
98,11543.196455
99,11525.780639
100,11485.862881
101,11465.411312
102,11515.771923
103,11420.255359
104,11575.709654
105,11553.297023
106,11517.401125
107,11488.341830
108,11572.103874
109,11666.537971
110,11578.805122
111,11577.106430
112,11734.900639
113,11601.873606
114,11386.056344
115,11583.650796
116,11477.195947
117,11672.781370
118,11711.938675
119,11845.220077
120,11621.962348
121,11517.484353
122,11714.372155
123,11758.111345
124,11719.404540
125,11671.810607
126,11701.235578
127,11777.128117
128,11810.202968
129,11750.997799
130,11622.487213
131,11749.810665
132,11758.879618
133,11750.395541
134,11867.738610
135,11885.201986
136,11896.122165
137,11853.224719
138,11748.899889
139,11735.783678
140,11610.283434
141,11804.091235
142,11840.945801
143,11838.245089
144,11973.251661
145,11940.104484
146,11999.555605
147,11880.157981
148,11834.411844
149,11930.396073
150,12064.711849
151,12075.643583
152,12020.295902
153,11992.952111
154,12136.834740
155,12115.970619
156,12207.155816
157,12158.871001
158,12103.589091
159,12096.202332
160,12122.784691
161,12146.182562
162,12180.583057
163,12141.549150
164,12153.860889
165,12215.949285
166,12223.687274
167,12228.203148
168,12182.901526
169,12219.227575
170,12313.814752
171,12252.222772
172,12184.554993
173,12176.162369
174,12266.616059
175,12330.663589
176,12263.117917
177,12275.101566
178,12356.274974
179,12255.022180
180,12357.574072
181,12336.478114
182,12351.963169
183,12325.343306
184,12334.974047
185,12407.583454
186,12365.660396
187,12367.923919
188,12366.180680
189,12374.518829
190,12394.666229
191,12363.679768
192,12388.462730
193,12405.237227
194,12390.055118
195,12393.716061
196,12414.717171
197,12443.763294
198,12444.521967
199,12456.209539
200,12431.210000
201,12429.845240
202,12444.802763
203,12441.265073
204,12443.253511
205,12443.336721
206,12443.959175
207,12408.699428
208,12450.348156
209,12450.934710
210,12457.799177
211,12450.424478
212,12444.137416
213,12463.759388
214,12456.017924
215,12463.759388
216,12457.258845
217,12450.292165
218,12457.418298
219,12456.327393
220,12463.759388
221,12457.358218
222,12463.759388
223,12463.759388
224,12456.641686
225,12463.759388
226,12457.220662
227,12463.759388
228,12448.680647
229,12450.317551
230,12463.759388
231,12463.759388
232,12463.759388
233,12463.759388
234,12463.759388
235,12463.759388
236,12463.759388
237,12463.759388
238,12463.759388
239,12463.759388
240,12456.841794
241,12463.759388
242,12463.759388
243,12463.759388
244,12463.759388
245,12463.759388
246,12463.759388
247,12463.759388
248,12457.799177
249,12463.759388
250,12456.852024
251,12463.759388
252,12456.445567
253,12463.759388
254,12463.759388
255,12463.759388
256,12463.759388
257,12463.759388
258,12463.759388
259,12463.759388
260,12463.759388
261,12463.759388
262,12463.759388
263,12457.133699
264,12463.759388
265,12463.759388
266,12463.759388
267,12463.759388
268,12457.001868
269,12463.759388
270,12463.759388
271,12463.759388
272,12456.916908
273,12463.759388
274,12463.759388
275,12463.759388
276,12463.759388
277,12463.759388
278,12456.240880
279,12463.759388
280,12463.759388
281,12463.759388
282,12463.759388
283,12463.759388
284,12463.759388
285,12463.759388
286,12456.901944
287,12463.759388
288,12463.759388
289,12463.759388
290,12463.759388
291,12463.759388
292,12463.759388
293,12463.759388
294,12457.115067
295,12457.612197
296,12463.759388
297,12463.759388
298,12457.220662
299,12463.759388
300,12451.127328
301,12463.759388
302,12463.759388
303,12463.759388
304,12456.151325
305,12463.759388
306,12463.759388
307,12457.418298
308,12463.759388
309,12463.759388
310,12463.759388
311,12463.759388
312,12463.759388
313,12463.759388
314,12463.759388
315,12456.641686
316,12463.759388
317,12463.759388
318,12463.759388
319,12463.759388
320,12463.759388
321,12463.759388
322,12456.361075
323,12463.759388
324,12463.759388
325,12456.852024
326,12457.435253
327,12463.759388
328,12463.759388
329,12463.759388
330,12463.759388
331,12463.759388
332,12463.759388
333,12457.418298
334,12463.759388
335,12457.174043
336,12457.097718
337,12463.759388
338,12457.220662
339,12463.759388
340,12463.759388
341,12450.937608
342,12463.759388
343,12463.759388
344,12456.930320
345,12456.561057
346,12463.759388
347,12463.759388
348,12457.418298
349,12463.759388
350,12463.759388
351,12463.759388
352,12463.759388
353,12463.759388
354,12463.759388
355,12463.759388
356,12463.759388
357,12456.901944
358,12463.759388
359,12463.759388
360,12456.901944
361,12463.759388
362,12463.759388
363,12463.759388
364,12463.759388
365,12457.121233
366,12456.539036
367,12463.759388
368,12463.759388
369,12463.759388
370,12463.759388
371,12463.759388
372,12463.759388
373,12463.759388
374,12463.759388
375,12457.123931
376,12457.042774
377,12463.759388
378,12449.118748
379,12463.759388
380,12463.759388
381,12463.759388
382,12463.759388
383,12463.759388
384,12463.759388
385,12463.759388
386,12457.697332
387,12463.759388
388,12463.759388
389,12463.759388
390,12463.759388
391,12457.166180
392,12463.759388
393,12463.759388
394,12463.759388
395,12456.585659
396,12463.759388
397,12456.722886
398,12463.759388
399,12463.759388
400,12463.759388
401,12463.759388
402,12463.759388
403,12463.759388
404,12463.759388
405,12463.759388
406,12463.759388
407,12457.799177
408,12463.759388
409,12457.174043
410,12463.759388
411,12457.057569
412,12463.759388
413,12463.759388
414,12457.133699
415,12463.759388
416,12463.759388
417,12457.261727
418,12463.759388
419,12463.759388
420,12463.759388
421,12463.759388
422,12463.759388
423,12463.759388
424,12463.759388
425,12463.759388
426,12463.759388
427,12463.759388
428,12463.759388
429,12463.759388
430,12463.759388
431,12463.759388
432,12450.580102
433,12463.759388
434,12463.759388
435,12463.759388
436,12463.759388
437,12463.759388
438,12463.759388
439,12463.759388
440,12463.759388
441,12463.759388
442,12449.200845
443,12463.759388
444,12463.759388
445,12456.209539
446,12463.759388
447,12463.759388
448,12463.759388
449,12463.759388
450,12463.759388
451,12456.394018
452,12463.759388
453,12463.759388
454,12463.759388
455,12463.759388
456,12463.759388
457,12463.759388
458,12463.759388
459,12457.281922
460,12463.759388
461,12463.759388
462,12463.759388
463,12450.104477
464,12463.759388
465,12444.489638
466,12463.759388
467,12463.759388
468,12463.759388
469,12463.759388
470,12457.260363
471,12463.759388
472,12463.759388
473,12456.930320
474,12450.258815
475,12463.759388
476,12456.873450
477,12463.759388
478,12463.759388
479,12457.435253
480,12457.123931
481,12463.759388
482,12463.759388
483,12463.759388
484,12463.759388
485,12463.759388
486,12463.759388
487,12463.759388
488,12463.759388
489,12463.759388
490,12463.759388
491,12463.759388
492,12456.394018
493,12463.759388
494,12463.759388
495,12463.759388
496,12463.759388
497,12463.759388
498,12463.759388
499,12463.759388
