0,3388.725571
1,6757.897496
2,7094.764260
3,7294.679696
4,7482.640580
5,7546.672834
6,7746.083943
7,7878.670682
8,8031.799302
9,8182.548153
10,8280.338104
11,8427.176039
12,8510.749171
13,8620.852370
14,8732.330590
15,8790.419731
16,8873.663000
17,8944.172352
18,9025.089953
19,9066.277188
20,9122.620758
21,9235.977080
22,9288.044893
23,9320.371674
24,9384.517290
25,9455.113771
26,9536.719219
27,9613.314805
28,9708.828250
29,9752.698012
30,9858.962441
31,9859.650997
32,10014.103763
33,10080.900727
34,10211.069230
35,10176.238154
36,10320.880713
37,10414.366853
38,10610.796960
39,10503.305641
40,10639.222428
41,10578.028881
42,10763.337599
43,10629.782452
44,10777.890785
45,10889.837605
46,11035.857403
47,10991.863834
48,10889.433478
49,10948.917073
50,10974.139664
51,11086.599471
52,11032.080042
53,11146.071180
54,11086.929176
55,11225.071721
56,11291.690584
57,11254.989346
58,11355.248761
59,11344.457243
60,11469.012195
61,11470.289203
62,11320.949392
63,11399.494643
64,11442.285757
65,11524.293136
66,11509.001423
67,11443.694538
68,11595.143180
69,11549.561734
70,11519.560658
71,11361.459128
72,11406.632272
73,11405.293555
74,11508.342586
75,11491.652699
76,11450.141149
77,11550.000373
78,11509.423746
79,11520.985525
80,11664.677020
81,11599.233242
82,11563.651314
83,11435.042684
84,11477.817641
85,11593.783226
86,11562.953964
87,11617.860943
88,11569.746591
89,11492.396157
90,11668.625935
91,11557.730500
92,11482.405997
93,11530.354835
94,11574.501162
95,11622.847097
96,11676.366982
97,11500.355956
98,11459.606071
99,11474.944293
100,11534.778825
101,11479.422939
102,11732.294003
103,11670.154791
104,11641.241226
105,11636.059753
106,11505.618028
107,11525.034871
108,11804.054495
109,11674.900519
110,11797.628781
111,11766.257777
112,11805.501930
113,11668.775433
114,11592.464241
115,11808.571192
116,11837.653435
117,11619.996798
118,11733.139226
119,11795.099518
120,11837.560900
121,11667.352033
122,11725.919384
123,11725.012204
124,11637.288519
125,11797.171970
126,11677.175578
127,11793.608441
128,11968.543218
129,11851.131109
130,11987.537275
131,11848.983151
132,11843.861762
133,11846.683288
134,12037.753392
135,11843.137673
136,11994.576721
137,11831.930198
138,11830.540000
139,12018.894645
140,11986.828869
141,12074.316573
142,11980.549421
143,11957.163016
144,12101.686611
145,12000.515661
146,12054.073856
147,12061.464345
148,11999.761770
149,12059.300611
150,12141.648458
151,12130.029542
152,12128.285476
153,12096.507561
154,12117.540316
155,12129.397338
156,12160.741619
157,12220.014118
158,12256.180972
159,12215.870445
160,12333.697236
161,12311.746135
162,12269.620097
163,12308.184572
164,12232.738784
165,12258.263953
166,12352.534981
167,12380.012894
168,12356.427845
169,12344.443302
170,12343.011403
171,12334.623841
172,12305.951531
173,12280.656738
174,12402.584272
175,12402.935550
176,12375.998027
177,12431.883806
178,12376.369953
179,12397.525945
180,12426.375356
181,12433.483887
182,12465.156688
183,12408.514019
184,12443.380093
185,12470.656904
186,12459.227829
187,12493.682307
188,12447.888075
189,12477.249153
190,12493.853607
191,12474.479672
192,12449.449730
193,12493.501681
194,12498.639129
195,12483.897469
196,12504.419972
197,12523.622245
198,12491.133036
199,12526.520695
200,12506.179538
201,12513.857611
202,12498.204278
203,12498.927246
204,12492.901098
205,12524.772033
206,12529.255401
207,12540.525215
208,12542.679365
209,12541.490744
210,12542.322104
211,12535.118980
212,12549.209445
213,12507.146592
214,12527.132802
215,12542.218258
216,12549.209445
217,12535.471449
218,12542.035071
219,12549.209445
220,12542.679365
221,12542.413330
222,12549.209445
223,12549.209445
224,12549.209445
225,12541.761797
226,12549.209445
227,12549.209445
228,12549.209445
229,12549.209445
230,12549.209445
231,12549.209445
232,12549.209445
233,12549.209445
234,12549.209445
235,12549.209445
236,12549.209445
237,12549.209445
238,12535.054462
239,12549.209445
240,12549.209445
241,12549.209445
242,12549.209445
243,12549.209445
244,12549.209445
245,12549.209445
246,12542.051927
247,12549.209445
248,12549.209445
249,12542.566628
250,12549.209445
251,12525.909252
252,12527.206534
253,12541.969951
254,12549.209445
255,12549.209445
256,12541.768148
257,12549.209445
258,12549.209445
259,12549.209445
260,12549.209445
261,12549.209445
262,12549.209445
263,12549.209445
264,12549.209445
265,12540.658803
266,12549.209445
267,12549.209445
268,12549.209445
269,12549.209445
270,12549.209445
271,12549.209445
272,12549.209445
273,12549.209445
274,12549.209445
275,12549.209445
276,12549.209445
277,12549.209445
278,12549.209445
279,12549.209445
280,12549.209445
281,12549.209445
282,12549.209445
283,12549.209445
284,12549.209445
285,12549.209445
286,12549.209445
287,12549.209445
288,12549.209445
289,12549.209445
290,12549.209445
291,12549.209445
292,12541.456398
293,12549.209445
294,12549.209445
295,12549.209445
296,12542.243311
297,12528.583409
298,12549.209445
299,12549.209445
300,12542.432708
301,12542.134035
302,12549.209445
303,12549.209445
304,12549.209445
305,12549.209445
306,12549.209445
307,12549.209445
308,12549.209445
309,12549.209445
310,12549.209445
311,12542.133708
312,12549.209445
313,12542.133708
314,12542.732031
315,12549.209445
316,12542.368179
317,12549.209445
318,12549.209445
319,12549.209445
320,12549.209445
321,12549.209445
322,12549.209445
323,12549.209445
324,12542.243311
325,12549.209445
326,12549.209445
327,12549.209445
328,12549.209445
329,12549.209445
330,12549.209445
331,12549.209445
332,12549.209445
333,12542.426235
334,12549.209445
335,12542.488300
336,12549.209445
337,12549.209445
338,12549.209445
339,12549.209445
340,12549.209445
341,12549.209445
342,12549.209445
343,12549.209445
344,12542.488300
345,12549.209445
346,12549.209445
347,12549.209445
348,12549.209445
349,12549.209445
350,12549.209445
351,12549.209445
352,12549.209445
353,12542.075135
354,12549.209445
355,12549.209445
356,12549.209445
357,12549.209445
358,12541.969951
359,12549.209445
360,12549.209445
361,12542.243311
362,12549.209445
363,12549.209445
364,12549.209445
365,12549.209445
366,12549.209445
367,12549.209445
368,12549.209445
369,12542.071481
370,12549.209445
371,12549.209445
372,12549.209445
373,12549.209445
374,12549.209445
375,12549.209445
376,12542.732031
377,12549.209445
378,12549.209445
379,12549.209445
380,12549.209445
381,12542.732031
382,12549.209445
383,12549.209445
384,12549.209445
385,12549.209445
386,12549.209445
387,12549.209445
388,12541.917518
389,12541.635792
390,12549.209445
391,12549.209445
392,12549.209445
393,12549.209445
394,12542.277444
395,12549.209445
396,12549.209445
397,12549.209445
398,12549.209445
399,12542.432708
400,12549.209445
401,12549.209445
402,12549.209445
403,12549.209445
404,12541.749807
405,12549.209445
406,12542.432708
407,12549.209445
408,12542.071481
409,12549.209445
410,12549.209445
411,12549.209445
412,12549.209445
413,12549.209445
414,12542.694812
415,12549.209445
416,12549.209445
417,12549.209445
418,12549.209445
419,12549.209445
420,12549.209445
421,12549.209445
422,12542.133708
423,12549.209445
424,12549.209445
425,12549.209445
426,12549.209445
427,12541.984605
428,12549.209445
429,12549.209445
430,12549.209445
431,12549.209445
432,12549.209445
433,12549.209445
434,12549.209445
435,12549.209445
436,12549.209445
437,12549.209445
438,12549.209445
439,12549.209445
440,12549.209445
441,12549.209445
442,12549.209445
443,12549.209445
444,12549.209445
445,12542.432708
446,12549.209445
447,12549.209445
448,12549.209445
449,12541.984605
450,12549.209445
451,12549.209445
452,12549.209445
453,12542.173386
454,12549.209445
455,12549.209445
456,12549.209445
457,12549.209445
458,12549.209445
459,12542.732031
460,12541.761797
461,12549.209445
462,12549.209445
463,12549.209445
464,12549.209445
465,12542.421878
466,12549.209445
467,12549.209445
468,12542.432708
469,12549.209445
470,12549.209445
471,12549.209445
472,12549.209445
473,12541.456398
474,12549.209445
475,12549.209445
476,12534.671407
477,12549.209445
478,12549.209445
479,12549.209445
480,12549.209445
481,12549.209445
482,12549.209445
483,12541.848390
484,12549.209445
485,12549.209445
486,12542.116089
487,12549.209445
488,12549.209445
489,12549.209445
490,12549.209445
491,12541.630190
492,12549.209445
493,12549.209445
494,12549.209445
495,12549.209445
496,12549.209445
497,12549.209445
498,12549.209445
499,12549.209445
