0,3353.004671
1,3434.725179
2,3497.853377
3,3630.476743
4,3719.170883
5,3778.471413
6,3816.896847
7,3888.333324
8,3932.837424
9,3963.056538
10,4012.845125
11,4048.347310
12,4057.926823
13,4108.627466
14,4155.913339
15,4182.412502
16,4239.365404
17,4287.286304
18,4339.563883
19,4357.829255
20,4423.494432
21,4457.909203
22,4429.171840
23,4425.535592
24,4450.477731
25,4456.766344
26,4487.780738
27,4518.043695
28,4586.224436
29,4587.623412
30,4610.002321
31,4692.681731
32,4697.483961
33,4708.950883
34,4782.948295
35,4827.445490
36,4902.058257
37,4939.040032
38,4959.638434
39,4972.367032
40,5023.704636
41,5077.232340
42,5108.272787
43,5111.511012
44,5116.695714
45,5122.934789
46,5156.862228
47,5152.714254
48,5180.232438
49,5210.446624
50,5201.472516
51,5203.987461
52,5246.893151
53,5256.521613
54,5274.494868
55,5282.185102
56,5300.020396
57,5320.826756
58,5312.273301
59,5309.896007
60,5305.820675
61,5325.280503
62,5323.899061
63,5328.846998
64,5330.931337
65,5353.253597
66,5360.421371
67,5353.933946
68,5354.980350
69,5330.609411
70,5347.989993
71,5347.585473
72,5314.986789
73,5282.914006
74,5310.704893
75,5321.877674
76,5355.111314
77,5358.513789
78,5354.530581
79,5391.862496
80,5386.671963
81,5389.355492
82,5419.726359
83,5403.080623
84,5412.636277
85,5410.897382
86,5411.639681
87,5434.878999
88,5445.179243
89,5459.401932
90,5471.634339
91,5411.364892
92,5440.111349
93,5446.210030
94,5520.746548
95,5527.622011
96,5515.366097
97,5533.443621
98,5523.833348
99,5554.172554
100,5573.778946
101,5605.772099
102,5582.404112
103,5605.952652
104,5616.751090
105,5657.461024
106,5671.171432
107,5672.214888
108,5717.643621
109,5678.714768
110,5733.546254
111,5765.623503
112,5799.425834
113,5802.205814
114,5787.188252
115,5787.123001
116,5779.752979
117,5757.086071
118,5803.957348
119,5822.438732
120,5868.564185
121,5848.087869
122,5838.194591
123,5858.107755
124,5877.933021
125,5834.040602
126,5851.328559
127,5855.840401
128,5893.026906
129,5899.056545
130,5880.797062
131,5881.291865
132,5897.374582
133,5878.530097
134,5886.356456
135,5869.338165
136,5907.617980
137,5914.586018
138,5948.723700
139,5962.202582
140,5959.362341
141,5942.152612
142,5911.652028
143,5924.826357
144,5952.586109
145,5945.899934
146,5957.868122
147,5944.326137
148,5936.400235
149,5953.481560
150,5923.780360
151,5942.055043
152,5940.616257
153,5939.287684
154,5955.871109
155,5964.923755
156,5974.528870
157,5967.728164
158,5958.070173
159,5995.020166
160,5993.352029
161,5958.666397
162,5979.520651
163,5990.870992
164,5964.619088
165,6017.649706
166,6017.140183
167,6036.587885
168,6032.783787
169,6036.124299
170,6077.648677
171,6114.484372
172,6141.894136
173,6138.351967
174,6156.365510
175,6202.333384
176,6207.665043
177,6230.240189
178,6231.958591
179,6243.922098
180,6239.717740
181,6244.984328
182,6243.120213
183,6227.013308
184,6233.775389
185,6251.531064
186,6258.438664
187,6247.896128
188,6261.706687
189,6261.810521
190,6280.719457
191,6272.368119
192,6278.593756
193,6269.086904
194,6276.160486
195,6287.968371
196,6267.820705
197,6271.968099
198,6284.264491
199,6288.098094
200,6275.089423
201,6303.489307
202,6297.825992
203,6297.246895
204,6294.110975
205,6306.640318
206,6288.192751
207,6299.528442
208,6305.453278
209,6308.364144
210,6301.568566
211,6301.021532
212,6302.501964
213,6304.377217
214,6315.346186
215,6308.638331
216,6312.004750
217,6318.430703
218,6314.202748
219,6314.206927
220,6322.957408
221,6325.432374
222,6335.497739
223,6336.593731
224,6330.981672
225,6341.064773
226,6344.715635
227,6344.139282
228,6350.361211
229,6348.625152
230,6355.207268
231,6347.915871
232,6355.725296
233,6355.891789
234,6358.277584
235,6357.537897
236,6363.276666
237,6363.885878
238,6364.261741
239,6364.238408
240,6358.846710
241,6355.738474
242,6360.662608
243,6353.185298
244,6358.578557
245,6354.670329
246,6364.274785
247,6362.501430
248,6360.025124
249,6366.406266
250,6365.453953
251,6358.285669
252,6361.243299
253,6364.115015
254,6358.266471
255,6361.768533
256,6362.900287
257,6363.997601
258,6363.095732
259,6364.864076
260,6364.152788
261,6363.894971
262,6366.618927
263,6367.351764
264,6364.417273
265,6362.205333
266,6360.986845
267,6367.523166
268,6364.203044
269,6369.317201
270,6370.743844
271,6382.730988
272,6382.981417
273,6391.087138
274,6389.352310
275,6402.009757
276,6412.330796
277,6404.567300
278,6416.529616
279,6414.394685
280,6426.455761
281,6429.370464
282,6426.686179
283,6423.242070
284,6422.818451
285,6419.896213
286,6420.454999
287,6418.501656
288,6423.054495
289,6421.677773
290,6430.752176
291,6429.649317
292,6422.877633
293,6428.161785
294,6425.010545
295,6418.408783
296,6420.786887
297,6418.347064
298,6428.196313
299,6431.914983
300,6429.236702
301,6421.646749
302,6424.596401
303,6430.522365
304,6432.721716
305,6421.705390
306,6427.170352
307,6424.637090
308,6413.599982
309,6412.244124
310,6421.400460
311,6421.595955
312,6418.391200
313,6414.479199
314,6424.732855
315,6426.553764
316,6424.172275
317,6419.949518
318,6418.091357
319,6421.681151
320,6415.918370
321,6424.443145
322,6421.717256
323,6420.503439
324,6420.950906
325,6418.585305
326,6417.261050
327,6409.641735
328,6418.470259
329,6416.107217
330,6413.319882
331,6418.547598
332,6415.034854
333,6422.685722
334,6426.488864
335,6427.101083
336,6426.227902
337,6423.555221
338,6425.130563
339,6417.650088
340,6418.047727
341,6412.887244
342,6422.544351
343,6416.927635
344,6418.630859
345,6419.996971
346,6422.478147
347,6425.572733
348,6429.998219
349,6424.540454
350,6424.249904
351,6424.090128
352,6428.529041
353,6419.778376
354,6419.791115
355,6421.805438
356,6420.239266
357,6423.084255
358,6423.597272
359,6417.688971
360,6417.854488
361,6422.701486
362,6422.664428
363,6419.595332
364,6420.831264
365,6421.227868
366,6412.223715
367,6412.942109
368,6426.267626
369,6428.551867
370,6429.136602
371,6420.463822
372,6423.558387
373,6429.273050
374,6427.400570
375,6429.276081
376,6432.430237
377,6432.556443
378,6432.425544
379,6426.777976
380,6431.847062
381,6429.470121
382,6434.543693
383,6427.875174
384,6433.695145
385,6438.459162
386,6427.844228
387,6435.438493
388,6435.007210
389,6438.532712
390,6448.992540
391,6446.287444
392,6445.869073
393,6450.250995
394,6445.393141
395,6449.895348
396,6455.095090
397,6463.907123
398,6474.667963
399,6475.604694
400,6485.276950
401,6479.301086
402,6486.180605
403,6493.253976
404,6495.476094
405,6488.367847
406,6492.042912
407,6490.302164
408,6497.829769
409,6499.232919
410,6495.687008
411,6496.923461
412,6497.602775
413,6491.000008
414,6495.258723
415,6492.246447
416,6486.394321
417,6498.377342
418,6496.003360
419,6482.261164
420,6495.411548
421,6500.298761
422,6494.045372
423,6494.047291
424,6492.673372
425,6500.432505
426,6499.713303
427,6502.782247
428,6501.882414
429,6503.072917
430,6496.451655
431,6497.823982
432,6500.792468
433,6497.675538
434,6494.255146
435,6489.810941
436,6486.620409
437,6503.785416
438,6505.648995
439,6505.981730
440,6507.545681
441,6506.711465
442,6515.706705
443,6517.234369
444,6520.953960
445,6519.495658
446,6531.118036
447,6521.465905
448,6530.065003
449,6533.460869
450,6540.575594
451,6534.653812
452,6543.550653
453,6542.961049
454,6543.286062
455,6540.941863
456,6539.396709
457,6546.204539
458,6547.424141
459,6545.240856
460,6545.774683
461,6530.485890
462,6537.420013
463,6537.006803
464,6540.940254
465,6547.639888
466,6546.530137
467,6545.455565
468,6545.901896
469,6545.529479
470,6538.563629
471,6545.770422
472,6541.702686
473,6545.127929
474,6536.790883
475,6538.940848
476,6544.339045
477,6542.339138
478,6544.144414
479,6540.621127
480,6534.675428
481,6545.545727
482,6543.566194
483,6551.084757
484,6543.631564
485,6545.760545
486,6549.264660
487,6543.943243
488,6543.206494
489,6550.163574
490,6552.050650
491,6546.041283
492,6550.900947
493,6547.365005
494,6554.161561
495,6552.331575
496,6552.319437
497,6547.963931
498,6550.427081
499,6545.005928
