0,3322.827691
1,3555.118286
2,3727.956315
3,3855.683603
4,3974.123805
5,4082.940674
6,4185.762183
7,4279.138718
8,4371.873864
9,4416.134520
10,4506.260640
11,4578.898117
12,4641.850793
13,4704.255110
14,4789.046673
15,4848.750977
16,4934.083091
17,5033.525530
18,5127.719154
19,5215.173710
20,5273.425279
21,5395.079458
22,5448.034435
23,5512.524916
24,5534.110433
25,5578.359813
26,5565.868477
27,5563.056658
28,5584.736337
29,5588.143398
30,5569.550894
31,5590.697457
32,5597.384875
33,5615.379434
34,5645.515976
35,5634.421688
36,5637.907934
37,5645.151578
38,5652.688179
39,5686.362355
40,5705.004350
41,5710.579512
42,5722.137510
43,5739.447026
44,5756.970352
45,5739.999486
46,5744.881417
47,5719.633762
48,5716.514189
49,5716.110631
50,5738.128763
51,5740.071763
52,5721.819538
53,5751.684117
54,5719.194920
55,5717.753319
56,5734.111691
57,5746.087770
58,5774.607257
59,5770.693650
60,5771.479651
61,5735.645555
62,5774.220497
63,5774.491751
64,5780.422852
65,5769.304646
66,5754.401603
67,5794.613399
68,5782.647893
69,5760.831707
70,5721.856417
71,5743.720359
72,5749.455493
73,5756.774710
74,5752.822090
75,5773.319869
76,5730.206653
77,5751.455797
78,5753.525046
79,5787.322249
80,5773.414404
81,5769.952793
82,5727.118023
83,5754.826001
84,5753.187585
85,5757.029476
86,5757.211368
87,5780.686576
88,5768.025550
89,5780.066195
90,5789.410191
91,5783.528099
92,5789.267921
93,5764.898375
94,5761.394584
95,5791.671189
96,5759.636786
97,5792.847244
98,5780.030700
99,5756.032063
100,5772.851739
101,5752.011915
102,5785.181739
103,5768.397602
104,5752.616658
105,5717.628802
106,5754.941812
107,5776.903996
108,5746.280498
109,5756.401605
110,5734.182287
111,5740.441578
112,5782.702134
113,5799.207968
114,5773.934046
115,5781.144260
116,5787.516849
117,5802.600650
118,5778.095576
119,5764.749748
120,5751.340476
121,5787.657120
122,5767.544101
123,5743.651329
124,5766.431565
125,5770.511868
126,5785.583852
127,5775.336105
128,5775.295216
129,5808.251995
130,5786.682609
131,5799.595329
132,5785.771474
133,5795.693648
134,5789.891741
135,5776.215121
136,5803.501373
137,5765.594444
138,5785.485752
139,5788.024411
140,5786.518642
141,5785.865256
142,5800.247250
143,5797.934720
144,5793.369087
145,5799.169657
146,5790.937313
147,5803.173517
148,5794.511836
149,5797.909837
150,5806.101206
151,5817.134124
152,5809.232116
153,5789.844616
154,5802.232585
155,5810.916488
156,5802.931212
157,5820.261260
158,5812.384350
159,5806.626721
160,5790.534441
161,5804.897065
162,5810.131860
163,5809.351268
164,5819.558144
165,5804.849885
166,5798.951746
167,5796.190740
168,5803.287548
169,5809.745799
170,5804.013175
171,5820.005016
172,5817.519659
173,5823.746773
174,5815.326096
175,5812.830945
176,5820.921259
177,5817.796654
178,5816.536117
179,5811.296416
180,5819.920634
181,5825.003441
182,5824.237766
183,5818.397119
184,5822.525329
185,5819.480429
186,5810.735652
187,5821.901466
188,5821.441559
189,5819.166291
190,5823.009793
191,5825.432906
192,5825.432906
193,5821.070422
194,5825.432906
195,5819.034538
196,5819.519108
197,5824.513735
198,5825.432906
199,5819.277597
200,5825.003441
201,5824.973321
202,5822.136890
203,5822.532021
204,5823.866326
205,5825.432906
206,5825.003441
207,5825.432906
208,5818.224894
209,5822.526858
210,5825.432906
211,5824.218154
212,5825.432906
213,5824.573976
214,5824.187155
215,5823.746773
216,5824.513735
217,5825.432906
218,5825.432906
219,5825.432906
220,5825.003441
221,5822.204047
222,5825.432906
223,5825.432906
224,5825.432906
225,5825.432906
226,5825.432906
227,5825.432906
228,5823.358153
229,5825.432906
230,5825.432906
231,5825.432906
232,5822.400391
233,5825.432906
234,5825.432906
235,5825.432906
236,5825.432906
237,5825.432906
238,5825.432906
239,5825.432906
240,5825.432906
241,5824.218154
242,5824.973321
243,5825.432906
244,5825.432906
245,5825.432906
246,5825.432906
247,5825.432906
248,5825.003441
249,5825.432906
250,5825.432906
251,5824.973321
252,5825.432906
253,5825.432906
254,5825.432906
255,5825.432906
256,5823.022135
257,5825.003441
258,5825.432906
259,5824.973321
260,5825.432906
261,5825.432906
262,5825.432906
263,5824.218154
264,5825.432906
265,5825.432906
266,5824.217275
267,5825.432906
268,5825.432906
269,5825.432906
270,5825.432906
271,5825.003441
272,5825.432906
273,5825.432906
274,5825.432906
275,5825.432906
276,5825.432906
277,5825.432906
278,5824.646740
279,5825.432906
280,5825.432906
281,5825.432906
282,5825.432906
283,5825.432906
284,5823.827519
285,5821.331718
286,5825.432906
287,5825.432906
288,5824.973321
289,5824.973321
290,5825.432906
291,5825.003441
292,5824.973321
293,5825.432906
294,5824.237766
295,5825.432906
296,5825.003441
297,5825.432906
298,5825.432906
299,5825.432906
300,5822.631125
301,5825.432906
302,5825.432906
303,5825.003441
304,5824.973321
305,5822.875061
306,5825.432906
307,5825.432906
308,5825.432906
309,5825.432906
310,5824.973321
311,5825.432906
312,5825.432906
313,5825.432906
314,5825.432906
315,5824.973321
316,5825.003441
317,5825.432906
318,5825.432906
319,5825.432906
320,5825.432906
321,5825.432906
322,5825.432906
323,5825.432906
324,5825.432906
325,5824.646740
326,5825.432906
327,5825.003441
328,5824.646740
329,5825.003441
330,5823.866326
331,5825.432906
332,5825.432906
333,5825.432906
334,5825.432906
335,5825.432906
336,5825.432906
337,5825.432906
338,5825.432906
339,5825.432906
340,5825.432906
341,5824.217275
342,5825.432906
343,5825.432906
344,5825.432906
345,5825.432906
346,5825.432906
347,5824.973321
348,5824.197705
349,5824.973321
350,5825.432906
351,5825.432906
352,5825.432906
353,5824.513735
354,5824.973321
355,5825.432906
356,5825.432906
357,5825.432906
358,5825.432906
359,5825.432906
360,5825.432906
361,5824.217275
362,5824.543856
363,5823.281375
364,5825.432906
365,5825.432906
366,5825.432906
367,5825.432906
368,5825.432906
369,5825.432906
370,5825.432906
371,5825.432906
372,5825.432906
373,5825.432906
374,5825.432906
375,5825.432906
376,5825.432906
377,5825.432906
378,5825.003441
379,5825.432906
380,5825.432906
381,5825.432906
382,5825.432906
383,5825.003441
384,5825.432906
385,5825.432906
386,5823.287188
387,5825.432906
388,5824.646740
389,5825.003441
390,5825.432906
391,5823.469378
392,5825.432906
393,5825.432906
394,5825.432906
395,5825.432906
396,5825.432906
397,5825.003441
398,5825.432906
399,5822.089774
400,5825.432906
401,5825.432906
402,5825.003441
403,5825.003441
404,5825.432906
405,5825.432906
406,5825.432906
407,5824.197705
408,5825.432906
409,5825.432906
410,5823.866326
411,5824.218154
412,5825.432906
413,5825.432906
414,5825.432906
415,5825.432906
416,5825.432906
417,5825.432906
418,5825.432906
419,5825.432906
420,5825.432906
421,5825.432906
422,5825.432906
423,5825.432906
424,5825.432906
425,5825.432906
426,5825.003441
427,5824.237766
428,5825.003441
429,5823.328224
430,5823.287188
431,5825.432906
432,5825.432906
433,5825.432906
434,5825.432906
435,5825.432906
436,5825.003441
437,5825.003441
438,5825.432906
439,5825.432906
440,5825.432906
441,5825.432906
442,5824.973321
443,5825.432906
444,5825.432906
445,5825.432906
446,5825.003441
447,5825.432906
448,5825.432906
449,5825.432906
450,5825.432906
451,5822.645910
452,5822.549120
453,5825.432906
454,5825.432906
455,5822.216445
456,5825.432906
457,5825.432906
458,5825.432906
459,5825.432906
460,5825.432906
461,5825.432906
462,5825.432906
463,5825.432906
464,5825.432906
465,5825.432906
466,5825.432906
467,5825.432906
468,5825.432906
469,5825.432906
470,5825.432906
471,5825.432906
472,5825.432906
473,5825.432906
474,5824.973321
475,5825.432906
476,5825.432906
477,5825.432906
478,5825.432906
479,5825.432906
480,5825.003441
481,5825.432906
482,5825.432906
483,5825.003441
484,5825.432906
485,5825.432906
486,5825.432906
487,5825.432906
488,5825.432906
489,5825.432906
490,5825.432906
491,5822.291106
492,5822.631800
493,5825.432906
494,5824.973321
495,5825.432906
496,5825.432906
497,5825.432906
498,5825.432906
499,5825.432906
