0,3343.414126
1,6653.006455
2,6920.449633
3,7122.289914
4,7296.999679
5,7431.661651
6,7574.267662
7,7668.130911
8,7800.245054
9,7876.087256
10,7997.697374
11,8085.086331
12,8198.598390
13,8271.166686
14,8395.698670
15,8470.561395
16,8482.252632
17,8585.509000
18,8674.952080
19,8744.712876
20,8799.828787
21,8882.917384
22,8878.831742
23,8941.212791
24,9028.077393
25,9033.799739
26,9119.031027
27,9106.667882
28,9188.147441
29,9195.507925
30,9189.007827
31,9218.903513
32,9252.396698
33,9308.310490
34,9302.436421
35,9352.808035
36,9427.497700
37,9418.114976
38,9449.839554
39,9493.285372
40,9551.273892
41,9490.942013
42,9525.079401
43,9577.642189
44,9579.088013
45,9649.275988
46,9691.891542
47,9763.004356
48,9763.678555
49,9831.105518
50,9831.261673
51,9879.662575
52,9874.889839
53,9963.094074
54,10031.335824
55,10074.660912
56,10160.292912
57,10247.945145
58,10194.726597
59,10301.379349
60,10385.879249
61,10420.033205
62,10383.303605
63,10489.170703
64,10534.335073
65,10621.044884
66,10698.640129
67,10713.061458
68,10761.621959
69,10722.153164
70,10895.026409
71,10787.398438
72,10813.348270
73,10851.617053
74,10908.078913
75,11038.617553
76,10889.676538
77,10923.000251
78,10959.204807
79,11026.175923
80,10995.870399
81,11028.991560
82,11002.933304
83,11046.671586
84,11020.197591
85,11052.343860
86,11008.471987
87,11064.008298
88,11168.907069
89,11092.729639
90,11018.768585
91,11092.982987
92,11119.817476
93,11120.084272
94,11072.548377
95,11145.083681
96,11146.757626
97,11074.937483
98,11106.735472
99,11101.680197
100,11192.726567
101,11166.662065
102,11073.444350
103,11105.726362
104,11203.446576
105,11227.926353
106,11128.743710
107,11195.719565
108,11186.732998
109,11252.740407
110,11237.302108
111,11310.015094
112,11258.835243
113,11224.748000
114,11215.346900
115,11230.210058
116,11231.141840
117,11361.312483
118,11316.047204
119,11261.945172
120,11310.391501
121,11256.466692
122,11202.658468
123,11251.664512
124,11066.829669
125,11169.104382
126,11191.570213
127,11355.260907
128,11266.712022
129,11155.599077
130,11325.513904
131,11258.418189
132,11229.753563
133,11243.029894
134,11093.665460
135,11195.941142
136,11190.195731
137,11186.229745
138,11254.387936
139,11244.143644
140,11222.662331
141,11212.176192
142,11316.721726
143,11186.865150
144,11367.030714
145,11369.347256
146,11243.736977
147,11260.257220
148,11268.530912
149,11260.514179
150,11310.247773
151,11304.634707
152,11334.098585
153,11218.153905
154,11226.942683
155,11154.493717
156,11250.828275
157,11242.457178
158,11255.252361
159,11182.737926
160,11172.977214
161,11149.930503
162,11221.074911
163,11273.388818
164,11244.105527
165,11234.042281
166,11287.772495
167,11424.086152
168,11390.524081
169,11291.250755
170,11276.834049
171,11232.667154
172,11201.137331
173,11209.868232
174,11282.695149
175,11173.007565
176,11279.155987
177,11241.599109
178,11264.735115
179,11246.636444
180,11324.574209
181,11255.243311
182,11156.642289
183,11241.254171
184,11250.624069
185,11279.773257
186,11277.061175
187,11301.735884
188,11329.620475
189,11238.068634
190,11233.933813
191,11221.365808
192,11199.244841
193,11151.139181
194,11206.433787
195,11252.244026
196,11396.564622
197,11337.970285
198,11300.935409
199,11298.305366
200,11299.877504
201,11365.591524
202,11331.630613
203,11261.824175
204,11312.343186
205,11326.223023
206,11341.786316
207,11272.914650
208,11153.904263
209,11243.459592
210,11119.377499
211,11204.798584
212,11302.399505
213,11222.889637
214,11240.486185
215,11353.856448
216,11334.451099
217,11258.528787
218,11178.546143
219,11236.728979
220,11228.558074
221,11281.322847
222,11347.455157
223,11262.625808
224,11168.138831
225,11177.128168
226,11233.910529
227,11214.130751
228,11328.351570
229,11291.663912
230,11348.517013
231,11187.341374
232,11210.573312
233,11261.607280
234,11203.841753
235,11278.672922
236,11385.243731
237,11327.185518
238,11238.284111
239,11311.495372
240,11299.119258
241,11156.188893
242,11265.267142
243,11359.821554
244,11415.044471
245,11310.479768
246,11194.957405
247,11324.908927
248,11281.421716
249,11296.142695
250,11257.890630
251,11326.475537
252,11261.902707
253,11293.885273
254,11215.124727
255,11350.947766
256,11300.441048
257,11205.085880
258,11140.434955
259,11239.227683
260,11276.503774
261,11319.514078
262,11364.403005
263,11275.084652
264,11311.714216
265,11188.694145
266,11328.436294
267,11210.478209
268,11285.068486
269,11354.433463
270,11396.307344
271,11265.029595
272,11306.344540
273,11240.096681
274,11247.834582
275,11271.100161
276,11216.320882
277,11269.398287
278,11325.301305
279,11289.101851
280,11352.720884
281,11189.029479
282,11308.142246
283,11257.258952
284,11241.509346
285,11218.010787
286,11310.065589
287,11221.991143
288,11237.126457
289,11259.622960
290,11294.230035
291,11330.819836
292,11295.805997
293,11415.380239
294,11201.470974
295,11242.150306
296,11330.087797
297,11359.841735
298,11400.181003
299,11259.068871
300,11215.306833
301,11211.736656
302,11134.084060
303,11306.782716
304,11284.286776
305,11262.429121
306,11387.516841
307,11187.569100
308,11347.492173
309,11356.011919
310,11169.201893
311,11157.251103
312,11383.067474
313,11212.822237
314,11308.034223
315,11307.512311
316,11256.257541
317,11351.764978
318,11239.922440
319,11376.241427
320,11302.815841
321,11258.257575
322,11338.830067
323,11214.218021
324,11277.755016
325,11222.617230
326,11220.012317
327,11192.602768
328,11230.963647
329,11324.157479
330,11407.874747
331,11295.085492
332,11377.957704
333,11431.180473
334,11323.036190
335,11266.625915
336,11187.719429
337,11300.668313
338,11214.363573
339,11201.023557
340,11162.446334
341,11244.571882
342,11209.628818
343,11268.927829
344,11251.235106
345,11214.645768
346,11182.516501
347,11140.547126
348,11286.788941
349,11225.729089
350,11280.099493
351,11314.608499
352,11301.877620
353,11351.926969
354,11266.554439
355,11234.201296
356,11247.469465
357,11317.379019
358,11230.261643
359,11363.611738
360,11416.700769
361,11294.786652
362,11308.804920
363,11203.752200
364,11178.455777
365,11300.056318
366,11232.430111
367,11292.419739
368,11289.669091
369,11185.863092
370,11201.148745
371,11218.795439
372,11164.018167
373,11282.092114
374,11183.474445
375,11230.212595
376,11191.941558
377,11453.080316
378,11259.192678
379,11417.829538
380,11374.248821
381,11400.137463
382,11315.997132
383,11372.305523
384,11320.959402
385,11349.521020
386,11143.333910
387,11193.243795
388,11144.147553
389,11322.804964
390,11248.501363
391,11216.065286
392,11269.025957
393,11341.361977
394,11349.012791
395,11312.944447
396,11334.002740
397,11387.890196
398,11233.989460
399,11307.651166
400,11315.864373
401,11332.753863
402,11247.602724
403,11239.898730
404,11277.701996
405,11245.751466
406,11385.358454
407,11242.505930
408,11353.450017
409,11212.803536
410,11302.568169
411,11280.433023
412,11291.697151
413,11239.077136
414,11282.702379
415,11383.495267
416,11296.327481
417,11372.163684
418,11252.380113
419,11216.605580
420,11356.543671
421,11313.505087
422,11394.958496
423,11227.875359
424,11342.341269
425,11292.143245
426,11343.802895
427,11257.712513
428,11449.962908
429,11290.157387
430,11228.640135
431,11169.025564
432,11263.487586
433,11250.323778
434,11324.219539
435,11241.390732
436,11197.354710
437,11246.165017
438,11233.133986
439,11265.891838
440,11354.287667
441,11243.047178
442,11358.189689
443,11335.765627
444,11248.396663
445,11223.956986
446,11188.078951
447,11219.791297
448,11188.069906
449,11296.421250
450,11209.371532
451,11279.650471
452,11294.932651
453,11259.859429
454,11300.011729
455,11292.697668
456,11276.639488
457,11286.452909
458,11423.395857
459,11416.199233
460,11423.251988
461,11288.021055
462,11251.756812
463,11234.976518
464,11157.745960
465,11276.061090
466,11199.820388
467,11245.014496
468,11208.515107
469,11367.341712
470,11358.992394
471,11320.185079
472,11346.676152
473,11316.013652
474,11317.783257
475,11262.543858
476,11289.068560
477,11320.891548
478,11281.531880
479,11329.179569
480,11261.203892
481,11183.929833
482,11324.550081
483,11324.369756
484,11255.872979
485,11197.947538
486,11062.420102
487,11173.526291
488,11212.985458
489,11272.464039
490,11271.016485
491,11250.579887
492,11235.513800
493,11272.267060
494,11343.115634
495,11286.860898
496,11277.374682
497,11270.207418
498,11217.121853
499,11299.780646
