0,3366.123832
1,6708.628183
2,7006.653797
3,7245.869919
4,7481.243362
5,7702.576791
6,7890.244561
7,8040.626480
8,8194.178132
9,8358.799537
10,8447.704583
11,8589.067418
12,8701.716244
13,8801.361512
14,8921.246751
15,9008.637980
16,9103.600914
17,9180.917909
18,9283.500839
19,9366.898677
20,9477.787070
21,9569.423846
22,9701.686952
23,9805.365834
24,9891.575142
25,9973.385691
26,10093.086625
27,10188.285834
28,10295.135982
29,10382.537111
30,10464.770125
31,10515.019279
32,10562.171003
33,10648.449605
34,10649.847796
35,10692.357223
36,10794.320618
37,10870.241529
38,10905.304506
39,10933.990944
40,10978.417434
41,11004.495197
42,11055.027775
43,11094.453592
44,11108.106280
45,11176.327573
46,11183.413898
47,11213.362077
48,11236.941567
49,11274.719537
50,11326.093133
51,11315.363296
52,11334.599806
53,11373.521430
54,11385.110279
55,11382.870492
56,11439.064421
57,11428.573388
58,11476.662666
59,11483.681875
60,11474.516311
61,11527.624001
62,11549.516788
63,11562.584760
64,11545.374936
65,11585.692139
66,11645.350793
67,11619.226888
68,11646.301146
69,11625.058639
70,11666.075878
71,11659.158308
72,11702.471091
73,11712.638804
74,11722.512011
75,11739.266323
76,11718.562739
77,11768.341741
78,11780.652238
79,11789.690960
80,11821.104184
81,11791.601052
82,11771.485727
83,11787.380136
84,11802.737782
85,11828.357189
86,11824.175536
87,11798.414208
88,11809.001054
89,11777.128783
90,11813.899511
91,11803.949526
92,11782.241829
93,11821.277284
94,11807.514985
95,11802.261384
96,11795.965301
97,11742.576765
98,11784.135325
99,11786.000712
100,11774.969426
101,11749.257146
102,11790.525743
103,11784.464172
104,11836.865121
105,11840.395163
106,11796.330499
107,11858.674132
108,11830.867159
109,11832.626346
110,11821.556442
111,11795.373788
112,11803.031590
113,11811.858578
114,11787.920553
115,11824.959529
116,11786.245744
117,11793.197651
118,11801.686612
119,11792.062924
120,11804.607795
121,11797.517874
122,11778.313690
123,11806.217598
124,11834.261367
125,11773.086982
126,11845.055096
127,11843.879465
128,11811.996614
129,11813.545811
130,11799.174691
131,11820.482299
132,11810.825183
133,11809.386681
134,11859.657118
135,11868.703158
136,11890.935391
137,11852.098542
138,11841.258110
139,11809.867789
140,11802.765759
141,11797.542256
142,11784.334300
143,11776.766215
144,11817.819542
145,11835.286943
146,11826.968073
147,11792.710617
148,11854.439426
149,11847.760118
150,11811.669967
151,11781.077358
152,11851.870197
153,11858.810035
154,11830.113744
155,11814.482265
156,11764.070192
157,11771.268506
158,11778.248945
159,11782.766506
160,11763.177165
161,11831.914099
162,11859.240190
163,11845.481956
164,11795.614511
165,11773.535577
166,11791.412016
167,11797.209351
168,11773.797006
169,11799.710740
170,11825.834610
171,11830.564574
172,11843.586223
173,11814.655245
174,11778.762592
175,11815.934994
176,11828.111747
177,11807.517770
178,11769.387368
179,11861.391879
180,11804.555571
181,11834.528401
182,11779.608101
183,11803.722427
184,11813.591724
185,11827.334612
186,11811.480044
187,11792.456883
188,11828.238182
189,11804.474200
190,11801.322116
191,11830.624080
192,11823.344725
193,11790.415755
194,11791.877257
195,11767.980821
196,11729.862186
197,11768.347835
198,11806.266005
199,11808.356718
200,11786.905159
201,11844.096123
202,11838.097688
203,11796.609537
204,11863.372312
205,11814.419965
206,11814.124877
207,11804.935159
208,11817.290686
209,11848.442163
210,11846.997255
211,11839.666454
212,11826.334436
213,11794.438369
214,11830.062314
215,11830.411346
216,11806.672584
217,11806.468044
218,11807.868095
219,11814.012700
220,11815.538257
221,11831.434570
222,11764.446767
223,11775.372489
224,11782.241031
225,11791.362377
226,11768.071967
227,11838.676709
228,11814.520709
229,11768.993296
230,11756.248090
231,11755.318798
232,11805.528006
233,11823.765497
234,11790.654542
235,11791.569484
236,11733.783768
237,11751.845074
238,11774.835954
239,11763.123339
240,11821.473634
241,11824.866415
242,11803.301212
243,11807.363083
244,11791.301514
245,11766.182120
246,11754.366324
247,11743.137364
248,11786.893744
249,11849.005445
250,11823.980691
251,11826.897142
252,11800.963908
253,11832.157429
254,11821.213044
255,11788.361964
256,11815.953516
257,11802.352198
258,11860.513117
259,11806.447630
260,11852.303458
261,11803.465763
262,11767.717350
263,11735.889486
264,11773.207503
265,11739.693875
266,11777.843745
267,11806.902898
268,11840.022131
269,11797.168954
270,11809.425220
271,11805.462910
272,11824.522440
273,11804.189297
274,11767.996659
275,11794.104995
276,11781.807044
277,11784.841697
278,11786.488836
279,11753.403688
280,11802.085282
281,11786.429098
282,11773.772470
283,11747.775533
284,11755.871972
285,11814.302955
286,11787.124979
287,11774.791719
288,11761.560451
289,11765.810313
290,11808.241787
291,11792.179189
292,11819.497293
293,11779.678577
294,11840.845783
295,11775.013676
296,11848.013651
297,11829.795213
298,11777.667402
299,11787.735278
300,11826.728676
301,11781.315022
302,11770.912810
303,11787.844818
304,11843.483275
305,11779.767245
306,11821.465947
307,11773.414058
308,11781.233242
309,11764.291708
310,11799.642651
311,11808.252923
312,11791.927351
313,11750.545642
314,11767.071217
315,11805.300768
316,11815.824604
317,11759.679747
318,11762.561736
319,11816.065535
320,11809.281659
321,11805.884299
322,11800.831379
323,11815.935933
324,11817.167958
325,11840.330056
326,11830.669694
327,11801.485457
328,11827.582574
329,11766.868440
330,11812.860771
331,11810.092571
332,11784.036952
333,11755.314979
334,11848.971358
335,11836.673877
336,11806.042988
337,11766.275501
338,11814.314037
339,11778.305354
340,11821.197673
341,11802.017139
342,11841.330627
343,11793.409141
344,11841.648115
345,11857.158531
346,11865.561953
347,11854.170403
348,11819.341500
349,11792.809788
350,11828.147145
351,11804.095606
352,11787.554864
353,11758.923154
354,11777.319198
355,11789.168882
356,11766.484335
357,11772.865732
358,11795.480328
359,11807.849242
360,11770.317181
361,11783.511041
362,11804.033116
363,11809.404947
364,11801.464746
365,11798.954521
366,11787.552355
367,11777.109742
368,11772.009893
369,11788.553783
370,11748.185814
371,11802.672823
372,11843.684843
373,11826.532203
374,11828.482670
375,11872.886900
376,11818.856586
377,11767.873312
378,11805.233174
379,11798.452354
380,11774.751370
381,11843.527732
382,11795.101089
383,11797.211058
384,11828.070511
385,11801.584623
386,11811.280981
387,11851.842509
388,11832.647048
389,11762.165937
390,11795.576115
391,11837.883292
392,11804.860542
393,11785.710740
394,11775.265350
395,11736.980296
396,11772.582913
397,11744.301985
398,11799.501721
399,11822.690669
400,11804.722621
401,11779.197523
402,11797.962551
403,11792.211190
404,11805.832640
405,11780.225469
406,11748.195546
407,11806.908695
408,11843.814958
409,11799.553587
410,11830.646737
411,11818.943309
412,11845.932755
413,11867.748988
414,11810.696199
415,11817.248173
416,11775.640968
417,11833.953995
418,11842.207101
419,11819.924505
420,11798.955442
421,11822.041736
422,11829.326396
423,11851.021122
424,11826.035214
425,11794.964160
426,11847.444998
427,11818.335951
428,11844.021893
429,11879.209236
430,11819.819611
431,11808.808711
432,11846.983645
433,11818.553152
434,11786.901272
435,11777.156347
436,11795.022168
437,11795.795461
438,11790.462239
439,11795.282560
440,11770.851861
441,11710.048982
442,11735.641176
443,11731.121644
444,11755.909608
445,11801.603013
446,11767.456539
447,11766.867413
448,11790.814940
449,11790.257638
450,11816.998916
451,11788.339196
452,11740.289104
453,11800.806204
454,11794.834348
455,11816.402999
456,11797.198600
457,11741.162787
458,11739.583350
459,11756.436579
460,11808.985658
461,11805.703734
462,11818.739242
463,11816.120356
464,11757.992475
465,11775.443434
466,11767.403081
467,11802.606432
468,11809.650841
469,11829.659638
470,11854.068307
471,11778.162808
472,11761.918924
473,11789.817225
474,11732.530124
475,11789.313827
476,11779.594770
477,11799.843195
478,11809.419360
479,11794.179744
480,11820.335688
481,11782.685465
482,11773.830668
483,11813.071522
484,11798.549047
485,11826.782625
486,11832.364164
487,11835.258200
488,11869.338324
489,11826.016335
490,11812.245639
491,11787.067929
492,11792.468973
493,11822.103461
494,11794.450677
495,11814.008059
496,11842.887711
497,11821.724482
498,11732.618182
499,11796.792666
