0,3327.414177
1,6651.256430
2,6968.993821
3,7192.256993
4,7399.471610
5,7514.192191
6,7645.145702
7,7819.479086
8,7989.309996
9,8094.350582
10,8215.767095
11,8311.659097
12,8397.787361
13,8456.808677
14,8544.594687
15,8602.684893
16,8696.676499
17,8738.745823
18,8795.003636
19,8852.310925
20,8915.594666
21,8952.639228
22,9003.155324
23,9069.239173
24,9094.642836
25,9107.013969
26,9164.559853
27,9155.790288
28,9199.812975
29,9249.908048
30,9264.806919
31,9283.013453
32,9276.105871
33,9315.354068
34,9379.066420
35,9357.257624
36,9395.364016
37,9381.717062
38,9433.865075
39,9419.890253
40,9462.808856
41,9444.917406
42,9496.201692
43,9527.297553
44,9558.217787
45,9530.003454
46,9547.553223
47,9577.220457
48,9596.290933
49,9595.313151
50,9615.297567
51,9624.619196
52,9670.338674
53,9671.776536
54,9671.914419
55,9669.003987
56,9676.125946
57,9661.403764
58,9713.132203
59,9708.736837
60,9763.627511
61,9746.741974
62,9767.395818
63,9772.057010
64,9813.796224
65,9832.359044
66,9818.798306
67,9890.071754
68,9867.069197
69,9856.495657
70,9875.114999
71,9901.103943
72,9917.493494
73,9930.113003
74,9936.520694
75,9918.216536
76,9949.593024
77,10005.033369
78,10011.955873
79,9996.941629
80,10022.834006
81,10013.523502
82,10056.492600
83,9999.096575
84,10064.602791
85,10067.442249
86,10051.748585
87,10057.641389
88,10053.442646
89,10093.816213
90,10134.380074
91,10112.943758
92,10092.478182
93,10111.763244
94,10097.022763
95,10085.165226
96,10093.660499
97,10155.501125
98,10159.290831
99,10143.617942
100,10127.735746
101,10206.591369
102,10216.679717
103,10147.711806
104,10170.589327
105,10222.737487
106,10196.066322
107,10185.085194
108,10149.910834
109,10238.373685
110,10183.296073
111,10241.847857
112,10250.452119
113,10214.830642
114,10238.042866
115,10232.151107
116,10241.228375
117,10227.422047
118,10210.381161
119,10211.194239
120,10224.414797
121,10249.436046
122,10278.592833
123,10289.228710
124,10217.228668
125,10324.029310
126,10324.229502
127,10301.733167
128,10243.608042
129,10335.437001
130,10332.300116
131,10333.377179
132,10339.634162
133,10292.505753
134,10304.967450
135,10353.949681
136,10309.500686
137,10355.414145
138,10310.521243
139,10356.181334
140,10390.165377
141,10339.872919
142,10344.779388
143,10378.340850
144,10377.674728
145,10352.309862
146,10370.614046
147,10292.184457
148,10375.973624
149,10330.851772
150,10340.266777
151,10437.416200
152,10372.404498
153,10319.477598
154,10395.212967
155,10428.700919
156,10415.614893
157,10433.017057
158,10407.349106
159,10416.418247
160,10394.456570
161,10381.191708
162,10348.022688
163,10372.004998
164,10398.803066
165,10403.912679
166,10403.436532
167,10363.797066
168,10400.264160
169,10399.821981
170,10435.804810
171,10433.474177
172,10481.011818
173,10454.084898
174,10429.784590
175,10441.291924
176,10447.961668
177,10444.370216
178,10444.722865
179,10387.982895
180,10420.536727
181,10397.332123
182,10396.392382
183,10395.246055
184,10413.126051
185,10431.530914
186,10391.705485
187,10407.299124
188,10440.574263
189,10442.570023
190,10478.998944
191,10474.262340
192,10459.160902
193,10446.325175
194,10460.818863
195,10435.904664
196,10428.120806
197,10455.549308
198,10451.458402
199,10505.867711
200,10460.789878
201,10402.152907
202,10520.392383
203,10456.118695
204,10482.579864
205,10389.103804
206,10443.801329
207,10456.479135
208,10525.902275
209,10507.304831
210,10491.252059
211,10493.857367
212,10473.248493
213,10558.356391
214,10557.239990
215,10530.187522
216,10463.779355
217,10502.389615
218,10571.513505
219,10504.642626
220,10512.641007
221,10479.974306
222,10477.801764
223,10504.445055
224,10522.314590
225,10591.616910
226,10545.830282
227,10550.960383
228,10524.785068
229,10521.898018
230,10475.132597
231,10459.450567
232,10486.660178
233,10540.488317
234,10557.516277
235,10546.529062
236,10546.196700
237,10512.071655
238,10584.442852
239,10599.834804
240,10550.437587
241,10529.026451
242,10550.630834
243,10589.791740
244,10559.506929
245,10525.543695
246,10534.305131
247,10513.441025
248,10521.142698
249,10544.149813
250,10559.084559
251,10538.513637
252,10541.812548
253,10563.522909
254,10568.482099
255,10535.769747
256,10510.131132
257,10547.260493
258,10531.788808
259,10582.960092
260,10585.985377
261,10522.144150
262,10542.921960
263,10512.812047
264,10560.743364
265,10585.302113
266,10522.670645
267,10577.757731
268,10590.600877
269,10468.520018
270,10509.439679
271,10596.196046
272,10536.543135
273,10498.303023
274,10583.396021
275,10590.513407
276,10528.481808
277,10489.985641
278,10569.834009
279,10571.422501
280,10601.250724
281,10566.869165
282,10536.691953
283,10562.682418
284,10611.804416
285,10621.889840
286,10584.207676
287,10573.278693
288,10591.441382
289,10632.404764
290,10600.159205
291,10596.879397
292,10593.398111
293,10616.298212
294,10579.188977
295,10529.453799
296,10568.129199
297,10573.812340
298,10594.527956
299,10547.548616
300,10608.561070
301,10598.165624
302,10600.988168
303,10583.237307
304,10650.744550
305,10563.860786
306,10589.377150
307,10582.279213
308,10533.595736
309,10506.824955
310,10563.113676
311,10579.240940
312,10593.980933
313,10542.975730
314,10560.689845
315,10566.704470
316,10599.953718
317,10564.791864
318,10513.669332
319,10570.043026
320,10564.894139
321,10603.219624
322,10604.984295
323,10556.037991
324,10624.171657
325,10630.304500
326,10654.204705
327,10647.257186
328,10547.553186
329,10573.532264
330,10617.646504
331,10582.252651
332,10606.023014
333,10583.649486
334,10639.599419
335,10604.715292
336,10617.974966
337,10583.767087
338,10592.584579
339,10642.770116
340,10683.359199
341,10631.001299
342,10552.210660
343,10582.891104
344,10598.480576
345,10606.279078
346,10581.003009
347,10587.933957
348,10646.961830
349,10517.043573
350,10550.725850
351,10595.475409
352,10628.335384
353,10561.218153
354,10583.328487
355,10582.869692
356,10595.867704
357,10664.138618
358,10583.928604
359,10609.123430
360,10579.329199
361,10638.903824
362,10684.831378
363,10586.109586
364,10628.839241
365,10608.891166
366,10688.726116
367,10596.737833
368,10652.190230
369,10602.642656
370,10642.794553
371,10606.251202
372,10558.943453
373,10570.389028
374,10610.886143
375,10651.756765
376,10652.179219
377,10585.495322
378,10570.211409
379,10660.388383
380,10643.302227
381,10625.200223
382,10686.208888
383,10579.768800
384,10613.779558
385,10608.884477
386,10589.982145
387,10635.307472
388,10639.109397
389,10609.859776
390,10595.527578
391,10625.373864
392,10618.265527
393,10627.446184
394,10678.716846
395,10622.387338
396,10602.615951
397,10574.645695
398,10682.676538
399,10646.605600
400,10612.553621
401,10629.074876
402,10575.123319
403,10607.948153
404,10592.613153
405,10578.712300
406,10652.616154
407,10568.345024
408,10548.448843
409,10591.961183
410,10604.505551
411,10577.185405
412,10577.804161
413,10615.133241
414,10630.084288
415,10666.105668
416,10627.606892
417,10670.603765
418,10621.722212
419,10632.458887
420,10528.429585
421,10636.771155
422,10634.129764
423,10609.343213
424,10548.551811
425,10613.547691
426,10593.569515
427,10594.383497
428,10660.626770
429,10655.610979
430,10603.196394
431,10605.462034
432,10605.664554
433,10571.104939
434,10585.832952
435,10560.257702
436,10625.926475
437,10586.893044
438,10604.264530
439,10646.883281
440,10621.964810
441,10564.669204
442,10605.387292
443,10630.539501
444,10629.358610
445,10632.847644
446,10616.119970
447,10662.916211
448,10673.627755
449,10668.184918
450,10613.652147
451,10594.218402
452,10587.023028
453,10596.002313
454,10611.109856
455,10637.724730
456,10617.938639
457,10593.153983
458,10634.017743
459,10584.123894
460,10644.260165
461,10650.653018
462,10690.687761
463,10636.403377
464,10630.074231
465,10629.897780
466,10646.589077
467,10641.139775
468,10634.159486
469,10627.500741
470,10628.340872
471,10642.304632
472,10618.914603
473,10597.054223
474,10645.383128
475,10653.052839
476,10600.481424
477,10644.684634
478,10553.443198
479,10602.564331
480,10585.071127
481,10599.658078
482,10613.819184
483,10672.661025
484,10636.894014
485,10640.816564
486,10648.383865
487,10602.333442
488,10610.565408
489,10580.368056
490,10617.572446
491,10587.577321
492,10636.224616
493,10597.181788
494,10625.654130
495,10576.788297
496,10597.363902
497,10600.186352
498,10681.371244
499,10657.356793
