0,3414.331751
1,6783.211779
2,7046.801231
3,7240.548986
4,7453.520578
5,7603.955398
6,7699.407429
7,7831.889154
8,7967.007059
9,8094.842864
10,8135.367576
11,8268.153174
12,8291.621932
13,8336.561498
14,8377.965598
15,8500.734904
16,8564.774057
17,8633.722166
18,8647.641401
19,8660.232910
20,8773.008734
21,8752.431902
22,8770.772439
23,8855.168083
24,8892.299736
25,8965.832179
26,8957.234443
27,9000.542869
28,9018.605138
29,9074.552931
30,9088.411314
31,9157.424649
32,9174.616148
33,9267.526099
34,9321.022284
35,9385.773480
36,9413.782678
37,9484.685689
38,9533.911926
39,9495.058722
40,9584.516131
41,9590.110699
42,9667.806734
43,9688.984908
44,9708.604102
45,9845.281850
46,9874.095099
47,9852.506880
48,9989.654244
49,10127.503793
50,10270.604538
51,10255.900588
52,10295.707962
53,10365.435050
54,10351.279290
55,10396.037468
56,10472.921728
57,10518.963904
58,10465.048983
59,10407.435648
60,10505.648860
61,10646.178777
62,10642.587785
63,10681.878572
64,10598.804060
65,10689.692271
66,10744.786160
67,10707.167423
68,10754.242769
69,10817.619683
70,10813.332337
71,10792.271633
72,10861.743414
73,10801.306487
74,10887.844818
75,10870.664331
76,10837.340138
77,10833.216025
78,10800.979252
79,10791.448634
80,10816.870632
81,10786.850746
82,10755.552434
83,10863.248739
84,10921.207151
85,10929.307498
86,10939.285574
87,10797.076156
88,10800.467402
89,10812.085370
90,10885.691874
91,10958.322591
92,10887.725174
93,10891.536333
94,10916.354151
95,10821.983974
96,10760.100029
97,10826.568162
98,10804.522772
99,10900.883492
100,10987.633771
101,10894.899128
102,10883.020335
103,10948.295846
104,11026.997029
105,10933.060101
106,10947.324889
107,10901.849258
108,10953.537920
109,10908.881556
110,10873.704636
111,10940.857429
112,10913.427432
113,10995.261401
114,10941.073096
115,10976.791459
116,10979.711362
117,11019.585011
118,11026.094179
119,10968.620478
120,10965.060132
121,10992.195551
122,10988.552298
123,10941.805038
124,10985.373487
125,10907.249231
126,11046.006518
127,11042.547394
128,11105.614213
129,11034.790858
130,10933.766218
131,10930.512989
132,10897.107559
133,10831.750237
134,10956.585844
135,10956.085810
136,11039.532169
137,10994.680994
138,11091.139700
139,10987.949455
140,11038.481344
141,10953.023797
142,11010.126157
143,10988.862653
144,11069.927979
145,11066.914904
146,11010.030448
147,10962.468563
148,11086.063959
149,10945.053997
150,10986.501911
151,11044.211832
152,11054.146925
153,11030.099038
154,11015.784667
155,11043.201691
156,10962.032870
157,10953.468719
158,10892.627714
159,10961.441732
160,10878.993988
161,11060.770491
162,10975.692824
163,10860.672950
164,10920.477419
165,11036.657299
166,10919.663202
167,10981.806158
168,11017.993131
169,10923.868568
170,10989.669134
171,11024.337963
172,11031.703331
173,10936.554143
174,10989.368996
175,11015.536002
176,11075.099286
177,11084.629736
178,10949.129610
179,10965.423250
180,10947.339184
181,10963.271219
182,10924.033630
183,10952.949696
184,11050.301972
185,10923.926356
186,11004.357683
187,11056.792493
188,11065.977960
189,10962.129688
190,10978.422267
191,10982.758570
192,11031.679214
193,11055.748342
194,11036.795500
195,11023.521361
196,10930.591134
197,10806.429989
198,10831.395618
199,10989.786697
200,10841.881686
201,11008.321932
202,10925.796635
203,10994.473943
204,10849.358023
205,10943.604175
206,11000.576072
207,10997.398878
208,10982.031382
209,10966.950629
210,11018.553848
211,10880.393613
212,10942.957714
213,11018.350952
214,10956.270737
215,11012.398477
216,10985.063882
217,10973.867876
218,10860.914401
219,11036.088039
220,11038.552427
221,10857.888130
222,11000.860579
223,10911.448102
224,10961.081840
225,10902.173805
226,10964.522380
227,10967.994492
228,10895.371920
229,10965.298650
230,10963.947854
231,11057.259924
232,11050.212729
233,11062.788164
234,11125.633280
235,11056.256817
236,10947.817940
237,10992.758387
238,11039.203416
239,11045.547372
240,11161.628125
241,11023.866949
242,11000.167872
243,10915.585325
244,10873.778917
245,10896.951517
246,10905.267437
247,10978.038453
248,10912.262170
249,10961.303551
250,11042.674457
251,11012.971754
252,11081.072147
253,11079.776224
254,11036.300244
255,10983.917351
256,10937.547543
257,10760.873609
258,10903.758264
259,10913.295111
260,10939.341422
261,11094.325327
262,11039.403954
263,10976.378508
264,10790.818651
265,10761.670542
266,10820.604074
267,10955.158981
268,10954.317261
269,11088.979494
270,11139.341999
271,11189.817906
272,11122.919211
273,11032.199797
274,10972.601190
275,10946.197224
276,10986.839980
277,10949.001479
278,10962.489413
279,11134.778912
280,10923.617920
281,10878.153861
282,10893.443618
283,10933.310108
284,10962.838038
285,10959.778231
286,10934.137292
287,10972.698025
288,11006.502280
289,10917.560641
290,10908.131273
291,10980.303279
292,10883.585081
293,10819.387331
294,10904.280519
295,10947.344377
296,11053.563774
297,10932.907827
298,11060.819521
299,10967.054338
300,10905.521556
301,11082.723630
302,11001.938464
303,10895.480352
304,11013.061863
305,10964.490519
306,11085.755638
307,10975.061265
308,10906.549115
309,10964.672768
310,10922.845289
311,10990.133168
312,10921.446076
313,10905.658943
314,11014.299329
315,10916.128596
316,10830.317333
317,10930.227215
318,11006.990243
319,11060.350949
320,10921.400485
321,10958.331755
322,10869.528540
323,10983.616330
324,11000.651351
325,11025.838483
326,11022.317808
327,11025.309677
328,11034.710383
329,10974.970185
330,10920.954111
331,11053.210584
332,11004.403215
333,11010.923831
334,11115.827512
335,11140.827479
336,10977.250238
337,10974.869197
338,10970.870509
339,10904.652382
340,10975.594099
341,10942.423414
342,10974.521770
343,11064.690022
344,10999.535330
345,10935.431284
346,10938.103903
347,10937.374177
348,11026.504421
349,11084.462242
350,11160.303602
351,11003.572889
352,10920.566302
353,10999.102527
354,11052.653945
355,10953.119060
356,11027.800397
357,11068.299485
358,11024.064618
359,10962.409803
360,10978.064388
361,11086.585813
362,10997.752604
363,10981.666153
364,10872.847670
365,10945.111307
366,11029.899808
367,10894.696635
368,10986.399062
369,10914.922237
370,10966.618536
371,11012.707707
372,10941.689818
373,11076.876963
374,11127.742852
375,11039.633709
376,10967.671806
377,10917.775061
378,11037.057352
379,10918.955150
380,11036.215147
381,11106.843877
382,11062.535624
383,11019.411360
384,10968.774210
385,10984.546303
386,10993.156265
387,11082.402205
388,11008.329924
389,10834.594216
390,10885.263415
391,10942.263665
392,11010.306370
393,10929.644429
394,10953.718626
395,10892.147675
396,10953.402557
397,10994.570767
398,11008.938973
399,10988.980684
400,11048.149278
401,11010.073294
402,11048.348737
403,11020.432816
404,11096.979730
405,10961.744132
406,10946.478038
407,11045.058093
408,11062.234780
409,11081.753719
410,11032.690611
411,11109.242552
412,11038.259412
413,11046.944059
414,11043.227168
415,10992.871590
416,10936.470597
417,11024.370156
418,11084.227681
419,11042.987288
420,11005.250847
421,10988.792160
422,11123.442910
423,11109.650031
424,11065.751655
425,11041.549714
426,10973.658436
427,11005.115122
428,10977.044239
429,11073.313796
430,11073.943632
431,11023.293653
432,11098.015920
433,11111.655498
434,11043.513291
435,11007.425219
436,11041.595827
437,10945.246569
438,10946.419564
439,11031.323454
440,11060.806894
441,11077.211110
442,11182.273283
443,11088.883364
444,11048.321667
445,11143.987984
446,11182.312308
447,10932.105141
448,10933.631040
449,10921.229152
450,11038.178314
451,11070.877546
452,11075.289385
453,11161.977824
454,11105.582790
455,11158.079744
456,11148.967090
457,11078.147996
458,11043.662424
459,11130.675584
460,11158.594457
461,11204.793838
462,11171.135710
463,11060.758616
464,11089.083197
465,11024.088079
466,11008.972685
467,11053.186892
468,11159.513029
469,10991.583811
470,10926.007355
471,11028.437709
472,11090.042354
473,11055.474088
474,11039.282315
475,11143.881778
476,11010.120719
477,11124.906653
478,11217.293013
479,11192.602133
480,11111.844354
481,11124.201158
482,11112.136192
483,11140.869336
484,11021.147456
485,10986.585288
486,11111.355123
487,11084.740204
488,11032.251760
489,11086.795842
490,11144.679318
491,11087.207140
492,11153.198224
493,11122.444565
494,11177.337009
495,11162.722556
496,11155.091846
497,11102.091068
498,10983.805678
499,11117.156704
