0,3364.007894
1,6773.256490
2,7119.710589
3,7284.471337
4,7410.557734
5,7575.736703
6,7662.054601
7,7692.289097
8,7740.989278
9,7812.442108
10,7848.214415
11,7910.194889
12,7979.139289
13,8025.440437
14,8011.696851
15,8041.208535
16,8067.561545
17,8099.388997
18,8164.600100
19,8173.373550
20,8180.151124
21,8208.491307
22,8289.437995
23,8336.613454
24,8278.366613
25,8335.962798
26,8322.065887
27,8377.042316
28,8332.127736
29,8364.351401
30,8454.656890
31,8411.498709
32,8405.574581
33,8462.503320
34,8559.207234
35,8614.351132
36,8500.474206
37,8556.761262
38,8567.637359
39,8613.434057
40,8580.057728
41,8731.795463
42,8688.923839
43,8710.239785
44,8662.110755
45,8662.165134
46,8757.349744
47,8831.240033
48,8863.536654
49,8822.404988
50,8781.896597
51,8803.267803
52,8891.355932
53,8838.936051
54,8840.151445
55,8873.598530
56,8987.009949
57,9012.776109
58,8990.645158
59,9014.019201
60,9143.052326
61,9090.393024
62,8953.221968
63,9025.109485
64,9019.969046
65,9032.508598
66,9118.367360
67,9248.122518
68,9188.545565
69,9191.259186
70,9265.070390
71,9205.353141
72,9237.358567
73,9254.476954
74,9275.407984
75,9266.880786
76,9353.732369
77,9187.488578
78,9340.831069
79,9298.525194
80,9446.708251
81,9470.651278
82,9535.506149
83,9538.628413
84,9438.830071
85,9427.266247
86,9499.940717
87,9523.382361
88,9542.224849
89,9624.962083
90,9636.141305
91,9564.954932
92,9605.887978
93,9683.718823
94,9678.901106
95,9773.429591
96,9649.930707
97,9748.520723
98,9750.093616
99,9794.654523
100,9715.888094
101,9791.827346
102,9684.123713
103,9652.464632
104,9743.444735
105,9664.621936
106,9671.661858
107,9807.967971
108,9774.510520
109,9894.132294
110,9754.408884
111,9865.926686
112,9841.341169
113,9908.886318
114,9796.017111
115,9734.105991
116,9854.411847
117,9730.496089
118,9848.447803
119,9835.840297
120,9928.995035
121,9855.676248
122,9899.771179
123,9879.998268
124,9943.081111
125,9981.959977
126,9963.476050
127,9839.938991
128,9986.594304
129,9900.384935
130,9894.196628
131,9859.136670
132,9964.807124
133,9918.492728
134,10013.747167
135,10027.448280
136,9992.257687
137,9975.934197
138,10063.920354
139,10046.822345
140,10009.982833
141,9984.262927
142,10060.782538
143,9998.099980
144,10012.404969
145,10022.469964
146,9984.857536
147,10096.897122
148,9905.119577
149,9872.811599
150,9899.272117
151,9963.923306
152,10000.111037
153,9999.064936
154,10134.860972
155,9948.820518
156,10095.902900
157,10188.733842
158,10110.714409
159,10056.921286
160,10156.990355
161,10160.916697
162,10091.711603
163,10087.866660
164,10050.065257
165,10060.033427
166,9956.347602
167,10053.291678
168,10107.076275
169,10091.297672
170,10029.243500
171,10218.006729
172,10029.718391
173,10111.179936
174,10176.120072
175,10085.966628
176,9991.678495
177,10159.977031
178,10148.200410
179,10200.268879
180,10097.790412
181,10180.694566
182,10136.461932
183,10050.200086
184,10176.269819
185,10153.207385
186,10128.259759
187,10196.061688
188,10205.770777
189,10084.635618
190,10006.586988
191,10055.978841
192,10204.495921
193,10107.394654
194,10294.436619
195,10163.600795
196,10231.118335
197,10213.523002
198,10036.214233
199,10140.871548
200,10250.511385
201,10291.930122
202,10211.619662
203,10188.911789
204,10249.892710
205,10207.573441
206,10149.390743
207,10233.106590
208,10261.472809
209,10331.591358
210,10150.480874
211,10061.914506
212,10147.171862
213,10193.151799
214,10255.520895
215,10413.878644
216,10321.403413
217,10103.418916
218,10157.585009
219,10355.569342
220,10245.474111
221,10196.334616
222,10104.428374
223,10261.138706
224,10308.036131
225,10311.461372
226,10194.508155
227,10168.067211
228,10343.351063
229,10305.481393
230,10281.223638
231,10256.917506
232,10234.962427
233,10379.131797
234,10210.924838
235,10281.282379
236,10303.556996
237,10179.676641
238,10275.385165
239,10329.260543
240,10325.336240
241,10236.040073
242,10182.234230
243,10294.365051
244,10205.004055
245,10177.262804
246,10215.651797
247,10301.003691
248,10283.064302
249,10399.887636
250,10290.466293
251,10132.724014
252,10192.176961
253,10280.309550
254,10342.239567
255,10260.501666
256,10239.097698
257,10140.170893
258,10325.112041
259,10329.939209
260,10446.171616
261,10413.761771
262,10425.148094
263,10321.978475
264,10261.561882
265,10238.478367
266,10203.396807
267,10207.037829
268,10197.990424
269,10207.937121
270,10362.708085
271,10353.196264
272,10345.536580
273,10309.473479
274,10283.529387
275,10365.215408
276,10306.503714
277,10366.270996
278,10252.282376
279,10403.797058
280,10467.807239
281,10249.291167
282,10232.275969
283,10197.850385
284,10322.551334
285,10251.278738
286,10369.731235
287,10341.622666
288,10379.118360
289,10433.567291
290,10308.149247
291,10344.323984
292,10340.605055
293,10377.461287
294,10420.862649
295,10424.190259
296,10486.272323
297,10319.440055
298,10288.660858
299,10306.050191
300,10392.652558
301,10231.053455
302,10296.065807
303,10316.188719
304,10411.871844
305,10476.659139
306,10535.772819
307,10416.297741
308,10372.623487
309,10435.481232
310,10378.479243
311,10213.658068
312,10437.805018
313,10255.103821
314,10247.152154
315,10261.899530
316,10363.733251
317,10337.383451
318,10352.779263
319,10381.522556
320,10343.922858
321,10403.453879
322,10368.179636
323,10559.581496
324,10308.342387
325,10470.356628
326,10405.534179
327,10332.129346
328,10380.519571
329,10490.593238
330,10489.533815
331,10288.300136
332,10466.216735
333,10486.395444
334,10435.274755
335,10415.355298
336,10452.426405
337,10429.656252
338,10405.776264
339,10266.394857
340,10490.447959
341,10514.755950
342,10497.605504
343,10416.592159
344,10442.662003
345,10445.289141
346,10415.453554
347,10331.680143
348,10363.218480
349,10370.840425
350,10463.700323
351,10396.415379
352,10438.128171
353,10396.572528
354,10400.173241
355,10358.939916
356,10516.082271
357,10341.239861
358,10387.039093
359,10474.433419
360,10387.540432
361,10521.296863
362,10534.967197
363,10446.178949
364,10368.043341
365,10328.780419
366,10315.793195
367,10377.928686
368,10368.030563
369,10418.148429
370,10468.746372
371,10482.472130
372,10465.468678
373,10464.904590
374,10411.620655
375,10392.437317
376,10420.205241
377,10399.404503
378,10481.724213
379,10417.869013
380,10407.523290
381,10434.572700
382,10435.702486
383,10576.502793
384,10486.902096
385,10497.553639
386,10415.721313
387,10463.776196
388,10401.836206
389,10500.909521
390,10497.903250
391,10442.638869
392,10607.600058
393,10450.872122
394,10526.844702
395,10417.205638
396,10442.421870
397,10429.834108
398,10613.670820
399,10466.588590
400,10557.421145
401,10503.229495
402,10402.634976
403,10471.233585
404,10364.478631
405,10396.012722
406,10492.683850
407,10492.335702
408,10538.671088
409,10543.307015
410,10439.923038
411,10466.528288
412,10458.439320
413,10502.922672
414,10438.746350
415,10466.086564
416,10467.195213
417,10485.038193
418,10485.271780
419,10524.839263
420,10534.850745
421,10520.763042
422,10483.946970
423,10464.222360
424,10482.961497
425,10391.556547
426,10529.491812
427,10604.217156
428,10438.818807
429,10492.159413
430,10545.182723
431,10576.791372
432,10411.480457
433,10564.114523
434,10589.188106
435,10390.190400
436,10460.867228
437,10456.888051
438,10511.450027
439,10536.668757
440,10593.335230
441,10467.685817
442,10540.500018
443,10521.855014
444,10513.441995
445,10364.048684
446,10429.561043
447,10452.015499
448,10480.928678
449,10481.135695
450,10508.098550
451,10500.976006
452,10630.126458
453,10731.304946
454,10560.840505
455,10482.181816
456,10462.152159
457,10454.540264
458,10508.857228
459,10592.587312
460,10621.120721
461,10439.657015
462,10477.349157
463,10583.492375
464,10472.233558
465,10486.331858
466,10515.128419
467,10474.751657
468,10483.871769
469,10549.582626
470,10387.411172
471,10522.403762
472,10511.908206
473,10316.770743
474,10492.789642
475,10566.090849
476,10491.586568
477,10544.418356
478,10540.646435
479,10574.926967
480,10610.220733
481,10526.904756
482,10512.045999
483,10553.029095
484,10473.336055
485,10471.867967
486,10606.174860
487,10470.795720
488,10493.087253
489,10449.728043
490,10561.044194
491,10574.510789
492,10567.997076
493,10585.228508
494,10588.282819
495,10311.138364
496,10560.616415
497,10507.119461
498,10550.803781
499,10528.832956
