0,3330.287017
1,3463.087334
2,3595.784576
3,3691.786673
4,3760.928695
5,3805.469697
6,3878.506239
7,3927.206009
8,4016.540394
9,4040.257899
10,4107.260738
11,4179.929308
12,4240.707919
13,4254.607449
14,4310.713840
15,4350.000455
16,4383.418292
17,4402.176092
18,4460.679218
19,4489.413512
20,4514.972811
21,4558.226587
22,4586.149514
23,4597.931457
24,4616.235580
25,4649.823555
26,4642.532544
27,4657.039879
28,4653.717755
29,4665.560033
30,4679.096009
31,4678.724891
32,4695.251592
33,4727.332509
34,4729.995466
35,4731.602311
36,4720.748674
37,4756.458459
38,4792.054605
39,4795.892356
40,4809.553105
41,4791.130844
42,4802.790111
43,4817.245536
44,4832.835328
45,4838.055802
46,4849.725805
47,4875.406855
48,4876.707173
49,4846.461936
50,4861.168601
51,4864.203878
52,4863.094636
53,4861.066205
54,4867.855140
55,4892.882820
56,4889.538104
57,4896.106080
58,4895.192285
59,4912.912862
60,4929.555093
61,4938.910491
62,4954.106335
63,4969.697976
64,4994.046395
65,5008.137749
66,5001.954583
67,4995.167302
68,4981.700403
69,5014.678106
70,5012.768741
71,5021.481765
72,5005.109015
73,5012.196893
74,5015.228339
75,4988.055028
76,4976.352489
77,4988.626398
78,5000.040411
79,5021.776200
80,5052.563240
81,5084.050499
82,5091.098363
83,5088.856800
84,5104.397177
85,5112.591118
86,5075.621563
87,5073.097382
88,5071.063335
89,5078.861004
90,5084.193890
91,5053.598378
92,5066.284237
93,5063.183624
94,5098.539809
95,5105.844448
96,5107.695512
97,5092.464192
98,5080.089098
99,5082.670665
100,5096.930170
101,5123.679936
102,5133.253247
103,5136.583843
104,5128.022332
105,5120.108587
106,5107.014935
107,5102.796999
108,5108.508612
109,5135.771482
110,5153.692387
111,5164.065661
112,5179.184278
113,5179.568681
114,5153.000706
115,5169.146665
116,5181.838977
117,5184.681440
118,5193.587054
119,5225.747372
120,5211.100669
121,5228.700216
122,5222.153329
123,5246.003218
124,5268.750559
125,5275.780017
126,5269.721028
127,5255.643735
128,5246.269490
129,5255.848541
130,5254.637841
131,5273.454114
132,5259.831320
133,5232.364290
134,5247.833038
135,5275.339844
136,5259.762246
137,5248.779481
138,5261.928932
139,5261.268846
140,5227.497589
141,5231.811528
142,5238.476544
143,5236.029100
144,5251.765722
145,5269.412611
146,5263.976167
147,5264.445235
148,5256.868849
149,5263.792142
150,5256.972804
151,5255.886524
152,5286.157995
153,5293.203863
154,5295.163601
155,5286.272219
156,5286.695905
157,5290.156426
158,5293.520009
159,5302.772087
160,5285.006958
161,5301.176539
162,5281.718331
163,5296.462521
164,5285.378214
165,5281.805751
166,5303.658725
167,5284.992821
168,5263.029273
169,5292.256874
170,5300.005290
171,5299.132447
172,5297.977666
173,5291.038662
174,5312.170611
175,5307.975336
176,5317.758389
177,5319.302309
178,5323.020200
179,5331.624270
180,5322.388145
181,5314.878631
182,5304.848299
183,5307.262665
184,5318.932918
185,5323.632387
186,5317.259703
187,5325.893340
188,5323.235576
189,5311.911181
190,5327.224439
191,5326.464146
192,5332.532047
193,5328.446737
194,5322.636377
195,5326.169459
196,5313.820570
197,5322.094241
198,5322.336075
199,5332.436250
200,5329.018006
201,5330.270959
202,5327.168533
203,5318.632524
204,5328.898136
205,5320.531872
206,5329.392292
207,5331.525374
208,5323.125946
209,5331.061281
210,5339.428990
211,5339.076274
212,5336.877374
213,5334.025445
214,5315.788396
215,5327.757907
216,5339.596051
217,5329.397189
218,5339.911728
219,5340.934956
220,5324.522235
221,5338.491718
222,5338.533748
223,5332.398529
224,5338.389092
225,5333.281024
226,5330.447992
227,5335.168113
228,5339.806861
229,5336.077174
230,5330.751185
231,5336.516862
232,5340.228575
233,5339.516798
234,5334.562778
235,5333.183576
236,5334.972163
237,5338.884049
238,5339.542935
239,5341.026339
240,5336.938095
241,5337.988384
242,5337.889126
243,5339.322822
244,5332.642029
245,5335.488137
246,5339.856701
247,5339.385312
248,5339.716529
249,5342.195407
250,5341.393684
251,5324.192373
252,5341.173327
253,5340.238375
254,5334.244638
255,5336.720451
256,5338.366146
257,5337.916881
258,5340.279871
259,5337.373537
260,5340.671673
261,5341.221934
262,5338.679397
263,5341.201960
264,5338.237943
265,5340.288274
266,5338.056406
267,5337.010917
268,5339.456877
269,5333.118835
270,5334.936782
271,5332.397768
272,5339.739728
273,5338.016531
274,5336.161745
275,5341.455425
276,5339.776387
277,5339.654107
278,5339.478618
279,5334.352242
280,5338.688019
281,5339.682267
282,5340.052473
283,5340.018180
284,5338.921746
285,5340.100552
286,5336.664952
287,5336.840601
288,5337.152717
289,5332.990506
290,5332.439309
291,5340.751581
292,5338.893801
293,5337.223492
294,5332.903016
295,5336.043448
296,5335.432902
297,5338.740313
298,5330.368266
299,5338.045840
300,5331.026743
301,5338.446337
302,5337.882439
303,5333.900102
304,5337.164366
305,5334.911722
306,5339.724540
307,5336.616087
308,5342.405415
309,5341.366875
310,5339.685436
311,5342.387521
312,5335.638715
313,5344.203256
314,5342.607738
315,5336.846521
316,5337.501467
317,5336.885085
318,5332.353307
319,5335.038438
320,5335.738540
321,5330.878279
322,5333.028561
323,5336.712161
324,5338.040357
325,5341.475344
326,5333.737566
327,5338.052879
328,5334.741347
329,5339.516508
330,5338.111428
331,5338.585763
332,5344.287537
333,5342.652342
334,5338.206853
335,5336.131356
336,5341.966948
337,5344.296246
338,5340.940491
339,5342.251408
340,5339.797555
341,5341.904173
342,5339.084592
343,5336.533332
344,5336.764336
345,5337.378035
346,5338.479902
347,5339.816532
348,5334.109402
349,5339.950007
350,5334.030340
351,5339.419382
352,5340.538148
353,5333.550864
354,5332.975073
355,5334.894363
356,5340.213181
357,5344.897359
358,5340.118448
359,5332.131992
360,5332.248080
361,5325.603706
362,5338.109686
363,5339.249922
364,5336.035785
365,5338.057551
366,5339.519767
367,5330.440141
368,5334.106710
369,5332.505974
370,5337.214478
371,5334.480452
372,5335.383808
373,5341.413457
374,5335.495926
375,5336.473980
376,5333.915911
377,5328.718086
378,5334.480162
379,5337.974423
380,5335.902963
381,5335.750819
382,5338.358819
383,5334.565992
384,5338.974564
385,5334.917791
386,5336.433534
387,5337.027577
388,5333.244363
389,5337.638946
390,5337.437377
391,5337.011917
392,5338.105838
393,5331.075468
394,5341.798885
395,5335.534487
396,5337.848622
397,5341.226207
398,5336.794054
399,5338.962423
400,5335.056049
401,5340.816730
402,5333.606983
403,5337.747030
404,5340.917258
405,5341.267709
406,5330.695685
407,5334.951592
408,5332.758057
409,5340.903725
410,5338.743659
411,5328.695516
412,5332.355397
413,5333.481610
414,5329.911384
415,5340.323359
416,5341.000764
417,5341.923660
418,5336.034217
419,5337.417565
420,5333.527604
421,5337.120684
422,5331.288863
423,5336.110976
424,5334.679500
425,5332.988130
426,5334.645032
427,5337.379741
428,5331.552757
429,5334.749678
430,5337.219543
431,5335.766102
432,5341.368211
433,5335.219196
434,5328.522935
435,5336.929222
436,5338.338002
437,5340.110615
438,5333.918803
439,5341.544319
440,5340.127931
441,5344.441576
442,5340.224000
443,5335.513165
444,5336.749510
445,5337.930318
446,5339.999501
447,5338.595504
448,5341.439493
449,5339.525091
450,5341.816724
451,5335.759485
452,5334.886149
453,5331.480193
454,5337.066771
455,5337.337486
456,5340.620352
457,5337.979904
458,5339.023901
459,5343.499569
460,5341.029482
461,5332.153853
462,5336.335379
463,5332.962396
464,5329.804396
465,5336.652346
466,5342.655508
467,5344.405029
468,5341.475615
469,5338.486009
470,5332.433805
471,5333.120431
472,5336.677611
473,5337.704945
474,5344.111473
475,5344.358605
476,5341.908308
477,5335.309116
478,5339.500985
479,5338.314204
480,5336.267061
481,5332.735918
482,5337.434205
483,5339.056454
484,5338.843456
485,5339.291868
486,5335.856736
487,5341.662979
488,5342.610510
489,5335.433415
490,5337.467981
491,5329.255137
492,5336.782341
493,5341.521942
494,5342.746114
495,5339.814260
496,5338.186481
497,5344.310727
498,5339.508305
499,5338.881450
