0,3297.480462
1,6772.466719
2,7254.228569
3,7549.808586
4,7727.176190
5,7882.032092
6,8002.801573
7,8052.519963
8,8194.691966
9,8294.158280
10,8262.791785
11,8298.879479
12,8318.998936
13,8388.220901
14,8423.310861
15,8422.544351
16,8554.552817
17,8557.650537
18,8537.562906
19,8534.143081
20,8622.746526
21,8680.211602
22,8757.537404
23,8766.327540
24,8782.712376
25,8804.682176
26,8910.165219
27,9040.161706
28,9090.974467
29,9150.857451
30,9226.215994
31,9312.917639
32,9302.835346
33,9310.676594
34,9317.840415
35,9374.402545
36,9398.087991
37,9453.600310
38,9524.236103
39,9572.502433
40,9667.993290
41,9658.940699
42,9693.600600
43,9701.843715
44,9761.507773
45,9814.749578
46,9799.446219
47,9778.544800
48,9919.549916
49,9932.776063
50,9958.490017
51,9949.544986
52,9881.328629
53,9902.510952
54,9915.914447
55,10004.194791
56,9942.297063
57,9903.342138
58,9930.918943
59,10002.743292
60,10052.370984
61,10088.694377
62,10117.964676
63,10069.416049
64,10006.371910
65,10020.707928
66,10045.704181
67,10120.816428
68,10140.039097
69,10102.816379
70,10117.459999
71,10053.620030
72,10086.332338
73,9997.594413
74,9973.028726
75,10100.568188
76,10191.739240
77,10173.147484
78,10009.837601
79,10219.393289
80,10078.214686
81,10195.566122
82,10136.974047
83,10145.428550
84,10130.381786
85,10223.660977
86,10265.307990
87,10191.733705
88,10190.765293
89,10221.337977
90,10277.496331
91,10335.978002
92,10252.307846
93,10433.418556
94,10298.361528
95,10414.116783
96,10344.892940
97,10417.331686
98,10363.125545
99,10307.592684
100,10309.658886
101,10425.287744
102,10465.165240
103,10315.237758
104,10389.031540
105,10397.280764
106,10306.240420
107,10310.863772
108,10372.310268
109,10408.468709
110,10380.684854
111,10330.912468
112,10343.775195
113,10355.206794
114,10370.153864
115,10325.653608
116,10328.993465
117,10327.992984
118,10356.385015
119,10212.463849
120,10367.548583
121,10307.747976
122,10506.180062
123,10470.903165
124,10545.324316
125,10543.582189
126,10271.055122
127,10529.574572
128,10428.777354
129,10549.001110
130,10499.970061
131,10487.298706
132,10495.010970
133,10542.312508
134,10468.015414
135,10621.084129
136,10548.912020
137,10452.735000
138,10582.390780
139,10559.394060
140,10572.680657
141,10575.740085
142,10460.867732
143,10541.996752
144,10594.939506
145,10597.069184
146,10647.663844
147,10519.442359
148,10547.483999
149,10605.447723
150,10468.735267
151,10629.854602
152,10499.570004
153,10595.371944
154,10517.349244
155,10583.441028
156,10545.518844
157,10561.832057
158,10554.824646
159,10602.258562
160,10760.491615
161,10776.338681
162,10601.004626
163,10596.796229
164,10578.620119
165,10657.430617
166,10661.913878
167,10790.199384
168,10672.563623
169,10624.844068
170,10684.819480
171,10754.092801
172,10613.799101
173,10684.020671
174,10686.217997
175,10742.367313
176,10708.859387
177,10676.307921
178,10745.284488
179,10683.494292
180,10654.027354
181,10686.638840
182,10618.744727
183,10627.282355
184,10611.413704
185,10664.500564
186,10734.792433
187,10788.462189
188,10661.410088
189,10515.221372
190,10545.853780
191,10623.021524
192,10657.775802
193,10727.533052
194,10713.669428
195,10677.395627
196,10707.685680
197,10720.300354
198,10672.869842
199,10637.265126
200,10702.959462
201,10710.828003
202,10796.003077
203,10789.147294
204,10695.308085
205,10670.716263
206,10864.967152
207,10678.661449
208,10870.465794
209,10844.557293
210,10799.146423
211,10724.489493
212,10688.426321
213,10728.140867
214,10777.866579
215,10776.603358
216,10763.099981
217,10702.423350
218,10722.794665
219,10833.301324
220,10682.901667
221,10704.759257
222,10683.041991
223,10794.294271
224,10646.047000
225,10734.987036
226,10817.897686
227,10762.225811
228,10866.461506
229,10865.503842
230,10704.847367
231,10694.978722
232,10807.813597
233,10884.564612
234,10834.846947
235,10787.153685
236,10828.960457
237,10732.040386
238,10832.136264
239,10883.427585
240,10941.144635
241,10836.953094
242,10895.151244
243,10821.169448
244,10720.493226
245,10719.722440
246,10763.302667
247,10742.479812
248,10757.702024
249,10793.621112
250,10862.039813
251,10767.743192
252,10818.733436
253,10748.696856
254,10900.646948
255,10914.541448
256,10846.417332
257,10706.338512
258,10699.738696
259,10717.494549
260,10931.175775
261,10674.661711
262,10778.717973
263,10849.631190
264,10899.084985
265,10777.627733
266,10967.831522
267,10994.792097
268,10920.107283
269,10865.888729
270,10789.726167
271,10848.740788
272,10826.162126
273,10883.374255
274,10813.071858
275,10805.394615
276,10843.071759
277,11031.465656
278,10939.223975
279,10861.080650
280,10897.979138
281,10899.430674
282,10846.652087
283,10861.078730
284,10772.466103
285,10881.678583
286,10904.580136
287,10921.169820
288,10915.059887
289,11035.175793
290,10979.970325
291,10859.192277
292,10952.247298
293,10994.028716
294,10844.796569
295,10903.296823
296,10821.152138
297,10763.569353
298,10785.071687
299,10888.880702
300,11024.663862
301,10993.877079
302,10968.535820
303,10869.620485
304,10963.099927
305,10903.447733
306,10871.703705
307,10985.941266
308,10867.944819
309,10909.687616
310,11024.382870
311,10988.387705
312,11067.535251
313,10957.046244
314,10902.973833
315,10825.967496
316,10774.497507
317,11086.847896
318,11060.633676
319,11003.840347
320,10850.940942
321,10957.294587
322,10977.169511
323,10967.911740
324,10877.323290
325,10952.685696
326,10888.281146
327,10876.460986
328,11057.543930
329,11035.776880
330,11023.219583
331,10971.564991
332,10825.755509
333,10935.416782
334,10958.920434
335,10976.490096
336,10958.429785
337,10879.589550
338,11032.298470
339,10967.508914
340,11047.811313
341,11061.056662
342,10998.903258
343,10964.683380
344,11020.862984
345,11014.767387
346,10976.954880
347,10938.265721
348,10898.206114
349,10841.444411
350,10918.276325
351,10929.955633
352,11040.309256
353,11073.545811
354,10869.247447
355,10981.865496
356,11040.154334
357,11058.494057
358,11035.408561
359,10996.286624
360,11073.808517
361,10999.054535
362,11023.181581
363,11057.209936
364,11129.048793
365,11020.956841
366,11048.417726
367,11075.438207
368,10945.139504
369,11001.776185
370,11004.269965
371,11110.371188
372,11043.011224
373,11058.107445
374,11013.780598
375,11053.748108
376,11128.330431
377,11056.973334
378,11004.836627
379,10954.711267
380,11078.397744
381,11036.323548
382,11039.260236
383,11078.872298
384,10962.303469
385,11059.097807
386,11070.754608
387,11024.547732
388,10981.204380
389,11000.675840
390,10897.289143
391,11147.115225
392,10936.374989
393,10936.327150
394,11103.888919
395,10903.902613
396,11049.943931
397,11055.976710
398,11230.388368
399,11048.274714
400,11030.918465
401,11215.706739
402,11073.178623
403,11158.397097
404,11062.922348
405,11118.951299
406,11079.285051
407,10994.398762
408,11117.725562
409,11031.878392
410,10980.939805
411,11118.526730
412,11059.214365
413,11050.196570
414,10914.060506
415,10977.080339
416,10986.542630
417,11083.168814
418,10986.065968
419,11097.924782
420,11040.697391
421,10994.872097
422,10958.135833
423,11008.120445
424,10998.979071
425,11048.759547
426,11046.479556
427,11002.829649
428,11176.793523
429,11013.269351
430,10986.317214
431,11099.200998
432,11086.081657
433,11162.378920
434,11035.590493
435,11081.699047
436,11111.198397
437,11026.040815
438,11082.542380
439,11021.377309
440,11162.453817
441,11139.806308
442,11053.637089
443,11073.603638
444,11059.256657
445,11187.410306
446,11094.525526
447,11022.189934
448,11077.331135
449,11187.529258
450,11076.826275
451,11025.774369
452,11059.912784
453,11103.108748
454,11119.591972
455,11129.522715
456,11079.823891
457,11139.259273
458,11189.375378
459,11227.258360
460,11155.559536
461,11215.621886
462,11214.995434
463,11139.975951
464,11075.536508
465,11209.634681
466,11112.327916
467,11196.195869
468,11207.608253
469,11067.131379
470,11220.068306
471,11103.535387
472,11085.956304
473,11100.630614
474,11150.762740
475,11138.222681
476,11211.521564
477,11099.720857
478,11103.417783
479,11136.951738
480,11137.320623
481,11212.320271
482,11025.232655
483,11256.644931
484,11127.601386
485,11160.793700
486,11215.896779
487,11110.969542
488,11014.553153
489,11081.607051
490,11319.571096
491,11141.924691
492,11168.359909
493,11193.240439
494,11220.377059
495,11287.463554
496,11104.364798
497,11252.921225
498,11180.141188
499,11296.716757
