0,3339.105816
1,3363.963477
2,3385.043658
3,3376.048504
4,3376.921745
5,3373.593771
6,3371.433920
7,3354.793040
8,3302.136947
9,3332.341510
10,3303.948456
11,3286.194110
12,3323.907150
13,3331.394185
14,3304.572121
15,3281.672225
16,3267.546115
17,3214.769891
18,3189.335233
19,3175.271020
20,3212.485307
21,3226.051524
22,3239.100969
23,3234.184714
24,3199.690430
25,3226.700758
26,3266.461117
27,3251.707635
28,3282.389304
29,3287.036732
30,3284.594501
31,3270.422694
32,3307.263389
33,3337.225077
34,3348.490349
35,3352.154780
36,3329.223677
37,3294.761493
38,3292.557152
39,3284.598980
40,3291.404713
41,3330.902813
42,3289.810639
43,3258.598483
44,3258.964418
45,3235.969103
46,3236.164208
47,3199.305658
48,3179.305273
49,3169.538590
50,3194.225925
51,3208.798750
52,3216.160611
53,3255.674940
54,3273.258267
55,3280.670770
56,3237.241833
57,3252.369277
58,3255.620177
59,3244.986782
60,3236.929554
61,3230.927515
62,3160.350332
63,3144.715284
64,3133.739773
65,3108.849557
66,3130.489654
67,3110.526615
68,3098.355365
69,3099.246831
70,3091.807934
71,3081.049888
72,3082.022738
73,3106.587777
74,3124.315080
75,3143.687338
76,3121.270738
77,3127.650261
78,3106.350125
79,3110.226686
80,3158.974936
81,3203.313648
82,3199.223466
83,3132.889086
84,3136.569008
85,3178.686305
86,3152.348071
87,3174.367053
88,3194.261023
89,3188.098874
90,3162.673937
91,3178.839253
92,3214.148393
93,3220.991994
94,3245.526148
95,3265.427097
96,3268.012538
97,3269.382142
98,3257.317331
99,3258.157032
100,3262.614304
101,3204.650491
102,3216.048868
103,3224.467125
104,3293.064843
105,3296.584320
106,3322.447941
107,3346.264035
108,3339.560768
109,3344.762906
110,3307.404673
111,3310.552437
112,3329.241777
113,3329.333812
114,3328.346372
115,3289.456951
116,3296.681436
117,3267.331989
118,3300.624797
119,3291.280659
120,3350.497578
121,3363.595400
122,3352.133245
123,3356.497533
124,3370.612859
125,3400.738720
126,3356.271363
127,3338.028136
128,3323.931677
129,3323.987872
130,3343.488217
131,3384.493810
132,3403.652112
133,3416.814304
134,3414.428383
135,3383.663602
136,3404.099751
137,3386.420855
138,3422.148936
139,3429.413698
140,3435.025958
141,3378.106596
142,3417.845453
143,3398.953213
144,3397.015214
145,3384.388190
146,3389.128863
147,3369.888541
148,3354.029576
149,3377.657341
150,3403.796148
151,3396.270453
152,3415.310448
153,3418.981661
154,3437.726013
155,3488.006296
156,3476.168186
157,3469.387821
158,3480.851298
159,3447.001798
160,3424.539949
161,3413.834954
162,3354.928461
163,3331.715108
164,3326.943733
165,3323.959066
166,3342.136291
167,3386.612165
168,3396.720005
169,3426.568628
170,3452.989263
171,3425.147930
172,3438.168443
173,3453.865020
174,3482.651898
175,3486.361143
176,3507.431371
177,3530.384465
178,3510.099068
179,3495.846931
180,3472.746278
181,3430.455626
182,3377.035148
183,3367.502578
184,3321.217444
185,3356.037260
186,3364.003025
187,3346.750415
188,3388.496987
189,3427.014389
190,3411.581238
191,3370.384074
192,3354.716952
193,3374.957133
194,3337.075419
195,3334.814741
196,3365.680556
197,3398.562579
198,3378.843427
199,3386.666355
200,3412.885379
201,3417.099563
202,3426.733782
203,3432.103036
204,3418.060254
205,3418.648757
206,3394.816908
207,3419.553683
208,3427.777441
209,3423.973981
210,3381.203360
211,3390.097554
212,3394.976917
213,3413.221728
214,3409.585194
215,3417.865585
216,3403.658755
217,3427.814554
218,3421.372685
219,3422.600031
220,3457.232874
221,3489.904661
222,3528.091576
223,3527.599372
224,3574.359641
225,3583.402169
226,3556.636283
227,3552.396367
228,3529.822811
229,3509.745393
230,3492.454439
231,3496.152082
232,3521.297365
233,3494.406366
234,3543.279287
235,3560.574216
236,3550.049868
237,3548.177375
238,3534.603015
239,3547.259703
240,3546.577497
241,3529.548875
242,3543.602022
243,3566.439301
244,3514.506286
245,3516.777454
246,3521.215025
247,3512.770885
248,3526.822033
249,3487.357605
250,3490.118312
251,3501.188492
252,3484.717741
253,3541.966977
254,3541.237421
255,3541.215701
256,3581.344915
257,3561.036493
258,3592.133598
259,3589.078078
260,3592.936018
261,3564.174065
262,3588.463687
263,3573.700335
264,3623.486297
265,3591.730007
266,3600.422662
267,3601.144619
268,3654.956006
269,3640.202295
270,3670.860944
271,3632.190434
272,3618.279035
273,3641.813626
274,3627.321952
275,3629.057248
276,3605.203863
277,3612.088269
278,3628.028067
279,3633.797571
280,3607.273798
281,3595.495648
282,3595.511549
283,3610.214137
284,3641.975840
285,3612.696760
286,3620.341740
287,3669.740232
288,3654.451126
289,3682.631483
290,3696.906776
291,3692.007277
292,3658.517844
293,3665.493927
294,3641.730612
295,3676.353640
296,3690.339388
297,3691.421990
298,3697.361347
299,3637.073088
300,3640.897827
301,3643.506796
302,3615.581721
303,3620.844974
304,3664.426908
305,3693.606080
306,3722.052069
307,3726.780468
308,3722.926484
309,3687.739575
310,3703.436013
311,3733.604794
312,3727.499480
313,3735.286579
314,3784.815038
315,3793.021893
316,3813.297662
317,3813.930318
318,3837.600139
319,3786.127008
320,3754.316246
321,3763.996863
322,3744.668979
323,3762.502898
324,3739.522607
325,3715.846482
326,3766.717356
327,3768.108947
328,3745.771561
329,3763.631901
330,3788.057902
331,3796.239436
332,3782.290355
333,3754.555915
334,3730.782680
335,3772.426149
336,3748.535599
337,3761.933151
338,3753.386211
339,3747.991365
340,3737.541254
341,3734.701006
342,3684.196893
343,3698.246958
344,3680.984153
345,3713.502477
346,3723.463149
347,3754.839812
348,3796.535961
349,3764.866905
350,3771.509685
351,3782.503182
352,3773.947583
353,3777.798436
354,3770.176345
355,3774.985681
356,3798.401338
357,3755.911213
358,3719.502095
359,3698.408572
360,3764.496332
361,3796.037579
362,3794.690359
363,3775.669939
364,3781.156354
365,3756.008920
366,3724.096171
367,3711.444561
368,3697.666744
369,3736.468899
370,3716.772509
371,3740.184978
372,3755.533721
373,3752.007137
374,3780.871769
375,3798.782076
376,3793.966859
377,3778.703056
378,3740.944883
379,3704.867512
380,3690.823974
381,3726.048449
382,3728.950192
383,3732.970873
384,3738.752178
385,3756.826188
386,3778.865284
387,3783.973048
388,3794.948430
389,3749.805053
390,3761.345448
391,3744.619901
392,3762.919709
393,3811.824602
394,3775.035364
395,3778.970840
396,3788.470959
397,3808.237059
398,3799.769155
399,3835.926053
400,3830.121594
401,3826.072483
402,3824.630523
403,3832.699715
404,3815.166610
405,3800.179467
406,3822.002360
407,3811.688936
408,3817.909720
409,3820.651838
410,3801.448182
411,3829.411035
412,3791.571451
413,3813.989792
414,3793.947422
415,3808.661734
416,3811.007740
417,3827.285093
418,3850.013658
419,3834.867375
420,3830.791555
421,3821.979320
422,3817.581580
423,3826.910034
424,3789.275556
425,3807.984781
426,3825.699540
427,3774.234842
428,3767.275787
429,3763.667895
430,3751.840691
431,3716.765102
432,3712.816255
433,3711.812178
434,3793.740737
435,3825.903958
436,3840.848364
437,3830.908939
438,3780.948326
439,3840.099235
440,3863.085545
441,3843.403354
442,3806.269772
443,3792.450679
444,3831.682064
445,3832.913138
446,3837.834607
447,3853.480456
448,3836.256334
449,3802.494891
450,3797.781487
451,3808.893268
452,3786.938343
453,3759.855907
454,3783.313392
455,3782.598122
456,3772.784270
457,3752.876961
458,3764.034275
459,3760.487120
460,3733.878926
461,3679.301757
462,3683.799746
463,3728.407758
464,3768.332641
465,3800.786968
466,3747.675625
467,3710.063283
468,3693.908130
469,3707.966410
470,3727.000755
471,3751.563283
472,3769.675272
473,3774.443619
474,3763.734688
475,3782.243724
476,3787.762891
477,3816.464939
478,3772.574332
479,3772.227123
480,3758.176895
481,3785.848815
482,3760.310594
483,3727.479196
484,3735.290393
485,3708.607524
486,3699.898464
487,3715.652893
488,3727.439191
489,3714.797762
490,3729.974137
491,3756.305148
492,3802.558482
493,3760.497217
494,3726.972171
495,3658.679151
496,3656.817972
497,3627.820703
498,3622.941992
499,3658.569663
