0,3357.774865
1,3497.245975
2,3656.201977
3,3708.345414
4,3793.595994
5,3803.625580
6,3864.382518
7,3888.688559
8,3870.206640
9,3936.354786
10,3894.377095
11,3884.868530
12,3929.366394
13,3945.412521
14,3992.718052
15,3979.657216
16,4062.750268
17,4060.557591
18,4043.205220
19,4083.386174
20,4048.693373
21,4089.980452
22,4108.755910
23,4161.646580
24,4206.147792
25,4226.848572
26,4222.629407
27,4263.634759
28,4293.368349
29,4295.670130
30,4284.468884
31,4279.156365
32,4314.104899
33,4274.501535
34,4304.082399
35,4312.825713
36,4297.767837
37,4330.382892
38,4354.866161
39,4402.133688
40,4391.960277
41,4448.197290
42,4393.202380
43,4371.236897
44,4402.259242
45,4434.827916
46,4452.130158
47,4432.681089
48,4442.026221
49,4429.123750
50,4476.255724
51,4524.016541
52,4486.968323
53,4465.843950
54,4462.964135
55,4514.331673
56,4489.448499
57,4467.776083
58,4566.965430
59,4609.805365
60,4555.137882
61,4526.328901
62,4558.565331
63,4505.463207
64,4504.504568
65,4499.741529
66,4471.109272
67,4493.086058
68,4533.689041
69,4499.825468
70,4542.255507
71,4525.364904
72,4468.603455
73,4427.911206
74,4494.759378
75,4484.239824
76,4493.643542
77,4544.769355
78,4587.363406
79,4512.358984
80,4582.221178
81,4561.342643
82,4466.881089
83,4600.443894
84,4656.386627
85,4653.210874
86,4754.005411
87,4707.695568
88,4666.651722
89,4646.485220
90,4634.878826
91,4525.210513
92,4518.977265
93,4512.651133
94,4548.209371
95,4659.313085
96,4596.012561
97,4583.290589
98,4631.570149
99,4564.692582
100,4562.306137
101,4620.809854
102,4554.205017
103,4516.385300
104,4599.493410
105,4712.379966
106,4652.412147
107,4641.127852
108,4537.309677
109,4445.975604
110,4550.652885
111,4639.302730
112,4647.522685
113,4638.353075
114,4683.676103
115,4679.482598
116,4683.507968
117,4664.410526
118,4580.802415
119,4566.536024
120,4566.264454
121,4638.038412
122,4581.421932
123,4651.604743
124,4660.520211
125,4755.399277
126,4666.381267
127,4711.218526
128,4741.541107
129,4721.068343
130,4698.255765
131,4723.030357
132,4684.343595
133,4698.832383
134,4599.580990
135,4584.665391
136,4616.346410
137,4735.278712
138,4815.989242
139,4752.134236
140,4815.472326
141,4766.504515
142,4675.013787
143,4643.660104
144,4738.083371
145,4801.382870
146,4805.077873
147,4713.376728
148,4704.400158
149,4660.200029
150,4696.230546
151,4752.170196
152,4727.447725
153,4706.659905
154,4640.274702
155,4661.794864
156,4770.293845
157,4824.638582
158,4801.443345
159,4717.880872
160,4686.005220
161,4764.316459
162,4846.830849
163,4909.230679
164,4923.592962
165,4876.750809
166,4751.526340
167,4757.809498
168,4744.515965
169,4853.355930
170,4830.676831
171,4721.955798
172,4695.135377
173,4822.635301
174,4780.248897
175,4798.891558
176,4812.619309
177,4722.892394
178,4724.719965
179,4639.266186
180,4573.955120
181,4580.063454
182,4546.320590
183,4520.114372
184,4621.603868
185,4715.101341
186,4679.641167
187,4608.604674
188,4589.171032
189,4673.126037
190,4670.885848
191,4638.794651
192,4689.446539
193,4721.031354
194,4755.415905
195,4736.548796
196,4657.937728
197,4628.142492
198,4631.683822
199,4548.226835
200,4677.575627
201,4603.825570
202,4673.052425
203,4724.394409
204,4665.672972
205,4730.612708
206,4730.487376
207,4749.247175
208,4736.373725
209,4706.081013
210,4703.867432
211,4659.216552
212,4595.164723
213,4629.035220
214,4587.418444
215,4548.516627
216,4565.579619
217,4548.927471
218,4671.729897
219,4756.910798
220,4789.531191
221,4825.390065
222,4778.568942
223,4685.556959
224,4762.194262
225,4769.588668
226,4750.286634
227,4750.551439
228,4732.687144
229,4711.870345
230,4778.345957
231,4805.007625
232,4901.711462
233,4973.961722
234,4938.761170
235,4786.891868
236,4777.532932
237,4671.721454
238,4642.658205
239,4669.927395
240,4761.260502
241,4846.913432
242,4745.664466
243,4628.752774
244,4595.727191
245,4573.616346
246,4573.308147
247,4640.875989
248,4516.140089
249,4536.068315
250,4544.068076
251,4652.149461
252,4699.305916
253,4678.601045
254,4620.195938
255,4687.912297
256,4710.335932
257,4753.381096
258,4765.523902
259,4754.784066
260,4735.803064
261,4683.508149
262,4753.763332
263,4694.219170
264,4769.339778
265,4735.678390
266,4797.151083
267,4846.817050
268,4825.767244
269,4745.973453
270,4756.057283
271,4704.857292
272,4632.717034
273,4653.715310
274,4754.864162
275,4678.663689
276,4767.137571
277,4728.144745
278,4739.742459
279,4712.523731
280,4648.212291
281,4684.873227
282,4626.282245
283,4647.435122
284,4615.679578
285,4699.453871
286,4584.380072
287,4596.534295
288,4586.293765
289,4627.542616
290,4613.259048
291,4601.849288
292,4634.242967
293,4652.190198
294,4707.628786
295,4787.909173
296,4741.255180
297,4736.233331
298,4792.509681
299,4771.540570
300,4819.350874
301,4850.302441
302,4888.409309
303,4863.125818
304,4768.411069
305,4762.004152
306,4814.949430
307,4756.630715
308,4686.769952
309,4616.378780
310,4663.753843
311,4757.040277
312,4654.538308
313,4721.304085
314,4704.252447
315,4628.949921
316,4664.334290
317,4716.521503
318,4703.201113
319,4636.733082
320,4657.116060
321,4693.844336
322,4721.962114
323,4844.961170
324,4828.925689
325,4757.573139
326,4735.771577
327,4718.371630
328,4752.873640
329,4782.474752
330,4754.147305
331,4855.755581
332,4709.535207
333,4621.362792
334,4504.358241
335,4519.615593
336,4655.764851
337,4540.747350
338,4516.642449
339,4520.353678
340,4545.438924
341,4607.509205
342,4562.196931
343,4589.189415
344,4612.152803
345,4552.390275
346,4642.878217
347,4660.209242
348,4583.611567
349,4602.628631
350,4643.474084
351,4673.611211
352,4676.258991
353,4658.753366
354,4592.748148
355,4647.047646
356,4546.755578
357,4609.703314
358,4760.131579
359,4757.487678
360,4690.786928
361,4716.311242
362,4765.994413
363,4824.914620
364,4720.831907
365,4785.034572
366,4752.054719
367,4656.198894
368,4742.279047
369,4704.607208
370,4671.959998
371,4748.053354
372,4721.236018
373,4671.338035
374,4621.326647
375,4590.147893
376,4592.448101
377,4657.455029
378,4538.155023
379,4549.391751
380,4581.823013
381,4641.408886
382,4623.363638
383,4665.237908
384,4755.260977
385,4757.373841
386,4837.655856
387,4756.560714
388,4859.477435
389,4858.309829
390,4794.998642
391,4782.710191
392,4766.320310
393,4843.608395
394,4845.627039
395,4792.746051
396,4815.415252
397,4807.319150
398,4746.536521
399,4713.509932
400,4776.105091
401,4686.318382
402,4677.101580
403,4663.188684
404,4709.454681
405,4736.496651
406,4712.299079
407,4683.458877
408,4585.174942
409,4618.470771
410,4686.062156
411,4727.826516
412,4664.385475
413,4706.867092
414,4778.266026
415,4764.350092
416,4641.938238
417,4729.161249
418,4784.082888
419,4739.722297
420,4697.576528
421,4654.276004
422,4689.183224
423,4749.428787
424,4727.887315
425,4672.391454
426,4743.415783
427,4736.709406
428,4638.341754
429,4650.230959
430,4587.617329
431,4624.175418
432,4683.763260
433,4668.890798
434,4686.292468
435,4689.244549
436,4711.081749
437,4610.478072
438,4531.581454
439,4557.969843
440,4591.898865
441,4754.730420
442,4805.940625
443,4788.031794
444,4766.932121
445,4863.851853
446,4836.857522
447,4854.574509
448,4871.836512
449,4877.779527
450,4854.257603
451,4877.835494
452,4773.279045
453,4840.963515
454,4842.112244
455,4845.863499
456,4911.860205
457,4861.587485
458,4868.903833
459,4854.911180
460,4946.230937
461,4912.871791
462,4918.644501
463,4959.082754
464,5033.484684
465,4940.567690
466,4905.120972
467,4882.463693
468,5002.669142
469,5045.983552
470,4992.786920
471,4943.483210
472,4839.835856
473,4820.879717
474,4823.790472
475,4835.978090
476,4720.792946
477,4664.086347
478,4665.323302
479,4794.454742
480,4879.657185
481,4838.282135
482,4871.165687
483,4874.862729
484,4929.257274
485,4969.123983
486,5038.279319
487,5034.570200
488,5015.472165
489,4929.080023
490,5037.304434
491,5018.091322
492,5047.620712
493,4919.819636
494,4939.924721
495,5085.498807
496,5100.807288
497,5006.342011
498,4955.515025
499,4883.948272
