0,3341.428209
1,3551.513313
2,3703.770463
3,3791.477877
4,3849.109710
5,3931.434235
6,3979.409895
7,4036.617237
8,4047.997704
9,4079.166462
10,4091.175478
11,4138.342562
12,4165.787829
13,4125.331124
14,4143.862446
15,4202.106073
16,4213.469520
17,4249.312559
18,4250.265184
19,4280.327102
20,4256.481101
21,4256.961481
22,4324.763615
23,4345.880674
24,4346.736183
25,4327.330166
26,4327.227485
27,4358.992804
28,4304.108646
29,4292.341934
30,4318.996892
31,4317.617277
32,4328.772608
33,4324.067061
34,4309.500396
35,4284.907463
36,4265.111827
37,4294.838159
38,4337.676116
39,4346.707002
40,4364.557025
41,4329.889133
42,4305.463946
43,4312.323518
44,4376.928990
45,4389.112561
46,4338.393824
47,4312.711941
48,4320.032415
49,4347.221137
50,4379.828426
51,4417.652250
52,4393.598233
53,4375.232344
54,4361.957100
55,4372.043441
56,4391.030464
57,4402.103309
58,4407.559151
59,4380.747482
60,4325.209790
61,4372.679698
62,4374.138789
63,4397.191226
64,4368.095072
65,4414.031560
66,4426.366374
67,4371.900163
68,4394.217565
69,4361.368097
70,4392.133695
71,4387.242378
72,4362.515754
73,4391.655210
74,4425.903787
75,4438.903940
76,4445.773349
77,4466.602599
78,4445.818982
79,4453.970744
80,4460.789142
81,4450.578371
82,4432.346366
83,4436.832675
84,4453.683523
85,4466.290351
86,4443.206005
87,4474.946948
88,4480.312309
89,4436.318590
90,4459.583077
91,4483.750058
92,4476.685110
93,4468.368942
94,4427.979752
95,4417.166239
96,4398.308039
97,4390.923057
98,4410.939472
99,4446.696356
100,4427.440445
101,4436.517172
102,4438.944216
103,4429.870994
104,4444.110650
105,4358.322469
106,4390.184585
107,4383.969735
108,4389.150513
109,4382.702596
110,4368.151629
111,4415.276589
112,4446.221384
113,4456.597423
114,4466.564860
115,4481.467870
116,4460.020056
117,4461.271181
118,4469.271118
119,4459.945620
120,4436.614524
121,4419.411820
122,4413.412314
123,4430.442148
124,4451.394752
125,4434.552160
126,4436.828374
127,4469.073075
128,4449.922487
129,4432.182329
130,4510.077622
131,4520.672995
132,4606.648136
133,4616.176415
134,4597.325896
135,4650.232787
136,4630.333594
137,4658.686106
138,4664.570082
139,4689.689814
140,4602.674059
141,4619.407813
142,4585.756484
143,4614.641602
144,4577.286622
145,4550.003474
146,4522.837945
147,4492.519473
148,4550.323566
149,4554.569240
150,4545.868530
151,4577.784650
152,4549.125194
153,4543.673916
154,4534.500600
155,4562.495019
156,4601.193569
157,4574.363454
158,4572.896972
159,4631.502197
160,4639.682762
161,4679.829956
162,4696.181676
163,4662.899498
164,4631.897007
165,4649.142075
166,4631.824747
167,4676.452987
168,4680.201876
169,4655.951369
170,4625.812358
171,4640.971336
172,4725.145341
173,4675.314636
174,4604.331587
175,4622.900621
176,4639.153782
177,4655.174388
178,4610.633185
179,4623.379085
180,4723.218851
181,4669.588868
182,4698.503764
183,4697.552142
184,4727.673875
185,4688.827142
186,4710.051646
187,4691.990655
188,4729.489978
189,4747.412008
190,4650.461595
191,4609.831548
192,4640.201125
193,4709.568057
194,4783.829215
195,4749.726932
196,4794.130010
197,4799.597914
198,4810.982640
199,4797.409097
200,4742.009405
201,4775.561714
202,4789.258715
203,4717.525796
204,4743.870519
205,4804.278988
206,4803.974276
207,4710.779663
208,4653.022589
209,4677.892164
210,4718.595577
211,4688.511157
212,4765.775269
213,4724.757934
214,4700.004411
215,4715.425535
216,4729.495686
217,4769.288941
218,4724.146642
219,4677.208680
220,4659.970903
221,4644.095069
222,4644.628640
223,4686.473016
224,4619.063014
225,4649.827025
226,4746.980886
227,4696.790177
228,4666.493221
229,4681.995955
230,4645.990709
231,4737.113434
232,4789.762961
233,4889.726650
234,4859.118418
235,4875.419491
236,4923.327635
237,4836.572287
238,4818.395456
239,4815.756164
240,4831.858443
241,4860.495725
242,4861.158275
243,4810.289604
244,4740.268423
245,4765.079292
246,4776.384527
247,4731.514473
248,4747.197433
249,4754.839827
250,4782.495147
251,4773.686547
252,4769.909017
253,4784.130923
254,4755.014943
255,4757.709334
256,4760.182701
257,4763.325650
258,4786.658643
259,4774.872984
260,4710.887111
261,4682.771358
262,4694.764788
263,4726.409710
264,4725.714918
265,4815.563403
266,4772.224889
267,4713.344365
268,4728.672465
269,4699.251437
270,4684.304000
271,4630.576559
272,4664.257601
273,4647.057377
274,4620.475339
275,4566.388603
276,4588.839846
277,4551.452549
278,4614.430055
279,4570.423933
280,4599.784590
281,4590.771792
282,4509.498144
283,4560.856017
284,4632.062289
285,4730.678979
286,4703.323044
287,4675.303601
288,4696.929965
289,4706.740343
290,4721.270559
291,4743.598263
292,4710.134231
293,4678.041986
294,4732.947966
295,4707.717316
296,4728.822682
297,4716.159828
298,4701.470421
299,4733.446641
300,4701.436154
301,4785.336416
302,4739.831226
303,4737.588745
304,4780.221710
305,4726.392032
306,4744.659822
307,4732.422541
308,4714.029335
309,4774.756905
310,4792.998530
311,4712.868435
312,4733.904693
313,4788.098584
314,4743.563864
315,4738.101639
316,4799.177728
317,4841.471966
318,4830.761603
319,4802.635647
320,4770.801357
321,4824.521757
322,4742.969520
323,4776.417731
324,4741.150269
325,4744.177742
326,4755.759228
327,4769.539023
328,4790.414963
329,4741.580817
330,4632.553569
331,4686.389752
332,4641.201558
333,4707.185356
334,4768.297372
335,4781.080669
336,4742.675997
337,4706.512480
338,4694.887887
339,4675.152595
340,4722.466450
341,4729.518600
342,4704.813184
343,4716.461943
344,4759.138801
345,4723.150901
346,4740.795323
347,4711.139272
348,4656.772934
349,4676.433144
350,4717.754639
351,4729.100067
352,4805.578436
353,4802.647713
354,4789.684766
355,4737.178177
356,4680.122993
357,4766.665096
358,4806.458213
359,4853.590399
360,4840.116781
361,4793.114891
362,4769.400571
363,4820.274533
364,4873.575632
365,4868.387060
366,4884.604006
367,4827.220610
368,4698.369472
369,4654.416521
370,4666.548042
371,4598.029570
372,4612.358441
373,4612.267457
374,4643.833114
375,4669.608652
376,4689.326282
377,4612.655284
378,4622.148937
379,4636.730342
380,4642.708047
381,4663.192139
382,4724.201007
383,4768.882071
384,4710.837733
385,4729.272908
386,4708.310661
387,4720.196413
388,4695.261556
389,4703.484756
390,4749.877834
391,4783.650723
392,4785.627998
393,4706.236871
394,4767.430862
395,4771.724468
396,4796.086690
397,4769.406624
398,4754.754495
399,4734.128757
400,4747.768230
401,4752.571975
402,4672.230921
403,4610.266583
404,4592.119791
405,4648.345032
406,4619.118958
407,4696.924285
408,4673.007191
409,4646.707918
410,4644.038594
411,4684.687981
412,4639.479302
413,4648.719011
414,4646.481182
415,4629.777033
416,4621.981953
417,4725.105574
418,4723.566487
419,4724.049198
420,4760.064819
421,4824.579551
422,4850.890707
423,4853.909889
424,4877.727683
425,4799.030931
426,4774.456588
427,4780.454156
428,4723.420300
429,4733.071136
430,4742.354513
431,4710.233577
432,4718.983837
433,4703.049778
434,4692.468144
435,4713.425143
436,4678.913166
437,4617.661813
438,4683.144352
439,4638.403585
440,4596.690725
441,4590.686618
442,4599.180791
443,4615.126237
444,4636.521367
445,4655.775400
446,4749.813614
447,4699.998119
448,4632.359050
449,4632.581186
450,4625.952390
451,4669.465073
452,4650.459124
453,4686.808358
454,4709.040663
455,4669.115261
456,4651.589481
457,4683.231627
458,4709.011869
459,4747.671257
460,4684.860291
461,4708.025590
462,4694.652502
463,4658.934501
464,4634.017128
465,4567.076691
466,4616.484092
467,4643.606074
468,4635.079581
469,4647.078772
470,4584.315554
471,4667.087111
472,4697.818612
473,4645.283260
474,4655.786436
475,4703.337239
476,4730.811685
477,4706.784948
478,4754.659785
479,4782.622104
480,4764.220842
481,4708.859651
482,4716.421669
483,4707.369353
484,4701.093341
485,4704.617179
486,4711.565171
487,4763.213304
488,4709.471041
489,4779.383494
490,4728.121306
491,4713.500977
492,4682.367972
493,4700.625742
494,4661.140298
495,4686.424822
496,4656.021467
497,4685.621794
498,4666.852261
499,4693.856667
