0,3376.926354
1,3444.807185
2,3431.432657
3,3470.703221
4,3543.317867
5,3584.335566
6,3577.539393
7,3605.231099
8,3667.982129
9,3696.890874
10,3658.440974
11,3671.465742
12,3720.174072
13,3794.162130
14,3814.400568
15,3831.603619
16,3884.170022
17,3916.452483
18,3912.815331
19,3877.812685
20,3923.314687
21,3955.430620
22,3936.136526
23,3922.665258
24,3947.760359
25,3948.320685
26,3997.196036
27,4011.352649
28,3999.788983
29,4008.841360
30,4020.490909
31,4012.845872
32,3976.753630
33,3962.320198
34,3987.578806
35,4012.223779
36,4028.541116
37,4061.949461
38,4067.168603
39,4073.033291
40,4097.080789
41,4111.123052
42,4045.079339
43,4043.140993
44,4084.692231
45,4055.224629
46,4040.872502
47,4047.440639
48,4073.253408
49,4019.206015
50,3979.874512
51,3997.338319
52,3976.675292
53,4059.621870
54,4104.150180
55,4120.175377
56,4199.759484
57,4201.535754
58,4283.610740
59,4382.088775
60,4330.621411
61,4316.950158
62,4363.414799
63,4329.594675
64,4331.058107
65,4409.005201
66,4422.361200
67,4378.185929
68,4429.024224
69,4409.017396
70,4394.867738
71,4408.830749
72,4420.841527
73,4414.433693
74,4512.263319
75,4639.145316
76,4718.012142
77,4751.070264
78,4814.356234
79,4908.684400
80,4940.565508
81,4822.206253
82,4892.347369
83,4883.466941
84,4896.443717
85,4816.346043
86,4845.276731
87,4871.262896
88,4899.011092
89,4897.611385
90,4960.305426
91,4930.484421
92,4922.612412
93,4969.053016
94,5070.418950
95,5209.871085
96,5201.521761
97,5273.909642
98,5347.532657
99,5426.079046
100,5351.058719
101,5354.022457
102,5297.026034
103,5270.791771
104,5201.131763
105,5287.126398
106,5381.915808
107,5427.605449
108,5474.813545
109,5490.028093
110,5504.223714
111,5571.225974
112,5600.444125
113,5596.315788
114,5572.742891
115,5608.310303
116,5623.079475
117,5587.158152
118,5600.999906
119,5616.191302
120,5625.698429
121,5678.331955
122,5661.450281
123,5656.082995
124,5648.661181
125,5709.778273
126,5683.897923
127,5644.381456
128,5649.570972
129,5672.262314
130,5716.942392
131,5724.969409
132,5767.411740
133,5697.204583
134,5771.665242
135,5785.530864
136,5827.602746
137,5819.828390
138,5870.201642
139,5868.099664
140,5871.985400
141,5922.010657
142,5898.103528
143,5953.577634
144,5994.773881
145,5960.309116
146,6007.725698
147,6006.136891
148,6024.239851
149,5969.210802
150,5976.675294
151,6040.861521
152,6031.462426
153,6011.125595
154,6087.783540
155,6035.857084
156,6038.708115
157,6064.839614
158,6053.248756
159,6099.889939
160,6072.222234
161,6090.493766
162,6109.329228
163,6101.462209
164,6116.587294
165,6070.153249
166,6122.617326
167,6158.410568
168,6165.741971
169,6132.740544
170,6184.372778
171,6163.848889
172,6149.532857
173,6187.213733
174,6193.993432
175,6179.911981
176,6198.852003
177,6240.814720
178,6235.714356
179,6231.779800
180,6228.852238
181,6259.770892
182,6265.036481
183,6272.079437
184,6262.832783
185,6285.095320
186,6294.310947
187,6275.656343
188,6276.688721
189,6284.312873
190,6294.003167
191,6304.424300
192,6275.511072
193,6293.836216
194,6283.661561
195,6287.661845
196,6291.863578
197,6291.370813
198,6297.239257
199,6291.610066
200,6301.211334
201,6298.650542
202,6305.466063
203,6306.787083
204,6305.961329
205,6295.692602
206,6292.292230
207,6300.829296
208,6292.827928
209,6299.296124
210,6301.217848
211,6292.078365
212,6305.289692
213,6301.080030
214,6301.184251
215,6295.267394
216,6301.921001
217,6301.427357
218,6301.168641
219,6305.944488
220,6306.032354
221,6304.187849
222,6302.445828
223,6305.840129
224,6302.676398
225,6304.352103
226,6302.424779
227,6305.740300
228,6309.067167
229,6305.169251
230,6307.527741
231,6305.642699
232,6304.016895
233,6294.359830
234,6306.245537
235,6309.067167
236,6304.893090
237,6307.023298
238,6306.214748
239,6303.922133
240,6308.378725
241,6307.480554
242,6301.977439
243,6307.146445
244,6307.943195
245,6306.901755
246,6306.772246
247,6306.072250
248,6306.554416
249,6309.294955
250,6309.386070
251,6309.613858
252,6302.860726
253,6309.713039
254,6309.207230
255,6307.616679
256,6307.346641
257,6302.237652
258,6308.989238
259,6305.395150
260,6305.494025
261,6309.991542
262,6311.672728
263,6313.212910
264,6312.856193
265,6307.843545
266,6308.868100
267,6308.086523
268,6310.336065
269,6309.400548
270,6307.935945
271,6312.082100
272,6313.442457
273,6311.655169
274,6314.604425
275,6314.026046
276,6315.272355
277,6309.836436
278,6314.504149
279,6309.084930
280,6314.008932
281,6318.634266
282,6319.044285
283,6313.584227
284,6315.137033
285,6307.462742
286,6311.521140
287,6317.367500
288,6310.097388
289,6308.979514
290,6312.166697
291,6313.587819
292,6317.200886
293,6311.619700
294,6309.492806
295,6317.734486
296,6318.413567
297,6315.189120
298,6316.214036
299,6317.038307
300,6318.488272
301,6319.394158
302,6319.420131
303,6315.734308
304,6318.463248
305,6314.230928
306,6318.792531
307,6318.473854
308,6319.370380
309,6319.088788
310,6310.934954
311,6308.611382
312,6315.099667
313,6319.208149
314,6319.590106
315,6313.530734
316,6318.739812
317,6313.721485
318,6319.358879
319,6315.148682
320,6317.509547
321,6317.296679
322,6318.326050
323,6319.159813
324,6318.396007
325,6320.024318
326,6318.132415
327,6319.878340
328,6317.890398
329,6315.568949
330,6318.677569
331,6313.632879
332,6320.456571
333,6316.420070
334,6315.824942
335,6318.474941
336,6320.365269
337,6314.195893
338,6316.781029
339,6320.989640
340,6320.225853
341,6320.842828
342,6321.979625
343,6320.406523
344,6321.370403
345,6321.522709
346,6315.579471
347,6316.023742
348,6318.958149
349,6321.751994
350,6314.015494
351,6324.069882
352,6324.413540
353,6321.420264
354,6323.594385
355,6324.644524
356,6329.139661
357,6330.795857
358,6331.623227
359,6325.229736
360,6326.261386
361,6328.511078
362,6335.093266
363,6327.847408
364,6335.093266
365,6334.624673
366,6336.353058
367,6336.219692
368,6337.489286
369,6335.141899
370,6338.591490
371,6337.622356
372,6332.304340
373,6335.917309
374,6332.096537
375,6337.142528
376,6338.091371
377,6336.579212
378,6337.100956
379,6337.656757
380,6338.146793
381,6337.127253
382,6336.036886
383,6338.443235
384,6335.091600
385,6336.152697
386,6338.064293
387,6338.421027
388,6335.364053
389,6337.683424
390,6337.112402
391,6336.393511
392,6336.889182
393,6335.003692
394,6333.140595
395,6333.921562
396,6335.228571
397,6338.022506
398,6337.054147
399,6333.413551
400,6332.020220
401,6335.458676
402,6333.456916
403,6339.625743
404,6337.288212
405,6340.219581
406,6341.112152
407,6339.098213
408,6343.620658
409,6345.420558
410,6345.346430
411,6345.014628
412,6340.359565
413,6353.046938
414,6355.482097
415,6350.825635
416,6348.014070
417,6352.670423
418,6347.980267
419,6355.393278
420,6355.310456
421,6358.715742
422,6361.913801
423,6361.741221
424,6360.422366
425,6360.717737
426,6361.461304
427,6357.769570
428,6361.958061
429,6359.640918
430,6365.083462
431,6363.637264
432,6358.089833
433,6364.076203
434,6361.635692
435,6362.532828
436,6367.250772
437,6367.875510
438,6367.418998
439,6366.978422
440,6370.081871
441,6366.077092
442,6373.953593
443,6376.455284
444,6379.237728
445,6375.113403
446,6376.039829
447,6380.353426
448,6374.373876
449,6376.864666
450,6381.033654
451,6384.838885
452,6386.799412
453,6387.541366
454,6396.449986
455,6394.327130
456,6394.653874
457,6386.393769
458,6397.471052
459,6394.663090
460,6393.138877
461,6397.636527
462,6392.500995
463,6391.770167
464,6394.931574
465,6398.281427
466,6397.213064
467,6401.573672
468,6400.678343
469,6405.316357
470,6401.298025
471,6408.950496
472,6410.707057
473,6416.106959
474,6417.906070
475,6420.690263
476,6428.339196
477,6435.400737
478,6439.501239
479,6447.400127
480,6443.872930
481,6449.571088
482,6455.051099
483,6456.715854
484,6456.001198
485,6457.795725
486,6459.213220
487,6461.652791
488,6459.090935
489,6461.602463
490,6458.872042
491,6462.612670
492,6462.087964
493,6461.918669
494,6463.864411
495,6461.911589
496,6463.864411
497,6454.129916
498,6463.864411
499,6454.202995
