0,3346.717944
1,6621.005640
2,6940.559986
3,7120.879868
4,7251.690802
5,7340.023598
6,7422.814624
7,7497.451181
8,7619.217617
9,7648.589671
10,7641.114090
11,7666.036288
12,7751.118289
13,7808.190080
14,7845.881593
15,7913.961213
16,7994.343762
17,8017.211457
18,8017.402797
19,8090.550002
20,8092.886149
21,8119.892665
22,8164.956722
23,8194.944151
24,8174.599169
25,8179.186735
26,8326.936872
27,8312.220061
28,8393.197390
29,8367.179488
30,8398.979715
31,8490.523590
32,8603.368396
33,8618.737576
34,8682.707835
35,8702.746007
36,8783.430091
37,8820.437163
38,8878.972304
39,8931.291076
40,8925.632511
41,9011.996414
42,9080.280560
43,9103.782004
44,9148.634013
45,9311.463161
46,9273.735069
47,9379.650635
48,9370.907508
49,9388.641576
50,9472.569864
51,9503.076454
52,9554.865087
53,9608.577993
54,9699.700342
55,9754.360509
56,9795.086945
57,9907.712057
58,9907.386111
59,9823.226064
60,9845.565540
61,9948.918198
62,9911.232844
63,10048.271631
64,10049.154900
65,10029.541957
66,10050.570653
67,10109.662937
68,10247.371267
69,10246.218508
70,10193.054378
71,10227.400430
72,10324.950340
73,10331.452619
74,10267.968584
75,10384.285027
76,10288.019329
77,10231.838124
78,10182.355824
79,10313.403865
80,10496.717759
81,10436.595678
82,10285.140757
83,10467.325869
84,10375.069452
85,10451.470983
86,10467.926693
87,10394.642672
88,10498.987331
89,10409.623693
90,10475.677951
91,10407.687533
92,10529.209433
93,10521.012584
94,10631.099338
95,10531.313605
96,10524.478082
97,10623.567447
98,10697.264725
99,10648.537914
100,10633.276640
101,10631.219270
102,10539.223269
103,10535.066460
104,10682.590049
105,10651.415951
106,10719.526348
107,10674.042733
108,10542.833661
109,10667.895514
110,10638.303926
111,10539.712738
112,10698.382624
113,10703.865130
114,10573.963638
115,10653.364562
116,10624.538758
117,10741.418679
118,10612.109304
119,10769.352794
120,10685.282983
121,10737.868403
122,10782.348264
123,10609.811099
124,10646.571604
125,10668.789283
126,10678.851056
127,10678.918914
128,10663.559913
129,10874.609482
130,10745.257286
131,10718.990970
132,10670.930697
133,10658.750860
134,10626.536263
135,10787.674892
136,10724.340163
137,10725.510429
138,10572.355307
139,10453.897558
140,10487.462374
141,10595.514726
142,10653.897426
143,10665.380797
144,10705.500150
145,10659.091791
146,10753.309141
147,10750.179146
148,10705.685432
149,10553.625296
150,10665.157497
151,10630.766874
152,10619.928943
153,10638.230354
154,10488.326064
155,10641.325157
156,10723.101044
157,10651.074931
158,10599.130733
159,10697.496688
160,10726.747201
161,10698.905240
162,10600.162693
163,10532.659939
164,10608.162161
165,10625.025479
166,10631.312350
167,10651.075397
168,10681.292105
169,10628.254573
170,10663.199219
171,10706.337180
172,10578.252070
173,10569.663115
174,10607.740386
175,10722.237766
176,10790.627436
177,10787.168244
178,10694.773724
179,10710.953513
180,10678.074714
181,10666.789835
182,10698.285055
183,10788.076304
184,10616.498875
185,10575.353082
186,10763.693577
187,10663.648869
188,10800.664180
189,10834.213147
190,10690.672344
191,10623.467054
192,10753.566490
193,10629.532886
194,10732.461078
195,10705.062564
196,10660.564275
197,10574.494652
198,10705.602321
199,10779.329505
200,10698.026510
201,10753.804679
202,10677.071806
203,10663.866791
204,10655.658238
205,10616.805535
206,10565.320330
207,10633.021705
208,10508.884494
209,10566.259251
210,10565.963243
211,10565.220918
212,10597.715122
213,10573.146008
214,10533.070447
215,10623.518962
216,10636.957544
217,10753.200181
218,10659.194446
219,10555.443234
220,10609.605337
221,10558.254261
222,10568.121242
223,10573.681467
224,10586.199157
225,10594.997457
226,10685.495293
227,10575.354914
228,10616.405390
229,10554.934976
230,10634.490560
231,10634.240548
232,10511.352923
233,10510.738921
234,10592.752570
235,10597.646519
236,10563.545056
237,10740.247618
238,10690.550466
239,10713.380010
240,10728.377188
241,10652.883204
242,10661.436700
243,10808.388951
244,10561.258134
245,10604.976603
246,10577.342014
247,10650.936646
248,10718.958689
249,10567.762372
250,10581.776787
251,10523.173922
252,10533.626989
253,10622.148435
254,10598.676232
255,10572.570006
256,10783.013617
257,10584.986549
258,10775.245179
259,10520.289800
260,10622.771504
261,10699.202806
262,10654.853729
263,10680.691021
264,10816.651472
265,10686.793918
266,10718.982077
267,10628.976303
268,10676.153591
269,10614.563746
270,10734.708306
271,10542.135558
272,10605.029312
273,10570.889673
274,10611.270266
275,10637.765894
276,10738.553023
277,10760.818164
278,10598.678710
279,10756.391794
280,10739.737590
281,10645.356567
282,10704.694117
283,10811.053924
284,10890.237042
285,10848.133313
286,10755.306049
287,10773.448535
288,10773.603671
289,10739.731821
290,10606.943352
291,10633.865924
292,10701.182902
293,10729.213552
294,10598.457808
295,10742.408077
296,10786.391307
297,10842.470243
298,10620.327036
299,10611.941369
300,10648.066475
301,10731.429071
302,10698.232168
303,10662.970663
304,10672.033874
305,10761.173773
306,10592.725888
307,10544.198698
308,10697.436770
309,10633.737177
310,10706.569109
311,10760.333216
312,10688.370297
313,10616.791961
314,10639.116480
315,10917.091966
316,10877.327466
317,10771.279258
318,10738.460539
319,10751.803711
320,10714.071413
321,10725.817025
322,10710.612338
323,10646.353791
324,10754.829269
325,10614.854672
326,10491.778528
327,10670.331134
328,10647.195158
329,10722.895921
330,10753.772225
331,10502.414859
332,10671.995786
333,10669.330469
334,10669.241175
335,10801.754492
336,10804.515016
337,10760.523277
338,10774.042308
339,10635.241686
340,10592.414883
341,10618.574553
342,10558.897051
343,10659.900157
344,10776.615351
345,10760.031455
346,10684.452275
347,10776.892347
348,10647.844187
349,10649.039323
350,10582.656138
351,10687.927972
352,10771.242609
353,10711.960198
354,10744.024601
355,10746.284470
356,10625.069805
357,10619.730305
358,10711.486765
359,10692.661953
360,10621.716914
361,10623.149593
362,10626.447683
363,10634.322021
364,10633.156941
365,10640.555317
366,10680.595608
367,10756.355647
368,10762.939551
369,10803.136408
370,10789.445683
371,10689.986652
372,10671.960035
373,10652.034639
374,10679.363767
375,10696.237380
376,10636.123349
377,10545.910117
378,10601.345510
379,10654.725239
380,10615.752887
381,10604.926921
382,10608.873034
383,10697.565717
384,10689.166403
385,10739.306582
386,10572.126161
387,10648.035633
388,10796.287276
389,10751.392965
390,10563.831644
391,10647.691171
392,10633.382772
393,10743.734737
394,10804.625176
395,10676.114959
396,10640.022638
397,10701.197870
398,10807.773442
399,10770.656299
400,10894.707704
401,10793.341289
402,10858.703096
403,10738.998735
404,10731.822680
405,10568.051474
406,10659.978313
407,10742.729589
408,10807.201850
409,10784.814321
410,10655.606120
411,10730.595756
412,10821.309071
413,10619.905720
414,10688.842694
415,10600.065905
416,10607.104142
417,10683.265202
418,10642.347560
419,10596.895758
420,10594.605218
421,10653.819047
422,10711.807599
423,10860.612353
424,10764.790070
425,10874.741092
426,10713.467779
427,10722.324974
428,10785.193853
429,10767.575507
430,10709.670877
431,10685.498623
432,10768.989315
433,10758.026410
434,10827.173833
435,10799.548416
436,10691.080488
437,10657.872518
438,10750.025554
439,10746.233758
440,10752.652127
441,10780.483531
442,10781.374789
443,10705.978358
444,10619.453548
445,10725.871268
446,10713.209640
447,10829.996106
448,10742.055534
449,10718.074086
450,10663.330988
451,10733.847152
452,10676.859724
453,10738.765106
454,10893.139492
455,10889.016798
456,10684.766040
457,10658.741532
458,10740.203786
459,10724.080678
460,10741.490688
461,10780.833845
462,10700.686531
463,10678.683784
464,10725.984411
465,10707.457986
466,10810.627033
467,10728.716494
468,10777.355928
469,10760.908588
470,10782.829885
471,10679.539693
472,10792.894115
473,10847.051080
474,10800.348246
475,10709.973315
476,10697.866354
477,10741.764104
478,10835.055363
479,10867.677979
480,10854.887428
481,10783.404182
482,10649.413469
483,10697.580832
484,10750.097070
485,10913.123582
486,11019.967246
487,10822.643884
488,10774.793354
489,10733.526736
490,10864.023056
491,10846.812894
492,10717.418351
493,10768.550888
494,10717.940663
495,10756.698849
496,10830.557994
497,10740.862117
498,10593.128582
499,10695.246844
