0,3361.179942
1,6742.935177
2,7041.749820
3,7295.687575
4,7493.014709
5,7691.937725
6,7831.432089
7,7988.739451
8,8108.217180
9,8202.154439
10,8333.274548
11,8414.150960
12,8474.201260
13,8584.848835
14,8649.218790
15,8722.684961
16,8785.376212
17,8845.049874
18,8909.160045
19,8961.092053
20,9040.643451
21,9121.971561
22,9221.364676
23,9299.970530
24,9311.797105
25,9377.708701
26,9442.944799
27,9535.560193
28,9622.555344
29,9702.572465
30,9769.917636
31,9844.967036
32,9963.962685
33,10028.493852
34,10097.056459
35,10181.875694
36,10258.756349
37,10351.699531
38,10386.534541
39,10487.314624
40,10526.887939
41,10576.728400
42,10612.346892
43,10675.630310
44,10665.016622
45,10772.788922
46,10766.650325
47,10841.598674
48,10851.200383
49,10852.200805
50,10933.849849
51,10942.897580
52,10987.024431
53,11021.535135
54,11000.453600
55,11001.412690
56,11026.103866
57,11033.968458
58,11084.687193
59,11147.839835
60,11121.631729
61,11149.087863
62,11184.136860
63,11182.138782
64,11212.350156
65,11183.305750
66,11176.200940
67,11181.521094
68,11208.038137
69,11200.535579
70,11240.374033
71,11303.422487
72,11295.945419
73,11315.222205
74,11319.930725
75,11355.857164
76,11350.718617
77,11329.848222
78,11344.717290
79,11362.015155
80,11418.796026
81,11471.543897
82,11488.495698
83,11539.812447
84,11557.724561
85,11595.083664
86,11584.804868
87,11561.540859
88,11608.570230
89,11638.686372
90,11634.154563
91,11617.692857
92,11670.454938
93,11711.113300
94,11684.466989
95,11712.255246
96,11693.352683
97,11720.073618
98,11718.903967
99,11748.526074
100,11738.320025
101,11718.251072
102,11782.764906
103,11828.417525
104,11865.278063
105,11819.783663
106,11823.748360
107,11837.787007
108,11822.305298
109,11828.152171
110,11812.153575
111,11835.173668
112,11897.177797
113,11968.096178
114,11878.922980
115,11852.235483
116,11838.790766
117,11883.018998
118,11915.632435
119,11939.949030
120,11965.563907
121,11929.212949
122,11979.653516
123,11928.017133
124,11950.815257
125,11869.608330
126,11892.038888
127,11883.985825
128,11882.438213
129,11868.424747
130,11876.666629
131,11859.119999
132,11811.536693
133,11858.347905
134,11877.772443
135,11853.328932
136,11933.076195
137,11901.398075
138,11848.629437
139,11895.440347
140,11888.692706
141,11960.055091
142,11957.417203
143,11955.102683
144,11966.086387
145,11976.742478
146,11988.348141
147,11927.244421
148,11976.623585
149,11900.622284
150,11944.788111
151,11944.252360
152,11912.382860
153,11970.420800
154,11951.298215
155,11960.405645
156,11999.601066
157,11990.760241
158,11968.712186
159,12048.660340
160,12082.316780
161,12174.001422
162,12095.262822
163,12120.489229
164,12161.494309
165,12113.322728
166,12084.536794
167,12047.932583
168,12031.246212
169,11995.926831
170,12101.418930
171,12076.207204
172,12094.895672
173,12100.480570
174,12065.201160
175,12039.087584
176,12098.233925
177,12134.385865
178,12083.714469
179,12082.309058
180,12106.019056
181,12063.778676
182,12062.629582
183,12048.630365
184,12129.393361
185,12102.325740
186,12106.827939
187,12061.451845
188,12115.665274
189,12157.024143
190,12162.688128
191,12110.849087
192,12059.717489
193,12087.383394
194,12078.386653
195,12097.505174
196,11991.304044
197,12085.032390
198,12075.288564
199,12105.053631
200,12076.142322
201,12158.877679
202,12197.960840
203,12171.449270
204,12096.168012
205,12167.820306
206,12173.501772
207,12189.818327
208,12160.739018
209,12060.251169
210,12069.493910
211,12056.938641
212,12101.196747
213,12140.262542
214,12162.307453
215,12136.935039
216,12095.208527
217,12115.988646
218,12194.143396
219,12109.692160
220,12118.144015
221,12088.897563
222,12086.942774
223,12117.425836
224,12134.903573
225,12148.885022
226,12167.194213
227,12211.580446
228,12154.636739
229,12113.006241
230,12166.241522
231,12183.152180
232,12134.779848
233,12179.082332
234,12235.573895
235,12192.538285
236,12259.506995
237,12215.562975
238,12206.317505
239,12195.123958
240,12257.572767
241,12351.687704
242,12339.082280
243,12332.706559
244,12351.317232
245,12339.961701
246,12344.237023
247,12433.672454
248,12401.844663
249,12362.340340
250,12386.262188
251,12374.541739
252,12406.504054
253,12383.896897
254,12310.292973
255,12339.863730
256,12425.262512
257,12347.471808
258,12411.936880
259,12397.933519
260,12390.163634
261,12287.132860
262,12326.156131
263,12342.367812
264,12354.171885
265,12393.009385
266,12345.876061
267,12374.083676
268,12346.551556
269,12344.898059
270,12408.504728
271,12368.388715
272,12407.557666
273,12358.538482
274,12279.649645
275,12358.784910
276,12348.885721
277,12362.780671
278,12399.218823
279,12438.249610
280,12440.572905
281,12384.037320
282,12317.250024
283,12300.117390
284,12377.301414
285,12349.066341
286,12326.461852
287,12290.247106
288,12375.790254
289,12336.286811
290,12314.473250
291,12303.428454
292,12300.066044
293,12354.609975
294,12296.935872
295,12323.732235
296,12299.416111
297,12338.440761
298,12337.611402
299,12353.763537
300,12394.018100
301,12330.669553
302,12410.954386
303,12486.921041
304,12403.713682
305,12347.616676
306,12440.985963
307,12362.445170
308,12284.975977
309,12396.459027
310,12421.712866
311,12393.987753
312,12461.340342
313,12382.976613
314,12374.732843
315,12391.745154
316,12414.514032
317,12476.919014
318,12383.909657
319,12360.978872
320,12335.194493
321,12322.921712
322,12337.125870
323,12314.403563
324,12384.499613
325,12391.805403
326,12423.127967
327,12372.869862
328,12456.940844
329,12457.744161
330,12496.835289
331,12454.258814
332,12508.853203
333,12470.998681
334,12406.290355
335,12373.591004
336,12451.061860
337,12374.746386
338,12473.847257
339,12492.609802
340,12476.970042
341,12423.950697
342,12394.274257
343,12406.316148
344,12364.644395
345,12380.019517
346,12468.936115
347,12459.283411
348,12447.366624
349,12405.466243
350,12407.811071
351,12378.254813
352,12497.437278
353,12485.681883
354,12481.229786
355,12418.704756
356,12347.800129
357,12395.576316
358,12419.775834
359,12382.777966
360,12421.220497
361,12409.840203
362,12408.964536
363,12409.826800
364,12392.570905
365,12463.275992
366,12392.047212
367,12380.249753
368,12392.525611
369,12437.698777
370,12411.478145
371,12440.420218
372,12469.816574
373,12456.958891
374,12490.658867
375,12458.970817
376,12492.500930
377,12454.236278
378,12483.444376
379,12412.166505
380,12478.015080
381,12451.404447
382,12408.197999
383,12403.158735
384,12462.004600
385,12448.538063
386,12422.944806
387,12479.907192
388,12449.389215
389,12336.346491
390,12353.684443
391,12325.885128
392,12343.621357
393,12400.036327
394,12391.814915
395,12430.328289
396,12430.914511
397,12525.569720
398,12446.557342
399,12476.260786
400,12430.706826
401,12470.411233
402,12447.300731
403,12429.898488
404,12419.721528
405,12410.362683
406,12398.556467
407,12338.511426
408,12400.399668
409,12412.889753
410,12480.968487
411,12458.874380
412,12373.176756
413,12337.774257
414,12332.621407
415,12415.625706
416,12401.879032
417,12394.247110
418,12376.368377
419,12446.296237
420,12439.430046
421,12373.977105
422,12445.829652
423,12503.494609
424,12473.112361
425,12506.654260
426,12571.970191
427,12563.246312
428,12496.794027
429,12431.055954
430,12460.950211
431,12417.339239
432,12381.854675
433,12432.386273
434,12471.684603
435,12532.934961
436,12522.320709
437,12542.984639
438,12465.207211
439,12485.941595
440,12484.930970
441,12507.946317
442,12468.525953
443,12467.863817
444,12513.724919
445,12491.508577
446,12453.056960
447,12477.897711
448,12415.515661
449,12473.347822
450,12412.419229
451,12390.674193
452,12416.904201
453,12432.971406
454,12421.396311
455,12507.650445
456,12493.319279
457,12460.299538
458,12476.419662
459,12452.559147
460,12457.329653
461,12497.522192
462,12461.949730
463,12442.419440
464,12404.104445
465,12435.562191
466,12448.738582
467,12453.497497
468,12332.575935
469,12360.385554
470,12355.529584
471,12462.125804
472,12466.778285
473,12431.274466
474,12457.320056
475,12435.981566
476,12454.898437
477,12499.281679
478,12460.831935
479,12421.241226
480,12464.407533
481,12461.643968
482,12503.068145
483,12507.035695
484,12545.494060
485,12446.927862
486,12457.089136
487,12492.131170
488,12512.822585
489,12471.766581
490,12547.980893
491,12528.115996
492,12458.206499
493,12453.401275
494,12534.840577
495,12510.109747
496,12514.553753
497,12444.241601
498,12548.105650
499,12568.366590
