0,3334.726005
1,6611.431285
2,6919.507219
3,7174.813038
4,7384.851452
5,7554.094112
6,7706.014442
7,7847.463116
8,8006.066562
9,8167.301090
10,8304.714074
11,8416.244392
12,8519.241254
13,8646.623119
14,8714.531509
15,8789.895116
16,8875.501687
17,8981.970538
18,9030.135830
19,9100.859105
20,9206.371723
21,9285.125628
22,9353.729299
23,9388.642377
24,9513.170958
25,9650.609009
26,9753.324905
27,9839.815067
28,9970.487362
29,10100.980211
30,10185.210720
31,10348.419602
32,10426.945306
33,10535.029950
34,10642.941561
35,10670.530373
36,10687.728167
37,10897.858563
38,10908.466622
39,11001.059242
40,11067.701284
41,11170.379410
42,11178.565430
43,11170.278817
44,11323.663177
45,11363.175546
46,11340.493465
47,11430.495361
48,11466.426273
49,11488.481055
50,11511.385846
51,11565.595097
52,11549.411540
53,11631.592159
54,11666.308336
55,11733.986204
56,11751.801995
57,11860.049089
58,11825.947061
59,11833.154805
60,11723.477925
61,11838.176906
62,11853.675441
63,11861.613828
64,11931.326365
65,11954.505636
66,11945.482649
67,11963.656656
68,12012.996887
69,11954.073917
70,11988.585661
71,11984.981013
72,11994.417861
73,11971.400655
74,11985.013051
75,11971.282210
76,12010.820541
77,12071.619646
78,12060.242823
79,12031.668936
80,12112.710252
81,11992.311511
82,11962.795135
83,11961.356841
84,11910.442535
85,11943.278297
86,11941.912802
87,12026.388626
88,11994.074958
89,11954.568445
90,12033.036544
91,12078.278807
92,11990.095966
93,11977.406608
94,12085.132685
95,12019.714884
96,12044.991012
97,12054.544125
98,12015.418989
99,12053.346964
100,11956.664677
101,11913.472512
102,11897.357196
103,11972.971366
104,11948.470928
105,12047.299005
106,11952.096008
107,12036.565985
108,12068.486892
109,12059.365984
110,12050.241383
111,12053.336234
112,12093.859406
113,12084.366765
114,12105.991833
115,12036.057229
116,12068.557869
117,12051.706761
118,12064.646042
119,12074.091257
120,12103.450110
121,12046.091998
122,12022.997514
123,11970.471466
124,12000.843256
125,12064.947952
126,11921.706997
127,11926.964270
128,11966.728378
129,11952.208495
130,11963.531835
131,11888.659369
132,11898.211810
133,11981.830656
134,12017.843210
135,12028.951277
136,12012.348034
137,12098.667780
138,12047.684961
139,11983.607980
140,12034.812177
141,11941.822106
142,12049.557041
143,12066.422742
144,12102.324465
145,12050.909191
146,12030.943611
147,12026.131224
148,11960.509815
149,11866.705636
150,12025.076851
151,11953.675136
152,11899.187830
153,11975.973738
154,11925.912310
155,11897.945698
156,11942.860879
157,11971.517315
158,11937.511398
159,11990.894430
160,11900.064605
161,12005.258668
162,12037.359602
163,12023.554858
164,12022.804439
165,12073.368727
166,12034.161120
167,12010.791947
168,11987.257530
169,11918.000782
170,11999.732570
171,12068.216862
172,11957.064592
173,11952.858797
174,12021.000064
175,12018.180474
176,11993.398039
177,11886.727870
178,12019.358848
179,12171.528881
180,12143.737879
181,12029.518360
182,12051.932949
183,11940.888335
184,12008.983988
185,12076.012776
186,11910.629240
187,11981.158785
188,12016.239570
189,11890.958680
190,11880.735845
191,11889.572442
192,12050.217129
193,12033.382390
194,11843.419875
195,11915.129699
196,12011.285094
197,12042.202151
198,11973.190377
199,11863.048718
200,11937.179180
201,11929.668437
202,11974.344158
203,11969.719890
204,12089.945775
205,12095.455608
206,11975.929172
207,12079.352630
208,12144.156486
209,12115.325627
210,12005.412130
211,11904.092244
212,12031.536891
213,12000.701702
214,11991.816326
215,11962.471107
216,11958.398737
217,12011.001503
218,11968.935674
219,12007.279528
220,11898.652280
221,11980.910301
222,12020.379518
223,11988.435471
224,12014.497737
225,11995.497521
226,11963.389823
227,12012.818804
228,11995.227109
229,11903.974292
230,11969.584665
231,12050.838158
232,12064.964345
233,12000.370545
234,12045.048058
235,12027.304061
236,11998.670682
237,12095.790324
238,12109.228716
239,12054.073759
240,11982.781890
241,12079.320844
242,12006.298950
243,12024.971789
244,12083.227939
245,12118.770295
246,12105.455012
247,12023.979296
248,12014.311296
249,12042.619118
250,12117.071234
251,12045.488615
252,12038.035911
253,11969.256177
254,12040.404800
255,12049.370126
256,11956.926964
257,12009.408904
258,12028.627649
259,12023.204259
260,11900.766805
261,12047.087082
262,12025.088181
263,12071.412572
264,12084.987894
265,11968.787229
266,12020.682533
267,11967.246744
268,12052.216723
269,12061.194922
270,12044.367770
271,12052.357520
272,12032.680055
273,12021.534941
274,11948.616474
275,12012.153699
276,12031.204310
277,12016.011746
278,11941.901778
279,11977.023405
280,12058.900194
281,12009.981831
282,12048.362642
283,11946.455260
284,11936.919192
285,12056.198269
286,11879.088172
287,11898.011302
288,11999.831863
289,11956.164964
290,12097.143083
291,12030.382958
292,12141.898826
293,12000.932968
294,12043.393277
295,12016.959874
296,12053.163243
297,11964.850964
298,11939.074440
299,12011.587465
300,12056.834703
301,12141.424576
302,12035.673887
303,12019.075873
304,12027.644672
305,12023.113983
306,12003.408264
307,11924.911472
308,11976.026009
309,11923.766204
310,12042.355317
311,11999.602304
312,11967.792777
313,12022.958601
314,12098.675939
315,12055.467547
316,12043.325194
317,12061.428598
318,12014.849220
319,12055.456880
320,11946.301995
321,11919.553240
322,11908.581389
323,11977.850210
324,11969.425748
325,11946.295223
326,12001.653554
327,11971.677887
328,12033.526742
329,12017.902073
330,12002.524105
331,11959.276653
332,12017.385645
333,12039.727334
334,11969.727996
335,11953.220175
336,11943.848769
337,11975.997960
338,12041.269565
339,11989.681901
340,12066.793256
341,12035.311372
342,11997.721588
343,12031.160172
344,11965.226711
345,12070.757917
346,12071.041963
347,11998.417797
348,12111.203236
349,12013.918145
350,11977.828924
351,11975.584310
352,11906.035266
353,11918.574998
354,12000.392947
355,12014.139573
356,12054.917210
357,11952.906205
358,12042.238699
359,11985.622588
360,12010.526936
361,12027.193829
362,12063.992633
363,12015.739789
364,11972.989777
365,11967.333598
366,12057.167061
367,11962.846476
368,12009.268158
369,11898.287309
370,11981.850912
371,12010.003867
372,12054.072029
373,11997.635205
374,12034.117570
375,11985.530884
376,11896.652267
377,11986.567645
378,11989.146515
379,11962.588383
380,11912.499686
381,12044.773748
382,12076.482926
383,12032.058831
384,11981.063254
385,12025.978556
386,11956.553422
387,11874.787365
388,11982.096129
389,11999.044332
390,11992.515679
391,12024.333745
392,12005.313662
393,12029.910471
394,12018.703531
395,11939.641497
396,12014.547874
397,11969.239596
398,11963.848973
399,11990.941016
400,12063.561744
401,12002.305033
402,11978.281707
403,11967.556812
404,11993.510195
405,11962.870755
406,12027.295240
407,12001.023488
408,11984.792522
409,11955.745839
410,11959.533666
411,12013.533913
412,11978.196120
413,11992.705951
414,11955.015890
415,11954.254899
416,11916.515287
417,11926.074585
418,11966.786859
419,12038.566962
420,11956.905979
421,12027.239777
422,12017.514138
423,12027.939248
424,12001.630623
425,11908.632216
426,11949.939768
427,12036.088161
428,12001.191982
429,12000.147620
430,12002.830712
431,11949.483367
432,11950.167276
433,11974.662186
434,12023.992224
435,11950.538317
436,11939.200088
437,11954.652490
438,11991.894471
439,12064.071537
440,12049.635533
441,12153.112303
442,12078.069574
443,11967.566582
444,12045.858208
445,11934.333256
446,12001.612648
447,11931.394320
448,11974.623053
449,11962.180445
450,11961.612495
451,12014.563110
452,12017.710288
453,12073.893810
454,12066.629665
455,12027.691979
456,11936.937437
457,11915.291782
458,11971.480401
459,11936.078365
460,12073.028890
461,12069.043779
462,11999.840561
463,12010.217565
464,12046.694961
465,12015.668334
466,12110.502463
467,12063.788792
468,12084.517574
469,12059.767888
470,12127.978550
471,12018.280187
472,12014.965026
473,12051.704116
474,12051.002127
475,12047.368200
476,12041.474783
477,11954.501077
478,11986.923696
479,11919.660826
480,12014.306898
481,12013.390814
482,11934.941668
483,12006.670247
484,11951.485748
485,11993.787789
486,11920.191501
487,11970.568114
488,12000.796839
489,12050.824962
490,11948.620308
491,11953.194951
492,12003.285059
493,12026.927487
494,11915.826935
495,12002.868538
496,12022.613360
497,11894.564647
498,12009.989051
499,11969.030846
