0,3389.780686
1,3523.158606
2,3619.288169
3,3739.580032
4,3825.035515
5,3885.336378
6,3915.165307
7,3965.182634
8,4013.926294
9,4069.683570
10,4088.227943
11,4130.378198
12,4185.858226
13,4230.017131
14,4267.969516
15,4304.740111
16,4338.493161
17,4374.226916
18,4409.238591
19,4437.329653
20,4466.948490
21,4485.943092
22,4506.751974
23,4528.716277
24,4543.544070
25,4568.881510
26,4595.422841
27,4598.962734
28,4617.583910
29,4637.830695
30,4666.149130
31,4690.364775
32,4696.599186
33,4726.519128
34,4746.081537
35,4763.267329
36,4781.415881
37,4793.348568
38,4801.447814
39,4827.481834
40,4835.287536
41,4843.530568
42,4854.536842
43,4859.301527
44,4880.541586
45,4889.201263
46,4900.857907
47,4910.736109
48,4912.444628
49,4932.711108
50,4937.474699
51,4947.046507
52,4954.447873
53,4948.033740
54,4948.670867
55,4959.815951
56,4978.276504
57,4980.579548
58,4992.716540
59,4993.523518
60,4992.811277
61,4983.613047
62,4994.405032
63,5002.917180
64,5006.158213
65,5000.842803
66,5030.092583
67,5034.167825
68,5050.236806
69,5066.073539
70,5056.250141
71,5064.072637
72,5076.729452
73,5079.907436
74,5086.755534
75,5090.011819
76,5097.633076
77,5102.740652
78,5103.823144
79,5095.282411
80,5106.000237
81,5122.521224
82,5130.739362
83,5122.509425
84,5122.634887
85,5131.638741
86,5123.181175
87,5125.158272
88,5130.145557
89,5145.569888
90,5146.431725
91,5157.812798
92,5167.157628
93,5159.601646
94,5157.650195
95,5154.484522
96,5162.602353
97,5161.971678
98,5163.309131
99,5154.177360
100,5162.779849
101,5155.884389
102,5162.016479
103,5148.627559
104,5153.733468
105,5166.210566
106,5157.175876
107,5164.214565
108,5172.489975
109,5180.141567
110,5172.994456
111,5178.426598
112,5177.831738
113,5178.335226
114,5178.614033
115,5183.084003
116,5187.287337
117,5192.286151
118,5184.182774
119,5177.074133
120,5166.776202
121,5175.367936
122,5167.189280
123,5165.274002
124,5178.851467
125,5178.649672
126,5180.459965
127,5183.389436
128,5179.589741
129,5191.978532
130,5186.134497
131,5173.995855
132,5168.671470
133,5169.301815
134,5174.267518
135,5174.272311
136,5172.100506
137,5160.445196
138,5167.405809
139,5152.668339
140,5172.714066
141,5178.689717
142,5174.879448
143,5189.738331
144,5176.195093
145,5166.815247
146,5166.983318
147,5168.223125
148,5191.357972
149,5189.724676
150,5178.813351
151,5177.071405
152,5180.432898
153,5167.754038
154,5177.272789
155,5183.027120
156,5183.452862
157,5192.498091
158,5200.191974
159,5208.409565
160,5198.998596
161,5194.472446
162,5191.048021
163,5187.007096
164,5184.160958
165,5182.203045
166,5177.790817
167,5176.050760
168,5185.005849
169,5166.499732
170,5171.686563
171,5168.220375
172,5181.409801
173,5177.490155
174,5180.654579
175,5176.280680
176,5176.597326
177,5177.652262
178,5183.185554
179,5188.873708
180,5184.126955
181,5201.504845
182,5200.763316
183,5197.001730
184,5191.991398
185,5189.445008
186,5187.056041
187,5168.742052
188,5181.040196
189,5177.997363
190,5177.334351
191,5173.720810
192,5165.769357
193,5168.319769
194,5183.709206
195,5182.999682
196,5180.522317
197,5180.953725
198,5182.950061
199,5175.148014
200,5184.990127
201,5195.276966
202,5206.610483
203,5202.455565
204,5184.875847
205,5185.597165
206,5191.494787
207,5187.488252
208,5191.410283
209,5191.721102
210,5192.530388
211,5194.430700
212,5192.070647
213,5185.941279
214,5178.382668
215,5179.183006
216,5165.988296
217,5174.913358
218,5185.260878
219,5188.284882
220,5192.005889
221,5189.030545
222,5184.218594
223,5174.607547
224,5165.813512
225,5169.536098
226,5171.753748
227,5179.905183
228,5183.305363
229,5182.515994
230,5190.505948
231,5183.015945
232,5166.713877
233,5182.425581
234,5191.138389
235,5185.088859
236,5191.023919
237,5171.906803
238,5175.861388
239,5177.955093
240,5182.760380
241,5184.241285
242,5188.568762
243,5199.467551
244,5192.205451
245,5190.039846
246,5195.250336
247,5182.532291
248,5179.834275
249,5197.725824
250,5196.552348
251,5190.297203
252,5189.897203
253,5196.380317
254,5196.092568
255,5195.584483
256,5195.068091
257,5190.939541
258,5193.639873
259,5195.068432
260,5186.927577
261,5200.124837
262,5194.972757
263,5181.677531
264,5174.741931
265,5176.491541
266,5177.445249
267,5172.832641
268,5179.327749
269,5167.969398
270,5171.529204
271,5169.661123
272,5169.653723
273,5167.123037
274,5179.457928
275,5192.491692
276,5198.277763
277,5192.302811
278,5180.300570
279,5163.862392
280,5174.185276
281,5179.321301
282,5176.741674
283,5173.977017
284,5184.278224
285,5179.576812
286,5176.158954
287,5168.129727
288,5157.211370
289,5163.215213
290,5166.027554
291,5172.723540
292,5184.717545
293,5177.832837
294,5175.574074
295,5184.138146
296,5185.185824
297,5189.167544
298,5177.937663
299,5184.642799
300,5198.033661
301,5183.284786
302,5177.159205
303,5167.070926
304,5173.052352
305,5181.054412
306,5177.117576
307,5173.416583
308,5176.502866
309,5166.175611
310,5177.469870
311,5174.081672
312,5172.229970
313,5166.258709
314,5180.005313
315,5182.295024
316,5182.820471
317,5184.224396
318,5165.527876
319,5163.808891
320,5184.861971
321,5183.286934
322,5181.388266
323,5181.725900
324,5180.237648
325,5165.869042
326,5159.335606
327,5159.388512
328,5156.717030
329,5160.854215
330,5169.262532
331,5169.750340
332,5156.121873
333,5162.853049
334,5162.755832
335,5147.386939
336,5160.088093
337,5157.562329
338,5156.122844
339,5170.614804
340,5174.899147
341,5175.071115
342,5186.951071
343,5175.632429
344,5174.297886
345,5174.733651
346,5176.579112
347,5169.115195
348,5169.493360
349,5172.354028
350,5163.743315
351,5161.732795
352,5153.661224
353,5156.153439
354,5172.162836
355,5172.188440
356,5173.182091
357,5173.488908
358,5186.364653
359,5186.802998
360,5176.182552
361,5174.142722
362,5164.811908
363,5147.486946
364,5149.071274
365,5144.536550
366,5148.620806
367,5155.438570
368,5146.906904
369,5141.685623
370,5144.425047
371,5139.752901
372,5140.706484
373,5149.770587
374,5146.125272
375,5148.654645
376,5171.207806
377,5186.135258
378,5186.900546
379,5182.856436
380,5182.262085
381,5169.865832
382,5166.781679
383,5168.954536
384,5153.314581
385,5156.294998
386,5157.785414
387,5172.810258
388,5170.459348
389,5178.315494
390,5164.964687
391,5179.640063
392,5176.752053
393,5171.125265
394,5177.833858
395,5171.040014
396,5169.718534
397,5161.427853
398,5171.507906
399,5167.560150
400,5163.777781
401,5164.087004
402,5174.386722
403,5177.483316
404,5176.621490
405,5166.332753
406,5163.750131
407,5168.728652
408,5173.525536
409,5183.593849
410,5190.859878
411,5186.914858
412,5186.778005
413,5185.600025
414,5177.311424
415,5173.849919
416,5173.827861
417,5174.025777
418,5167.962437
419,5177.479428
420,5171.768608
421,5167.623542
422,5166.683058
423,5159.584983
424,5166.315231
425,5173.850429
426,5181.584315
427,5190.784029
428,5192.230949
429,5184.896313
430,5182.711519
431,5179.214679
432,5182.138194
433,5181.017713
434,5155.800454
435,5160.244873
436,5161.692221
437,5168.358508
438,5175.558198
439,5186.339967
440,5186.779390
441,5186.225180
442,5177.890048
443,5176.924726
444,5175.491779
445,5176.345192
446,5181.974740
447,5178.600628
448,5179.407360
449,5172.751976
450,5170.570594
451,5182.191057
452,5179.681847
453,5184.216908
454,5170.250439
455,5170.389340
456,5169.205916
457,5163.913220
458,5167.282464
459,5170.177625
460,5170.583424
461,5157.238075
462,5160.537448
463,5161.414354
464,5172.998667
465,5157.758264
466,5162.107958
467,5160.567826
468,5158.009790
469,5145.456994
470,5145.667578
471,5145.625260
472,5153.217379
473,5162.516131
474,5158.440047
475,5158.839369
476,5166.899257
477,5164.966840
478,5150.849397
479,5151.432358
480,5146.409853
481,5144.826374
482,5148.593993
483,5152.720239
484,5161.300632
485,5169.839764
486,5172.847915
487,5183.251687
488,5175.128911
489,5173.304217
490,5167.182759
491,5170.581256
492,5163.259445
493,5158.028145
494,5155.186055
495,5161.928289
496,5162.189867
497,5170.486141
498,5185.963040
499,5187.908190
