0,3378.048233
1,6785.509048
2,7104.684283
3,7379.572764
4,7583.185586
5,7730.262273
6,7907.277967
7,8099.481848
8,8199.297140
9,8316.994907
10,8403.385550
11,8487.351821
12,8570.084356
13,8615.585145
14,8680.131528
15,8742.281748
16,8846.315027
17,8896.491249
18,8913.297923
19,8998.252649
20,9046.697393
21,9068.330268
22,9095.169702
23,9133.555109
24,9199.996777
25,9256.318600
26,9333.677767
27,9361.941649
28,9411.516295
29,9466.836153
30,9549.845320
31,9632.545467
32,9687.083811
33,9789.667123
34,9850.377439
35,9924.661115
36,9996.137727
37,10085.588048
38,10225.542085
39,10303.743427
40,10417.034688
41,10455.709715
42,10469.443335
43,10571.083472
44,10599.288021
45,10626.580002
46,10648.195992
47,10652.923513
48,10769.499129
49,10812.064192
50,10892.430488
51,10855.330097
52,10925.491713
53,10960.823476
54,10936.667774
55,10999.442067
56,11042.583424
57,11083.422682
58,11130.785381
59,11178.414681
60,11168.220465
61,11177.906688
62,11205.884231
63,11295.305690
64,11286.239293
65,11326.766727
66,11348.096078
67,11367.114411
68,11343.163484
69,11445.569185
70,11444.974312
71,11467.827849
72,11488.119026
73,11520.720523
74,11509.407876
75,11518.142431
76,11553.972193
77,11597.425318
78,11620.457967
79,11549.719051
80,11578.626587
81,11653.746555
82,11707.214520
83,11718.968196
84,11723.740233
85,11702.513467
86,11736.820391
87,11748.744128
88,11665.097164
89,11777.288700
90,11814.978086
91,11899.858183
92,11895.443689
93,11976.166145
94,11986.510588
95,11946.364786
96,12035.468124
97,12019.229142
98,12006.128086
99,12040.614751
100,12068.787151
101,12049.000032
102,12135.791740
103,12133.855549
104,12107.642948
105,12136.244002
106,12145.048542
107,12086.325603
108,12173.945361
109,12135.962529
110,12053.661061
111,12058.101233
112,12118.558973
113,12151.151623
114,12128.662865
115,12129.846323
116,12139.857235
117,12229.034258
118,12203.517911
119,12174.792092
120,12120.798438
121,12134.270244
122,12148.812213
123,12172.340360
124,12197.062115
125,12221.557982
126,12227.651958
127,12252.587071
128,12302.781762
129,12232.854931
130,12254.443357
131,12196.961653
132,12197.209873
133,12270.432939
134,12266.657927
135,12300.215988
136,12232.618209
137,12246.419148
138,12259.305861
139,12320.918353
140,12374.006225
141,12375.247308
142,12265.487032
143,12232.381247
144,12228.809654
145,12193.420938
146,12203.567303
147,12300.234861
148,12270.661127
149,12274.091845
150,12275.280168
151,12318.747237
152,12362.546162
153,12278.147212
154,12355.119393
155,12320.358656
156,12252.567422
157,12302.022414
158,12316.919108
159,12264.478147
160,12292.742716
161,12299.368498
162,12301.792771
163,12250.852894
164,12332.353797
165,12366.766182
166,12342.984619
167,12296.225545
168,12331.769652
169,12327.409263
170,12352.912853
171,12333.864419
172,12249.513975
173,12369.195543
174,12429.402275
175,12397.400186
176,12318.172685
177,12347.408549
178,12346.369935
179,12298.028469
180,12364.963684
181,12328.284734
182,12339.163277
183,12365.937992
184,12405.857655
185,12433.064548
186,12458.171240
187,12378.481359
188,12294.276216
189,12319.577681
190,12288.211178
191,12398.701495
192,12312.708809
193,12355.996100
194,12427.239519
195,12403.821573
196,12374.016887
197,12315.166785
198,12327.242234
199,12317.433372
200,12352.466524
201,12447.993178
202,12414.284719
203,12386.163657
204,12310.519598
205,12324.558796
206,12313.104883
207,12339.914173
208,12264.491765
209,12251.270425
210,12321.684239
211,12298.636134
212,12375.684491
213,12456.316671
214,12384.441193
215,12351.865150
216,12383.882884
217,12396.263714
218,12414.139877
219,12326.209187
220,12358.109575
221,12356.918096
222,12352.229157
223,12324.401201
224,12362.558132
225,12399.742054
226,12330.675061
227,12364.635802
228,12353.517580
229,12387.040763
230,12353.949535
231,12376.103327
232,12415.250422
233,12409.054402
234,12403.597498
235,12406.674935
236,12348.339782
237,12380.175565
238,12328.273872
239,12367.941995
240,12363.051117
241,12366.769704
242,12438.477369
243,12359.846240
244,12440.272748
245,12394.524311
246,12401.988629
247,12344.829966
248,12358.169539
249,12379.563137
250,12318.114709
251,12332.517449
252,12301.815131
253,12302.890855
254,12369.524118
255,12353.303670
256,12339.274191
257,12353.055847
258,12304.856971
259,12348.869359
260,12350.477759
261,12289.661994
262,12320.744615
263,12345.584228
264,12331.114917
265,12381.043047
266,12322.801451
267,12329.010341
268,12349.868677
269,12362.845113
270,12325.304774
271,12325.795046
272,12261.457717
273,12238.192129
274,12325.306188
275,12360.740780
276,12369.756105
277,12385.861263
278,12369.698584
279,12326.057676
280,12399.365860
281,12370.848862
282,12325.618019
283,12368.919293
284,12329.821131
285,12302.248225
286,12354.200326
287,12399.507016
288,12456.502942
289,12416.020338
290,12394.373571
291,12352.469452
292,12314.861901
293,12418.922491
294,12416.674014
295,12365.742103
296,12459.228066
297,12441.755852
298,12409.512205
299,12421.414223
300,12417.329907
301,12401.452457
302,12366.313857
303,12406.289959
304,12412.236760
305,12420.026352
306,12461.670399
307,12412.057465
308,12338.277780
309,12426.960606
310,12342.907187
311,12401.388026
312,12412.377016
313,12433.687620
314,12462.805741
315,12411.379239
316,12449.478186
317,12441.611986
318,12491.063419
319,12473.033967
320,12511.567741
321,12470.724624
322,12384.107271
323,12407.282728
324,12460.926329
325,12435.729828
326,12408.573369
327,12458.425272
328,12410.384393
329,12451.089326
330,12478.799697
331,12492.967942
332,12515.942058
333,12468.671170
334,12407.009826
335,12434.993034
336,12449.724320
337,12419.647299
338,12414.529065
339,12499.910843
340,12480.178033
341,12415.385893
342,12412.474298
343,12491.117038
344,12479.560588
345,12409.347448
346,12445.998038
347,12478.670215
348,12374.798445
349,12371.167448
350,12358.834437
351,12453.565147
352,12483.625170
353,12457.400144
354,12485.244784
355,12395.617734
356,12456.830158
357,12380.245716
358,12453.677057
359,12382.711609
360,12413.256923
361,12521.862515
362,12527.095307
363,12484.702581
364,12430.717264
365,12502.149578
366,12439.279243
367,12466.083884
368,12437.060386
369,12536.931453
370,12458.570660
371,12464.617393
372,12512.175970
373,12430.656234
374,12491.841170
375,12476.238739
376,12460.679538
377,12447.637247
378,12444.724535
379,12462.960363
380,12415.122612
381,12474.216592
382,12500.128176
383,12483.187990
384,12481.762074
385,12438.087956
386,12417.137867
387,12415.709339
388,12441.287575
389,12461.829081
390,12394.826189
391,12433.494961
392,12422.073592
393,12438.996101
394,12538.834627
395,12527.311158
396,12458.799179
397,12450.345888
398,12384.266065
399,12367.026631
400,12405.750562
401,12419.336324
402,12444.419720
403,12462.159496
404,12366.746266
405,12356.832737
406,12430.306973
407,12428.162597
408,12450.969324
409,12421.156579
410,12445.340362
411,12471.393725
412,12457.130231
413,12425.520968
414,12412.355579
415,12494.357614
416,12528.714735
417,12399.002795
418,12437.854632
419,12418.763478
420,12480.982481
421,12441.873231
422,12387.922340
423,12361.529265
424,12441.053325
425,12408.989452
426,12491.854986
427,12583.643306
428,12573.789335
429,12563.591487
430,12498.532629
431,12464.344828
432,12517.143326
433,12550.400116
434,12404.666333
435,12451.952090
436,12451.752980
437,12463.844526
438,12486.896694
439,12527.993120
440,12460.350732
441,12525.651667
442,12542.838734
443,12529.821149
444,12492.584531
445,12452.853441
446,12432.745872
447,12479.789996
448,12509.091693
449,12589.243249
450,12516.736324
451,12470.740841
452,12507.616515
453,12563.717914
454,12557.852335
455,12548.032899
456,12458.802991
457,12507.524387
458,12520.620855
459,12515.627714
460,12467.433681
461,12447.127765
462,12498.796766
463,12552.713889
464,12520.214739
465,12497.032508
466,12520.867616
467,12412.449145
468,12476.428627
469,12558.477192
470,12576.997976
471,12592.208668
472,12496.273885
473,12502.244584
474,12492.742311
475,12485.766396
476,12495.268590
477,12513.927396
478,12564.671439
479,12537.777906
480,12519.072092
481,12558.381079
482,12543.983518
483,12511.132847
484,12524.764619
485,12566.071514
486,12489.741709
487,12464.155391
488,12506.319832
489,12526.297767
490,12526.787865
491,12478.984865
492,12482.616074
493,12496.060449
494,12501.037903
495,12493.142877
496,12509.979885
497,12498.789026
498,12469.767259
499,12526.556829
