0,3352.704305
1,3379.026206
2,3370.513638
3,3328.283880
4,3350.750741
5,3354.662547
6,3346.012085
7,3244.693455
8,3221.584025
9,3213.426931
10,3250.127963
11,3185.292394
12,3168.656562
13,3210.323724
14,3279.331655
15,3270.721274
16,3227.439823
17,3282.580435
18,3328.582187
19,3295.433101
20,3317.658656
21,3270.172189
22,3316.353532
23,3276.508218
24,3275.907510
25,3300.111100
26,3337.502547
27,3296.677239
28,3280.589842
29,3332.464635
30,3327.686089
31,3296.590703
32,3336.665067
33,3316.317950
34,3292.067870
35,3253.560037
36,3315.956345
37,3306.852879
38,3384.899148
39,3344.814397
40,3311.790784
41,3303.771723
42,3331.932626
43,3304.528071
44,3266.116641
45,3365.362125
46,3356.808561
47,3369.800815
48,3345.116718
49,3347.365740
50,3348.371359
51,3352.531700
52,3346.970701
53,3325.023844
54,3359.782796
55,3340.935595
56,3323.437761
57,3326.106420
58,3282.169518
59,3227.580929
60,3251.282766
61,3244.787098
62,3317.821651
63,3338.230604
64,3382.971555
65,3350.431448
66,3362.585629
67,3320.786159
68,3337.030867
69,3266.569194
70,3235.250285
71,3236.850427
72,3255.073691
73,3274.628737
74,3288.037236
75,3238.074908
76,3216.862123
77,3239.777840
78,3244.303947
79,3245.289551
80,3240.347768
81,3214.821781
82,3177.308322
83,3244.799691
84,3264.002337
85,3282.421019
86,3285.585819
87,3332.624847
88,3327.204697
89,3409.875239
90,3404.729692
91,3353.490740
92,3336.784021
93,3350.676885
94,3366.093452
95,3384.659230
96,3350.697479
97,3325.253828
98,3319.356734
99,3318.631429
100,3326.149704
101,3304.664982
102,3329.890915
103,3338.642920
104,3359.841366
105,3329.666347
106,3258.923403
107,3239.403291
108,3251.850172
109,3227.337893
110,3237.652837
111,3279.188830
112,3223.306447
113,3203.019183
114,3219.423195
115,3249.491417
116,3230.304543
117,3283.924473
118,3272.615976
119,3325.891062
120,3309.382081
121,3286.426015
122,3283.191189
123,3267.632183
124,3335.654074
125,3243.028547
126,3274.179298
127,3272.278230
128,3312.246603
129,3316.636584
130,3292.310708
131,3242.490418
132,3256.367123
133,3177.155401
134,3176.078357
135,3211.297374
136,3232.188910
137,3243.285265
138,3247.620402
139,3255.735682
140,3235.596581
141,3230.457996
142,3267.018054
143,3283.583049
144,3256.326582
145,3289.334162
146,3288.318989
147,3359.407374
148,3376.111567
149,3408.027674
150,3354.974195
151,3281.403776
152,3288.256441
153,3304.223036
154,3231.486258
155,3233.170731
156,3221.410006
157,3219.468549
158,3266.393007
159,3264.229045
160,3305.843573
161,3292.075833
162,3354.240049
163,3348.777171
164,3344.425072
165,3329.872337
166,3356.470775
167,3387.970048
168,3303.142122
169,3295.560982
170,3257.117435
171,3192.617359
172,3256.331540
173,3241.218944
174,3275.126160
175,3246.372187
176,3284.248311
177,3270.522142
178,3184.124097
179,3199.508055
180,3266.036260
181,3258.236885
182,3227.141529
183,3250.402328
184,3240.676173
185,3234.037721
186,3289.387721
187,3222.692147
188,3154.386504
189,3157.408038
190,3185.951532
191,3194.589790
192,3216.278483
193,3199.847481
194,3197.737512
195,3134.570349
196,3183.542582
197,3186.390152
198,3225.837256
199,3230.795306
200,3156.004019
201,3175.493023
202,3194.742329
203,3254.775605
204,3261.894332
205,3163.134097
206,3162.405665
207,3184.967694
208,3215.548449
209,3174.402676
210,3149.773024
211,3229.642042
212,3247.096564
213,3249.568925
214,3184.862714
215,3202.276731
216,3252.445689
217,3219.656291
218,3241.725609
219,3240.970457
220,3249.244796
221,3272.530051
222,3294.887174
223,3259.628009
224,3266.670643
225,3212.606976
226,3243.452051
227,3271.598591
228,3196.658215
229,3170.047433
230,3165.553203
231,3172.420036
232,3151.854939
233,3219.787666
234,3223.675047
235,3169.999882
236,3194.509402
237,3176.829676
238,3127.300837
239,3183.628799
240,3179.391736
241,3238.122513
242,3223.246537
243,3262.200611
244,3351.525595
245,3326.422298
246,3308.411444
247,3267.202714
248,3223.425029
249,3220.137130
250,3172.892006
251,3212.169799
252,3154.408279
253,3219.689058
254,3190.552064
255,3194.476077
256,3248.988905
257,3284.435283
258,3286.282015
259,3278.566075
260,3313.911270
261,3257.991975
262,3276.548897
263,3265.410512
264,3323.198391
265,3292.855800
266,3319.246113
267,3303.801657
268,3353.141468
269,3307.828817
270,3284.127988
271,3277.938906
272,3329.857559
273,3331.675987
274,3360.184564
275,3347.698605
276,3307.445408
277,3263.509577
278,3301.458980
279,3327.361681
280,3270.597916
281,3303.937827
282,3293.940877
283,3330.785301
284,3290.078096
285,3309.793378
286,3306.018525
287,3266.910379
288,3302.734196
289,3348.018443
290,3307.036205
291,3325.316508
292,3308.918748
293,3329.741711
294,3294.835045
295,3290.436152
296,3305.296482
297,3386.619639
298,3352.818373
299,3368.273728
300,3425.018361
301,3354.930627
302,3361.371795
303,3327.272942
304,3356.461361
305,3338.530666
306,3299.378010
307,3313.522869
308,3304.193909
309,3291.441165
310,3254.344406
311,3309.487493
312,3288.804156
313,3257.099726
314,3318.214485
315,3293.246810
316,3331.646977
317,3327.549120
318,3266.541761
319,3254.904728
320,3229.935233
321,3269.384565
322,3277.238716
323,3276.563153
324,3327.573660
325,3342.906680
326,3339.835961
327,3378.675193
328,3387.697622
329,3337.832134
330,3264.698270
331,3272.336250
332,3288.824325
333,3292.888903
334,3287.257510
335,3288.373416
336,3276.417554
337,3238.139169
338,3220.586457
339,3272.751449
340,3261.880955
341,3251.622426
342,3336.561650
343,3306.513228
344,3300.957175
345,3259.904156
346,3256.852108
347,3284.282585
348,3258.452375
349,3307.922680
350,3327.274071
351,3292.697225
352,3298.429412
353,3260.403355
354,3240.453622
355,3198.272974
356,3195.904646
357,3141.760114
358,3155.135586
359,3178.643567
360,3225.624566
361,3297.187792
362,3256.308829
363,3229.832805
364,3185.850365
365,3266.042353
366,3290.752732
367,3336.101890
368,3331.440631
369,3383.558377
370,3378.899248
371,3352.383835
372,3343.148615
373,3339.562883
374,3374.137034
375,3362.297689
376,3374.925772
377,3347.077298
378,3356.577977
379,3289.133838
380,3251.155078
381,3298.521453
382,3250.931195
383,3260.834757
384,3262.838131
385,3269.772622
386,3314.220729
387,3258.136534
388,3141.710513
389,3166.398158
390,3195.301142
391,3193.697453
392,3218.318874
393,3256.439782
394,3293.855933
395,3270.916257
396,3318.959670
397,3295.503284
398,3362.532182
399,3302.547357
400,3303.988978
401,3302.505576
402,3289.780523
403,3270.184233
404,3243.220739
405,3219.930736
406,3253.834159
407,3309.171950
408,3310.112331
409,3240.640603
410,3216.410991
411,3207.712274
412,3213.824177
413,3197.485016
414,3219.316734
415,3249.149908
416,3237.547604
417,3261.078868
418,3271.548517
419,3271.677113
420,3222.739012
421,3192.981980
422,3168.289289
423,3204.032352
424,3202.809043
425,3190.348064
426,3199.240209
427,3217.525022
428,3190.152079
429,3168.935816
430,3154.999291
431,3146.519203
432,3180.671488
433,3194.161399
434,3191.924387
435,3167.708051
436,3167.776607
437,3141.628332
438,3150.237087
439,3176.032941
440,3236.198798
441,3260.072684
442,3258.275947
443,3284.537093
444,3278.363878
445,3276.665978
446,3245.799575
447,3272.751530
448,3268.773142
449,3243.971530
450,3280.226570
451,3280.092060
452,3342.005490
453,3330.640846
454,3318.410319
455,3332.960404
456,3316.139495
457,3318.942508
458,3321.048060
459,3297.821075
460,3282.471862
461,3211.875834
462,3300.264479
463,3348.010005
464,3297.485631
465,3284.095584
466,3251.994756
467,3262.107329
468,3229.762370
469,3247.033193
470,3336.550784
471,3316.895098
472,3333.172639
473,3318.878983
474,3296.146280
475,3287.861225
476,3323.577102
477,3304.706648
478,3295.856046
479,3296.338192
480,3269.293493
481,3273.907735
482,3249.668332
483,3249.498961
484,3213.883500
485,3239.854364
486,3227.436615
487,3269.022517
488,3281.315819
489,3261.290999
490,3198.016578
491,3252.357563
492,3233.780741
493,3345.350315
494,3336.212626
495,3325.758065
496,3330.809838
497,3353.788533
498,3324.228114
499,3341.429734
