0,3397.337672
1,3388.993291
2,3379.580894
3,3413.793709
4,3426.244374
5,3429.856287
6,3471.686261
7,3457.384879
8,3445.484622
9,3450.866322
10,3423.898045
11,3452.623711
12,3496.193967
13,3417.449723
14,3379.150379
15,3375.633489
16,3393.024926
17,3400.598602
18,3373.279201
19,3374.738671
20,3455.493162
21,3466.997679
22,3427.285760
23,3428.159905
24,3436.917421
25,3430.973377
26,3460.372232
27,3463.020532
28,3464.841529
29,3448.721885
30,3432.607345
31,3459.361071
32,3457.834529
33,3392.867327
34,3345.947730
35,3344.896055
36,3354.211465
37,3351.311063
38,3345.445329
39,3362.265566
40,3346.407114
41,3359.118412
42,3374.665723
43,3424.272636
44,3421.593143
45,3428.451672
46,3453.651806
47,3454.568246
48,3475.934053
49,3489.218930
50,3496.816883
51,3504.250345
52,3504.171465
53,3529.207886
54,3502.119591
55,3444.157898
56,3470.696844
57,3482.949493
58,3530.423268
59,3569.112260
60,3511.030320
61,3510.325126
62,3508.219775
63,3476.903099
64,3494.456705
65,3551.281235
66,3633.208036
67,3656.825565
68,3642.067078
69,3645.186615
70,3637.158736
71,3675.891548
72,3645.709294
73,3609.791537
74,3622.597103
75,3596.677445
76,3646.241696
77,3700.984034
78,3698.573952
79,3643.732844
80,3663.210746
81,3691.549283
82,3667.790093
83,3673.110347
84,3682.349639
85,3672.066910
86,3691.713859
87,3717.166104
88,3713.904012
89,3723.791688
90,3700.160863
91,3710.621504
92,3713.738659
93,3644.615858
94,3604.986200
95,3608.057124
96,3660.602918
97,3726.815961
98,3696.049038
99,3714.964351
100,3780.733438
101,3853.818202
102,3933.425786
103,3954.903207
104,3949.688114
105,3907.981797
106,3943.736836
107,4059.879666
108,4087.425957
109,4144.342193
110,4259.608906
111,4299.717614
112,4295.089879
113,4322.409028
114,4497.460586
115,4575.963507
116,4756.720930
117,4788.186288
118,4796.845881
119,4801.463737
120,4782.652971
121,4772.235007
122,4805.028896
123,4841.068101
124,4853.529134
125,4878.260864
126,4944.801962
127,4954.764724
128,4940.051170
129,5051.315821
130,5113.275363
131,5126.491410
132,5062.628352
133,5128.341935
134,5255.235393
135,5277.443045
136,5234.425385
137,5319.684150
138,5341.945498
139,5364.108021
140,5388.184510
141,5395.716923
142,5340.180007
143,5329.162344
144,5344.031795
145,5391.687229
146,5409.628114
147,5456.886166
148,5453.763937
149,5432.223204
150,5512.489297
151,5566.716917
152,5546.439247
153,5584.259768
154,5570.694586
155,5593.187491
156,5628.736335
157,5651.283800
158,5695.306570
159,5704.202163
160,5672.719574
161,5663.489336
162,5701.423987
163,5726.659518
164,5729.521977
165,5773.114139
166,5786.986350
167,5813.192321
168,5779.802628
169,5806.760168
170,5789.984714
171,5796.002837
172,5803.303857
173,5821.811588
174,5867.107784
175,5826.552592
176,5879.430498
177,5881.259536
178,5932.287916
179,5951.522484
180,5926.278704
181,5960.326612
182,5956.378914
183,5985.579336
184,6005.169315
185,6006.083284
186,6013.279478
187,6039.370815
188,6035.750711
189,6029.052563
190,6032.761650
191,6023.161317
192,6027.130837
193,6039.115651
194,6027.952363
195,6026.068856
196,6049.399882
197,6050.661333
198,6042.434122
199,6046.905401
200,6063.917332
201,6064.618350
202,6056.033446
203,6053.623763
204,6047.465656
205,6075.784395
206,6072.676493
207,6059.452124
208,6072.981986
209,6071.534152
210,6084.780635
211,6082.302175
212,6083.267474
213,6103.886927
214,6112.431494
215,6122.546596
216,6147.069523
217,6151.067405
218,6158.265340
219,6170.377730
220,6183.262448
221,6190.248670
222,6199.807011
223,6205.622033
224,6209.102692
225,6209.171971
226,6214.500181
227,6220.247812
228,6216.624356
229,6220.601603
230,6221.964711
231,6222.016891
232,6221.634575
233,6221.612030
234,6217.368075
235,6220.086892
236,6220.401582
237,6219.802496
238,6220.388886
239,6218.473224
240,6217.359887
241,6217.733667
242,6221.871441
243,6220.027893
244,6220.368012
245,6216.214369
246,6213.868559
247,6208.587534
248,6217.665263
249,6223.811803
250,6220.554098
251,6213.095846
252,6221.729439
253,6224.429258
254,6220.214720
255,6223.095254
256,6222.676256
257,6222.137815
258,6222.388765
259,6219.993411
260,6226.678825
261,6228.049758
262,6229.077497
263,6227.446364
264,6224.551648
265,6221.032370
266,6225.992704
267,6223.421047
268,6226.951413
269,6225.260459
270,6223.178382
271,6229.914396
272,6224.965126
273,6228.364406
274,6230.235929
275,6230.311515
276,6227.936335
277,6230.600336
278,6226.569286
279,6233.831002
280,6236.873430
281,6239.983379
282,6240.172794
283,6241.536178
284,6245.148808
285,6242.600856
286,6245.731797
287,6247.401875
288,6244.117157
289,6242.235546
290,6238.318441
291,6245.034285
292,6246.797840
293,6249.120972
294,6252.896556
295,6251.603238
296,6253.673467
297,6251.527724
298,6250.438036
299,6249.564806
300,6252.854725
301,6253.634091
302,6255.385018
303,6257.935819
304,6256.732560
305,6257.429574
306,6262.967200
307,6259.703482
308,6261.555271
309,6267.432044
310,6268.050831
311,6272.978369
312,6271.006260
313,6276.720714
314,6280.860169
315,6288.391602
316,6294.160341
317,6298.139791
318,6300.789117
319,6309.087578
320,6303.323337
321,6316.370832
322,6311.794537
323,6319.884534
324,6322.499048
325,6323.721594
326,6325.338376
327,6326.029721
328,6326.995863
329,6328.015973
330,6326.587681
331,6331.809459
332,6330.824203
333,6331.532430
334,6327.819765
335,6330.223530
336,6330.822453
337,6333.131970
338,6330.491129
339,6327.426191
340,6334.347720
341,6328.140460
342,6332.703456
343,6331.589955
344,6335.998760
345,6328.755639
346,6333.635743
347,6331.833963
348,6328.258314
349,6333.534533
350,6330.675913
351,6334.064285
352,6329.602278
353,6330.204639
354,6336.230944
355,6335.253551
356,6330.004972
357,6336.230944
358,6335.715206
359,6334.445727
360,6334.295736
361,6330.843871
362,6335.673482
363,6333.444712
364,6329.545078
365,6334.566732
366,6334.411818
367,6335.299526
368,6335.299526
369,6336.230944
370,6333.722466
371,6333.084531
372,6336.230944
373,6335.829106
374,6334.361421
375,6337.216260
376,6334.594701
377,6345.129562
378,6350.190634
379,6363.434204
380,6374.283438
381,6390.249329
382,6405.993794
383,6432.551010
384,6453.387130
385,6472.879878
386,6470.993555
387,6475.664949
388,6484.321901
389,6486.797825
390,6489.968077
391,6488.003943
392,6479.933142
393,6490.601396
394,6490.498778
395,6494.389432
396,6493.946262
397,6491.958197
398,6490.367718
399,6489.469405
400,6489.850118
401,6484.658703
402,6487.734071
403,6492.521719
404,6494.389432
405,6492.537661
406,6487.394487
407,6490.669747
408,6494.389432
409,6494.389432
410,6491.961492
411,6486.612986
412,6492.136957
413,6493.263687
414,6486.853844
415,6488.959587
416,6486.666236
417,6491.241381
418,6486.069662
419,6493.490833
420,6494.389432
421,6487.033078
422,6493.013284
423,6490.297843
424,6493.660844
425,6493.383760
426,6491.699197
427,6490.793186
428,6489.055158
429,6490.915613
430,6493.005130
431,6492.759907
432,6493.758552
433,6491.062983
434,6493.867663
435,6491.849342
436,6488.675155
437,6493.205119
438,6493.453418
439,6495.326819
440,6495.088765
441,6495.354096
442,6497.846392
443,6493.915741
444,6497.889650
445,6498.253093
446,6495.050427
447,6497.846392
448,6498.146332
449,6499.559616
450,6498.308070
451,6499.387496
452,6501.834682
453,6508.090168
454,6504.817917
455,6506.112816
456,6514.274688
457,6515.918687
458,6516.845265
459,6521.614134
460,6530.135052
461,6533.971880
462,6538.187379
463,6539.333048
464,6543.682956
465,6541.147639
466,6545.377792
467,6546.817625
468,6546.893416
469,6549.815070
470,6545.525130
471,6549.804239
472,6554.981333
473,6554.264511
474,6554.916064
475,6551.608300
476,6553.948343
477,6563.695675
478,6562.764251
479,6561.587837
480,6564.647983
481,6562.209435
482,6562.197608
483,6565.398983
484,6564.918180
485,6566.542757
486,6565.385842
487,6565.267372
488,6565.015703
489,6564.239140
490,6560.107409
491,6564.851969
492,6560.050820
493,6562.675004
494,6562.822455
495,6570.255438
496,6570.761199
497,6569.738122
498,6571.187963
499,6569.041981
