0,3364.522378
1,6927.830375
2,7376.058293
3,7736.471653
4,8019.230086
5,8223.625275
6,8434.501301
7,8565.269966
8,8688.578277
9,8794.346331
10,8912.716633
11,8983.079161
12,9081.901794
13,9164.712611
14,9268.718804
15,9391.688386
16,9508.012732
17,9649.816590
18,9824.579269
19,9961.526564
20,10074.368099
21,10152.770909
22,10340.660665
23,10535.476224
24,10600.505649
25,10707.134014
26,10750.338935
27,10840.891882
28,10936.694560
29,10993.322229
30,11018.696118
31,11164.886424
32,11155.984558
33,11242.569816
34,11242.653684
35,11333.083942
36,11359.531213
37,11383.207841
38,11431.986091
39,11457.820248
40,11489.181149
41,11523.594609
42,11525.371830
43,11560.793434
44,11605.417663
45,11649.613348
46,11655.727723
47,11694.844622
48,11823.556849
49,11846.393751
50,11977.782956
51,12025.244791
52,12074.213179
53,12034.897443
54,12118.894753
55,12187.104057
56,12204.103812
57,12176.127968
58,12204.952460
59,12167.351204
60,12212.957165
61,12251.280499
62,12258.642728
63,12271.966756
64,12264.425695
65,12261.626336
66,12316.629418
67,12266.743012
68,12254.559482
69,12237.761467
70,12275.792038
71,12293.748695
72,12294.434933
73,12274.891628
74,12335.054414
75,12280.975948
76,12316.042491
77,12352.590387
78,12349.958790
79,12335.645577
80,12388.714444
81,12348.737726
82,12360.200806
83,12356.640686
84,12305.583479
85,12378.429136
86,12384.726651
87,12398.553701
88,12364.276976
89,12355.524499
90,12374.648352
91,12360.949001
92,12372.554633
93,12429.780887
94,12400.024106
95,12402.471636
96,12465.669928
97,12442.491635
98,12408.385027
99,12463.936335
100,12416.196536
101,12395.360143
102,12408.642216
103,12414.274476
104,12438.827690
105,12441.383358
106,12481.356946
107,12505.554919
108,12496.355447
109,12483.671957
110,12476.995558
111,12500.236144
112,12481.442346
113,12451.521081
114,12555.400939
115,12582.860103
116,12508.650072
117,12519.082440
118,12565.572742
119,12522.676805
120,12430.808535
121,12483.733514
122,12548.370968
123,12623.630174
124,12668.267830
125,12659.015021
126,12611.743668
127,12704.285974
128,12697.642356
129,12738.215827
130,12700.552191
131,12699.389127
132,12709.264859
133,12767.226408
134,12712.927409
135,12773.023090
136,12748.859585
137,12700.476340
138,12755.815196
139,12779.094324
140,12787.216351
141,12736.161951
142,12676.684554
143,12743.038633
144,12755.452239
145,12754.656732
146,12764.162184
147,12760.549339
148,12758.673906
149,12746.977955
150,12689.565313
151,12730.257815
152,12761.686651
153,12785.292751
154,12763.365220
155,12794.924132
156,12777.461060
157,12726.114182
158,12745.771458
159,12756.212539
160,12732.308485
161,12757.398304
162,12778.937367
163,12787.000026
164,12697.102689
165,12746.452386
166,12722.859336
167,12741.115646
168,12794.034203
169,12778.705946
170,12750.267315
171,12758.036148
172,12745.353886
173,12778.841653
174,12816.606420
175,12782.705145
176,12766.440779
177,12699.539578
178,12793.288715
179,12770.807196
180,12813.682569
181,12759.959658
182,12719.455883
183,12773.776798
184,12673.029695
185,12733.822627
186,12819.570872
187,12775.922730
188,12761.416557
189,12758.060559
190,12767.644576
191,12786.760984
192,12752.910754
193,12745.411258
194,12753.269066
195,12716.181697
196,12810.624576
197,12755.523455
198,12807.821629
199,12822.200760
200,12908.534547
201,12871.274835
202,12924.565210
203,12963.779771
204,12970.899817
205,12996.147194
206,13038.452716
207,13075.433618
208,13128.545937
209,13139.405074
210,13110.594688
211,13119.921462
212,13109.157334
213,13148.713392
214,13106.990949
215,13190.868622
216,13108.825136
217,13122.771207
218,13107.859709
219,13114.524620
220,13096.565218
221,13110.693175
222,13076.945568
223,13112.772084
224,13124.979140
225,13062.909851
226,13122.423208
227,13102.351941
228,13112.437046
229,13085.261622
230,13079.993691
231,13158.441199
232,13139.556541
233,13219.504313
234,13247.054426
235,13248.435478
236,13198.947068
237,13180.422748
238,13217.020970
239,13205.910452
240,13155.943791
241,13190.131817
242,13153.514927
243,13257.162181
244,13191.095726
245,13200.979144
246,13150.397264
247,13176.522143
248,13219.295603
249,13142.002548
250,13201.803015
251,13194.870990
252,13213.525275
253,13176.906367
254,13218.705179
255,13228.777637
256,13251.563651
257,13210.734607
258,13178.236996
259,13170.619764
260,13184.002062
261,13159.932546
262,13167.461887
263,13236.916665
264,13212.547033
265,13103.845310
266,13151.742793
267,13131.665049
268,13143.314629
269,13231.925229
270,13230.157043
271,13187.342652
272,13208.240326
273,13129.529112
274,13182.913524
275,13191.859801
276,13214.852299
277,13214.032987
278,13179.953953
279,13309.378645
280,13248.916197
281,13197.696935
282,13156.501207
283,13144.254909
284,13157.368058
285,13164.571530
286,13217.010683
287,13221.254657
288,13246.638650
289,13216.543053
290,13151.942884
291,13172.265041
292,13143.321164
293,13211.105244
294,13211.644395
295,13205.075403
296,13229.752725
297,13180.105060
298,13170.439995
299,13172.018921
300,13230.987336
301,13189.767192
302,13217.684023
303,13194.344798
304,13157.055973
305,13171.379701
306,13210.365205
307,13172.387243
308,13229.597781
309,13189.051192
310,13169.629175
311,13175.171167
312,13183.342040
313,13204.601641
314,13231.160733
315,13254.856438
316,13259.739677
317,13225.433989
318,13198.262851
319,13186.044620
320,13192.977853
321,13130.446609
322,13196.787495
323,13181.484085
324,13203.983409
325,13265.926542
326,13191.203067
327,13164.242943
328,13245.025114
329,13236.575835
330,13183.210809
331,13235.747074
332,13195.889517
333,13197.894323
334,13179.385455
335,13202.268518
336,13204.752384
337,13138.926975
338,13097.688473
339,13147.455396
340,13200.086417
341,13197.042472
342,13224.691469
343,13239.609285
344,13194.287185
345,13130.146469
346,13134.894143
347,13189.737965
348,13175.850735
349,13209.841350
350,13219.935279
351,13237.269949
352,13225.516064
353,13208.378281
354,13148.986196
355,13240.710419
356,13222.095379
357,13227.118963
358,13140.208056
359,13187.232271
360,13180.809375
361,13164.271772
362,13178.062700
363,13202.834837
364,13188.513343
365,13135.014376
366,13201.123269
367,13226.126057
368,13237.385966
369,13231.254051
370,13227.409937
371,13225.445754
372,13170.169996
373,13105.365648
374,13165.273345
375,13124.783692
376,13144.779133
377,13219.219329
378,13186.512133
379,13194.662654
380,13148.470660
381,13234.561687
382,13218.608214
383,13257.797042
384,13251.554673
385,13284.384124
386,13260.703182
387,13278.586934
388,13268.040594
389,13271.972298
390,13178.066713
391,13238.865086
392,13250.028143
393,13238.035719
394,13261.616333
395,13276.001859
396,13257.546151
397,13292.330076
398,13258.381786
399,13237.914490
400,13274.946139
401,13229.505019
402,13246.160243
403,13267.001334
404,13279.622982
405,13230.228282
406,13256.347879
407,13200.077092
408,13201.944591
409,13207.544341
410,13267.992402
411,13262.061475
412,13296.931680
413,13239.237820
414,13171.324901
415,13207.895213
416,13291.117942
417,13308.580538
418,13288.608110
419,13281.853212
420,13322.838724
421,13247.755445
422,13218.826080
423,13275.690585
424,13200.634127
425,13266.512551
426,13253.491360
427,13167.581283
428,13242.346501
429,13334.816437
430,13317.610650
431,13323.271171
432,13281.308843
433,13252.558344
434,13239.465664
435,13259.504272
436,13264.871992
437,13285.124899
438,13272.698841
439,13202.601043
440,13262.676989
441,13305.870614
442,13277.814938
443,13194.370016
444,13312.934370
445,13286.601982
446,13200.661080
447,13196.632675
448,13135.693630
449,13240.743510
450,13226.934689
451,13259.067051
452,13317.668474
453,13302.835788
454,13279.069007
455,13244.308287
456,13270.559445
457,13259.690047
458,13315.383280
459,13300.952444
460,13278.017513
461,13275.437248
462,13298.980797
463,13233.420701
464,13309.212151
465,13276.799644
466,13246.915783
467,13273.202672
468,13247.037981
469,13253.589416
470,13186.124112
471,13166.505575
472,13221.524252
473,13269.067076
474,13288.961454
475,13261.392615
476,13229.461504
477,13246.256972
478,13233.099575
479,13214.799023
480,13193.367154
481,13247.510854
482,13249.380838
483,13254.267369
484,13301.824305
485,13297.187553
486,13276.777806
487,13281.864124
488,13281.375305
489,13267.169075
490,13294.081490
491,13277.375795
492,13252.815781
493,13242.981969
494,13212.351589
495,13221.926302
496,13290.824811
497,13256.662449
498,13234.184066
499,13253.661562
