0,3381.241264
1,3476.144015
2,3563.599297
3,3637.383268
4,3682.040819
5,3768.821808
6,3807.126582
7,3891.375263
8,3945.988743
9,3988.163906
10,4024.351904
11,4048.386312
12,4100.171675
13,4134.935590
14,4180.716606
15,4204.413461
16,4249.938714
17,4283.275298
18,4299.256186
19,4317.427544
20,4341.180915
21,4365.808764
22,4428.132458
23,4443.626158
24,4440.837213
25,4488.751826
26,4495.226026
27,4492.540572
28,4521.879112
29,4542.679858
30,4574.206840
31,4575.641122
32,4577.676802
33,4608.458600
34,4592.886246
35,4624.671768
36,4648.899908
37,4681.036801
38,4723.653284
39,4722.719287
40,4734.017703
41,4770.102623
42,4785.178070
43,4770.494577
44,4817.029165
45,4818.118025
46,4833.512395
47,4845.098298
48,4874.318665
49,4878.703413
50,4888.452185
51,4898.501241
52,4928.283163
53,4935.520375
54,4928.306438
55,4946.949547
56,4938.813574
57,4913.302889
58,4948.142232
59,4989.989053
60,4970.509965
61,4986.295462
62,4936.606578
63,4974.449997
64,4957.607917
65,4940.935209
66,4999.003363
67,4989.343368
68,4998.799426
69,5032.627843
70,5037.570772
71,5030.818175
72,5004.982346
73,5012.907377
74,4998.563884
75,5030.069674
76,5030.215864
77,5051.936818
78,5030.242859
79,5054.298589
80,5007.547492
81,5036.818883
82,5056.297711
83,5050.037664
84,5078.606159
85,5084.553529
86,5097.319470
87,5066.329949
88,5060.503476
89,5096.557271
90,5091.842826
91,5070.781911
92,5091.291998
93,5073.981312
94,5121.349845
95,5123.220501
96,5134.404508
97,5097.792090
98,5133.972357
99,5125.259940
100,5121.441073
101,5162.595326
102,5180.014214
103,5207.322468
104,5165.483351
105,5134.019205
106,5134.411187
107,5126.258518
108,5125.415007
109,5126.747217
110,5137.413944
111,5130.588799
112,5121.040362
113,5147.393502
114,5178.360754
115,5221.154474
116,5230.799493
117,5224.257192
118,5165.292316
119,5200.593984
120,5219.069185
121,5245.781296
122,5227.923136
123,5217.657214
124,5216.180474
125,5265.975733
126,5215.048306
127,5215.325341
128,5220.091455
129,5228.389597
130,5219.990527
131,5194.620363
132,5207.986339
133,5211.312257
134,5185.186150
135,5223.999173
136,5226.449060
137,5186.379839
138,5179.055253
139,5228.348715
140,5173.569956
141,5174.324465
142,5177.706940
143,5170.268669
144,5221.796829
145,5245.213223
146,5258.899888
147,5232.192367
148,5207.511887
149,5196.550905
150,5191.999195
151,5204.212039
152,5239.204192
153,5201.147891
154,5212.686004
155,5176.061671
156,5213.856805
157,5190.870222
158,5194.538416
159,5189.549560
160,5222.088439
161,5224.022128
162,5247.612772
163,5206.837972
164,5187.159238
165,5197.824324
166,5199.679769
167,5182.667092
168,5166.472803
169,5173.268258
170,5209.573613
171,5237.400517
172,5262.681984
173,5240.296493
174,5251.636525
175,5196.729426
176,5179.281364
177,5188.844396
178,5175.802198
179,5188.165028
180,5233.777009
181,5233.275947
182,5254.256694
183,5264.612351
184,5218.142867
185,5211.155343
186,5182.474047
187,5198.341166
188,5181.418005
189,5198.550940
190,5187.456964
191,5220.379967
192,5199.061027
193,5210.416592
194,5224.407406
195,5237.062863
196,5208.880063
197,5260.842503
198,5214.750190
199,5234.439758
200,5194.113017
201,5197.446080
202,5191.852482
203,5194.031239
204,5255.669973
205,5222.289559
206,5226.268684
207,5223.121854
208,5223.427753
209,5257.404235
210,5227.643458
211,5197.474801
212,5211.443522
213,5216.239286
214,5204.585273
215,5227.925123
216,5193.133791
217,5175.558643
218,5189.295680
219,5196.860489
220,5256.380313
221,5263.219292
222,5241.823727
223,5251.586789
224,5227.273335
225,5187.118861
226,5193.865435
227,5196.457968
228,5227.071132
229,5250.201935
230,5222.303223
231,5236.213993
232,5206.038176
233,5178.721131
234,5205.313077
235,5144.579398
236,5165.926129
237,5149.580756
238,5115.228291
239,5163.369526
240,5166.004810
241,5186.630076
242,5141.184063
243,5169.903201
244,5177.733726
245,5194.329327
246,5206.960016
247,5221.954212
248,5181.130471
249,5245.437679
250,5197.933502
251,5203.478898
252,5193.564697
253,5176.784613
254,5180.728829
255,5186.299602
256,5182.475203
257,5192.289691
258,5209.598557
259,5217.707334
260,5223.685542
261,5252.730698
262,5250.835630
263,5242.591956
264,5259.502892
265,5239.002329
266,5234.694973
267,5211.757849
268,5224.280888
269,5190.229844
270,5182.858159
271,5178.806917
272,5172.447155
273,5177.443734
274,5200.866321
275,5211.948797
276,5222.711737
277,5236.992820
278,5244.699948
279,5222.650522
280,5231.091057
281,5295.980285
282,5246.877101
283,5232.290267
284,5269.767535
285,5250.294345
286,5286.645030
287,5213.519904
288,5236.904425
289,5224.426582
290,5229.750904
291,5228.646381
292,5253.843799
293,5235.266835
294,5226.717596
295,5213.552818
296,5224.142566
297,5219.428548
298,5252.197619
299,5251.663745
300,5255.343949
301,5249.515991
302,5221.071286
303,5235.867645
304,5235.979362
305,5229.084887
306,5271.743211
307,5271.437993
308,5257.128263
309,5223.170280
310,5220.823636
311,5237.501915
312,5233.418217
313,5196.301024
314,5204.940015
315,5191.512325
316,5218.462761
317,5228.167505
318,5245.599264
319,5230.497658
320,5233.694854
321,5205.926040
322,5221.222889
323,5202.906504
324,5207.289067
325,5210.381960
326,5199.857428
327,5190.481007
328,5168.911282
329,5129.080263
330,5152.178336
331,5159.901458
332,5201.798154
333,5193.641557
334,5178.604558
335,5173.994313
336,5158.492552
337,5180.574823
338,5189.321079
339,5228.137374
340,5252.898200
341,5253.356439
342,5216.121617
343,5207.342317
344,5235.803577
345,5279.737884
346,5294.496753
347,5235.373351
348,5252.072547
349,5252.217255
350,5248.896035
351,5210.395161
352,5231.558609
353,5238.241035
354,5212.074763
355,5214.539796
356,5269.584744
357,5242.278186
358,5250.456914
359,5250.154044
360,5246.086181
361,5275.430008
362,5317.571525
363,5290.545111
364,5230.479680
365,5213.513519
366,5245.784468
367,5230.286329
368,5201.533536
369,5183.955533
370,5198.499586
371,5154.803777
372,5187.605233
373,5224.976012
374,5243.432822
375,5230.740283
376,5225.066461
377,5238.149223
378,5202.804700
379,5209.282492
380,5237.129907
381,5215.315661
382,5204.328229
383,5178.753611
384,5164.349318
385,5228.165855
386,5227.920769
387,5252.707742
388,5197.028092
389,5188.890195
390,5197.519197
391,5229.264374
392,5228.560514
393,5226.770876
394,5247.111431
395,5236.615248
396,5200.983979
397,5238.932081
398,5187.409979
399,5164.266320
400,5175.127692
401,5142.577653
402,5149.543232
403,5187.758249
404,5237.811982
405,5213.957303
406,5252.293934
407,5232.218827
408,5229.915876
409,5248.122285
410,5192.292446
411,5195.858749
412,5228.650716
413,5283.775622
414,5238.864876
415,5209.664949
416,5185.783453
417,5190.036045
418,5207.373704
419,5221.505018
420,5230.268166
421,5204.109427
422,5210.188307
423,5199.818147
424,5199.043122
425,5229.729340
426,5253.688524
427,5255.912145
428,5258.293750
429,5220.218236
430,5222.396409
431,5257.532131
432,5263.988807
433,5289.345267
434,5255.982624
435,5201.261599
436,5210.385583
437,5214.966084
438,5187.150978
439,5200.093377
440,5205.660784
441,5188.355850
442,5181.821173
443,5196.058977
444,5216.031882
445,5248.305266
446,5230.232769
447,5210.894396
448,5212.711164
449,5272.252253
450,5247.383676
451,5252.675269
452,5243.753832
453,5228.110048
454,5238.091939
455,5204.953166
456,5199.956284
457,5179.879581
458,5189.615404
459,5219.060158
460,5216.241628
461,5221.733385
462,5219.950968
463,5234.084311
464,5264.701504
465,5266.070476
466,5236.880646
467,5215.180011
468,5211.974248
469,5242.886998
470,5231.246178
471,5192.617297
472,5213.168702
473,5206.690667
474,5242.938652
475,5238.533625
476,5195.161159
477,5211.407594
478,5219.867686
479,5261.385399
480,5245.297937
481,5257.416553
482,5247.902780
483,5237.651640
484,5305.583686
485,5274.717771
486,5266.715492
487,5264.675995
488,5248.253233
489,5261.397552
490,5277.834291
491,5235.109291
492,5221.900274
493,5228.536133
494,5226.580681
495,5243.511969
496,5215.202499
497,5213.315653
498,5231.459090
499,5202.167662
