0,3372.987859
1,3368.691015
2,3371.757346
3,3369.890515
4,3385.244956
5,3381.890009
6,3341.064368
7,3346.748498
8,3356.907713
9,3316.985539
10,3301.212579
11,3334.441134
12,3355.700000
13,3328.145093
14,3299.652910
15,3320.481793
16,3358.423256
17,3317.753033
18,3356.092755
19,3373.068286
20,3384.084184
21,3424.770834
22,3412.492481
23,3389.662489
24,3382.455157
25,3373.593138
26,3348.970377
27,3400.709969
28,3403.752403
29,3404.244030
30,3394.943706
31,3351.893284
32,3323.545112
33,3376.957903
34,3362.411023
35,3365.002431
36,3400.619561
37,3399.657266
38,3404.954987
39,3366.600171
40,3368.276684
41,3350.554403
42,3305.164687
43,3342.798831
44,3367.550057
45,3382.075377
46,3376.140220
47,3407.236456
48,3441.064481
49,3424.464914
50,3405.898485
51,3410.949624
52,3373.915814
53,3380.322843
54,3347.270306
55,3334.927418
56,3328.058388
57,3389.495718
58,3392.466624
59,3419.735481
60,3421.735551
61,3402.801203
62,3435.302088
63,3383.088317
64,3380.388395
65,3380.459651
66,3377.979722
67,3364.127705
68,3438.913839
69,3471.172529
70,3468.312919
71,3458.522377
72,3399.334849
73,3405.469643
74,3421.733906
75,3441.387301
76,3350.090682
77,3358.170395
78,3350.511993
79,3376.095711
80,3421.637848
81,3418.203636
82,3408.879584
83,3420.810194
84,3383.063533
85,3358.948970
86,3363.194930
87,3368.121177
88,3374.851926
89,3400.102709
90,3461.515239
91,3477.312493
92,3415.650151
93,3421.337143
94,3414.118128
95,3391.445925
96,3357.696469
97,3382.851238
98,3432.780614
99,3349.900310
100,3299.508066
101,3288.727519
102,3313.536699
103,3326.897952
104,3343.355460
105,3339.495106
106,3315.180792
107,3327.254181
108,3316.754098
109,3328.203718
110,3366.128831
111,3386.227175
112,3435.535002
113,3416.818108
114,3448.724181
115,3415.589480
116,3397.183180
117,3444.720275
118,3461.902402
119,3459.129617
120,3466.078208
121,3453.556255
122,3394.121226
123,3376.345962
124,3353.024101
125,3339.726978
126,3309.787220
127,3345.470289
128,3365.477544
129,3394.341195
130,3422.796995
131,3413.542957
132,3394.608625
133,3406.046893
134,3383.992060
135,3364.753417
136,3370.188930
137,3313.927205
138,3296.536850
139,3265.721353
140,3272.776404
141,3357.538622
142,3414.939910
143,3405.102038
144,3415.765468
145,3429.374446
146,3356.124671
147,3338.446904
148,3350.307657
149,3363.118253
150,3397.757308
151,3333.135799
152,3338.728218
153,3354.904736
154,3318.458571
155,3348.726567
156,3312.811055
157,3303.744340
158,3349.100066
159,3338.843099
160,3358.593421
161,3360.570366
162,3353.844489
163,3357.796251
164,3346.428471
165,3358.754673
166,3314.598619
167,3334.206037
168,3289.954390
169,3306.837187
170,3301.802045
171,3384.375048
172,3368.281175
173,3363.206595
174,3378.968850
175,3352.575269
176,3391.561738
177,3344.954057
178,3402.442768
179,3367.577239
180,3382.352701
181,3350.502361
182,3351.349872
183,3317.041968
184,3348.181851
185,3341.709740
186,3367.698597
187,3336.056189
188,3333.960131
189,3365.416480
190,3414.313297
191,3405.486980
192,3342.343087
193,3323.847223
194,3295.755268
195,3300.876931
196,3294.384608
197,3339.188225
198,3372.329889
199,3317.318277
200,3261.797957
201,3248.117230
202,3248.230974
203,3305.201914
204,3295.890799
205,3297.049261
206,3349.282418
207,3307.845420
208,3314.217393
209,3298.144474
210,3320.144491
211,3295.134978
212,3268.505058
213,3228.293052
214,3321.013937
215,3343.010511
216,3281.654145
217,3259.557556
218,3287.155850
219,3392.722327
220,3373.943624
221,3345.928199
222,3286.903512
223,3355.581674
224,3352.023625
225,3365.986003
226,3366.463599
227,3397.293882
228,3423.744391
229,3414.720476
230,3364.302195
231,3373.774422
232,3362.680808
233,3392.076017
234,3414.820835
235,3418.702192
236,3425.536902
237,3387.814806
238,3386.575722
239,3359.858853
240,3384.924233
241,3365.158919
242,3403.212705
243,3404.155139
244,3421.881165
245,3386.937728
246,3373.937081
247,3374.965929
248,3319.544553
249,3305.759124
250,3326.693096
251,3404.589440
252,3399.440476
253,3387.478595
254,3349.319236
255,3376.081927
256,3397.181508
257,3364.286092
258,3408.108005
259,3424.788087
260,3410.267275
261,3392.242045
262,3429.172734
263,3426.480653
264,3404.006426
265,3431.824008
266,3362.781061
267,3358.057802
268,3354.324465
269,3277.414082
270,3307.304630
271,3311.549894
272,3305.280934
273,3322.525228
274,3338.231080
275,3337.673709
276,3361.277065
277,3357.796869
278,3383.041715
279,3362.493981
280,3368.223364
281,3385.403014
282,3390.774966
283,3368.795636
284,3337.809068
285,3299.568441
286,3345.657136
287,3370.315308
288,3384.839691
289,3409.756254
290,3443.622911
291,3424.895872
292,3441.463528
293,3432.357282
294,3425.099690
295,3418.629727
296,3456.685563
297,3419.785059
298,3399.541202
299,3399.264734
300,3416.864276
301,3443.003918
302,3454.449454
303,3446.189345
304,3434.096781
305,3414.916271
306,3386.810743
307,3417.175424
308,3424.313511
309,3377.473169
310,3371.521998
311,3391.918650
312,3381.778446
313,3363.103369
314,3335.514431
315,3349.884545
316,3310.835661
317,3320.172433
318,3337.827287
319,3385.885893
320,3392.585339
321,3387.084453
322,3365.270422
323,3375.964969
324,3376.963792
325,3392.208129
326,3399.451914
327,3420.648801
328,3416.993993
329,3425.101144
330,3429.244922
331,3438.361409
332,3442.961332
333,3426.809339
334,3450.440971
335,3396.243069
336,3430.375183
337,3382.482667
338,3380.597195
339,3422.969281
340,3460.469562
341,3474.199369
342,3419.540689
343,3376.318860
344,3327.106303
345,3323.829991
346,3307.889085
347,3316.579659
348,3358.524664
349,3349.478188
350,3320.837174
351,3341.452825
352,3313.165860
353,3359.686279
354,3375.624049
355,3378.518598
356,3406.674541
357,3400.094268
358,3384.687965
359,3369.847590
360,3354.477597
361,3367.334697
362,3358.363599
363,3380.930129
364,3372.159759
365,3348.051195
366,3382.443389
367,3352.623598
368,3410.705266
369,3418.696734
370,3466.240292
371,3446.378470
372,3402.128969
373,3362.154641
374,3372.329811
375,3326.912111
376,3404.220503
377,3390.976822
378,3375.296153
379,3373.899217
380,3384.389400
381,3399.309324
382,3364.203243
383,3381.456603
384,3393.536278
385,3400.435756
386,3417.733938
387,3416.239750
388,3389.696805
389,3400.402042
390,3411.365341
391,3414.445765
392,3420.103273
393,3415.985868
394,3450.064868
395,3428.919641
396,3388.674270
397,3287.745532
398,3300.263603
399,3365.105458
400,3402.582080
401,3410.047431
402,3418.193968
403,3470.941392
404,3488.565859
405,3463.329424
406,3478.193547
407,3428.149440
408,3422.322824
409,3434.335743
410,3442.793149
411,3412.960124
412,3363.060920
413,3377.330394
414,3397.446464
415,3425.334017
416,3364.524185
417,3361.752480
418,3332.232540
419,3317.056549
420,3327.472136
421,3335.889230
422,3335.893434
423,3335.124101
424,3365.991298
425,3389.115168
426,3363.858848
427,3311.851915
428,3328.798352
429,3382.036612
430,3367.046244
431,3413.137924
432,3377.811705
433,3368.824322
434,3352.419732
435,3357.293801
436,3331.829517
437,3325.158593
438,3285.999995
439,3265.861638
440,3275.175876
441,3298.269421
442,3344.249807
443,3405.468517
444,3345.519441
445,3349.764744
446,3343.179228
447,3328.142504
448,3326.191279
449,3333.329359
450,3297.100782
451,3307.766798
452,3316.950046
453,3355.039738
454,3368.714468
455,3378.613570
456,3346.992250
457,3334.405357
458,3308.820246
459,3308.654466
460,3284.721226
461,3332.275943
462,3308.691177
463,3335.966924
464,3383.693073
465,3402.717146
466,3352.824069
467,3379.265556
468,3400.564260
469,3430.508517
470,3490.897051
471,3412.953139
472,3401.044420
473,3396.411506
474,3375.143356
475,3345.277478
476,3363.060666
477,3377.818666
478,3381.139808
479,3379.885694
480,3396.096951
481,3451.117124
482,3436.385988
483,3401.341608
484,3393.951750
485,3459.457966
486,3441.173955
487,3402.755581
488,3442.088320
489,3403.541236
490,3407.838151
491,3371.821440
492,3331.785174
493,3267.669228
494,3277.989887
495,3329.577149
496,3343.569653
497,3348.933790
498,3367.326608
499,3379.077124
