0,3360.982960
1,6713.187553
2,6997.643800
3,7231.738505
4,7416.064521
5,7577.758042
6,7736.691963
7,7876.777750
8,7997.659484
9,8160.413579
10,8266.046355
11,8377.643095
12,8484.535760
13,8537.152669
14,8594.433257
15,8709.356021
16,8839.454100
17,8897.901732
18,8918.559724
19,9008.873865
20,9027.884777
21,9084.100680
22,9136.568895
23,9203.246401
24,9272.176235
25,9338.822604
26,9401.436434
27,9461.582785
28,9494.429854
29,9579.646313
30,9641.168805
31,9678.651087
32,9761.186072
33,9817.437399
34,9858.920575
35,9957.272146
36,10033.231126
37,9980.923981
38,10049.734744
39,10195.276749
40,10230.660891
41,10303.092502
42,10341.806348
43,10375.435791
44,10522.503636
45,10474.300983
46,10529.055926
47,10575.389186
48,10669.076308
49,10746.461002
50,10758.786744
51,10814.731449
52,10859.993845
53,10861.562763
54,10923.768276
55,10894.537657
56,10979.178708
57,10959.393321
58,10987.882849
59,11045.011346
60,10995.861218
61,11076.536556
62,11150.220100
63,11142.727520
64,11144.414914
65,11045.028905
66,11100.361373
67,11124.776231
68,11097.383325
69,11116.633034
70,11174.369295
71,11206.732232
72,11199.524864
73,11325.838246
74,11253.850681
75,11300.456105
76,11277.146821
77,11311.271189
78,11289.267538
79,11204.616528
80,11244.003869
81,11320.239724
82,11298.400942
83,11322.458158
84,11310.986160
85,11307.829598
86,11325.366713
87,11366.513567
88,11340.316759
89,11320.752515
90,11416.272822
91,11418.400775
92,11372.291272
93,11390.319907
94,11363.124423
95,11370.503471
96,11354.645434
97,11339.580976
98,11344.648137
99,11366.830552
100,11317.667054
101,11274.759551
102,11338.927710
103,11356.082500
104,11419.272586
105,11339.793009
106,11324.704562
107,11365.875322
108,11414.153500
109,11356.100412
110,11356.717186
111,11360.027062
112,11326.952803
113,11394.018449
114,11378.225524
115,11375.229122
116,11408.162081
117,11365.718206
118,11390.384607
119,11358.847453
120,11328.419767
121,11351.208540
122,11373.239019
123,11371.031361
124,11374.591098
125,11408.258407
126,11350.614520
127,11412.579071
128,11389.585139
129,11369.303992
130,11315.517308
131,11335.478762
132,11354.733291
133,11379.264524
134,11282.864816
135,11374.869841
136,11406.383825
137,11459.565665
138,11400.933801
139,11378.407489
140,11370.891985
141,11358.245192
142,11381.489237
143,11411.654948
144,11389.711081
145,11406.416542
146,11406.275052
147,11364.857616
148,11422.265906
149,11355.365106
150,11395.551485
151,11373.136530
152,11437.541449
153,11388.542557
154,11418.899326
155,11380.181410
156,11429.885237
157,11371.307567
158,11367.757751
159,11380.846163
160,11411.330423
161,11379.863316
162,11382.302155
163,11431.393264
164,11370.270482
165,11375.604650
166,11431.540012
167,11364.284590
168,11408.339699
169,11408.534836
170,11395.302600
171,11385.923646
172,11391.899082
173,11366.896497
174,11327.988224
175,11373.902200
176,11418.889637
177,11376.027028
178,11390.505531
179,11282.879628
180,11334.049589
181,11342.244579
182,11377.650276
183,11265.989358
184,11364.925883
185,11390.573220
186,11382.020590
187,11388.905635
188,11332.594733
189,11376.609760
190,11376.783764
191,11450.761909
192,11477.162421
193,11439.655172
194,11345.999442
195,11450.357646
196,11416.110977
197,11372.576222
198,11382.809535
199,11391.330257
200,11459.618371
201,11424.021970
202,11335.102805
203,11305.565600
204,11374.697881
205,11347.694391
206,11380.349189
207,11407.606185
208,11402.093219
209,11414.099897
210,11448.635252
211,11483.860923
212,11471.157899
213,11374.209224
214,11342.334886
215,11384.446569
216,11404.533206
217,11387.471024
218,11374.269049
219,11320.866687
220,11302.167942
221,11352.034771
222,11447.189187
223,11434.987760
224,11443.845032
225,11407.556885
226,11378.708232
227,11336.675462
228,11294.057705
229,11299.892312
230,11329.367996
231,11372.156290
232,11363.379786
233,11322.955894
234,11394.633069
235,11427.094869
236,11394.636222
237,11440.106842
238,11393.565069
239,11335.836344
240,11371.191680
241,11436.983141
242,11389.920265
243,11366.377424
244,11407.131891
245,11414.548344
246,11409.052660
247,11357.503036
248,11303.825972
249,11352.266174
250,11375.773394
251,11294.118870
252,11344.887978
253,11328.853352
254,11273.233830
255,11278.650103
256,11307.297567
257,11313.281081
258,11303.249404
259,11259.068170
260,11367.188061
261,11315.823562
262,11340.040844
263,11355.188028
264,11381.969106
265,11347.083243
266,11361.277970
267,11361.583434
268,11372.083835
269,11368.154663
270,11335.500000
271,11460.457189
272,11411.207868
273,11362.233145
274,11343.104413
275,11409.517151
276,11358.177116
277,11366.751313
278,11386.963269
279,11326.947412
280,11326.454504
281,11326.193210
282,11437.912537
283,11395.409703
284,11311.001327
285,11366.500455
286,11381.968015
287,11376.862016
288,11373.686524
289,11348.054053
290,11322.612393
291,11342.137374
292,11420.361743
293,11416.297967
294,11368.319301
295,11385.665628
296,11406.916023
297,11443.712718
298,11486.516195
299,11368.286867
300,11416.550670
301,11332.550319
302,11386.366823
303,11413.335906
304,11361.458954
305,11390.194725
306,11450.225273
307,11329.015122
308,11409.329275
309,11450.823890
310,11359.121402
311,11344.733135
312,11385.965532
313,11384.382571
314,11313.988619
315,11238.686993
316,11308.036332
317,11323.004688
318,11317.124752
319,11426.878544
320,11402.586761
321,11369.555734
322,11441.665265
323,11384.908036
324,11374.221784
325,11317.256362
326,11391.599656
327,11454.524250
328,11414.429415
329,11435.390315
330,11410.977017
331,11384.033316
332,11363.761188
333,11404.183045
334,11427.950827
335,11372.463526
336,11365.733602
337,11369.535389
338,11395.950037
339,11372.562441
340,11391.403458
341,11402.210402
342,11395.831036
343,11420.744970
344,11376.519456
345,11360.821084
346,11347.680400
347,11322.187183
348,11352.996712
349,11335.638413
350,11321.516698
351,11410.755947
352,11361.692787
353,11375.619312
354,11380.660261
355,11366.200497
356,11425.374346
357,11362.760955
358,11386.162385
359,11408.054838
360,11427.615657
361,11385.234259
362,11358.667007
363,11311.044986
364,11380.542787
365,11352.389877
366,11411.491622
367,11322.061517
368,11381.103171
369,11345.856912
370,11411.897656
371,11420.074282
372,11414.858760
373,11370.424633
374,11399.362661
375,11380.644154
376,11279.540081
377,11368.391474
378,11366.852839
379,11366.809202
380,11414.459386
381,11405.527239
382,11421.544790
383,11408.583141
384,11348.766703
385,11390.196006
386,11491.646034
387,11422.225765
388,11384.671364
389,11380.407344
390,11345.792757
391,11418.209189
392,11319.646635
393,11364.806495
394,11390.029061
395,11330.491215
396,11355.294639
397,11428.808942
398,11333.833203
399,11332.132516
400,11307.371974
401,11289.313772
402,11379.846032
403,11458.272074
404,11481.738846
405,11346.845709
406,11346.534874
407,11359.906861
408,11274.059705
409,11276.517347
410,11291.178971
411,11350.419976
412,11329.362761
413,11316.816570
414,11360.457732
415,11345.754278
416,11457.439003
417,11383.370702
418,11354.898641
419,11331.923423
420,11282.615067
421,11335.696875
422,11361.943417
423,11417.340607
424,11430.205076
425,11385.947319
426,11341.924606
427,11371.037638
428,11422.742789
429,11436.703050
430,11400.318607
431,11385.235859
432,11316.662508
433,11404.269002
434,11436.465191
435,11445.415893
436,11421.138612
437,11403.200558
438,11368.571197
439,11379.721590
440,11405.238369
441,11441.541210
442,11447.276779
443,11412.650538
444,11408.521397
445,11383.278104
446,11375.789617
447,11350.218901
448,11393.261201
449,11337.518769
450,11368.649567
451,11308.177085
452,11378.864705
453,11435.796260
454,11374.293079
455,11402.262921
456,11401.745023
457,11350.596882
458,11341.307016
459,11362.086247
460,11337.319133
461,11437.649483
462,11454.715141
463,11372.235984
464,11372.073347
465,11359.928704
466,11340.424972
467,11311.046331
468,11334.942540
469,11391.574689
470,11346.031890
471,11315.118165
472,11335.293845
473,11299.305334
474,11300.979796
475,11335.737101
476,11335.303071
477,11270.368251
478,11335.157198
479,11286.830943
480,11356.536995
481,11337.850396
482,11278.691269
483,11378.262467
484,11418.473880
485,11394.596000
486,11296.196269
487,11379.319566
488,11445.695834
489,11372.702888
490,11364.952519
491,11344.127649
492,11341.303704
493,11378.698624
494,11388.306780
495,11405.473678
496,11333.298808
497,11360.667624
498,11399.109359
499,11390.220906
