0,3380.253598
1,3561.563951
2,3672.344445
3,3795.125657
4,3896.540698
5,4029.955063
6,4134.369785
7,4186.435002
8,4249.031730
9,4354.955475
10,4436.629862
11,4497.974084
12,4544.638619
13,4550.695271
14,4581.392693
15,4605.176317
16,4647.095912
17,4645.749381
18,4654.327742
19,4683.734443
20,4658.974425
21,4700.842078
22,4731.088874
23,4759.325529
24,4784.308276
25,4768.190174
26,4799.433040
27,4840.319477
28,4817.476553
29,4795.105186
30,4783.064241
31,4777.712594
32,4773.288308
33,4801.545673
34,4833.164154
35,4836.527011
36,4895.276249
37,4847.979385
38,4862.358765
39,4873.698728
40,4882.688490
41,4930.066675
42,4907.096643
43,4953.185156
44,4974.427598
45,4932.116946
46,4866.559304
47,4856.950621
48,4890.312759
49,4899.822058
50,4893.895623
51,4908.430583
52,4903.635898
53,4909.276502
54,4888.367456
55,4908.016918
56,4902.417822
57,4906.639312
58,4940.388957
59,4927.468158
60,4907.202761
61,4900.794949
62,4905.007414
63,4942.981878
64,4998.678173
65,4970.886525
66,4946.242880
67,4970.273925
68,4956.072122
69,5030.282574
70,5047.922724
71,5011.780059
72,5032.947839
73,4983.876453
74,4979.212397
75,5012.419851
76,5002.074654
77,4988.563930
78,5012.876339
79,5018.262020
80,4990.058679
81,4923.105202
82,4907.919310
83,4951.689149
84,4955.667501
85,5010.108796
86,4994.811847
87,5015.847426
88,4985.825772
89,5026.898391
90,4968.889300
91,4981.866218
92,5023.650675
93,5025.870105
94,5019.786559
95,5040.086062
96,5036.583924
97,5040.254242
98,5060.335505
99,5069.936791
100,5034.963177
101,4960.728440
102,4999.952103
103,4981.494851
104,5008.760702
105,5003.898463
106,4994.210410
107,4949.684921
108,4949.934222
109,4945.034182
110,4965.320838
111,4960.677997
112,4956.652561
113,4967.520114
114,4982.892213
115,4966.098214
116,4980.848519
117,4952.434674
118,4945.090345
119,4964.233134
120,4979.823393
121,4974.396240
122,4934.843967
123,4903.409921
124,4930.101031
125,4928.638471
126,4901.169062
127,4895.632604
128,4932.035772
129,4924.402201
130,4933.172596
131,4905.518614
132,4961.238277
133,4961.369809
134,4962.060357
135,5010.723508
136,4997.176304
137,4952.863713
138,4983.968265
139,4993.721419
140,4981.556386
141,5014.233596
142,5008.762466
143,4996.558078
144,4977.700231
145,4978.345719
146,5016.239195
147,4996.105751
148,4993.146893
149,4988.027900
150,4975.370918
151,4959.865513
152,4912.982561
153,4919.393695
154,4944.709795
155,4982.860946
156,5005.247344
157,4990.082296
158,4982.526500
159,4993.818255
160,5034.323113
161,4998.988536
162,5037.479891
163,5078.583910
164,5042.213369
165,5053.365745
166,5070.489089
167,5095.587054
168,5119.180796
169,5074.008698
170,5037.440451
171,5016.512177
172,4960.232268
173,5001.203224
174,5008.628126
175,5056.472048
176,5056.808172
177,4977.005709
178,5008.389605
179,5020.802187
180,5052.716974
181,5047.545073
182,4961.766692
183,5000.161895
184,5016.419175
185,5008.155370
186,5019.501732
187,5034.396594
188,5022.677203
189,5032.770057
190,5044.930760
191,5015.813432
192,5038.199166
193,4997.758715
194,5036.283849
195,4997.396849
196,4986.385710
197,4978.333481
198,5017.000780
199,4945.054004
200,5002.692129
201,5013.678151
202,5032.406304
203,5053.377032
204,5016.128813
205,5036.661835
206,5004.782281
207,4973.704485
208,4972.434989
209,5005.942700
210,5040.539749
211,4998.540039
212,5007.692355
213,5006.412868
214,5006.409949
215,5000.574948
216,4995.193985
217,5015.282882
218,4985.478136
219,4963.895852
220,5002.681689
221,5020.740326
222,5026.236204
223,5009.526421
224,5012.867778
225,5046.902546
226,4997.525112
227,4998.081387
228,4993.141915
229,5004.994250
230,4986.715703
231,4990.068285
232,5000.577100
233,4979.395009
234,4969.482503
235,4999.436601
236,4999.089270
237,4963.552363
238,4978.251881
239,4999.441354
240,4954.952411
241,4941.435927
242,4986.486670
243,4988.694860
244,4956.457484
245,4940.119566
246,4972.896897
247,4984.157252
248,4969.847574
249,4990.970447
250,4934.506715
251,4950.784967
252,4924.052539
253,4946.325337
254,4995.723749
255,5025.446295
256,5024.665288
257,5015.434749
258,5010.427839
259,4978.019042
260,5011.675920
261,5038.251032
262,4998.324682
263,4999.289500
264,4976.466340
265,4996.909306
266,4987.315303
267,4989.125997
268,4966.695652
269,4990.959856
270,5006.425476
271,5028.230976
272,4978.240975
273,4938.619797
274,4983.588075
275,4991.242282
276,4992.804709
277,4997.409925
278,4994.458875
279,4980.441469
280,5013.599674
281,4984.065265
282,5015.949517
283,5000.138154
284,5030.720473
285,4996.010325
286,5011.430383
287,4976.404451
288,4998.890815
289,4995.366109
290,4963.295308
291,4943.383641
292,5024.669447
293,4984.301546
294,4984.260114
295,5001.407660
296,4969.189393
297,4956.340753
298,4950.430062
299,4947.309777
300,4992.974497
301,5089.397815
302,5058.195893
303,5050.914644
304,5044.052920
305,5068.860087
306,5039.471019
307,4998.528505
308,5008.179965
309,5063.148308
310,5086.944549
311,5032.921172
312,5082.155272
313,5068.203390
314,5069.539020
315,5038.747675
316,5080.448490
317,5031.435108
318,5041.764484
319,5025.765557
320,5012.825996
321,4992.436941
322,4997.232060
323,4998.251297
324,5044.617843
325,5082.200776
326,5060.164138
327,5097.859471
328,5078.439731
329,5040.079370
330,5043.078392
331,5066.470223
332,5065.567990
333,5039.367052
334,5025.704851
335,5022.178350
336,5000.744203
337,4988.672645
338,4975.351689
339,4950.107532
340,4979.357669
341,4960.721240
342,4972.373142
343,4956.172779
344,4972.828761
345,4972.181469
346,4959.082654
347,4977.453315
348,4942.270979
349,4989.780449
350,4981.476057
351,4975.834800
352,4921.369097
353,4956.157107
354,4940.464945
355,4963.207712
356,4964.007046
357,5018.283093
358,5021.041910
359,4965.715401
360,5012.691626
361,5026.681960
362,5056.218157
363,4998.616079
364,4994.275167
365,5009.300783
366,5006.173369
367,5006.238255
368,5032.540154
369,5017.664531
370,5023.710520
371,5100.567008
372,5055.058848
373,5068.421520
374,5059.496056
375,5017.049326
376,5030.882827
377,5037.777201
378,5024.652515
379,5062.788457
380,5065.067858
381,5054.038791
382,5077.021724
383,5084.081144
384,5086.504513
385,5101.753988
386,5097.577395
387,5085.963675
388,5002.576484
389,5025.895175
390,5052.039526
391,5031.072102
392,5001.878056
393,5035.118613
394,5035.118410
395,5004.646993
396,4961.972326
397,4996.465868
398,5033.205427
399,4997.934100
400,4975.988992
401,4943.273551
402,4955.732685
403,4947.498382
404,4947.393721
405,4976.936677
406,5029.626270
407,5035.656340
408,5059.004425
409,5036.473809
410,5078.063107
411,5097.213795
412,5006.645517
413,5047.078841
414,5021.615188
415,5024.917812
416,4995.689957
417,4947.802005
418,4950.569210
419,4998.600458
420,5004.518845
421,5017.895199
422,5045.899871
423,5017.553992
424,4999.435145
425,4969.207375
426,4954.748265
427,4909.148743
428,4972.758044
429,4985.099377
430,4999.992656
431,4941.738972
432,4909.765362
433,4963.212278
434,4967.564423
435,4942.731805
436,4967.206269
437,4956.431462
438,4949.458116
439,4978.946808
440,4985.693194
441,5012.970680
442,4986.118178
443,4981.032553
444,4996.395362
445,4954.360248
446,4968.897979
447,4977.427027
448,5025.414871
449,5015.790565
450,4986.100365
451,4966.760073
452,4949.243664
453,4940.376195
454,4946.138996
455,5035.126357
456,5039.789135
457,5038.635391
458,4947.670891
459,4973.467794
460,4970.856090
461,4973.097685
462,4976.413581
463,4972.927237
464,4904.238678
465,4882.270760
466,4925.182370
467,4920.736659
468,4971.849754
469,4933.016214
470,4909.706667
471,4926.161411
472,4923.243719
473,4913.408937
474,4919.848403
475,4963.603022
476,4978.489570
477,5006.320226
478,5017.740552
479,5043.448293
480,4959.766427
481,4991.985391
482,4967.183441
483,4966.789834
484,4928.216621
485,4959.192688
486,4992.266443
487,5022.505587
488,4998.378883
489,5039.980968
490,5010.770166
491,4974.250710
492,4972.299297
493,5031.615074
494,5024.197653
495,5061.928815
496,5010.004803
497,4988.068644
498,4934.096914
499,4915.701593
