0,3376.678141
1,6962.271072
2,7443.060517
3,7726.699566
4,7990.566132
5,8189.190651
6,8388.969924
7,8509.810828
8,8642.257710
9,8782.810374
10,8890.804284
11,8984.669869
12,9085.571090
13,9174.859829
14,9265.189024
15,9354.066715
16,9413.774577
17,9484.133295
18,9557.433843
19,9677.266629
20,9811.223395
21,9899.818940
22,9943.018118
23,10112.355395
24,10427.418470
25,10553.274579
26,10685.805445
27,10867.537728
28,11040.174543
29,11069.302001
30,11204.362610
31,11301.367462
32,11345.460776
33,11338.692352
34,11323.138202
35,11357.721758
36,11440.853469
37,11493.402174
38,11420.999194
39,11492.864766
40,11621.292768
41,11596.096509
42,11685.399675
43,11682.642563
44,11687.291783
45,11776.635705
46,11817.250160
47,11747.719261
48,11736.730332
49,11665.916290
50,11906.630103
51,11840.344957
52,11772.891479
53,11863.796992
54,11868.111363
55,11947.985531
56,12073.557626
57,12126.078350
58,12174.681974
59,12078.759446
60,12035.159459
61,12207.267610
62,12251.755624
63,12305.677948
64,12324.876878
65,12256.430553
66,12277.973580
67,12348.796505
68,12322.589958
69,12425.817865
70,12385.652392
71,12440.812958
72,12408.909318
73,12479.260917
74,12472.775431
75,12444.497408
76,12340.983390
77,12460.625260
78,12382.547188
79,12454.887425
80,12413.794500
81,12399.106053
82,12343.586831
83,12353.336977
84,12334.596646
85,12550.087343
86,12495.163284
87,12507.760503
88,12466.067340
89,12331.287525
90,12584.513320
91,12477.449954
92,12432.907063
93,12383.787132
94,12537.148753
95,12371.381235
96,12537.053627
97,12473.696930
98,12530.729157
99,12387.995118
100,12451.760800
101,12408.078336
102,12396.003384
103,12403.025400
104,12453.117945
105,12393.973809
106,12370.988282
107,12460.028182
108,12391.044090
109,12386.433316
110,12436.684947
111,12385.165674
112,12497.888869
113,12389.208922
114,12583.614796
115,12439.892862
116,12480.255269
117,12524.499589
118,12529.011658
119,12592.610111
120,12532.913096
121,12482.025324
122,12409.915561
123,12409.784440
124,12435.762288
125,12420.531674
126,12461.992406
127,12542.529922
128,12589.624618
129,12481.325911
130,12492.823590
131,12352.323859
132,12458.224495
133,12599.737418
134,12543.581594
135,12423.620644
136,12402.955071
137,12399.826982
138,12474.574764
139,12468.066215
140,12541.418303
141,12519.863855
142,12442.999603
143,12566.597020
144,12483.467356
145,12568.888335
146,12518.580579
147,12417.967385
148,12501.785302
149,12530.046007
150,12464.347108
151,12472.810249
152,12598.622860
153,12551.649714
154,12614.718659
155,12548.088993
156,12479.555585
157,12485.243589
158,12506.513058
159,12511.511399
160,12470.942511
161,12371.544983
162,12520.000555
163,12430.094779
164,12500.915806
165,12515.664834
166,12624.086744
167,12466.971197
168,12556.367608
169,12495.626271
170,12453.080268
171,12482.034730
172,12499.429400
173,12563.705048
174,12541.556665
175,12528.246322
176,12431.862044
177,12466.525765
178,12521.711553
179,12550.098431
180,12592.609221
181,12525.501237
182,12448.609866
183,12482.617556
184,12520.684249
185,12585.665109
186,12503.018867
187,12556.683591
188,12562.265889
189,12507.876310
190,12440.681449
191,12472.690192
192,12496.556960
193,12622.632236
194,12581.803547
195,12593.057207
196,12538.121562
197,12588.297451
198,12555.164905
199,12491.263244
200,12532.532077
201,12579.944355
202,12523.040361
203,12337.088732
204,12395.673591
205,12432.638184
206,12466.109033
207,12637.427304
208,12559.630762
209,12489.978105
210,12469.174254
211,12340.865015
212,12457.906324
213,12520.237580
214,12601.887896
215,12445.762788
216,12541.492895
217,12507.944110
218,12554.149179
219,12667.346699
220,12541.507966
221,12603.707417
222,12624.493588
223,12647.641521
224,12551.269653
225,12639.733271
226,12639.956859
227,12580.311373
228,12697.319346
229,12687.244112
230,12701.431391
231,12671.791143
232,12583.169877
233,12626.921349
234,12562.015060
235,12604.886168
236,12680.038189
237,12555.032483
238,12540.908838
239,12552.069866
240,12656.264491
241,12638.008400
242,12545.421671
243,12475.538965
244,12640.715492
245,12626.762278
246,12421.332781
247,12619.005657
248,12736.136331
249,12731.627852
250,12534.711159
251,12748.856015
252,12706.385164
253,12645.862189
254,12563.324001
255,12671.809481
256,12649.555359
257,12577.928389
258,12577.579679
259,12599.018687
260,12588.786564
261,12632.840410
262,12663.232772
263,12602.401220
264,12596.539966
265,12513.419450
266,12404.345966
267,12708.418112
268,12551.005304
269,12695.516118
270,12582.522610
271,12555.885321
272,12545.607891
273,12634.553837
274,12676.680331
275,12661.674515
276,12577.029852
277,12580.590262
278,12546.125009
279,12496.164462
280,12680.269450
281,12735.059408
282,12605.336037
283,12752.653907
284,12839.230110
285,12821.705069
286,12808.876809
287,12775.271845
288,12881.194434
289,12741.250723
290,12916.660036
291,12933.207449
292,12859.947728
293,12850.097836
294,12893.576432
295,12945.245366
296,12901.994785
297,12887.590221
298,12963.345913
299,12854.332188
300,12888.258277
301,12861.884465
302,12849.123723
303,12942.076904
304,12940.397569
305,12900.063137
306,12773.911258
307,12841.901956
308,12904.560437
309,12854.068800
310,12827.951957
311,12802.371323
312,12823.472455
313,12738.584313
314,12932.025606
315,12821.830087
316,12816.429740
317,12874.212899
318,12850.316665
319,12765.028591
320,12914.138011
321,12806.591429
322,12818.485269
323,12800.274917
324,12894.724889
325,12879.048456
326,12811.227975
327,12669.840360
328,12712.553429
329,12733.205121
330,12756.943338
331,12838.223753
332,12872.596271
333,12781.017855
334,12794.670459
335,12723.105403
336,12832.344725
337,12880.207074
338,12902.880135
339,12886.670978
340,12767.492988
341,12874.578034
342,12775.103544
343,12784.042586
344,12767.337673
345,12589.331982
346,12688.176601
347,12778.486667
348,12928.379361
349,12870.641358
350,12894.713025
351,12808.254915
352,12817.650954
353,12738.251769
354,12796.464403
355,12939.051741
356,12909.660475
357,12817.973729
358,12861.770967
359,12776.909348
360,12922.389965
361,12921.435711
362,12912.247814
363,12862.774579
364,12867.348471
365,12879.977627
366,12823.703033
367,12790.384312
368,12851.650309
369,12844.527463
370,12793.451182
371,12813.065017
372,12834.984332
373,12759.205255
374,13011.012212
375,12977.023786
376,12893.039669
377,12859.516236
378,12889.239209
379,12878.937423
380,12997.923361
381,12943.616738
382,12906.378886
383,12904.891507
384,12884.409234
385,13037.085424
386,13071.053003
387,13120.788550
388,13041.575538
389,13003.473901
390,13101.527057
391,12970.665805
392,12967.203985
393,12976.116420
394,13001.981280
395,13008.277961
396,12954.834724
397,12994.970234
398,12809.753684
399,12911.003452
400,12955.112682
401,13014.416771
402,13005.347931
403,13033.606779
404,12939.213505
405,12829.074916
406,12963.055906
407,12997.259738
408,12903.548732
409,12909.390315
410,13013.219970
411,12948.164270
412,12844.798323
413,12982.252268
414,13046.036469
415,12903.237070
416,12954.015437
417,13028.794700
418,13018.029617
419,13086.367306
420,13022.244851
421,13009.125419
422,12922.416040
423,13010.256779
424,12989.722515
425,12989.290712
426,12891.103131
427,12820.037923
428,13034.448188
429,13042.518619
430,12948.248693
431,13053.857131
432,12983.937716
433,13048.981224
434,13008.619897
435,12904.275609
436,12963.782662
437,13031.518391
438,13021.004477
439,12939.905747
440,13025.156167
441,12997.960977
442,12954.048364
443,12982.004705
444,13049.727766
445,12980.609105
446,13006.493701
447,12931.477105
448,13035.194767
449,12881.792939
450,13028.204435
451,13074.538587
452,13083.150147
453,13066.323138
454,12964.794874
455,12907.816274
456,12969.171995
457,12973.754778
458,13049.260672
459,12969.434075
460,12951.987601
461,13102.441328
462,13047.423051
463,12989.522445
464,12833.877738
465,12915.173451
466,13145.720227
467,13070.985992
468,12976.028144
469,13009.631900
470,12963.470177
471,13009.407553
472,12942.128814
473,12998.521326
474,13000.288049
475,13039.138053
476,13037.847766
477,13114.575182
478,13049.637963
479,12980.396510
480,13061.998787
481,13053.539334
482,12942.125787
483,13132.684083
484,13041.331601
485,13061.479089
486,13030.200611
487,13021.653023
488,12925.891679
489,12900.841641
490,12888.716790
491,12988.312493
492,13042.338903
493,13130.237113
494,13023.379649
495,12936.984518
496,12935.496514
497,13108.641250
498,12904.230739
499,12970.258399
