0,3342.812830
1,3488.370723
2,3584.864200
3,3672.155585
4,3732.914909
5,3800.161517
6,3906.999947
7,3987.170399
8,4023.206382
9,4084.670179
10,4154.921886
11,4186.846154
12,4225.672199
13,4272.061606
14,4262.133751
15,4299.723608
16,4291.472294
17,4293.088485
18,4320.336476
19,4358.656383
20,4390.820331
21,4431.170545
22,4404.791118
23,4387.295173
24,4399.355674
25,4436.463552
26,4393.542889
27,4438.802765
28,4460.007270
29,4461.438858
30,4449.249932
31,4470.414875
32,4482.970115
33,4496.381989
34,4515.515027
35,4479.233787
36,4494.040130
37,4510.982713
38,4555.326448
39,4551.427087
40,4593.238155
41,4596.695503
42,4616.721708
43,4626.343876
44,4626.612217
45,4638.885939
46,4628.777290
47,4621.432790
48,4663.023287
49,4633.347403
50,4691.191707
51,4681.496551
52,4694.080142
53,4666.464161
54,4689.561058
55,4707.022912
56,4741.462590
57,4727.054990
58,4721.422298
59,4742.463886
60,4734.098143
61,4724.454681
62,4722.782699
63,4759.542313
64,4771.305247
65,4809.998279
66,4791.293846
67,4813.789138
68,4828.150765
69,4840.418520
70,4822.203966
71,4832.427989
72,4889.054318
73,4862.001411
74,4849.258203
75,4886.572671
76,4881.410940
77,4878.971199
78,4881.655279
79,4801.085611
80,4783.825404
81,4789.746504
82,4806.434752
83,4805.513842
84,4817.497800
85,4775.131823
86,4778.106785
87,4786.093632
88,4811.183693
89,4837.741474
90,4842.814583
91,4829.849424
92,4872.687839
93,4826.475344
94,4914.718900
95,4899.009116
96,4968.191372
97,4915.978784
98,4906.282450
99,4927.449539
100,4880.171098
101,4902.085238
102,4931.518637
103,4906.985008
104,4875.826649
105,4871.070097
106,4899.398200
107,4917.794027
108,4919.488223
109,4938.273949
110,4923.591884
111,4916.987422
112,4861.448962
113,4887.225375
114,4888.331284
115,4884.402580
116,4862.081655
117,4893.290281
118,4930.875882
119,4921.024741
120,4982.065753
121,5013.701512
122,5053.725450
123,5046.523568
124,5084.022140
125,5094.352904
126,4992.497510
127,4971.290054
128,5044.011622
129,5091.645156
130,5057.681145
131,4991.046012
132,5022.917184
133,5092.229880
134,5039.162801
135,5072.130553
136,5087.643667
137,5062.854536
138,5139.814180
139,5132.379737
140,5086.961567
141,5072.934560
142,5097.322807
143,5098.561715
144,5058.915965
145,5056.861223
146,5082.747739
147,5034.536924
148,5065.403355
149,5035.042540
150,5019.907381
151,5052.439384
152,5053.831076
153,5065.608738
154,5010.782817
155,5046.582874
156,5087.198434
157,5072.456555
158,5068.552607
159,5061.668319
160,4999.386983
161,4996.469206
162,4977.400465
163,5006.662161
164,5086.647173
165,5084.310618
166,5033.983036
167,5067.642673
168,5074.463722
169,5023.727504
170,4981.416864
171,5015.531650
172,5058.035220
173,5063.784112
174,5114.214140
175,5124.457362
176,5150.117124
177,5063.021505
178,5044.454984
179,5086.948385
180,5076.544755
181,5078.016594
182,5055.303789
183,5063.694832
184,4988.622728
185,5041.191161
186,5037.864813
187,5035.038383
188,4965.349117
189,4974.551639
190,5029.808117
191,5018.373374
192,5063.286961
193,5025.060459
194,4998.976205
195,4985.727184
196,5008.246476
197,4970.255155
198,4982.551151
199,4953.704915
200,5001.526898
201,4958.607189
202,4991.864497
203,4986.734618
204,5024.095657
205,5031.621559
206,4974.996456
207,4993.452658
208,4995.474862
209,4949.434057
210,4966.984653
211,4940.095186
212,4948.219581
213,4990.131109
214,4995.615670
215,5000.649454
216,4997.470924
217,5018.756471
218,4994.506332
219,5028.469685
220,5061.872947
221,4973.701012
222,5011.844409
223,5030.855418
224,5013.076043
225,5034.278612
226,5049.301455
227,5022.910199
228,5040.532430
229,5030.448882
230,5006.259606
231,5005.171812
232,5070.426651
233,5065.635246
234,5069.637337
235,5053.310485
236,5081.833687
237,5093.629140
238,5096.442501
239,5056.901259
240,5041.071654
241,5077.565705
242,5080.053139
243,5075.299049
244,5079.362788
245,5086.822826
246,5074.497928
247,5014.125779
248,4971.691842
249,4990.726242
250,4993.365946
251,4988.855710
252,5022.028341
253,5053.412170
254,5064.803026
255,5136.094155
256,5108.839656
257,5078.691415
258,5024.257001
259,5006.547755
260,4929.561749
261,4931.146780
262,4904.380635
263,4932.623972
264,4922.994463
265,4963.283692
266,4982.713561
267,4920.693392
268,4965.364172
269,4928.040711
270,4942.788076
271,4923.034404
272,4871.391611
273,4920.493453
274,4912.264257
275,4889.519954
276,4865.193374
277,4888.698959
278,4872.103483
279,4860.972032
280,4894.809618
281,4917.950258
282,4977.692154
283,4967.744888
284,4982.262207
285,5004.155768
286,4995.922942
287,4961.759832
288,5024.737469
289,4984.005642
290,4990.519861
291,5010.977663
292,5022.398181
293,5073.568438
294,5081.744662
295,5059.378405
296,5009.892259
297,5009.885514
298,4977.269731
299,4965.742587
300,4961.238686
301,4914.320907
302,4967.185283
303,4972.633746
304,4956.715743
305,4918.756535
306,4928.298872
307,4881.557590
308,4887.932478
309,4936.658214
310,4917.633373
311,4960.225892
312,4898.143207
313,4930.669403
314,4960.274796
315,4916.870988
316,4872.843695
317,4851.700900
318,4886.727104
319,4827.541080
320,4858.582426
321,4916.472812
322,4888.864595
323,4904.061298
324,4917.542398
325,4908.826439
326,4896.949998
327,4922.387799
328,4961.408997
329,4958.382488
330,4977.973505
331,4929.510686
332,5016.355344
333,5080.357553
334,5053.276489
335,5040.648986
336,5015.995707
337,5017.935491
338,5060.044275
339,5082.492975
340,5094.383729
341,5065.051706
342,5091.019822
343,5126.888720
344,5085.156363
345,5077.843433
346,5075.429213
347,5099.687072
348,5167.351890
349,5204.540755
350,5175.665414
351,5111.787306
352,5070.954132
353,5074.815745
354,5180.791611
355,5139.075692
356,5061.167119
357,5083.738580
358,5135.997922
359,5012.878963
360,4938.772219
361,4983.686577
362,5057.872774
363,5056.256200
364,5024.784631
365,5039.366246
366,4979.415755
367,4991.339129
368,4976.843358
369,4970.793400
370,4948.289091
371,4970.791864
372,5043.306773
373,5019.958231
374,4979.697797
375,5002.287744
376,4980.707444
377,5000.926263
378,4998.939556
379,4987.016457
380,4960.247119
381,4968.088609
382,4975.020933
383,5027.082875
384,5091.837952
385,5107.144036
386,5088.707690
387,5112.128241
388,5125.244722
389,5075.583522
390,5028.953341
391,5041.284177
392,5019.441046
393,5022.193159
394,4975.329408
395,4978.242837
396,4978.755701
397,4998.810572
398,4966.021564
399,4920.443870
400,4968.279015
401,5025.463764
402,5032.902901
403,5068.650295
404,5096.320301
405,5062.777158
406,5037.675831
407,4938.754303
408,4949.000982
409,4965.371952
410,4994.126775
411,4969.935864
412,4899.046416
413,4858.472239
414,4961.927305
415,4917.829613
416,4940.005789
417,4954.059111
418,4938.329203
419,4958.825182
420,4931.440822
421,4899.848379
422,4928.585157
423,4991.787697
424,4965.137475
425,4990.144100
426,4973.614569
427,4980.358011
428,5004.694186
429,4969.820042
430,5014.283970
431,4990.988274
432,4911.989539
433,4948.328616
434,5014.602661
435,5073.123573
436,5039.260450
437,5067.979402
438,5048.403629
439,5050.875128
440,5121.997692
441,5109.932891
442,5095.378469
443,5017.874575
444,5004.237466
445,4965.312808
446,4929.898763
447,4955.174090
448,4995.349790
449,5005.931799
450,4999.614264
451,4961.073094
452,5008.510291
453,5016.954744
454,5012.567226
455,4991.523765
456,4965.650742
457,5019.033122
458,4987.441302
459,4990.407975
460,4990.314778
461,5024.846281
462,5109.883749
463,5031.821314
464,4994.586793
465,4992.994978
466,4936.991335
467,4958.613745
468,4974.860414
469,4960.032194
470,4974.460939
471,4952.418513
472,4951.128815
473,4985.807796
474,4949.527498
475,4973.526070
476,4968.278170
477,4977.941047
478,4944.561693
479,4936.556440
480,4951.602099
481,4946.988799
482,4938.451212
483,4945.753982
484,4991.869093
485,4970.695366
486,4906.212438
487,4881.620409
488,4877.826333
489,4957.649010
490,4976.210277
491,4964.289237
492,5013.490953
493,5003.255175
494,4978.842854
495,4952.370109
496,4956.007924
497,4971.678176
498,4911.416766
499,4920.923297
