0,3375.022759
1,3322.255768
2,3279.011724
3,3237.161628
4,3257.353835
5,3260.216721
6,3279.779247
7,3278.579615
8,3266.220665
9,3290.649518
10,3319.996048
11,3333.763448
12,3286.118417
13,3289.920768
14,3318.980612
15,3301.126009
16,3257.476747
17,3238.379895
18,3250.652953
19,3223.267910
20,3225.238867
21,3170.354887
22,3177.024578
23,3241.078106
24,3185.587779
25,3247.622613
26,3235.221330
27,3224.561552
28,3277.789342
29,3281.891764
30,3300.267559
31,3281.312444
32,3306.785392
33,3326.189383
34,3294.578763
35,3330.134055
36,3303.713541
37,3329.603946
38,3298.870170
39,3292.360558
40,3261.602695
41,3270.206495
42,3209.775989
43,3179.525813
44,3193.824539
45,3300.456123
46,3320.408512
47,3356.815005
48,3364.774423
49,3347.410544
50,3364.061512
51,3365.136378
52,3299.983288
53,3294.708322
54,3273.045951
55,3260.912857
56,3318.774286
57,3285.182866
58,3314.846551
59,3304.213022
60,3305.249211
61,3269.454804
62,3278.471811
63,3295.048898
64,3294.646622
65,3322.275948
66,3325.248824
67,3369.262126
68,3353.195455
69,3382.183209
70,3312.483636
71,3287.060180
72,3259.813413
73,3314.791973
74,3331.458146
75,3293.767017
76,3313.668075
77,3343.631328
78,3327.963932
79,3276.739001
80,3316.651933
81,3249.343455
82,3230.986689
83,3229.956394
84,3265.787722
85,3312.540749
86,3346.871271
87,3279.099606
88,3242.207759
89,3265.482588
90,3210.061297
91,3218.416163
92,3235.946963
93,3223.280956
94,3202.759988
95,3225.341864
96,3254.264746
97,3281.305577
98,3281.327936
99,3270.800202
100,3279.902576
101,3249.780594
102,3241.442968
103,3236.239265
104,3210.543303
105,3284.847834
106,3255.148598
107,3288.156301
108,3216.733437
109,3243.794810
110,3267.178718
111,3268.601233
112,3204.019884
113,3155.835553
114,3183.886858
115,3247.422422
116,3216.284049
117,3213.153928
118,3216.262605
119,3244.870817
120,3211.337377
121,3237.290530
122,3222.513440
123,3183.866464
124,3255.009546
125,3309.450840
126,3295.661455
127,3335.043387
128,3361.343960
129,3305.169214
130,3279.537567
131,3240.727075
132,3199.814919
133,3230.858888
134,3197.566970
135,3269.350754
136,3226.752200
137,3221.213915
138,3173.686874
139,3182.888251
140,3222.294134
141,3224.904818
142,3243.840021
143,3238.517581
144,3264.897484
145,3221.277902
146,3229.495284
147,3232.867745
148,3240.132841
149,3267.092991
150,3297.133113
151,3324.093552
152,3314.481290
153,3325.188249
154,3334.934682
155,3356.683183
156,3336.071468
157,3283.233656
158,3269.312187
159,3288.649751
160,3317.801344
161,3251.954080
162,3214.654951
163,3238.773547
164,3246.537436
165,3244.866583
166,3280.152331
167,3293.000519
168,3272.588589
169,3259.562336
170,3268.921348
171,3269.872561
172,3331.477886
173,3291.138822
174,3307.610910
175,3363.223455
176,3332.359627
177,3290.242320
178,3293.097580
179,3288.346095
180,3255.651057
181,3294.026066
182,3266.248058
183,3257.383544
184,3270.633358
185,3231.029404
186,3256.319944
187,3283.412561
188,3266.133207
189,3268.309997
190,3230.540727
191,3217.654573
192,3207.963396
193,3262.233714
194,3278.938705
195,3319.193539
196,3317.051719
197,3284.147547
198,3249.415438
199,3252.728475
200,3315.303803
201,3305.153803
202,3296.725882
203,3219.165679
204,3216.792604
205,3202.800020
206,3205.217331
207,3266.467249
208,3299.470440
209,3265.090043
210,3234.315895
211,3200.711714
212,3182.806976
213,3234.551557
214,3227.255610
215,3281.335593
216,3241.143661
217,3246.701840
218,3262.009445
219,3266.467570
220,3272.970395
221,3252.698041
222,3236.603886
223,3249.371548
224,3302.334738
225,3258.096294
226,3279.634733
227,3313.934092
228,3314.181959
229,3311.748887
230,3332.318187
231,3329.961660
232,3361.248719
233,3361.960857
234,3320.932396
235,3284.923719
236,3298.974603
237,3313.278155
238,3249.832477
239,3249.936628
240,3227.825273
241,3251.601438
242,3255.041898
243,3278.272027
244,3247.407139
245,3262.185734
246,3288.698344
247,3310.843367
248,3303.569642
249,3285.818557
250,3356.450246
251,3385.429683
252,3393.624981
253,3380.172462
254,3317.960509
255,3343.390292
256,3334.263167
257,3327.005736
258,3314.410903
259,3311.928856
260,3357.938739
261,3331.688316
262,3274.869637
263,3317.366859
264,3314.934012
265,3364.233012
266,3366.059937
267,3312.642130
268,3278.981017
269,3269.465807
270,3288.681989
271,3228.385998
272,3242.097933
273,3247.387758
274,3219.905085
275,3285.194438
276,3304.202017
277,3282.456775
278,3276.754283
279,3278.610205
280,3281.283116
281,3328.753840
282,3278.232323
283,3256.845079
284,3271.486283
285,3296.314136
286,3244.782911
287,3226.194021
288,3226.203163
289,3223.848999
290,3282.283887
291,3253.764647
292,3250.652839
293,3275.766755
294,3241.449959
295,3261.516767
296,3230.065852
297,3238.838597
298,3258.636383
299,3258.988864
300,3219.313679
301,3235.025415
302,3202.165479
303,3239.323178
304,3240.856989
305,3244.995465
306,3254.181222
307,3318.415085
308,3329.390182
309,3326.479968
310,3347.318053
311,3291.331661
312,3277.178001
313,3263.700844
314,3223.548886
315,3235.109475
316,3217.179017
317,3237.250326
318,3242.405932
319,3192.435073
320,3222.617255
321,3230.772255
322,3251.920320
323,3283.968493
324,3324.422728
325,3298.953184
326,3283.843953
327,3270.664629
328,3274.325726
329,3292.722798
330,3314.397080
331,3291.808737
332,3269.261279
333,3273.961614
334,3263.822062
335,3306.799736
336,3305.817589
337,3312.517007
338,3260.442591
339,3225.099335
340,3243.901244
341,3304.737402
342,3335.385572
343,3304.714966
344,3269.214722
345,3281.506119
346,3260.623692
347,3204.991379
348,3229.133725
349,3240.852547
350,3253.083152
351,3264.353136
352,3295.544157
353,3308.568182
354,3344.548464
355,3287.213100
356,3305.595672
357,3256.104502
358,3266.323712
359,3207.464825
360,3199.344903
361,3181.285596
362,3164.876009
363,3219.207903
364,3181.864517
365,3258.854524
366,3233.423078
367,3268.269369
368,3257.129842
369,3217.202298
370,3220.988814
371,3227.283022
372,3238.019644
373,3244.495747
374,3239.477037
375,3254.743002
376,3264.309592
377,3306.150320
378,3298.184113
379,3340.436852
380,3272.027006
381,3282.989635
382,3265.805691
383,3234.405529
384,3247.251027
385,3255.639316
386,3269.725993
387,3314.001640
388,3344.767242
389,3314.588231
390,3353.178693
391,3370.650536
392,3334.627072
393,3332.106019
394,3349.277090
395,3318.238692
396,3325.502497
397,3342.277179
398,3326.091419
399,3337.925216
400,3322.210195
401,3271.481776
402,3306.079180
403,3291.991091
404,3293.588934
405,3296.238774
406,3278.025793
407,3274.763910
408,3272.777147
409,3273.755467
410,3272.188862
411,3268.355464
412,3279.472239
413,3275.991801
414,3288.184544
415,3276.250621
416,3262.354015
417,3248.301279
418,3253.055122
419,3222.155613
420,3248.628672
421,3281.685673
422,3301.259568
423,3267.868638
424,3288.890879
425,3268.606239
426,3275.604903
427,3232.528076
428,3260.140872
429,3260.225299
430,3246.000199
431,3286.064206
432,3254.290919
433,3246.286783
434,3312.337511
435,3268.714182
436,3237.320172
437,3264.989460
438,3318.791736
439,3329.523562
440,3281.884191
441,3307.047953
442,3320.287229
443,3282.564079
444,3245.359767
445,3238.791402
446,3193.972754
447,3173.729637
448,3177.576918
449,3228.272645
450,3219.738045
451,3254.630304
452,3220.252786
453,3232.713301
454,3270.371188
455,3248.302608
456,3233.495181
457,3246.051397
458,3295.569413
459,3294.107873
460,3280.370892
461,3244.644917
462,3249.448902
463,3263.984368
464,3203.927509
465,3217.661345
466,3228.758505
467,3277.586009
468,3295.253906
469,3271.833217
470,3223.477821
471,3229.910773
472,3236.784150
473,3262.822667
474,3253.868748
475,3257.995170
476,3245.495218
477,3241.734180
478,3222.044770
479,3267.342316
480,3282.462578
481,3256.829201
482,3258.965220
483,3270.747055
484,3222.448701
485,3204.901024
486,3269.705732
487,3204.718632
488,3241.114135
489,3246.077929
490,3300.904779
491,3259.404233
492,3250.669466
493,3234.247083
494,3208.568242
495,3270.018140
496,3283.082801
497,3298.806204
498,3291.694763
499,3328.195643
