0,3383.885148
1,6732.486446
2,7065.582501
3,7318.825229
4,7508.198113
5,7661.617326
6,7784.865799
7,7929.313841
8,8067.277171
9,8211.703464
10,8274.929674
11,8368.851295
12,8476.574293
13,8578.009937
14,8649.307646
15,8640.542470
16,8675.697193
17,8766.050251
18,8818.922057
19,8888.141539
20,8931.600661
21,8951.518890
22,8998.885359
23,9035.289009
24,9088.341046
25,9124.024361
26,9169.486744
27,9208.718972
28,9259.374691
29,9336.921099
30,9352.225341
31,9404.351768
32,9428.542945
33,9526.828201
34,9609.680691
35,9722.336231
36,9702.202223
37,9756.992140
38,9784.276062
39,9846.610140
40,9888.710846
41,9888.754200
42,9925.677531
43,9965.948862
44,9995.117630
45,10094.918966
46,10145.109976
47,10131.037856
48,10185.968725
49,10253.255421
50,10221.023187
51,10329.475724
52,10302.377606
53,10339.059043
54,10393.829176
55,10459.655584
56,10486.405492
57,10547.850514
58,10579.960210
59,10594.386567
60,10632.564193
61,10671.435556
62,10707.046585
63,10727.082383
64,10831.691927
65,10831.303799
66,10787.922788
67,10882.605923
68,10912.033967
69,10919.645374
70,10907.770180
71,10864.419277
72,10898.700890
73,10921.319054
74,10925.915882
75,10945.658325
76,11016.443385
77,11054.065277
78,11065.891015
79,11065.277644
80,11133.166471
81,11094.535083
82,11133.510004
83,11070.301629
84,11114.405197
85,11182.577875
86,11159.209479
87,11136.098663
88,11169.038390
89,11246.423958
90,11241.410085
91,11147.936595
92,11073.841988
93,11158.294996
94,11174.502337
95,11182.249173
96,11164.113681
97,11246.353893
98,11284.607849
99,11253.212747
100,11183.821404
101,11223.715360
102,11252.755749
103,11254.496238
104,11213.355324
105,11201.789385
106,11256.704089
107,11299.866831
108,11272.957633
109,11296.031549
110,11223.656363
111,11326.132933
112,11367.046420
113,11311.108985
114,11365.886517
115,11418.387394
116,11374.589435
117,11400.646404
118,11350.552000
119,11304.325309
120,11396.724168
121,11365.572032
122,11338.556370
123,11356.362809
124,11369.353496
125,11343.527772
126,11353.730955
127,11331.476842
128,11405.720733
129,11386.715316
130,11395.285030
131,11329.200235
132,11378.642413
133,11335.982230
134,11293.575913
135,11404.934568
136,11339.675777
137,11281.518424
138,11338.369171
139,11393.470807
140,11379.412003
141,11381.286289
142,11399.535477
143,11418.553973
144,11362.192059
145,11398.597787
146,11353.570293
147,11391.464677
148,11344.317120
149,11352.837795
150,11331.363339
151,11339.230083
152,11347.608495
153,11324.341477
154,11393.416098
155,11386.191080
156,11448.145870
157,11412.540734
158,11369.500270
159,11407.872952
160,11348.283768
161,11363.899361
162,11380.810711
163,11387.216753
164,11462.990286
165,11468.024290
166,11436.324232
167,11504.805931
168,11438.531433
169,11482.555667
170,11430.222309
171,11442.882223
172,11478.240819
173,11457.775860
174,11457.051707
175,11440.380980
176,11424.612338
177,11513.370123
178,11461.441282
179,11378.794960
180,11509.496435
181,11544.724533
182,11542.320043
183,11492.342398
184,11581.817383
185,11582.637051
186,11676.916539
187,11727.740459
188,11687.909664
189,11719.757180
190,11733.417862
191,11673.449981
192,11710.599802
193,11704.678464
194,11715.464829
195,11711.073858
196,11704.784678
197,11714.457847
198,11666.575899
199,11712.489351
200,11667.589013
201,11699.256939
202,11780.430259
203,11767.678908
204,11673.015971
205,11688.100644
206,11706.184228
207,11727.536045
208,11646.002232
209,11642.746304
210,11711.652035
211,11701.052071
212,11729.693921
213,11684.016941
214,11710.342334
215,11763.679735
216,11723.758719
217,11775.941855
218,11730.950617
219,11689.999353
220,11763.599499
221,11739.963367
222,11695.666827
223,11758.800393
224,11756.885565
225,11736.539334
226,11730.158277
227,11700.500332
228,11679.299989
229,11647.084577
230,11703.312632
231,11690.369079
232,11738.897403
233,11787.810532
234,11752.405469
235,11716.325647
236,11759.134709
237,11687.463817
238,11672.783134
239,11727.874295
240,11787.382647
241,11751.528681
242,11730.811612
243,11760.314764
244,11729.401501
245,11735.912411
246,11690.290130
247,11668.433105
248,11756.492469
249,11777.061008
250,11714.642102
251,11728.186246
252,11743.013698
253,11738.392156
254,11753.065548
255,11782.480836
256,11755.238211
257,11705.531917
258,11757.419042
259,11870.202084
260,11804.107313
261,11759.111090
262,11761.846983
263,11714.675619
264,11806.423464
265,11728.811372
266,11691.568162
267,11771.844389
268,11787.561155
269,11846.503291
270,11860.661778
271,11908.885289
272,11985.279421
273,11907.907561
274,11905.246848
275,11890.622667
276,11950.499973
277,11923.396342
278,11951.430085
279,11947.587481
280,11952.094408
281,11900.466261
282,11891.864282
283,11922.737466
284,11885.931590
285,11852.315589
286,11901.469406
287,11785.140903
288,11895.411807
289,11912.780756
290,11866.078446
291,11898.231329
292,11929.705316
293,11953.829184
294,11896.068103
295,11867.960923
296,11847.882238
297,11836.516556
298,11872.629157
299,11907.658323
300,11906.175505
301,11865.768790
302,11939.203039
303,11879.493549
304,11818.525517
305,11848.857718
306,11899.307366
307,11876.529522
308,11969.072457
309,12001.372364
310,11972.935371
311,11994.401189
312,11984.364997
313,11898.119873
314,11913.645044
315,11991.770283
316,12028.709204
317,11931.319594
318,11979.820969
319,12027.839700
320,11960.394970
321,11950.046821
322,12021.238743
323,12046.375311
324,12000.793259
325,12018.544495
326,11904.062443
327,11960.371782
328,11925.870230
329,11967.957109
330,11997.882000
331,12015.136755
332,11964.114273
333,12053.684434
334,12028.157222
335,12010.062848
336,11978.066352
337,11963.500818
338,12022.335783
339,11959.525943
340,11953.611388
341,11975.800725
342,12000.167030
343,12006.836512
344,11898.461651
345,12031.855566
346,12006.997760
347,11940.461399
348,11977.295051
349,11989.878264
350,12000.604246
351,12005.517607
352,12087.956506
353,12130.330562
354,12078.949001
355,12066.904329
356,12087.753545
357,12075.581582
358,12006.810368
359,12043.171328
360,12038.869547
361,12037.193488
362,12027.237566
363,12016.925240
364,11977.813699
365,12022.078659
366,12016.571683
367,12009.100167
368,11996.911360
369,12021.764339
370,12025.850312
371,11913.855500
372,12000.544591
373,12040.998357
374,12022.295713
375,11987.303272
376,12100.095207
377,12066.306413
378,11989.053938
379,12004.772621
380,11947.583825
381,12127.895047
382,12045.933597
383,12046.932190
384,12060.396635
385,12047.794428
386,12085.210321
387,12073.885583
388,12058.702573
389,11989.399372
390,11972.580262
391,11960.511408
392,11932.284795
393,11929.906490
394,11973.857881
395,12007.775209
396,12009.910437
397,12025.952788
398,12036.395388
399,11985.810143
400,11991.671729
401,12060.517856
402,12065.895286
403,12008.824878
404,11958.349094
405,11984.014682
406,11954.671367
407,12003.922483
408,12000.194777
409,11967.172008
410,11978.731994
411,11986.020483
412,12031.688757
413,12013.875247
414,12070.652783
415,12120.000464
416,12038.829625
417,12051.947660
418,12060.322588
419,12017.303297
420,12033.044093
421,12146.545994
422,12042.249585
423,12059.518541
424,12050.992953
425,12012.020624
426,11974.466150
427,12093.541235
428,12174.617205
429,12136.766070
430,12148.509646
431,12128.598094
432,12165.956812
433,12192.268037
434,12228.494932
435,12194.150518
436,12263.358965
437,12282.096272
438,12260.187471
439,12284.188496
440,12284.455395
441,12265.130888
442,12414.147490
443,12510.983599
444,12384.051169
445,12449.185770
446,12465.881844
447,12452.805130
448,12397.841503
449,12451.593741
450,12388.541571
451,12398.088317
452,12354.929555
453,12477.887553
454,12370.687765
455,12416.979109
456,12296.467686
457,12311.960992
458,12318.780409
459,12321.603405
460,12322.450552
461,12440.445512
462,12352.761598
463,12326.926257
464,12353.943528
465,12322.725440
466,12331.858814
467,12376.159418
468,12347.365252
469,12437.191889
470,12359.279066
471,12470.186674
472,12485.926162
473,12431.328036
474,12397.266543
475,12368.090826
476,12377.786985
477,12401.922142
478,12461.827780
479,12437.210343
480,12394.872482
481,12349.721699
482,12351.548525
483,12385.871757
484,12312.005676
485,12374.393450
486,12444.838839
487,12448.184492
488,12400.349690
489,12386.955266
490,12416.042989
491,12393.847233
492,12427.812418
493,12422.897339
494,12414.788324
495,12471.187465
496,12402.864198
497,12359.717172
498,12371.917082
499,12279.134311
