0,3387.895053
1,3720.841010
2,3903.394711
3,4011.179158
4,4091.507615
5,4160.582500
6,4223.583632
7,4280.942193
8,4317.815683
9,4354.701091
10,4380.179855
11,4402.706059
12,4444.557165
13,4498.754098
14,4535.357096
15,4565.304452
16,4596.937117
17,4647.415483
18,4679.394184
19,4714.191693
20,4743.192090
21,4768.795361
22,4795.495143
23,4830.500356
24,4863.042583
25,4885.071044
26,4912.183856
27,4980.859018
28,5005.478441
29,5042.225956
30,5065.970684
31,5091.316073
32,5115.049094
33,5139.444780
34,5155.909839
35,5186.923082
36,5221.871883
37,5261.928070
38,5280.591727
39,5295.748110
40,5314.164786
41,5341.989085
42,5357.813424
43,5383.785167
44,5388.832155
45,5403.480767
46,5414.094896
47,5434.330037
48,5459.061297
49,5468.743866
50,5481.972596
51,5496.634171
52,5509.255504
53,5527.480752
54,5536.483127
55,5551.806256
56,5564.743287
57,5574.212538
58,5585.408283
59,5598.576848
60,5615.832163
61,5624.423624
62,5628.955485
63,5633.575204
64,5647.589787
65,5655.219845
66,5664.090288
67,5674.334906
68,5680.386149
69,5691.003165
70,5697.686071
71,5711.193348
72,5718.107410
73,5720.605417
74,5728.716658
75,5733.214800
76,5749.275342
77,5751.734107
78,5755.028284
79,5759.700395
80,5765.483916
81,5778.257189
82,5784.363498
83,5789.781968
84,5793.721954
85,5797.318478
86,5804.007446
87,5811.035723
88,5815.491759
89,5818.546663
90,5820.674709
91,5830.045298
92,5838.920074
93,5840.039641
94,5852.969995
95,5864.557755
96,5874.106915
97,5876.449547
98,5881.393364
99,5882.327036
100,5895.361496
101,5898.616175
102,5902.068739
103,5908.028605
104,5911.507006
105,5914.153618
106,5919.553460
107,5929.032759
108,5934.653191
109,5938.057368
110,5942.914095
111,5945.958145
112,5952.395660
113,5957.241962
114,5960.894634
115,5964.611501
116,5968.856732
117,5974.699888
118,5978.611369
119,5980.508862
120,5983.693743
121,5986.327889
122,5992.558558
123,6004.133048
124,6007.134761
125,6012.178060
126,6016.243707
127,6021.242179
128,6029.937058
129,6032.576116
130,6035.223535
131,6041.020267
132,6044.330314
133,6049.888884
134,6050.903117
135,6054.238014
136,6063.811428
137,6069.718761
138,6070.865430
139,6077.325557
140,6082.220838
141,6084.391612
142,6088.985292
143,6091.937673
144,6095.535218
145,6097.857251
146,6100.348933
147,6103.777971
148,6105.302589
149,6115.491643
150,6123.691339
151,6129.591621
152,6132.443408
153,6135.368464
154,6138.750440
155,6143.576428
156,6146.740430
157,6147.866943
158,6148.661385
159,6148.661385
160,6154.025344
161,6159.271052
162,6161.142401
163,6162.396515
164,6162.618464
165,6168.114643
166,6174.514548
167,6180.972783
168,6183.295934
169,6191.624819
170,6191.974453
171,6194.386077
172,6199.540231
173,6204.317702
174,6204.317702
175,6209.364844
176,6211.303342
177,6215.623965
178,6216.675498
179,6216.927426
180,6218.085947
181,6222.424547
182,6223.509223
183,6227.187283
184,6229.088638
185,6231.243713
186,6233.318724
187,6236.561096
188,6239.051811
189,6240.853430
190,6242.677910
191,6245.341488
192,6249.155227
193,6250.127794
194,6251.480748
195,6251.480748
196,6252.516035
197,6253.571536
198,6259.107002
199,6261.619683
200,6263.069475
201,6264.583653
202,6265.532995
203,6270.518503
204,6271.110049
205,6271.925566
206,6274.347245
207,6280.337393
208,6282.747303
209,6286.294597
210,6289.325779
211,6293.119886
212,6293.658107
213,6295.470909
214,6296.623389
215,6298.012097
216,6301.723612
217,6303.287058
218,6303.982710
219,6308.482769
220,6308.644921
221,6308.644921
222,6309.003135
223,6310.714479
224,6317.045492
225,6318.751676
226,6319.700134
227,6321.093148
228,6321.093148
229,6323.099089
230,6324.872058
231,6327.580729
232,6330.071023
233,6334.052238
234,6336.505903
235,6336.998310
236,6338.715231
237,6340.509555
238,6340.704816
239,6342.441348
240,6343.795375
241,6346.396126
242,6347.276988
243,6347.884880
244,6348.730970
245,6349.387331
246,6351.512711
247,6351.692917
248,6352.858721
249,6355.415220
250,6356.036297
251,6360.221498
252,6361.674982
253,6363.601171
254,6364.154864
255,6365.847659
256,6367.671192
257,6370.692156
258,6371.462008
259,6371.562112
260,6373.018386
261,6377.953134
262,6382.307170
263,6385.017393
264,6385.283496
265,6385.668311
266,6388.368349
267,6388.665881
268,6390.939906
269,6394.555861
270,6395.830388
271,6397.500363
272,6398.593633
273,6399.031037
274,6400.111681
275,6400.875772
276,6400.875772
277,6403.556508
278,6407.904411
279,6408.654241
280,6409.542086
281,6411.697398
282,6412.386705
283,6412.770445
284,6413.618655
285,6414.590818
286,6416.639517
287,6418.659836
288,6419.887515
289,6420.104446
290,6422.200504
291,6422.472318
292,6424.382861
293,6425.379999
294,6426.261982
295,6427.451449
296,6428.996432
297,6431.481661
298,6432.504997
299,6432.702966
300,6433.542233
301,6434.487369
302,6435.349755
303,6437.588055
304,6439.783089
305,6441.229590
306,6441.541902
307,6442.114313
308,6443.065505
309,6443.471694
310,6445.318240
311,6445.318240
312,6446.830038
313,6446.857890
314,6446.881150
315,6448.486605
316,6449.795956
317,6450.223056
318,6450.801740
319,6451.474826
320,6451.691109
321,6452.561731
322,6453.681265
323,6453.851421
324,6454.295508
325,6454.705517
326,6454.983484
327,6455.621018
328,6456.663519
329,6457.811513
330,6457.932324
331,6458.223215
332,6458.346718
333,6458.539016
334,6458.732987
335,6458.827229
336,6459.172854
337,6459.267096
338,6459.632610
339,6460.051532
340,6460.516711
341,6460.574122
342,6460.841323
343,6461.478915
344,6461.817869
345,6462.050531
346,6462.348940
347,6462.371846
348,6462.452018
349,6462.498804
350,6462.516291
351,6462.550650
352,6462.568137
353,6462.656726
354,6462.702538
355,6462.714606
356,6462.735725
357,6462.750195
358,6462.779494
359,6462.782511
360,6462.878664
361,6462.931049
362,6462.931049
363,6462.964794
364,6463.070377
365,6463.102078
366,6463.127386
367,6463.162284
368,6463.257387
369,6463.333313
370,6463.379843
371,6463.379843
372,6463.413588
373,6463.430460
374,6463.455769
375,6463.489513
376,6463.871857
377,6463.930911
378,6463.977441
379,6464.026014
380,6464.071391
381,6464.155753
382,6464.181062
383,6464.181062
384,6464.250132
385,6464.250132
386,6464.250132
387,6464.259721
388,6464.259721
389,6464.262917
390,6464.262917
391,6464.269310
392,6464.272506
393,6464.568625
394,6464.575017
395,6464.628106
396,6464.653677
397,6464.663266
398,6464.663266
399,6464.666462
400,6464.676051
401,6464.685640
402,6464.688836
403,6464.692032
404,6464.692032
405,6464.698425
406,6464.711210
407,6464.717603
408,6464.730388
409,6464.749566
410,6464.779307
411,6464.785700
412,6464.801681
413,6464.808074
414,6464.814467
415,6464.827252
416,6464.833644
417,6464.849626
418,6464.862411
419,6464.872000
420,6464.887982
421,6464.903964
422,6464.913553
423,6464.923142
424,6464.961497
425,6464.971086
426,6465.025424
427,6465.041405
428,6465.054191
429,6465.066976
430,6465.066976
431,6465.079761
432,6465.082958
433,6465.098939
434,6465.124510
435,6465.143688
436,6465.150080
437,6465.178847
438,6465.182044
439,6465.182044
440,6465.182044
441,6465.472449
442,6465.472449
443,6465.472449
444,6465.492601
445,6465.492601
446,6465.492601
447,6465.492601
448,6465.492601
449,6465.492601
450,6465.492601
451,6465.492601
452,6465.492601
453,6465.492601
454,6465.492601
455,6465.492601
456,6465.492601
457,6465.492601
458,6465.492601
459,6465.634267
460,6465.634267
461,6465.634267
462,6465.634267
463,6465.634267
464,6465.634267
465,6465.634267
466,6465.634267
467,6465.924673
468,6465.924673
469,6465.924673
470,6465.924673
471,6465.924673
472,6465.924673
473,6466.741193
474,6466.741193
475,6466.761345
476,6467.018433
477,6467.140673
478,6467.476331
479,6467.621534
480,6467.766737
481,6467.766737
482,6467.766737
483,6467.766737
484,6467.766737
485,6468.057142
486,6468.392801
487,6468.392801
488,6468.392801
489,6468.392801
490,6468.392801
491,6468.970413
492,6468.970413
493,6468.970413
494,6468.970413
495,6468.970413
496,6468.970413
497,6469.426172
498,6469.426172
499,6469.426172
