0,3370.658981
1,6665.944720
2,7038.579022
3,7301.118749
4,7446.001405
5,7584.478873
6,7641.002442
7,7843.640759
8,7918.949602
9,8011.986029
10,8056.567361
11,8152.384729
12,8261.264094
13,8337.287217
14,8410.254658
15,8528.823731
16,8560.206457
17,8673.824230
18,8678.211086
19,8746.320803
20,8787.328921
21,8857.395135
22,8856.433910
23,8904.721219
24,8960.058495
25,8986.904855
26,9059.932444
27,9046.982801
28,9054.605723
29,9140.573951
30,9200.182306
31,9227.865984
32,9255.734100
33,9291.598183
34,9356.963369
35,9411.121185
36,9379.356367
37,9487.535004
38,9571.057603
39,9552.511012
40,9605.135068
41,9628.229453
42,9695.305703
43,9742.428632
44,9655.603590
45,9738.789579
46,9773.124972
47,9782.063909
48,9778.273764
49,9780.487904
50,9860.472794
51,9828.075605
52,9879.035267
53,9811.578907
54,9890.400255
55,9943.817293
56,9942.836455
57,9983.682065
58,9952.095826
59,10002.042225
60,9960.157298
61,10022.406656
62,10075.123120
63,10036.428186
64,10075.648957
65,10113.192364
66,10036.661147
67,10066.883191
68,10101.550125
69,10091.657434
70,10192.924587
71,10116.312026
72,10190.280973
73,10130.848689
74,10154.532411
75,10175.779927
76,10185.539996
77,10145.526051
78,10255.463477
79,10189.626089
80,10232.271387
81,10208.838314
82,10272.668415
83,10229.848793
84,10336.485020
85,10265.147617
86,10271.942763
87,10267.757004
88,10422.617139
89,10305.713541
90,10362.522575
91,10357.270416
92,10354.836395
93,10414.804388
94,10372.250161
95,10340.113091
96,10408.608579
97,10441.570276
98,10398.780530
99,10406.267961
100,10450.480850
101,10446.275028
102,10476.247074
103,10463.960220
104,10416.175976
105,10483.390577
106,10500.763933
107,10495.686631
108,10424.063729
109,10449.291569
110,10535.514869
111,10510.797691
112,10437.409836
113,10522.108651
114,10521.272649
115,10502.092689
116,10505.277152
117,10517.844894
118,10574.778557
119,10541.972829
120,10531.734305
121,10606.936692
122,10539.852981
123,10545.089678
124,10554.282719
125,10505.378858
126,10520.577600
127,10652.769032
128,10635.403841
129,10629.492521
130,10564.117592
131,10525.996847
132,10568.665838
133,10524.504663
134,10474.355321
135,10478.928257
136,10599.031864
137,10601.669981
138,10544.268273
139,10533.537745
140,10591.520067
141,10597.279095
142,10577.841974
143,10462.343500
144,10530.689802
145,10629.317167
146,10595.722614
147,10658.316793
148,10581.810917
149,10650.056820
150,10641.354611
151,10627.782315
152,10574.350574
153,10676.000418
154,10578.018947
155,10664.399697
156,10654.732412
157,10627.247224
158,10599.817969
159,10623.487413
160,10545.810702
161,10565.309851
162,10653.457315
163,10616.931207
164,10682.238081
165,10636.436845
166,10683.685154
167,10646.120930
168,10717.767429
169,10689.953807
170,10716.621885
171,10648.022429
172,10652.642429
173,10697.091118
174,10645.745383
175,10716.051088
176,10649.272843
177,10666.582603
178,10746.181472
179,10790.851223
180,10715.869073
181,10575.873995
182,10698.150748
183,10660.793949
184,10668.097858
185,10667.724672
186,10650.850334
187,10766.989699
188,10693.211019
189,10619.015792
190,10733.679256
191,10749.034465
192,10704.997723
193,10753.648803
194,10679.708195
195,10703.167178
196,10722.592787
197,10761.513057
198,10728.648516
199,10736.273618
200,10731.110250
201,10790.865043
202,10750.999422
203,10801.986166
204,10772.090390
205,10637.165648
206,10738.259764
207,10723.573379
208,10821.680376
209,10741.568974
210,10701.093378
211,10694.471022
212,10753.189286
213,10764.903500
214,10663.052931
215,10612.336201
216,10744.310332
217,10738.198447
218,10739.221702
219,10782.965807
220,10801.423207
221,10875.417445
222,10813.862902
223,10777.176379
224,10724.405539
225,10725.879228
226,10787.343011
227,10750.558755
228,10720.137151
229,10743.087021
230,10688.405018
231,10811.221048
232,10774.704357
233,10847.312854
234,10833.456665
235,10755.958620
236,10753.964668
237,10765.969759
238,10879.851747
239,10806.437288
240,10785.913511
241,10813.906119
242,10724.943889
243,10703.469486
244,10806.193719
245,10829.841649
246,10921.144599
247,10873.831016
248,10819.839082
249,10809.013265
250,10813.834724
251,10861.115363
252,10876.379835
253,10864.598847
254,10899.181628
255,10801.610241
256,10918.061468
257,10896.779243
258,10811.131044
259,10794.441354
260,10860.261065
261,10892.342471
262,10882.485700
263,10911.794853
264,10811.057919
265,10913.194855
266,10947.336727
267,10866.352206
268,10902.081563
269,10796.160809
270,10852.179381
271,10858.488370
272,10836.957620
273,10884.697869
274,11037.869197
275,10885.941412
276,10904.894550
277,10965.288775
278,10887.132935
279,10924.594537
280,10902.621168
281,10998.456508
282,10992.027200
283,10956.682044
284,10999.849765
285,10998.365001
286,11049.632751
287,10992.614259
288,10999.306937
289,10897.636681
290,10935.480158
291,10939.197569
292,10906.881630
293,11039.630792
294,10938.066446
295,10932.695119
296,11018.995566
297,11009.319321
298,10864.914793
299,10927.252828
300,10982.334289
301,11014.464316
302,11063.028893
303,11089.180236
304,11036.449617
305,10973.452275
306,10968.242907
307,10991.109226
308,11037.267834
309,11041.825939
310,11045.478966
311,10993.781059
312,11001.105982
313,11026.119818
314,11038.343116
315,10957.807601
316,11015.216628
317,11031.069856
318,11010.428393
319,11032.009398
320,10980.178302
321,11028.310456
322,11089.980664
323,11065.899104
324,11067.297625
325,10978.328466
326,10993.786104
327,11026.310630
328,10936.507984
329,11002.705710
330,10985.930048
331,11044.108639
332,11020.838628
333,11038.329884
334,10971.548166
335,10916.395364
336,10912.899098
337,11017.064524
338,11024.620294
339,11128.808852
340,11059.891150
341,11081.512741
342,10945.143306
343,11062.497851
344,10961.554232
345,10905.544795
346,11051.639664
347,10952.209682
348,11043.319726
349,10959.764483
350,11000.289246
351,10998.892781
352,10987.488067
353,11027.986438
354,11006.564218
355,11053.930519
356,10994.517823
357,10939.861972
358,11016.978620
359,11007.551259
360,11017.354219
361,10977.737432
362,11006.953349
363,10958.352357
364,11045.547855
365,11117.844201
366,11013.219189
367,11058.394914
368,11070.939034
369,10982.772708
370,11039.658976
371,10994.175961
372,11003.090922
373,11117.146440
374,11104.672016
375,11006.814025
376,11075.874262
377,11067.724751
378,10999.486523
379,10966.476918
380,11005.361307
381,11052.210329
382,11032.243257
383,10938.495349
384,10998.766239
385,11064.666159
386,10982.753472
387,10991.363430
388,11030.262422
389,11026.525679
390,11010.714112
391,10934.170606
392,11001.559946
393,10987.214717
394,11009.254093
395,11030.697063
396,11088.036350
397,11128.742147
398,11079.631973
399,11045.184615
400,11041.112678
401,11059.494592
402,11143.432166
403,11161.110368
404,10996.920544
405,11123.923470
406,11089.337566
407,11065.635878
408,11113.424394
409,11089.158885
410,11020.370258
411,11048.731530
412,11087.476613
413,10955.844742
414,11022.379349
415,11029.917255
416,11050.609154
417,11050.565297
418,11059.914992
419,11091.978417
420,11010.324085
421,11005.847773
422,11092.142184
423,11085.651208
424,11066.075704
425,11086.090371
426,11040.120147
427,11034.728986
428,11090.416436
429,11073.996978
430,10959.732038
431,11013.033320
432,11012.036483
433,11137.393763
434,11089.022860
435,11035.231800
436,11048.999447
437,11098.065078
438,11142.785327
439,11079.800801
440,11055.481119
441,11111.557355
442,10998.030895
443,11077.837449
444,11046.556882
445,11120.459143
446,10945.439543
447,11024.709497
448,11105.404502
449,10994.848193
450,11091.081742
451,11044.219142
452,11014.175284
453,10979.719927
454,11102.083852
455,10971.455940
456,11007.509535
457,11043.876981
458,11032.576707
459,11144.776126
460,11042.395461
461,11077.785427
462,11090.002461
463,11021.239547
464,10983.390400
465,11061.258904
466,11078.829193
467,11056.700871
468,11085.483956
469,11127.365785
470,11139.178299
471,11005.222159
472,11086.212061
473,11100.225178
474,11035.147742
475,11087.931045
476,11078.240668
477,11102.886421
478,11055.781875
479,11098.387822
480,11010.660356
481,11100.613283
482,11019.066108
483,11128.534490
484,11097.254101
485,11083.605125
486,11062.943486
487,11051.244031
488,11160.315169
489,11028.043430
490,11038.767393
491,10963.983617
492,11014.809906
493,11078.670753
494,11135.731110
495,11052.498701
496,11043.167343
497,10965.213578
498,10985.655883
499,11012.005802
