0,3334.537884
1,6676.402668
2,6963.894426
3,7203.799282
4,7387.546458
5,7588.981574
6,7715.661240
7,7876.795423
8,8034.582280
9,8056.949789
10,8186.172819
11,8288.629400
12,8334.084574
13,8420.518218
14,8511.489422
15,8523.616039
16,8583.739024
17,8621.188546
18,8669.893327
19,8705.406600
20,8722.708130
21,8801.659007
22,8829.536343
23,8888.813083
24,8937.794941
25,8866.233298
26,8942.429708
27,8948.239253
28,8933.413095
29,9043.870049
30,9054.172739
31,9105.568187
32,9116.643780
33,9167.302160
34,9117.796420
35,9146.284255
36,9247.248188
37,9292.472563
38,9220.520074
39,9357.651214
40,9348.103670
41,9334.575662
42,9383.781619
43,9400.460028
44,9449.026621
45,9399.568479
46,9515.908803
47,9505.284247
48,9485.683892
49,9509.379683
50,9533.078635
51,9599.420881
52,9603.101193
53,9596.701412
54,9608.255374
55,9647.224151
56,9669.972088
57,9671.752935
58,9658.919500
59,9730.933175
60,9735.081125
61,9756.734806
62,9767.318200
63,9774.358793
64,9747.364003
65,9784.188292
66,9864.515886
67,9824.680573
68,9845.120213
69,9919.075348
70,9900.839158
71,9883.672846
72,9927.506835
73,9951.682951
74,9948.012086
75,9946.617457
76,9989.585122
77,9978.120173
78,9976.138356
79,9942.410927
80,10004.108265
81,9970.824023
82,10071.176598
83,10007.902497
84,10065.970806
85,10052.879778
86,10010.295238
87,10121.296904
88,10088.440453
89,10096.006893
90,10076.805675
91,10082.682746
92,10045.422348
93,10125.281140
94,10103.576971
95,10062.380455
96,10101.053918
97,10118.894153
98,10132.942097
99,10096.173825
100,10108.717305
101,10113.886128
102,10106.868324
103,10106.948290
104,10102.240942
105,10141.992640
106,10144.814823
107,10121.353100
108,10182.141955
109,10199.733473
110,10173.597977
111,10179.004579
112,10170.615354
113,10129.880631
114,10146.620497
115,10157.950253
116,10182.744882
117,10175.278571
118,10175.939414
119,10196.242750
120,10175.045421
121,10155.200148
122,10199.344587
123,10171.300217
124,10217.759566
125,10161.877631
126,10206.340213
127,10204.785359
128,10180.205113
129,10230.517986
130,10245.989652
131,10219.770111
132,10237.713292
133,10178.179190
134,10203.541297
135,10262.621961
136,10232.946149
137,10182.961418
138,10241.649153
139,10250.848978
140,10195.221904
141,10203.592829
142,10281.807021
143,10263.979037
144,10268.479161
145,10212.436586
146,10253.126607
147,10253.337325
148,10261.360682
149,10303.251227
150,10263.471152
151,10321.141558
152,10300.725612
153,10314.915082
154,10298.696877
155,10307.461336
156,10302.951566
157,10219.493138
158,10219.306143
159,10257.345155
160,10262.027923
161,10280.819453
162,10291.031419
163,10261.774656
164,10230.914787
165,10241.496494
166,10242.622127
167,10232.357495
168,10250.989468
169,10288.106432
170,10216.598169
171,10275.141889
172,10280.723702
173,10314.923662
174,10290.205785
175,10268.726694
176,10217.258918
177,10267.228530
178,10369.493828
179,10278.482684
180,10260.684592
181,10327.146138
182,10343.191764
183,10283.472204
184,10274.197944
185,10295.586229
186,10298.009474
187,10292.417808
188,10330.099114
189,10303.271383
190,10376.714153
191,10335.818184
192,10283.703497
193,10303.579424
194,10271.999325
195,10377.146934
196,10358.665286
197,10322.064880
198,10347.222082
199,10435.671327
200,10421.584289
201,10338.528698
202,10377.422315
203,10359.920727
204,10405.444830
205,10376.679507
206,10363.310424
207,10403.291418
208,10303.123024
209,10308.226991
210,10305.310257
211,10346.867626
212,10271.759627
213,10378.156551
214,10376.263768
215,10400.304151
216,10367.230694
217,10400.134000
218,10372.775069
219,10425.465693
220,10346.845422
221,10366.593316
222,10358.786323
223,10353.509459
224,10407.964688
225,10355.682640
226,10414.525953
227,10388.823514
228,10359.668807
229,10397.712997
230,10433.339253
231,10470.959556
232,10492.526643
233,10400.749775
234,10449.959512
235,10354.631908
236,10405.893665
237,10457.527735
238,10477.508158
239,10449.666796
240,10410.439703
241,10464.218963
242,10447.307458
243,10407.768358
244,10434.528059
245,10351.240796
246,10397.364048
247,10423.788646
248,10412.530759
249,10390.209968
250,10452.765181
251,10380.073607
252,10464.890781
253,10481.224594
254,10375.229197
255,10385.196596
256,10442.056249
257,10475.620783
258,10472.663935
259,10457.740031
260,10401.994071
261,10483.048720
262,10485.226108
263,10487.567183
264,10496.206473
265,10483.653530
266,10436.475043
267,10449.932511
268,10478.307275
269,10412.050442
270,10365.807306
271,10415.076787
272,10465.227652
273,10477.788152
274,10511.582821
275,10472.336265
276,10512.250596
277,10561.751457
278,10490.424079
279,10532.217841
280,10462.866095
281,10486.941998
282,10448.801387
283,10532.614634
284,10534.278368
285,10441.987915
286,10454.572834
287,10539.819836
288,10541.262883
289,10434.158255
290,10464.993180
291,10394.554834
292,10397.987504
293,10462.920645
294,10494.912846
295,10523.542317
296,10446.614566
297,10513.450205
298,10455.640788
299,10493.631954
300,10439.180933
301,10485.669222
302,10460.975609
303,10489.526878
304,10472.839543
305,10522.934784
306,10509.403945
307,10474.620989
308,10443.642930
309,10492.630365
310,10395.543923
311,10451.736150
312,10500.121441
313,10585.883905
314,10466.945877
315,10530.502921
316,10438.880018
317,10482.899580
318,10443.865226
319,10497.584512
320,10554.585846
321,10476.897888
322,10482.724275
323,10496.985732
324,10423.863250
325,10420.201761
326,10425.371360
327,10475.203344
328,10467.829179
329,10505.868950
330,10502.111864
331,10401.556336
332,10440.314994
333,10480.898897
334,10574.437086
335,10539.615762
336,10456.771735
337,10512.311071
338,10525.305969
339,10521.020032
340,10508.992195
341,10516.613572
342,10497.774535
343,10540.763263
344,10502.714263
345,10498.459988
346,10572.252780
347,10565.548115
348,10480.393552
349,10545.848625
350,10579.727856
351,10441.785758
352,10577.608313
353,10505.006418
354,10491.299627
355,10466.670424
356,10457.334225
357,10496.755951
358,10529.890130
359,10527.099122
360,10561.233261
361,10571.612897
362,10543.213789
363,10514.379382
364,10587.867291
365,10585.046216
366,10562.497954
367,10567.228337
368,10536.056731
369,10538.543338
370,10551.009596
371,10578.375635
372,10521.005063
373,10561.593201
374,10569.264232
375,10542.367984
376,10557.497701
377,10509.364713
378,10507.205755
379,10497.391749
380,10505.251956
381,10525.622966
382,10603.098366
383,10498.162877
384,10498.383199
385,10455.409333
386,10596.271570
387,10521.697076
388,10552.633354
389,10543.630855
390,10566.832459
391,10558.819667
392,10581.704214
393,10576.232443
394,10574.215021
395,10599.606973
396,10551.770365
397,10552.787586
398,10539.071421
399,10512.073600
400,10514.749327
401,10593.984186
402,10551.790467
403,10565.712688
404,10547.325521
405,10511.680390
406,10554.096319
407,10535.868318
408,10545.242246
409,10594.931172
410,10585.127118
411,10513.341402
412,10543.429295
413,10556.239806
414,10550.293479
415,10557.415831
416,10537.600581
417,10601.668739
418,10578.449701
419,10629.431816
420,10616.880717
421,10614.529495
422,10547.992576
423,10574.710627
424,10497.414321
425,10596.067203
426,10616.551955
427,10598.641188
428,10579.921733
429,10597.044632
430,10532.345453
431,10627.490588
432,10667.016795
433,10642.883234
434,10577.673271
435,10606.927218
436,10590.841209
437,10558.073957
438,10612.645868
439,10622.639177
440,10588.712815
441,10653.340869
442,10649.520555
443,10667.332427
444,10538.106569
445,10611.176379
446,10603.198489
447,10588.314094
448,10689.213617
449,10618.454497
450,10610.730819
451,10593.541604
452,10600.381171
453,10560.463889
454,10579.311077
455,10592.317799
456,10623.643769
457,10608.352690
458,10639.998722
459,10613.150239
460,10614.232839
461,10567.513219
462,10576.385925
463,10617.741200
464,10647.164777
465,10606.526178
466,10637.327880
467,10674.940978
468,10656.369323
469,10683.899886
470,10618.291748
471,10581.381060
472,10636.738408
473,10599.272173
474,10665.628433
475,10677.373560
476,10682.927456
477,10696.076728
478,10700.514501
479,10638.315019
480,10616.410372
481,10646.603326
482,10732.620902
483,10706.673845
484,10706.921215
485,10689.184853
486,10653.034794
487,10683.991011
488,10675.758503
489,10720.033457
490,10590.112295
491,10726.434381
492,10574.539413
493,10690.309286
494,10702.532845
495,10652.365807
496,10698.135147
497,10688.287017
498,10693.569442
499,10749.112477
