0,3337.817194
1,6725.264970
2,7073.770405
3,7353.442582
4,7566.090569
5,7707.746520
6,7840.712154
7,8003.432284
8,8121.507977
9,8143.295405
10,8230.524561
11,8337.194610
12,8477.487461
13,8581.416361
14,8648.163605
15,8665.641694
16,8768.229775
17,8891.364697
18,8974.975917
19,9096.995769
20,9126.546532
21,9152.537259
22,9235.778778
23,9346.581889
24,9469.846214
25,9530.261253
26,9618.756964
27,9698.049372
28,9765.332903
29,9871.362488
30,10049.392303
31,9984.964477
32,10054.029594
33,10076.083852
34,10191.059411
35,10090.064465
36,10280.900997
37,10415.913975
38,10368.304352
39,10310.995839
40,10394.997038
41,10530.975247
42,10540.348398
43,10556.275220
44,10578.457968
45,10640.000600
46,10707.185001
47,10662.276697
48,10711.793318
49,10540.217422
50,10664.711411
51,10791.046609
52,10865.738835
53,10855.294686
54,10861.785105
55,10984.858925
56,11016.933557
57,11020.172579
58,10977.256979
59,11062.028126
60,10982.241292
61,10906.915993
62,11036.014772
63,10975.088180
64,11006.824154
65,11050.739804
66,10951.963194
67,11063.597699
68,11078.159657
69,11143.123582
70,10997.157691
71,10922.990013
72,11088.799473
73,10911.024757
74,11197.706627
75,11144.251497
76,11222.453724
77,11358.313280
78,11329.569061
79,11155.281578
80,11195.180013
81,11272.622503
82,11327.258435
83,11437.999541
84,11408.619232
85,11199.601096
86,11262.774960
87,11292.336713
88,11361.263445
89,11312.389089
90,11373.810086
91,11327.424208
92,11435.352593
93,11394.294820
94,11380.444391
95,11524.623655
96,11330.896568
97,11422.826317
98,11524.738112
99,11475.679657
100,11513.230120
101,11501.620568
102,11549.493833
103,11540.751802
104,11571.558239
105,11523.075323
106,11522.355652
107,11417.886250
108,11440.008188
109,11444.683483
110,11480.770369
111,11376.396243
112,11459.790170
113,11448.860459
114,11560.777755
115,11569.934492
116,11539.077737
117,11513.154374
118,11656.557022
119,11597.702301
120,11650.993851
121,11747.807492
122,11814.289447
123,11817.083381
124,11675.694466
125,11703.520976
126,11690.992232
127,11749.119388
128,11755.942938
129,11792.901917
130,11725.849264
131,11706.439865
132,11895.620397
133,11732.917907
134,11699.147158
135,11774.787517
136,11907.402296
137,11851.833360
138,11914.471224
139,11972.507948
140,11947.826049
141,11887.443852
142,11963.990049
143,12001.769957
144,11867.882995
145,11907.467012
146,11973.001679
147,11917.388580
148,11967.320866
149,12021.053838
150,11892.858754
151,12027.277155
152,11986.272596
153,11910.954559
154,12020.612475
155,12118.404332
156,12058.340111
157,12007.821360
158,12029.499431
159,12113.258769
160,12094.773860
161,12140.497772
162,12138.736610
163,12131.014254
164,12104.248215
165,12095.935342
166,12044.716667
167,12133.085038
168,12162.660848
169,12160.135599
170,12138.062380
171,12134.653901
172,12118.047641
173,12159.132536
174,12181.161239
175,12180.263459
176,12164.343850
177,12186.667170
178,12186.427994
179,12190.467188
180,12211.437127
181,12226.741840
182,12132.199779
183,12204.729612
184,12218.214524
185,12223.099041
186,12231.638007
187,12218.778234
188,12180.375293
189,12208.253943
190,12260.472370
191,12259.696859
192,12263.260415
193,12244.298151
194,12258.400481
195,12277.672174
196,12286.538672
197,12248.321462
198,12263.375441
199,12278.928071
200,12247.834996
201,12296.590204
202,12279.673254
203,12279.233905
204,12265.696856
205,12275.224593
206,12296.759105
207,12260.512033
208,12299.504264
209,12305.422875
210,12301.804605
211,12287.192505
212,12281.965995
213,12288.481436
214,12293.096967
215,12304.701872
216,12306.834653
217,12283.746514
218,12309.962779
219,12314.687746
220,12315.897848
221,12317.092840
222,12325.774437
223,12328.145016
224,12336.086104
225,12358.643893
226,12362.321004
227,12361.100578
228,12380.515394
229,12381.567956
230,12365.808674
231,12386.928524
232,12371.681833
233,12381.375624
234,12373.911826
235,12383.480281
236,12382.378408
237,12382.018686
238,12375.113475
239,12376.671386
240,12372.868850
241,12369.220363
242,12380.027467
243,12383.916954
244,12376.521671
245,12383.298605
246,12378.149722
247,12383.396532
248,12378.648127
249,12374.326712
250,12383.198929
251,12377.882701
252,12369.898887
253,12377.252630
254,12375.497556
255,12376.477242
256,12368.030331
257,12381.439671
258,12382.558408
259,12380.125692
260,12385.499056
261,12379.201045
262,12377.527713
263,12371.608914
264,12370.832224
265,12369.986504
266,12378.094698
267,12356.570645
268,12370.584483
269,12374.917108
270,12378.098722
271,12378.570849
272,12372.908589
273,12385.590083
274,12375.109445
275,12386.466211
276,12383.037309
277,12373.867405
278,12367.708488
279,12386.559068
280,12371.666797
281,12384.592478
282,12384.181862
283,12382.618867
284,12377.331539
285,12389.100318
286,12381.800632
287,12378.600651
288,12378.997112
289,12388.933483
290,12381.500046
291,12372.651782
292,12385.939625
293,12382.417718
294,12384.145086
295,12385.405053
296,12375.083540
297,12375.477368
298,12382.692706
299,12382.564810
300,12380.273792
301,12384.560377
302,12360.914443
303,12387.806053
304,12383.667603
305,12387.792028
306,12382.985988
307,12394.065318
308,12401.742363
309,12413.208851
310,12430.735218
311,12463.141217
312,12468.556512
313,12477.755631
314,12483.862601
315,12483.062193
316,12482.000697
317,12472.738678
318,12479.647341
319,12486.329190
320,12474.597583
321,12474.052075
322,12467.652963
323,12477.930069
324,12469.217411
325,12472.951962
326,12479.557686
327,12470.622906
328,12474.660400
329,12473.247827
330,12484.026403
331,12474.127991
332,12471.618534
333,12479.551402
334,12482.129308
335,12476.815944
336,12487.356317
337,12475.488297
338,12474.099284
339,12483.635834
340,12485.120221
341,12480.508277
342,12482.377524
343,12475.116322
344,12482.762294
345,12480.562799
346,12483.905112
347,12476.604500
348,12479.977307
349,12473.870350
350,12467.538030
351,12488.840604
352,12487.245124
353,12469.450192
354,12477.529733
355,12478.302941
356,12485.208407
357,12476.813136
358,12476.257849
359,12483.892904
360,12476.348670
361,12464.216148
362,12485.269594
363,12473.895117
364,12476.734876
365,12475.313083
366,12481.195450
367,12486.826312
368,12470.634200
369,12476.795007
370,12481.502203
371,12457.906803
372,12481.417428
373,12472.045743
374,12467.504108
375,12476.875213
376,12479.003654
377,12485.198675
378,12484.779805
379,12476.226664
380,12480.900909
381,12473.989804
382,12476.275282
383,12486.227018
384,12476.055842
385,12484.528131
386,12487.328769
387,12479.259879
388,12481.505721
389,12482.865820
390,12488.451258
391,12487.589514
392,12499.131216
393,12528.320585
394,12540.011054
395,12564.328920
396,12570.446683
397,12568.162059
398,12566.989681
399,12571.223862
400,12572.625205
401,12563.790193
402,12564.028170
403,12557.376854
404,12567.292959
405,12565.778195
406,12569.537204
407,12574.767448
408,12574.909048
409,12572.666294
410,12574.130452
411,12568.483708
412,12566.234582
413,12562.450662
414,12552.926696
415,12564.532692
416,12556.824100
417,12556.914154
418,12568.275408
419,12572.946469
420,12571.493018
421,12567.248674
422,12563.579457
423,12563.780517
424,12569.009151
425,12566.803222
426,12565.138330
427,12566.943910
428,12559.887813
429,12569.633140
430,12570.424163
431,12568.099616
432,12561.616636
433,12563.845038
434,12568.374277
435,12564.433753
436,12575.706176
437,12569.619627
438,12570.440522
439,12559.271254
440,12576.384065
441,12571.501592
442,12559.939714
443,12564.366872
444,12574.000528
445,12556.184771
446,12570.311448
447,12573.944578
448,12570.201290
449,12557.425513
450,12570.348025
451,12564.963007
452,12564.204557
453,12563.247956
454,12552.716847
455,12570.724868
456,12563.880531
457,12569.093240
458,12568.926378
459,12568.008041
460,12572.228490
461,12575.630504
462,12547.186475
463,12574.575364
464,12565.871345
465,12570.753272
466,12561.727713
467,12565.085817
468,12558.860185
469,12567.033191
470,12574.949412
471,12571.201596
472,12565.517491
473,12564.871382
474,12565.664123
475,12561.801585
476,12563.739458
477,12558.327302
478,12570.236733
479,12572.565918
480,12567.684003
481,12567.480419
482,12563.159315
483,12563.446456
484,12556.036421
485,12572.102086
486,12556.296972
487,12559.272947
488,12566.122227
489,12565.074627
490,12568.816389
491,12565.511959
492,12561.862236
493,12559.717003
494,12570.267068
495,12562.382474
496,12573.023746
497,12564.047157
498,12572.132016
499,12571.719192
