0,3358.252766
1,6696.221191
2,7036.387402
3,7237.519719
4,7468.412949
5,7606.157338
6,7714.235347
7,7840.402786
8,7956.687098
9,7997.378378
10,8157.906552
11,8229.867161
12,8291.090360
13,8320.924873
14,8410.093673
15,8421.121928
16,8514.298247
17,8561.732673
18,8656.772307
19,8753.560299
20,8771.287578
21,8833.176593
22,8928.887971
23,8931.528578
24,9069.019389
25,9113.386419
26,9150.025072
27,9099.955882
28,9131.571045
29,9200.343089
30,9261.780223
31,9275.470025
32,9303.036535
33,9239.886491
34,9305.625650
35,9468.504636
36,9425.311457
37,9457.509842
38,9461.732723
39,9585.365526
40,9511.242402
41,9538.163715
42,9638.799377
43,9591.509761
44,9708.006519
45,9758.714518
46,9720.853624
47,9752.891635
48,9852.693502
49,9891.949530
50,9880.867978
51,9859.758603
52,9916.387353
53,9952.505029
54,10081.964383
55,10118.552466
56,10057.187229
57,10063.235599
58,10125.963083
59,10238.970054
60,10377.201055
61,10372.207480
62,10258.016883
63,10240.856036
64,10313.864506
65,10453.294666
66,10548.671126
67,10582.681223
68,10587.447917
69,10552.590704
70,10550.410405
71,10632.721140
72,10642.170656
73,10724.776224
74,10762.140955
75,10692.876693
76,10779.271705
77,10831.580381
78,10784.809039
79,10884.634776
80,10797.250478
81,11055.707225
82,10974.599137
83,10910.560981
84,10928.800689
85,10786.552868
86,10849.284281
87,11005.384193
88,10927.427726
89,10938.082088
90,10953.248696
91,10851.594296
92,10911.962602
93,10915.317486
94,10975.871458
95,10953.172157
96,10915.271749
97,10947.108856
98,10924.460787
99,11028.417880
100,11008.292529
101,10955.536001
102,10856.376421
103,10855.932084
104,10913.511609
105,10840.916891
106,10816.612109
107,10859.692789
108,10822.066228
109,10909.362363
110,11044.108767
111,10930.584088
112,10994.441217
113,10908.909067
114,11037.429567
115,11014.416729
116,11045.841685
117,10946.660641
118,11074.751941
119,11035.624501
120,10971.077077
121,10981.821421
122,11024.722518
123,10973.066950
124,11077.668492
125,11069.818366
126,11094.993479
127,11150.166624
128,11117.211354
129,11034.888851
130,11111.792814
131,10988.052266
132,11057.374074
133,11026.026785
134,11074.499643
135,11144.083070
136,11010.471380
137,11130.263927
138,11059.207917
139,11055.792863
140,11003.752617
141,11047.912103
142,11000.205949
143,10891.169245
144,10952.316773
145,10961.287508
146,11055.173147
147,11085.541363
148,10997.931147
149,11028.210337
150,10990.632593
151,11059.700422
152,10998.014899
153,10958.811619
154,11054.502086
155,10960.222944
156,11093.757910
157,10976.279472
158,11065.107027
159,11079.893872
160,11094.487118
161,11199.141868
162,11094.752408
163,11099.399845
164,11110.227705
165,11098.570471
166,11034.548319
167,11072.237726
168,11079.508410
169,11175.000913
170,11058.783378
171,11001.747625
172,11152.936493
173,11089.371675
174,11120.414541
175,11127.816472
176,11054.582204
177,11002.654794
178,11023.487628
179,11038.532432
180,10940.079241
181,11009.063950
182,11138.471566
183,10995.147017
184,10940.009487
185,10974.984511
186,11121.771995
187,11127.870697
188,11091.191529
189,11070.698524
190,11018.534027
191,10962.023902
192,11039.192573
193,11128.310028
194,11060.512009
195,11137.883613
196,11207.843888
197,11049.993975
198,11155.548474
199,11176.638643
200,11096.340441
201,11204.399760
202,10993.181527
203,10943.778484
204,11081.591310
205,11003.691136
206,11080.031790
207,11170.472350
208,11072.298346
209,11062.784539
210,11023.036883
211,11056.125262
212,11087.702046
213,11270.352163
214,11200.487932
215,11213.803547
216,11254.809708
217,11215.062132
218,11037.856944
219,11024.627056
220,11088.753797
221,11154.397572
222,11112.451847
223,10977.311533
224,10975.055978
225,11069.869255
226,11128.957816
227,11166.047206
228,11035.255859
229,11103.163575
230,11095.505030
231,11109.455661
232,11130.300384
233,11084.634350
234,11180.310710
235,11176.316965
236,11161.012273
237,11198.744858
238,11139.120572
239,11149.043113
240,11137.311777
241,11032.350084
242,11021.239444
243,10992.150693
244,11064.140677
245,11085.859932
246,11119.363631
247,11062.702567
248,11170.190165
249,11099.252562
250,11140.319773
251,11170.972873
252,11125.118900
253,11326.477036
254,11298.157117
255,11261.657416
256,11383.240787
257,11551.001135
258,11570.005979
259,11526.498131
260,11534.316848
261,11554.787039
262,11402.373913
263,11403.212557
264,11423.971471
265,11386.135331
266,11433.144002
267,11429.454908
268,11386.821483
269,11462.808018
270,11445.810669
271,11501.792732
272,11470.448010
273,11409.784781
274,11320.256100
275,11387.201339
276,11513.845013
277,11382.763916
278,11457.186775
279,11363.615093
280,11529.639547
281,11534.506494
282,11434.277675
283,11517.604350
284,11514.255292
285,11562.734800
286,11623.766488
287,11619.603367
288,11567.553940
289,11539.121860
290,11430.643907
291,11311.078455
292,11341.925134
293,11448.107546
294,11313.155396
295,11411.170868
296,11564.553673
297,11592.761984
298,11569.756666
299,11562.948001
300,11594.241628
301,11587.964153
302,11504.138108
303,11464.825084
304,11458.443319
305,11528.302133
306,11357.337138
307,11541.815234
308,11570.423146
309,11591.530618
310,11511.332925
311,11561.056768
312,11563.760228
313,11474.763634
314,11572.421725
315,11642.500965
316,11581.139973
317,11560.012617
318,11674.264320
319,11543.632950
320,11637.828837
321,11681.096501
322,11600.643121
323,11699.575867
324,11750.744851
325,11621.412474
326,11505.939154
327,11645.507305
328,11560.340917
329,11679.863979
330,11911.932474
331,11827.768380
332,11561.195956
333,11550.932136
334,11673.425772
335,11598.395208
336,11831.234155
337,11769.118585
338,11756.438281
339,11616.491863
340,11747.369540
341,11693.247813
342,11738.872181
343,11696.854012
344,11657.486441
345,11715.912240
346,11726.453504
347,11747.430372
348,11616.847959
349,11756.859465
350,11664.631253
351,11743.020793
352,11592.285977
353,11696.568370
354,11744.711059
355,11831.510402
356,11824.465375
357,11626.102308
358,11779.387986
359,11720.034788
360,11777.655919
361,11731.759495
362,11815.983871
363,11744.689714
364,11814.979177
365,11791.299127
366,11748.029710
367,11799.465245
368,11616.459090
369,11694.609831
370,11573.639346
371,11510.469351
372,11505.597799
373,11788.786585
374,11832.884252
375,11882.309632
376,11735.180123
377,11696.545495
378,11650.352267
379,11674.994868
380,11766.786834
381,11674.006716
382,11560.895947
383,11639.824816
384,11778.797672
385,11803.682967
386,11759.466195
387,11850.879315
388,11663.487245
389,11594.823296
390,11743.664543
391,11779.397024
392,11771.498810
393,11727.992145
394,11696.900065
395,11741.159244
396,11650.435082
397,11649.124975
398,11896.987817
399,11760.104263
400,11875.744179
401,11750.976002
402,11615.797197
403,11511.790043
404,11724.774567
405,11740.209257
406,11735.559169
407,11866.647755
408,11747.109457
409,11805.878742
410,11863.306928
411,11828.675627
412,11956.055387
413,11786.570516
414,11828.362501
415,11734.148447
416,11666.496441
417,11713.991184
418,11727.979389
419,11729.467824
420,11958.846799
421,11858.855980
422,11697.497164
423,11607.126607
424,11585.201068
425,11646.659106
426,11842.165667
427,11768.458010
428,11695.993771
429,11816.612619
430,11658.378120
431,11711.223680
432,11797.601014
433,11689.315889
434,11782.829065
435,11770.032730
436,11793.768574
437,11892.368688
438,11867.796086
439,11804.956736
440,11705.097765
441,11747.181480
442,11758.549699
443,11841.379677
444,11895.109617
445,11790.589301
446,11833.504062
447,11624.949429
448,11744.393922
449,11683.606598
450,11595.147608
451,11620.919903
452,11849.389760
453,11739.412266
454,11729.780995
455,11721.033444
456,11601.894345
457,11700.803277
458,11773.878301
459,11868.080161
460,11803.731955
461,11813.382900
462,11765.552870
463,11716.405363
464,11900.013029
465,11762.029306
466,11737.974654
467,11738.972354
468,11668.920592
469,11700.871044
470,11658.246788
471,11734.151402
472,11727.908477
473,11735.731936
474,11659.486947
475,11524.158422
476,11659.925407
477,11746.422597
478,11764.485478
479,11662.323069
480,11648.980665
481,11623.782072
482,11757.407604
483,11777.366620
484,11621.526774
485,11695.373646
486,11763.367467
487,11776.260374
488,11803.398295
489,11800.095774
490,11821.098303
491,11835.701620
492,11813.602895
493,11644.954990
494,11829.943032
495,11995.380491
496,11917.864055
497,11809.287181
498,11844.915109
499,11732.190621
