0,3382.560033
1,7020.749397
2,7531.623000
3,7911.825564
4,8168.880247
5,8353.582640
6,8539.168121
7,8686.722112
8,8840.640109
9,8950.329065
10,9071.032311
11,9187.142726
12,9264.498089
13,9330.670073
14,9472.489072
15,9564.579662
16,9725.070660
17,9877.565362
18,9958.921801
19,10152.235960
20,10357.459457
21,10501.509687
22,10616.572433
23,10715.514177
24,10858.398361
25,10996.052913
26,11097.922707
27,11176.971269
28,11215.468493
29,11298.444751
30,11367.100034
31,11406.700704
32,11435.662822
33,11467.668308
34,11487.676784
35,11474.541908
36,11488.167833
37,11512.377005
38,11538.263120
39,11559.264665
40,11570.078866
41,11618.210950
42,11633.121750
43,11618.240680
44,11652.620871
45,11674.765600
46,11628.642819
47,11652.650774
48,11662.514726
49,11684.516263
50,11664.016525
51,11679.133437
52,11690.976074
53,11704.136069
54,11673.518920
55,11715.626152
56,11690.654137
57,11696.879598
58,11679.406387
59,11722.679968
60,11643.630628
61,11692.955876
62,11680.214545
63,11672.971161
64,11691.006309
65,11696.807285
66,11706.589939
67,11688.298528
68,11680.101617
69,11671.009583
70,11677.437887
71,11641.006386
72,11625.979520
73,11683.979129
74,11664.228100
75,11674.247240
76,11704.269949
77,11683.554422
78,11694.699553
79,11725.273866
80,11684.207059
81,11670.410520
82,11663.048764
83,11698.285309
84,11689.001168
85,11695.938618
86,11686.417976
87,11688.484525
88,11698.676111
89,11693.824663
90,11680.430028
91,11681.238651
92,11711.580289
93,11715.963083
94,11719.178781
95,11712.037659
96,11685.986412
97,11737.576712
98,11732.624147
99,11710.129071
100,11701.460916
101,11697.656231
102,11682.806055
103,11660.603295
104,11676.436461
105,11684.625473
106,11687.351319
107,11694.922462
108,11636.835298
109,11675.192963
110,11695.614260
111,11713.188740
112,11681.335180
113,11694.076664
114,11696.503618
115,11678.865330
116,11720.575178
117,11684.404202
118,11685.506502
119,11704.590922
120,11704.916550
121,11715.992457
122,11708.361976
123,11715.268413
124,11726.746100
125,11705.122855
126,11706.426564
127,11670.182245
128,11676.977146
129,11723.947930
130,11714.617702
131,11669.386645
132,11706.484888
133,11703.370192
134,11694.831994
135,11685.748889
136,11683.146490
137,11663.882215
138,11690.036076
139,11650.419227
140,11681.227262
141,11692.325326
142,11674.822120
143,11679.266772
144,11681.402160
145,11737.455897
146,11682.790011
147,11719.036309
148,11697.847761
149,11724.296824
150,11696.134216
151,11699.634208
152,11690.247558
153,11685.225726
154,11701.278076
155,11713.291379
156,11708.951460
157,11703.630496
158,11696.131969
159,11679.519759
160,11674.615071
161,11683.065882
162,11667.302915
163,11716.422364
164,11702.857747
165,11651.104822
166,11670.638692
167,11714.389920
168,11691.849421
169,11698.053158
170,11673.832990
171,11718.052467
172,11714.387048
173,11744.444620
174,11711.314675
175,11711.644187
176,11674.158359
177,11658.409214
178,11665.930564
179,11673.272567
180,11667.898491
181,11703.099240
182,11679.175372
183,11700.238262
184,11686.153818
185,11641.113866
186,11723.454937
187,11665.790163
188,11691.516047
189,11706.517183
190,11715.717571
191,11714.794563
192,11709.967582
193,11722.905381
194,11692.487955
195,11713.369870
196,11674.564433
197,11691.209699
198,11690.994312
199,11718.661387
200,11684.581750
201,11727.554080
202,11696.998757
203,11720.820063
204,11696.041237
205,11634.225889
206,11636.462950
207,11628.490742
208,11669.728399
209,11716.711508
210,11700.609253
211,11661.489719
212,11646.392120
213,11666.473835
214,11695.694539
215,11670.735952
216,11639.847501
217,11696.576272
218,11688.134699
219,11724.574510
220,11686.385335
221,11712.934774
222,11710.905937
223,11652.520994
224,11699.933934
225,11723.821341
226,11689.164546
227,11723.528886
228,11709.984030
229,11699.525583
230,11738.718448
231,11713.146975
232,11706.766414
233,11691.175699
234,11678.534969
235,11730.752221
236,11733.842049
237,11708.807303
238,11701.096388
239,11679.432905
240,11717.477112
241,11703.396896
242,11701.187638
243,11686.564065
244,11677.286966
245,11693.600838
246,11601.694377
247,11634.254652
248,11660.135627
249,11664.672234
250,11696.778816
251,11619.177428
252,11657.135157
253,11705.980794
254,11654.749965
255,11661.184952
256,11693.348472
257,11701.832926
258,11677.621137
259,11679.116840
260,11694.345250
261,11710.416602
262,11703.818119
263,11666.998823
264,11688.904692
265,11718.702170
266,11693.602588
267,11714.473374
268,11706.160489
269,11703.664360
270,11698.574039
271,11698.638530
272,11695.203721
273,11704.241816
274,11707.033994
275,11718.514444
276,11726.196754
277,11714.876304
278,11696.172880
279,11667.550008
280,11681.345605
281,11702.913875
282,11724.261371
283,11713.135494
284,11689.509879
285,11714.415831
286,11701.710627
287,11682.981569
288,11706.297277
289,11720.339314
290,11699.740198
291,11692.374995
292,11716.665434
293,11690.382697
294,11706.760322
295,11710.322479
296,11722.696130
297,11714.429994
298,11705.571073
299,11651.740150
300,11710.925729
301,11703.866525
302,11718.399408
303,11691.307435
304,11690.048423
305,11672.875742
306,11709.902164
307,11692.920145
308,11689.482654
309,11675.789936
310,11716.316953
311,11733.289955
312,11687.426906
313,11703.443335
314,11697.914942
315,11707.018779
316,11707.092374
317,11696.860447
318,11721.683528
319,11692.920570
320,11695.264641
321,11695.404329
322,11696.407530
323,11656.439735
324,11678.758057
325,11652.124125
326,11725.392643
327,11726.680745
328,11726.737824
329,11688.899082
330,11721.712050
331,11708.878520
332,11707.917333
333,11718.540763
334,11681.684122
335,11665.344437
336,11678.286428
337,11693.675608
338,11681.319468
339,11702.801880
340,11714.717824
341,11664.474497
342,11708.080609
343,11708.366485
344,11703.881574
345,11683.642737
346,11719.391160
347,11699.023683
348,11716.744239
349,11696.031489
350,11693.858581
351,11634.817815
352,11706.998301
353,11731.937482
354,11690.992141
355,11688.888502
356,11720.550897
357,11672.418343
358,11716.212569
359,11675.994778
360,11682.645163
361,11659.901794
362,11700.102033
363,11696.387390
364,11670.732650
365,11693.714467
366,11730.778535
367,11732.881664
368,11687.023957
369,11705.794621
370,11706.355042
371,11674.319698
372,11682.728304
373,11700.431840
374,11693.832104
375,11648.391101
376,11706.588836
377,11678.716000
378,11681.224885
379,11703.670673
380,11718.488182
381,11704.768468
382,11694.401035
383,11691.823096
384,11689.411696
385,11702.546182
386,11683.702486
387,11687.131672
388,11656.912423
389,11725.437953
390,11710.942941
391,11692.401704
392,11696.182055
393,11679.469700
394,11701.349121
395,11711.003057
396,11678.977866
397,11698.479179
398,11691.514883
399,11699.386827
400,11702.666061
401,11687.328779
402,11695.303479
403,11704.754391
404,11724.328336
405,11704.265289
406,11713.924940
407,11710.016328
408,11721.638384
409,11689.107701
410,11676.738080
411,11714.112856
412,11690.075933
413,11700.895498
414,11699.844906
415,11708.395446
416,11695.776529
417,11704.222776
418,11689.686096
419,11694.127411
420,11677.242363
421,11713.078417
422,11688.561498
423,11692.767876
424,11665.768446
425,11677.393891
426,11699.204768
427,11699.829546
428,11688.075077
429,11660.425224
430,11679.154776
431,11657.767162
432,11643.266366
433,11678.245272
434,11685.605570
435,11699.945457
436,11701.441496
437,11684.872586
438,11693.296878
439,11689.560233
440,11691.157261
441,11675.216086
442,11666.659378
443,11692.767779
444,11723.796845
445,11710.986484
446,11690.265755
447,11679.071781
448,11692.823041
449,11715.889091
450,11703.801870
451,11712.162368
452,11721.011920
453,11692.888555
454,11697.317465
455,11694.482682
456,11652.381510
457,11673.115516
458,11694.553689
459,11695.757941
460,11709.380353
461,11673.639425
462,11695.262417
463,11677.901363
464,11705.654704
465,11707.128270
466,11636.237846
467,11696.324787
468,11672.386853
469,11699.876259
470,11668.541605
471,11674.343069
472,11677.077591
473,11675.618597
474,11689.502923
475,11690.687578
476,11681.490942
477,11706.101367
478,11657.395623
479,11661.245934
480,11691.276171
481,11656.502548
482,11681.156859
483,11693.995079
484,11713.162319
485,11665.341070
486,11641.417073
487,11667.242061
488,11649.333287
489,11691.549185
490,11694.856719
491,11681.629627
492,11681.838526
493,11713.503526
494,11688.789257
495,11668.866129
496,11675.304541
497,11654.893108
498,11689.000525
499,11686.910994
