0,3404.763780
1,3542.341777
2,3588.154439
3,3627.406618
4,3669.146442
5,3744.319618
6,3769.981788
7,3838.540012
8,3844.375441
9,3852.808681
10,3919.832727
11,3890.479211
12,3901.773505
13,3897.863195
14,3956.709968
15,3934.677543
16,3903.113307
17,3963.831121
18,3902.089118
19,3880.661287
20,3901.854421
21,3908.894833
22,3976.765306
23,3956.884654
24,3925.074116
25,3978.058457
26,3965.428195
27,3956.146313
28,4052.565356
29,4009.162416
30,3996.603880
31,3983.147348
32,3930.408334
33,3933.348716
34,3914.755950
35,3868.320828
36,3872.094481
37,3853.473946
38,3884.735048
39,3900.536208
40,3870.998994
41,3875.611560
42,3880.844156
43,3896.882725
44,3878.651199
45,3871.275970
46,3893.733159
47,3961.205273
48,3957.542116
49,3993.899235
50,4022.065635
51,4056.624289
52,4023.581469
53,4034.667494
54,4073.085571
55,4055.152471
56,4047.735941
57,4005.832959
58,4043.551437
59,4039.802004
60,4022.427239
61,3987.321181
62,3967.562038
63,3971.674709
64,4019.852221
65,4040.141493
66,4020.329305
67,4050.424578
68,4063.738964
69,4062.765588
70,4075.226485
71,4051.467077
72,4079.046100
73,4102.703631
74,4138.653453
75,4133.759421
76,4154.409076
77,4107.934612
78,4064.175892
79,4085.290229
80,4075.464558
81,4085.237643
82,4097.702589
83,4078.043296
84,3996.921420
85,3980.174520
86,4001.960452
87,4033.069650
88,4060.063583
89,4004.375041
90,4029.272038
91,3999.351899
92,4058.507135
93,4050.108239
94,4095.144258
95,4045.961190
96,4065.951251
97,4083.168492
98,4068.968500
99,4076.756888
100,4044.436481
101,4086.876515
102,4050.593159
103,4048.623599
104,4078.384410
105,4060.382483
106,4097.759235
107,4080.474918
108,4112.186105
109,4132.674286
110,4165.428709
111,4119.625914
112,4096.411375
113,4091.943122
114,4090.482893
115,4076.874844
116,4071.546420
117,4063.241306
118,4019.514258
119,4076.268698
120,4109.515693
121,4098.416355
122,4056.776484
123,4056.579507
124,4127.214763
125,4094.623002
126,4089.291601
127,4087.508408
128,4112.213685
129,4133.455051
130,4149.745977
131,4165.439360
132,4111.760130
133,4117.456240
134,4139.914145
135,4153.461172
136,4075.232187
137,4127.390974
138,4118.492258
139,4091.061733
140,4071.613405
141,4044.564093
142,4030.542303
143,4018.343176
144,3992.332097
145,4032.767111
146,4000.849214
147,3998.406604
148,4007.853458
149,4001.703671
150,4035.453244
151,4053.888687
152,3993.418772
153,3924.546759
154,3917.697177
155,3924.814370
156,3918.280320
157,3964.318861
158,3957.380240
159,3981.887510
160,3927.447343
161,3914.054842
162,3967.073527
163,3980.431847
164,3959.378431
165,3939.953128
166,3982.863325
167,3969.006611
168,3980.650578
169,3930.801755
170,3976.310742
171,3976.651486
172,4017.283009
173,4042.427398
174,4028.329626
175,4016.773621
176,4037.681156
177,4021.770202
178,4009.560801
179,4029.031493
180,4070.757727
181,4050.196470
182,4098.450630
183,4066.534117
184,4083.306793
185,4047.144731
186,4035.980945
187,4034.938976
188,4033.116620
189,4022.687320
190,4037.463386
191,4038.355848
192,4011.442488
193,3975.836037
194,4000.081860
195,3996.736716
196,4015.598962
197,3990.330059
198,3934.820530
199,3947.794573
200,3969.985657
201,3992.762759
202,4051.103574
203,4012.495891
204,4026.873863
205,4024.826410
206,4019.892753
207,4026.895615
208,4067.420534
209,4052.615862
210,3985.515398
211,4022.658819
212,4014.438965
213,4069.851336
214,4043.344330
215,4003.792570
216,4015.914250
217,4020.607207
218,3998.896273
219,3987.604341
220,3954.057747
221,3964.749378
222,3969.501537
223,4007.150375
224,3937.343120
225,3954.447763
226,3976.908697
227,3975.808302
228,3989.536833
229,3977.221761
230,3985.617377
231,3966.585595
232,4004.317428
233,3998.553239
234,4007.924044
235,3962.485878
236,3974.017882
237,4015.886249
238,4050.116075
239,4082.313804
240,4007.097113
241,4074.159217
242,4107.458657
243,4087.006272
244,4100.853778
245,4116.542487
246,4090.992641
247,4112.677821
248,4134.802724
249,4095.142964
250,4070.316033
251,4073.017933
252,4078.925011
253,4021.417114
254,4020.000631
255,4036.409745
256,3999.174864
257,4027.783030
258,4047.981829
259,4074.623903
260,4091.985486
261,4052.802384
262,4070.338780
263,4066.955291
264,4075.135248
265,4087.711683
266,4087.218415
267,4091.631473
268,4086.987331
269,4048.198441
270,4007.309803
271,4044.374048
272,4038.558455
273,4064.072232
274,4039.442326
275,3989.113796
276,4051.167143
277,4022.815350
278,4078.905540
279,4018.971511
280,4009.252925
281,4028.473229
282,4031.944303
283,4062.063191
284,4063.350836
285,3985.417059
286,4016.665887
287,4004.696589
288,3963.128872
289,4017.489507
290,4040.631367
291,4002.650955
292,4055.164072
293,4038.554251
294,4074.325217
295,4106.898424
296,4060.782467
297,4017.805457
298,4032.610232
299,4020.152229
300,3997.392857
301,4000.242886
302,4000.680472
303,3983.858590
304,4007.153627
305,4022.370898
306,3958.073325
307,3996.201896
308,3976.996231
309,3925.431961
310,3959.598493
311,3994.611918
312,3997.269970
313,3982.168791
314,3973.673853
315,3947.202423
316,3980.013376
317,3996.596508
318,4024.340547
319,4025.838343
320,4000.602265
321,3992.502069
322,4009.374004
323,4032.006577
324,4020.637143
325,4046.201471
326,4064.830013
327,3996.914698
328,4010.833922
329,4016.105593
330,3941.296164
331,3988.695433
332,4007.076653
333,4028.218629
334,4006.770625
335,4026.528392
336,4032.998884
337,4036.731353
338,4028.155048
339,3982.082563
340,4011.542478
341,3982.272606
342,3982.117271
343,3971.542011
344,3951.831002
345,3991.182921
346,3961.697189
347,3965.817504
348,4032.468421
349,4019.332631
350,4042.578245
351,4020.137140
352,4001.873668
353,3977.186109
354,4000.320677
355,4015.765598
356,3993.649968
357,3936.818556
358,3904.563411
359,3927.850016
360,3914.368258
361,3896.507884
362,3905.894809
363,3936.251267
364,3984.692380
365,3981.329263
366,3983.235577
367,4028.642759
368,4035.186421
369,4005.974626
370,4021.775043
371,4065.862548
372,4004.191062
373,4030.311811
374,4068.645462
375,4133.176253
376,4105.270702
377,4067.732180
378,4106.269827
379,4146.360230
380,4142.184460
381,4136.028437
382,4155.814150
383,4145.853355
384,4228.852732
385,4172.678146
386,4172.079823
387,4060.547314
388,4054.980207
389,4090.313735
390,4088.476518
391,4065.748302
392,4079.037637
393,4136.960448
394,4123.200026
395,4063.038353
396,4115.348435
397,4140.013245
398,4064.599435
399,4036.663123
400,4033.150539
401,3992.390956
402,4017.655922
403,3975.810008
404,3915.488455
405,3939.604109
406,3980.884602
407,3980.235421
408,3996.373831
409,3980.071551
410,3986.364141
411,4061.507182
412,4105.867152
413,4063.193884
414,4090.759573
415,4076.233613
416,4051.356294
417,4040.404726
418,4060.109686
419,4022.784735
420,4006.515208
421,4032.929364
422,4066.622597
423,4074.182218
424,4068.214254
425,4072.349216
426,4079.650616
427,4075.057389
428,3980.779425
429,4005.184019
430,4055.664036
431,4076.068777
432,4051.497117
433,4032.062047
434,4028.772937
435,4108.141519
436,4131.569391
437,4147.800983
438,4148.867675
439,4207.630473
440,4187.479197
441,4205.805991
442,4179.898961
443,4229.723251
444,4152.344344
445,4094.835743
446,4103.467651
447,4073.681634
448,4046.643237
449,4031.538995
450,4037.880267
451,4025.284881
452,4014.700731
453,4065.999870
454,4138.935646
455,4114.289201
456,4131.457064
457,4081.710078
458,4056.169759
459,4078.735352
460,4113.075716
461,4046.869882
462,4095.252676
463,4122.965602
464,4156.996006
465,4145.500096
466,4191.301169
467,4181.742974
468,4124.822231
469,4100.461410
470,4138.723604
471,4089.904988
472,4080.116465
473,4069.229073
474,4042.815785
475,3996.284331
476,3976.406853
477,4025.804911
478,4034.373398
479,4035.214233
480,4094.747701
481,4081.847007
482,4064.260415
483,4047.130853
484,4081.663928
485,4153.777271
486,4155.230042
487,4144.007879
488,4212.586715
489,4202.187830
490,4161.796840
491,4182.065423
492,4156.747235
493,4114.035943
494,4111.552983
495,4101.242713
496,4054.231895
497,4058.642154
498,4075.061946
499,4108.450799
