0,3342.333159
1,6664.044754
2,7064.229490
3,7196.030523
4,7328.477257
5,7411.127068
6,7576.147419
7,7656.214850
8,7702.066605
9,7760.654566
10,7808.934936
11,7843.109443
12,7847.617685
13,7909.681954
14,7948.746562
15,7916.679284
16,7960.783689
17,7999.622143
18,8061.546601
19,8106.037104
20,8086.476313
21,8132.877535
22,8111.266227
23,8096.921875
24,8116.668782
25,8174.287148
26,8261.651849
27,8209.133319
28,8272.754075
29,8264.974271
30,8273.871135
31,8303.556737
32,8371.843962
33,8362.440491
34,8397.550101
35,8402.996666
36,8459.904709
37,8454.729608
38,8465.471504
39,8569.854226
40,8531.243484
41,8626.539965
42,8670.003028
43,8741.693362
44,8741.201113
45,8728.898563
46,8827.407779
47,8851.931964
48,8893.206260
49,8984.270329
50,8910.355761
51,8988.363967
52,9020.411508
53,8888.211021
54,8987.668393
55,9139.815671
56,9226.651494
57,9181.091884
58,9223.244580
59,9216.981626
60,9327.842283
61,9259.492055
62,9350.904332
63,9380.025520
64,9410.496820
65,9488.433048
66,9415.085547
67,9483.604454
68,9404.425608
69,9470.000499
70,9577.889546
71,9642.055868
72,9726.894654
73,9725.094788
74,9692.587545
75,9742.690080
76,9695.608778
77,9775.312429
78,9792.620494
79,9870.691618
80,9966.322719
81,9872.518753
82,9976.922672
83,9998.702222
84,10061.789852
85,10030.851630
86,10017.258299
87,10066.057234
88,10135.134682
89,10037.130720
90,10086.475820
91,10190.941118
92,10342.853933
93,10266.099195
94,10479.770475
95,10359.414428
96,10418.786035
97,10251.289248
98,10437.344236
99,10544.703272
100,10363.137844
101,10367.277542
102,10385.326401
103,10368.001187
104,10227.029108
105,10471.711317
106,10692.743559
107,10458.870327
108,10455.827521
109,10542.164668
110,10556.330916
111,10592.058512
112,10540.251381
113,10573.063279
114,10676.492870
115,10561.354375
116,10740.429914
117,10787.917530
118,10717.365455
119,10852.825817
120,10816.703811
121,10656.142787
122,10525.125113
123,10810.637737
124,10775.745993
125,10700.493892
126,10851.797399
127,10886.493894
128,10802.575742
129,10819.878881
130,10805.388176
131,10835.808740
132,10915.111460
133,10950.547001
134,10788.855155
135,10741.841392
136,10999.178233
137,10982.806656
138,10991.057367
139,10938.172365
140,11107.361643
141,11050.721225
142,11317.242589
143,11221.425949
144,11133.489477
145,11189.147995
146,11230.903451
147,11189.018389
148,11147.389601
149,11323.587873
150,11254.571321
151,11416.812881
152,11379.374192
153,11323.156131
154,11345.575418
155,11381.902643
156,11348.357172
157,11421.841778
158,11476.778054
159,11605.302098
160,11431.601161
161,11763.132473
162,11523.069790
163,11642.431345
164,11653.817519
165,11439.168004
166,11696.918646
167,11683.143119
168,11857.794697
169,11804.036440
170,11847.217082
171,11899.910956
172,11774.145280
173,11855.571537
174,11825.820052
175,11980.601619
176,12044.728239
177,12109.251085
178,11988.009347
179,12045.691530
180,12254.111157
181,11993.515956
182,12076.707552
183,12147.025914
184,12265.599324
185,12142.903788
186,12206.336041
187,12374.377037
188,12136.911338
189,12119.552817
190,12209.815609
191,12468.794067
192,12592.648281
193,12511.459306
194,12167.736266
195,12096.639109
196,12289.054395
197,12447.718657
198,12303.023167
199,12396.512674
200,12452.168172
201,12489.780074
202,12556.400158
203,12523.196408
204,12650.781949
205,12788.575889
206,12741.206314
207,12717.994433
208,12800.743544
209,12738.579958
210,12585.360987
211,12712.566773
212,12717.014840
213,12827.884618
214,12846.544235
215,12958.092567
216,12712.108145
217,12934.735540
218,12859.377307
219,12894.325923
220,12987.981621
221,12821.548281
222,12738.310748
223,12787.994181
224,12818.203149
225,12909.596373
226,12947.129104
227,12922.357359
228,12855.993690
229,12902.766671
230,12896.543982
231,12892.046987
232,13056.986304
233,12967.163818
234,12930.100680
235,12983.617814
236,13002.927963
237,12989.567302
238,12941.426826
239,12935.258522
240,13025.566948
241,12953.088610
242,12974.899377
243,12915.430390
244,12963.580769
245,12878.209212
246,12923.258083
247,12824.320785
248,13050.119147
249,12942.230106
250,12991.953821
251,13002.611489
252,13090.009596
253,12946.567690
254,12837.037223
255,12954.567550
256,12965.947556
257,13029.396981
258,13033.521477
259,12982.692248
260,13038.824632
261,12870.529663
262,13038.440724
263,12950.885459
264,12980.127399
265,13031.331696
266,13038.231366
267,12918.696048
268,12851.122116
269,13016.040939
270,13094.690007
271,12968.395374
272,13041.661673
273,13043.399513
274,13048.123901
275,13094.562559
276,13050.469115
277,12951.985959
278,13071.801126
279,13060.968624
280,13010.855566
281,13059.346935
282,12836.688241
283,13092.742943
284,13015.776553
285,12953.437487
286,13079.585337
287,12975.015824
288,13096.146766
289,12942.743676
290,12959.518417
291,13039.746859
292,12925.579334
293,13041.098013
294,13128.604096
295,13097.259056
296,13101.349040
297,13076.080394
298,12905.934425
299,12973.202865
300,13082.700110
301,13058.938521
302,12873.397911
303,13054.086775
304,13037.561009
305,13057.734669
306,13052.204424
307,13085.083597
308,13149.883871
309,13106.814571
310,13207.348473
311,13141.039755
312,13179.846517
313,13194.140633
314,13130.431231
315,13190.201433
316,13199.402634
317,13115.005292
318,13182.256754
319,13188.938882
320,13208.547131
321,13196.646094
322,13126.963111
323,13031.825281
324,13160.580113
325,13048.880095
326,13145.028041
327,13041.240995
328,12941.863089
329,13166.968103
330,13223.145472
331,13223.173830
332,13151.870414
333,13001.456938
334,13125.927057
335,13075.812201
336,13188.817504
337,13140.329200
338,13161.109392
339,13237.487226
340,13158.043819
341,13192.712077
342,13098.454703
343,13124.272132
344,13088.923688
345,13119.416195
346,13204.839870
347,12989.186369
348,13177.169512
349,13105.427852
350,13253.446411
351,13266.698891
352,13210.983032
353,13233.435525
354,13140.152754
355,13096.030300
356,13165.698948
357,13136.390010
358,13155.306584
359,12985.727226
360,13137.462104
361,13071.033046
362,13116.813626
363,13096.015551
364,13110.825880
365,13174.654066
366,13136.106522
367,13067.205816
368,13082.853094
369,12882.297762
370,13210.093747
371,13189.991111
372,13236.728479
373,13109.237706
374,13135.474638
375,13127.428441
376,13226.973580
377,13214.432546
378,13193.050322
379,13220.760821
380,13265.545665
381,13234.713369
382,13130.518405
383,13222.169026
384,13002.365815
385,13167.048366
386,13075.030247
387,13125.649443
388,13124.279609
389,13170.192663
390,13290.839988
391,13099.007631
392,13152.571204
393,13110.032389
394,13200.373451
395,13264.987949
396,13236.173113
397,13061.787778
398,13159.309480
399,13163.747886
400,13153.415720
401,12979.883435
402,13105.887462
403,13156.740272
404,13097.939506
405,13183.256982
406,13169.539254
407,13197.403359
408,13235.971752
409,13149.337135
410,13159.901426
411,13118.244836
412,13110.134355
413,13025.684156
414,13179.361555
415,13147.267476
416,13181.479290
417,13031.130351
418,13241.212684
419,13140.149497
420,13215.437280
421,13206.851742
422,13153.937024
423,13133.583003
424,13203.352459
425,13130.086806
426,13130.597105
427,13097.060636
428,13242.358820
429,13083.841308
430,13069.402024
431,13145.125991
432,13275.205455
433,13044.151927
434,13075.963855
435,13172.003534
436,13234.695574
437,13171.539962
438,13136.906762
439,13073.810114
440,13111.539498
441,13171.088533
442,13170.381094
443,13078.659066
444,13110.116895
445,13138.140252
446,13086.663590
447,13167.576952
448,13190.175397
449,13117.769447
450,13034.796518
451,13082.769612
452,13088.127021
453,13079.295005
454,13012.744227
455,13121.418422
456,13141.454160
457,13187.538773
458,13197.329186
459,13109.573176
460,13007.560661
461,13097.045877
462,13105.395310
463,13104.817291
464,13061.230331
465,12951.968545
466,13125.917833
467,13141.333701
468,13138.916859
469,13148.532461
470,13200.343107
471,13148.288030
472,13179.625092
473,13050.122740
474,13025.336760
475,13134.145030
476,12983.961088
477,13151.241127
478,13161.683849
479,13173.219782
480,13016.593389
481,13152.007634
482,13264.876479
483,13235.235353
484,13188.357415
485,13154.527278
486,13077.957911
487,13082.174792
488,13186.194231
489,13243.385029
490,13197.725286
491,13131.624020
492,13255.147754
493,13104.129301
494,13238.055057
495,13213.895289
496,13065.307666
497,13042.384446
498,13105.146759
499,13154.613393
