0,3328.383507
1,6643.991845
2,6970.712808
3,7212.028996
4,7366.242822
5,7541.087204
6,7797.999629
7,7919.304528
8,8052.004072
9,8168.638109
10,8304.498505
11,8392.727137
12,8433.572780
13,8546.212564
14,8592.507875
15,8659.445799
16,8777.649638
17,8845.267940
18,8927.814008
19,9038.315213
20,9108.972742
21,9128.237668
22,9203.492743
23,9270.685159
24,9283.486517
25,9384.251469
26,9493.155398
27,9564.672125
28,9615.439318
29,9687.069236
30,9775.527542
31,9851.956111
32,9962.623996
33,9989.841007
34,10108.247191
35,10080.363021
36,10133.551494
37,10206.966651
38,10279.532571
39,10381.753958
40,10482.993116
41,10482.032440
42,10538.029221
43,10654.321272
44,10568.456560
45,10610.341575
46,10642.632212
47,10756.330080
48,10763.335751
49,10761.023994
50,10866.736620
51,10972.355098
52,10997.730394
53,10963.667532
54,11053.263366
55,11115.544156
56,11182.287489
57,11161.013004
58,11133.947855
59,11190.559118
60,11115.835965
61,11139.085840
62,11207.201445
63,11163.270484
64,11232.385977
65,11302.118099
66,11285.260893
67,11204.181324
68,11178.615804
69,11252.810418
70,11256.613165
71,11283.575654
72,11383.513525
73,11270.862540
74,11292.299287
75,11287.796166
76,11345.360310
77,11360.737625
78,11268.512684
79,11234.161379
80,11283.657848
81,11217.397033
82,11284.481329
83,11325.276372
84,11326.438730
85,11279.577129
86,11249.667918
87,11299.947364
88,11315.218873
89,11343.502939
90,11263.483398
91,11320.235758
92,11272.516987
93,11276.977127
94,11236.372505
95,11304.070993
96,11293.729711
97,11207.902627
98,11302.415878
99,11273.778130
100,11338.364104
101,11326.994705
102,11312.165471
103,11295.175375
104,11338.911486
105,11319.715727
106,11337.028687
107,11385.683399
108,11343.658282
109,11179.595509
110,11303.671576
111,11374.367393
112,11376.837325
113,11418.415143
114,11352.310052
115,11340.285212
116,11383.169384
117,11384.499933
118,11313.448319
119,11370.678204
120,11339.342126
121,11349.195849
122,11300.582088
123,11270.388356
124,11308.555102
125,11300.138740
126,11332.127899
127,11276.788040
128,11323.758457
129,11273.809406
130,11238.977643
131,11299.400282
132,11278.608704
133,11272.729423
134,11343.428091
135,11357.302943
136,11313.228939
137,11260.167155
138,11308.221614
139,11346.845118
140,11400.355004
141,11277.149556
142,11275.900884
143,11213.949112
144,11249.061477
145,11288.816088
146,11345.713159
147,11319.898272
148,11346.739241
149,11338.464989
150,11314.273032
151,11339.059114
152,11337.414642
153,11260.933953
154,11304.371817
155,11305.921478
156,11397.817078
157,11360.415197
158,11359.292866
159,11354.699197
160,11392.441568
161,11373.701708
162,11315.467967
163,11329.398467
164,11394.175585
165,11334.730612
166,11311.342405
167,11287.729937
168,11344.901999
169,11371.791811
170,11322.693890
171,11324.968522
172,11387.988782
173,11304.044981
174,11311.963887
175,11323.235472
176,11332.269295
177,11308.119676
178,11315.579709
179,11351.883537
180,11347.794611
181,11284.210986
182,11276.367134
183,11361.770987
184,11315.245175
185,11349.386375
186,11335.583157
187,11348.646576
188,11299.066578
189,11223.811965
190,11340.859824
191,11284.965087
192,11303.770040
193,11230.844368
194,11305.068767
195,11233.005462
196,11325.052388
197,11336.884316
198,11281.280246
199,11249.074862
200,11284.360199
201,11306.442682
202,11364.295012
203,11330.020213
204,11343.102115
205,11334.378485
206,11347.687187
207,11335.601833
208,11314.587876
209,11335.551120
210,11372.184601
211,11304.204025
212,11282.418055
213,11274.466434
214,11301.913830
215,11272.514272
216,11329.778445
217,11276.239248
218,11170.761798
219,11325.416565
220,11326.526868
221,11287.481490
222,11354.158034
223,11338.434654
224,11297.691546
225,11364.327326
226,11287.656323
227,11256.337188
228,11248.901157
229,11280.927898
230,11238.224641
231,11269.640111
232,11318.153436
233,11338.607713
234,11369.572717
235,11304.746103
236,11246.439672
237,11301.049628
238,11362.423455
239,11342.503573
240,11229.004005
241,11236.336990
242,11200.546947
243,11291.606858
244,11278.990354
245,11293.582326
246,11347.349536
247,11405.002038
248,11340.570336
249,11322.185955
250,11362.182206
251,11282.620814
252,11275.024656
253,11259.698322
254,11380.330210
255,11320.749801
256,11330.960205
257,11390.795816
258,11370.693626
259,11326.371724
260,11367.250488
261,11361.368060
262,11267.315706
263,11258.129698
264,11248.223239
265,11282.277840
266,11296.992716
267,11303.016212
268,11294.493337
269,11269.998293
270,11205.167644
271,11253.927536
272,11327.412721
273,11357.709510
274,11393.149533
275,11346.764338
276,11285.865607
277,11359.852546
278,11354.645254
279,11316.968730
280,11285.381790
281,11323.132698
282,11345.005055
283,11391.793546
284,11406.257918
285,11301.934437
286,11362.992546
287,11323.785344
288,11369.796271
289,11311.913026
290,11319.848507
291,11314.623383
292,11382.874670
293,11382.243842
294,11359.441256
295,11349.620447
296,11306.037554
297,11339.870969
298,11298.595675
299,11239.748843
300,11258.513326
301,11219.044614
302,11332.399182
303,11356.019259
304,11323.604178
305,11290.386479
306,11341.790663
307,11297.978276
308,11282.187001
309,11390.712518
310,11385.981040
311,11355.139322
312,11313.335221
313,11340.315273
314,11340.303837
315,11314.677370
316,11334.515924
317,11359.435541
318,11309.935406
319,11226.462340
320,11205.274688
321,11308.329426
322,11359.769404
323,11378.554540
324,11329.644464
325,11285.554421
326,11321.696773
327,11314.985136
328,11309.700732
329,11320.607384
330,11328.840155
331,11327.888654
332,11304.042155
333,11312.781619
334,11222.578437
335,11264.218488
336,11290.401098
337,11276.113782
338,11249.663223
339,11348.096702
340,11340.732851
341,11285.887403
342,11331.543068
343,11390.667758
344,11313.721929
345,11312.131578
346,11204.560814
347,11229.916353
348,11264.225257
349,11317.432163
350,11266.640249
351,11386.616276
352,11397.069963
353,11317.974785
354,11380.928674
355,11350.153558
356,11337.321659
357,11353.537000
358,11364.534471
359,11395.571877
360,11368.996392
361,11422.897314
362,11335.708068
363,11314.808404
364,11357.211425
365,11281.132854
366,11255.923726
367,11317.750217
368,11281.602529
369,11305.261686
370,11331.124023
371,11248.126781
372,11302.526314
373,11356.474377
374,11370.491777
375,11292.556517
376,11352.894550
377,11324.957333
378,11341.241360
379,11289.449518
380,11292.147618
381,11345.261701
382,11310.979952
383,11359.473686
384,11330.194533
385,11394.514089
386,11351.356324
387,11268.429879
388,11336.456787
389,11346.490218
390,11175.746468
391,11246.316554
392,11237.599225
393,11309.648109
394,11292.638154
395,11233.825885
396,11229.848815
397,11317.890625
398,11260.841444
399,11341.858310
400,11292.625793
401,11360.231227
402,11373.357067
403,11328.350904
404,11321.411083
405,11300.310536
406,11295.005186
407,11267.593566
408,11257.536419
409,11309.332430
410,11292.242121
411,11335.633603
412,11387.414807
413,11406.200578
414,11316.123567
415,11293.103009
416,11407.688098
417,11412.145863
418,11327.374870
419,11355.770371
420,11279.809147
421,11321.533995
422,11320.141880
423,11326.057877
424,11306.629030
425,11315.447728
426,11341.590007
427,11379.299896
428,11310.465712
429,11269.690327
430,11376.982588
431,11342.553960
432,11401.456500
433,11326.692467
434,11313.285885
435,11270.444182
436,11297.026946
437,11287.599252
438,11309.743905
439,11310.307664
440,11340.987479
441,11283.223956
442,11345.969149
443,11294.115502
444,11214.185726
445,11235.469495
446,11314.526064
447,11366.361334
448,11265.740484
449,11318.749909
450,11307.889080
451,11370.515562
452,11369.749237
453,11352.887840
454,11269.356207
455,11367.060605
456,11390.820044
457,11401.740554
458,11403.157042
459,11367.691482
460,11351.127259
461,11286.430538
462,11336.399980
463,11334.277874
464,11287.227474
465,11359.456880
466,11368.987047
467,11300.241561
468,11341.854082
469,11355.743328
470,11260.864406
471,11274.078641
472,11320.240414
473,11260.814216
474,11356.077893
475,11259.158396
476,11234.503735
477,11268.734783
478,11376.865708
479,11270.394368
480,11305.872598
481,11325.962605
482,11213.487191
483,11245.390853
484,11299.886814
485,11213.051308
486,11300.064261
487,11376.226245
488,11339.785453
489,11298.919755
490,11259.854914
491,11266.335962
492,11300.232304
493,11310.324982
494,11266.014561
495,11297.247436
496,11289.111080
497,11281.223603
498,11249.785930
499,11265.286780
