0,3361.396200
1,3384.968849
2,3423.082109
3,3491.629623
4,3540.513955
5,3575.999415
6,3563.791676
7,3605.656534
8,3575.167284
9,3528.514380
10,3552.776329
11,3506.041527
12,3530.697647
13,3527.398420
14,3533.063494
15,3563.597925
16,3558.917023
17,3557.796515
18,3515.517907
19,3493.508861
20,3548.296207
21,3519.290432
22,3540.772271
23,3504.942565
24,3512.962051
25,3532.977770
26,3537.347540
27,3494.568153
28,3494.040920
29,3505.121438
30,3506.800054
31,3508.033734
32,3542.610756
33,3549.702191
34,3600.531811
35,3577.815612
36,3555.805632
37,3571.783736
38,3552.382537
39,3517.664912
40,3488.313212
41,3482.574666
42,3494.294526
43,3519.788006
44,3565.956988
45,3537.747399
46,3535.952602
47,3532.891622
48,3517.689989
49,3506.721434
50,3530.363307
51,3578.166101
52,3565.782624
53,3551.660728
54,3548.139030
55,3563.193458
56,3566.931964
57,3554.439272
58,3538.759362
59,3544.721946
60,3513.043331
61,3498.508761
62,3501.904493
63,3532.156083
64,3543.396526
65,3520.544383
66,3527.325463
67,3545.474546
68,3547.746523
69,3531.965176
70,3562.362309
71,3523.210736
72,3549.425846
73,3544.192813
74,3548.889675
75,3557.668603
76,3573.200318
77,3606.897487
78,3605.559528
79,3567.988506
80,3518.083344
81,3479.877369
82,3493.174125
83,3455.432607
84,3421.302497
85,3413.313068
86,3442.249525
87,3453.217208
88,3482.340444
89,3499.954925
90,3512.871704
91,3544.020896
92,3576.105633
93,3594.731651
94,3567.169876
95,3575.529982
96,3517.973303
97,3554.263784
98,3544.626565
99,3532.160885
100,3547.576016
101,3534.705347
102,3520.619865
103,3486.360292
104,3525.840910
105,3549.108362
106,3548.134524
107,3578.575889
108,3586.695765
109,3556.404912
110,3537.585228
111,3545.412444
112,3564.271112
113,3565.527551
114,3511.820026
115,3545.433292
116,3579.317886
117,3598.137069
118,3593.854960
119,3569.717703
120,3514.051927
121,3548.838951
122,3558.730513
123,3616.317512
124,3596.816417
125,3568.736945
126,3590.789232
127,3546.142773
128,3560.813922
129,3575.323247
130,3555.825883
131,3513.352605
132,3533.842530
133,3495.998169
134,3485.886125
135,3485.313384
136,3518.281778
137,3543.980944
138,3555.850105
139,3547.161257
140,3540.032705
141,3519.954518
142,3485.863619
143,3500.190387
144,3529.154177
145,3487.091479
146,3494.918730
147,3490.238522
148,3440.029139
149,3459.206548
150,3470.566578
151,3463.561329
152,3443.290816
153,3461.225603
154,3515.075536
155,3544.146886
156,3578.278229
157,3550.264591
158,3574.665790
159,3554.379523
160,3560.128720
161,3520.229448
162,3514.104951
163,3479.552088
164,3474.453713
165,3499.224196
166,3542.662492
167,3548.534833
168,3538.078800
169,3533.451233
170,3503.731041
171,3473.452890
172,3443.505364
173,3483.802563
174,3468.388848
175,3507.605000
176,3461.707716
177,3439.770378
178,3454.217536
179,3453.950566
180,3458.254880
181,3473.960705
182,3515.319632
183,3499.770394
184,3522.528252
185,3508.000850
186,3499.400883
187,3494.574856
188,3531.431774
189,3537.417208
190,3519.222015
191,3523.426713
192,3539.396186
193,3528.284132
194,3516.466334
195,3536.646696
196,3530.166501
197,3506.759400
198,3546.335701
199,3511.468535
200,3437.433293
201,3426.721742
202,3499.404859
203,3501.282880
204,3502.272156
205,3483.303395
206,3503.965730
207,3505.185495
208,3483.238795
209,3532.372341
210,3541.875927
211,3526.424343
212,3515.151843
213,3544.337536
214,3560.257732
215,3563.515974
216,3585.966936
217,3565.516802
218,3544.627211
219,3576.324565
220,3551.421968
221,3573.546408
222,3565.350178
223,3525.003327
224,3481.321656
225,3484.781782
226,3455.749963
227,3489.382254
228,3504.528259
229,3472.322874
230,3459.065865
231,3496.709340
232,3554.995871
233,3579.855845
234,3566.354250
235,3553.663346
236,3562.877670
237,3623.070137
238,3614.333743
239,3536.727713
240,3561.984357
241,3536.067196
242,3544.016603
243,3521.442226
244,3542.262811
245,3526.314928
246,3535.346648
247,3587.403757
248,3558.437184
249,3572.777148
250,3548.011516
251,3520.891521
252,3574.991760
253,3565.678150
254,3552.815885
255,3557.301882
256,3560.400707
257,3605.416339
258,3537.865889
259,3499.711596
260,3548.161061
261,3529.704618
262,3512.713883
263,3480.826755
264,3498.264717
265,3505.709351
266,3529.305721
267,3582.998602
268,3568.211104
269,3555.069844
270,3525.984456
271,3511.234326
272,3489.010710
273,3490.877735
274,3458.053746
275,3495.035692
276,3502.852896
277,3481.529539
278,3502.930407
279,3483.248180
280,3499.175180
281,3511.351758
282,3518.393928
283,3541.100191
284,3537.683788
285,3562.786434
286,3580.625236
287,3536.461572
288,3514.614674
289,3475.811267
290,3531.241957
291,3519.767195
292,3518.959998
293,3514.234204
294,3481.655154
295,3516.924173
296,3510.948303
297,3543.572798
298,3512.266995
299,3517.981163
300,3517.096178
301,3545.172900
302,3512.520067
303,3484.513217
304,3464.753924
305,3485.930964
306,3476.022544
307,3495.701765
308,3525.146638
309,3531.453339
310,3494.007759
311,3480.507898
312,3496.054478
313,3495.591194
314,3482.921749
315,3530.867098
316,3525.265874
317,3522.652775
318,3531.866118
319,3548.208630
320,3553.675354
321,3524.111342
322,3555.877467
323,3560.014244
324,3561.898373
325,3547.650205
326,3562.336695
327,3544.445959
328,3556.952208
329,3530.733201
330,3529.843919
331,3555.657099
332,3568.626401
333,3581.809371
334,3557.383086
335,3503.979330
336,3556.224104
337,3534.205327
338,3558.739831
339,3529.131525
340,3481.585004
341,3497.119551
342,3540.861151
343,3502.524279
344,3493.397934
345,3490.088083
346,3491.717016
347,3510.755095
348,3517.138329
349,3558.513325
350,3547.673612
351,3572.511137
352,3475.946437
353,3486.716125
354,3540.771701
355,3558.157016
356,3532.555962
357,3539.496889
358,3510.393395
359,3514.068316
360,3472.810405
361,3488.598982
362,3486.857157
363,3493.512998
364,3540.187927
365,3514.487011
366,3540.778046
367,3585.339485
368,3640.962445
369,3603.582662
370,3578.808507
371,3535.923357
372,3565.734164
373,3566.921863
374,3540.315835
375,3519.398684
376,3508.472630
377,3507.703253
378,3536.895956
379,3502.433371
380,3538.020414
381,3540.594901
382,3580.589537
383,3572.412267
384,3593.570259
385,3555.889711
386,3564.103515
387,3539.450402
388,3573.248357
389,3626.542713
390,3602.143356
391,3626.674288
392,3576.048859
393,3548.513674
394,3546.356346
395,3538.062833
396,3547.528203
397,3559.855477
398,3521.065263
399,3523.846947
400,3511.291238
401,3575.937884
402,3605.575526
403,3588.279869
404,3588.918382
405,3554.397579
406,3514.271739
407,3489.718958
408,3531.824745
409,3569.950302
410,3584.477183
411,3584.996487
412,3543.556446
413,3507.430788
414,3502.563690
415,3509.930997
416,3472.533990
417,3480.458691
418,3491.092383
419,3454.722311
420,3482.497966
421,3453.604388
422,3476.625990
423,3489.492555
424,3522.447488
425,3499.281354
426,3488.103097
427,3501.296437
428,3504.520756
429,3503.944592
430,3421.539705
431,3414.488146
432,3461.807742
433,3459.130161
434,3406.762891
435,3407.610437
436,3464.964546
437,3457.442953
438,3499.769969
439,3503.313714
440,3497.048925
441,3516.045498
442,3523.997018
443,3550.546566
444,3562.617065
445,3542.305431
446,3574.859269
447,3586.015819
448,3600.338732
449,3583.856188
450,3559.002576
451,3532.599947
452,3511.951079
453,3540.555426
454,3537.617774
455,3535.340511
456,3514.469549
457,3465.306003
458,3428.003514
459,3427.155669
460,3448.548566
461,3431.703529
462,3429.087912
463,3486.243973
464,3438.606483
465,3472.334564
466,3477.792168
467,3494.759324
468,3513.349824
469,3550.625539
470,3536.067594
471,3522.000374
472,3489.145966
473,3472.955465
474,3512.118253
475,3530.570782
476,3528.463776
477,3520.853055
478,3527.301271
479,3526.864474
480,3501.104319
481,3518.334506
482,3528.762981
483,3523.413483
484,3508.194728
485,3525.956214
486,3557.039433
487,3534.603532
488,3534.288949
489,3540.099905
490,3503.227735
491,3529.082911
492,3490.771565
493,3476.744515
494,3534.247660
495,3496.885231
496,3498.240926
497,3517.243144
498,3512.923631
499,3511.676306
