0,3366.671188
1,3662.691460
2,3809.594306
3,3911.655045
4,3993.426320
5,4070.943179
6,4139.077139
7,4207.876991
8,4268.581466
9,4313.231571
10,4366.246016
11,4416.312505
12,4451.785374
13,4493.004530
14,4529.316192
15,4567.751889
16,4615.650343
17,4659.156439
18,4722.513429
19,4778.206528
20,4829.801766
21,4875.926086
22,4930.012762
23,4993.909662
24,5069.230952
25,5148.083183
26,5231.212467
27,5305.470980
28,5391.711385
29,5468.727809
30,5543.119069
31,5596.054273
32,5629.355272
33,5664.748402
34,5695.685986
35,5727.521435
36,5762.637134
37,5798.586203
38,5831.742839
39,5853.935933
40,5874.573228
41,5887.817811
42,5897.052058
43,5902.781652
44,5907.849873
45,5915.104410
46,5921.420793
47,5923.478867
48,5924.775897
49,5924.775897
50,5924.775897
51,5924.775897
52,5924.775897
53,5924.775897
54,5924.775897
55,5924.775897
56,5924.775897
57,5924.775897
58,5924.775897
59,5924.775897
60,5924.775897
61,5924.775897
62,5924.775897
63,5924.775897
64,5924.775897
65,5924.775897
66,5924.775897
67,5924.775897
68,5924.775897
69,5924.775897
70,5924.775897
71,5924.775897
72,5924.775897
73,5924.775897
74,5924.775897
75,5924.775897
76,5924.775897
77,5924.775897
78,5924.775897
79,5924.775897
80,5924.775897
81,5924.775897
82,5924.775897
83,5924.775897
84,5924.775897
85,5924.775897
86,5924.775897
87,5924.775897
88,5924.775897
89,5924.775897
90,5924.775897
91,5924.775897
92,5924.775897
93,5924.775897
94,5924.775897
95,5924.775897
96,5924.775897
97,5924.775897
98,5924.775897
99,5924.775897
100,5924.775897
101,5924.775897
102,5924.775897
103,5924.775897
104,5924.775897
105,5924.775897
106,5924.775897
107,5924.775897
108,5924.775897
109,5924.775897
110,5924.775897
111,5924.775897
112,5924.775897
113,5924.775897
114,5924.775897
115,5924.775897
116,5924.775897
117,5924.775897
118,5924.775897
119,5924.775897
120,5924.775897
121,5924.775897
122,5924.775897
123,5924.775897
124,5924.775897
125,5924.775897
126,5924.775897
127,5924.775897
128,5924.775897
129,5924.775897
130,5924.775897
131,5924.775897
132,5924.775897
133,5924.775897
134,5924.775897
135,5924.775897
136,5924.775897
137,5924.775897
138,5924.775897
139,5924.775897
140,5924.775897
141,5924.775897
142,5924.775897
143,5924.775897
144,5924.775897
145,5924.775897
146,5924.775897
147,5924.775897
148,5924.775897
149,5924.775897
150,5924.775897
151,5924.775897
152,5924.775897
153,5924.775897
154,5924.775897
155,5924.775897
156,5924.775897
157,5924.775897
158,5924.775897
159,5924.775897
160,5924.775897
161,5924.775897
162,5924.775897
163,5924.775897
164,5924.775897
165,5924.775897
166,5924.775897
167,5924.775897
168,5924.775897
169,5924.775897
170,5924.775897
171,5924.775897
172,5924.775897
173,5924.775897
174,5924.775897
175,5924.775897
176,5924.775897
177,5924.775897
178,5924.775897
179,5924.775897
180,5924.775897
181,5924.775897
182,5924.775897
183,5924.775897
184,5924.775897
185,5924.775897
186,5924.775897
187,5924.775897
188,5924.775897
189,5924.775897
190,5924.775897
191,5924.775897
192,5924.775897
193,5924.775897
194,5924.775897
195,5924.775897
196,5924.775897
197,5924.775897
198,5924.775897
199,5924.775897
200,5924.775897
201,5924.775897
202,5924.775897
203,5924.775897
204,5924.775897
205,5924.775897
206,5924.775897
207,5924.775897
208,5924.775897
209,5924.775897
210,5924.775897
211,5924.775897
212,5924.775897
213,5924.775897
214,5924.775897
215,5924.775897
216,5924.775897
217,5924.775897
218,5924.775897
219,5924.775897
220,5924.775897
221,5924.775897
222,5924.775897
223,5924.775897
224,5924.775897
225,5924.775897
226,5924.775897
227,5924.775897
228,5924.775897
229,5924.775897
230,5924.775897
231,5924.775897
232,5924.775897
233,5924.775897
234,5924.775897
235,5924.775897
236,5924.775897
237,5924.775897
238,5924.775897
239,5924.775897
240,5924.775897
241,5924.775897
242,5924.775897
243,5924.775897
244,5924.775897
245,5924.775897
246,5924.775897
247,5924.775897
248,5924.775897
249,5924.775897
250,5924.775897
251,5924.775897
252,5924.775897
253,5924.775897
254,5924.775897
255,5924.775897
256,5924.775897
257,5924.775897
258,5924.775897
259,5924.775897
260,5924.775897
261,5924.775897
262,5924.775897
263,5924.775897
264,5924.775897
265,5924.775897
266,5924.775897
267,5924.775897
268,5924.775897
269,5924.775897
270,5924.775897
271,5924.775897
272,5924.775897
273,5924.775897
274,5924.775897
275,5924.775897
276,5924.775897
277,5924.775897
278,5924.775897
279,5924.775897
280,5924.775897
281,5924.775897
282,5924.775897
283,5924.775897
284,5924.775897
285,5924.775897
286,5924.775897
287,5924.775897
288,5924.775897
289,5924.775897
290,5924.775897
291,5924.775897
292,5924.775897
293,5924.775897
294,5924.775897
295,5924.775897
296,5924.775897
297,5924.775897
298,5924.775897
299,5924.775897
300,5924.775897
301,5924.775897
302,5924.775897
303,5924.775897
304,5924.775897
305,5924.775897
306,5924.775897
307,5924.775897
308,5924.775897
309,5924.775897
310,5924.775897
311,5924.775897
312,5924.775897
313,5924.775897
314,5924.775897
315,5924.775897
316,5924.775897
317,5924.775897
318,5924.775897
319,5924.775897
320,5924.775897
321,5924.775897
322,5924.775897
323,5924.775897
324,5924.775897
325,5924.775897
326,5924.775897
327,5924.775897
328,5924.775897
329,5924.775897
330,5924.775897
331,5924.775897
332,5924.775897
333,5924.775897
334,5924.775897
335,5924.775897
336,5924.775897
337,5924.775897
338,5924.775897
339,5924.775897
340,5924.775897
341,5924.775897
342,5924.775897
343,5924.775897
344,5924.775897
345,5924.775897
346,5924.775897
347,5924.775897
348,5924.775897
349,5924.775897
350,5924.775897
351,5924.775897
352,5924.775897
353,5924.775897
354,5924.775897
355,5924.775897
356,5924.775897
357,5924.775897
358,5924.775897
359,5924.775897
360,5924.775897
361,5924.775897
362,5924.775897
363,5924.775897
364,5924.775897
365,5924.775897
366,5924.775897
367,5924.775897
368,5924.775897
369,5924.775897
370,5924.775897
371,5924.775897
372,5924.775897
373,5924.775897
374,5924.775897
375,5924.775897
376,5924.775897
377,5924.775897
378,5924.775897
379,5924.775897
380,5924.775897
381,5924.775897
382,5924.775897
383,5924.775897
384,5924.775897
385,5924.775897
386,5924.775897
387,5924.775897
388,5924.775897
389,5924.775897
390,5924.775897
391,5924.775897
392,5924.775897
393,5924.775897
394,5924.775897
395,5924.775897
396,5924.775897
397,5924.775897
398,5924.775897
399,5924.775897
400,5924.775897
401,5924.775897
402,5924.775897
403,5924.775897
404,5924.775897
405,5924.775897
406,5924.775897
407,5924.775897
408,5924.775897
409,5924.775897
410,5924.775897
411,5924.775897
412,5924.775897
413,5924.775897
414,5924.775897
415,5924.775897
416,5924.775897
417,5924.775897
418,5924.775897
419,5924.775897
420,5924.775897
421,5924.775897
422,5924.775897
423,5924.775897
424,5924.775897
425,5924.775897
426,5924.775897
427,5924.775897
428,5924.775897
429,5924.775897
430,5924.775897
431,5924.775897
432,5924.775897
433,5924.775897
434,5924.775897
435,5924.775897
436,5924.775897
437,5924.775897
438,5924.775897
439,5924.775897
440,5924.775897
441,5924.775897
442,5924.775897
443,5924.775897
444,5924.775897
445,5924.775897
446,5924.775897
447,5924.775897
448,5924.775897
449,5924.775897
450,5924.775897
451,5924.775897
452,5924.775897
453,5924.775897
454,5924.775897
455,5924.775897
456,5924.775897
457,5924.775897
458,5924.775897
459,5924.775897
460,5924.775897
461,5924.775897
462,5924.775897
463,5924.775897
464,5924.775897
465,5924.775897
466,5924.775897
467,5924.775897
468,5924.775897
469,5924.775897
470,5924.775897
471,5924.775897
472,5924.775897
473,5924.775897
474,5924.775897
475,5924.775897
476,5924.775897
477,5924.775897
478,5924.775897
479,5924.775897
480,5924.775897
481,5924.775897
482,5924.775897
483,5924.775897
484,5924.775897
485,5924.775897
486,5924.775897
487,5924.775897
488,5924.775897
489,5924.775897
490,5924.775897
491,5924.775897
492,5924.775897
493,5924.775897
494,5924.775897
495,5924.775897
496,5924.775897
497,5924.775897
498,5924.775897
499,5924.775897
