0,3336.047121
1,6864.225812
2,7386.243080
3,7670.725104
4,7819.072907
5,7950.249100
6,8045.147982
7,8042.760697
8,8158.983573
9,8298.651238
10,8362.154241
11,8395.843760
12,8596.201981
13,8696.579109
14,8632.484608
15,8657.417455
16,8809.451394
17,8900.323122
18,8908.748649
19,9095.819541
20,8953.950266
21,9199.653938
22,9393.127929
23,9458.133986
24,9504.381762
25,9442.532663
26,9609.953417
27,9746.559509
28,9866.106113
29,9793.317440
30,9922.651481
31,9861.666681
32,10139.782440
33,10107.127613
34,10176.579130
35,10115.923913
36,10214.087960
37,10175.343940
38,10313.875786
39,10528.295678
40,10482.144722
41,10332.921278
42,10280.003165
43,10430.578875
44,10319.448931
45,10269.631899
46,10396.698065
47,10203.849993
48,10296.683669
49,10376.618834
50,10318.540884
51,10432.518625
52,10398.537725
53,10502.391539
54,10559.275432
55,10595.684017
56,10639.111642
57,10631.537929
58,10712.089921
59,10547.970987
60,10657.508349
61,10559.260803
62,10572.980651
63,10677.962886
64,10615.827215
65,10710.033665
66,10852.324720
67,10756.943941
68,10535.326991
69,10699.351532
70,10778.418155
71,10802.645186
72,10724.083494
73,10534.639199
74,10558.207214
75,10645.985265
76,10530.053109
77,10594.547881
78,10721.660290
79,10689.983447
80,10808.674649
81,10704.787450
82,10716.720941
83,10714.885910
84,10789.816847
85,10702.599950
86,10710.497793
87,10802.912069
88,10666.422388
89,10676.831339
90,10660.691091
91,10698.737319
92,10718.322504
93,10737.176118
94,10628.588939
95,10789.157184
96,10631.109197
97,10838.939178
98,10457.285207
99,10688.830833
100,10823.146924
101,10653.071500
102,10869.582423
103,10882.129840
104,11015.044830
105,10933.149578
106,10861.526533
107,10885.109910
108,10952.114393
109,10745.642891
110,10867.110080
111,10851.281546
112,10759.305155
113,10759.310807
114,10791.502112
115,10867.390900
116,10886.725229
117,10937.239341
118,10849.554950
119,10978.146082
120,11081.656201
121,11067.818149
122,10913.783721
123,10976.022619
124,10815.057624
125,10869.289834
126,10951.035055
127,10927.160693
128,10774.066063
129,10892.834036
130,10836.176771
131,10872.582314
132,10557.333080
133,10704.351267
134,10759.018809
135,10854.618754
136,10873.592991
137,10859.491045
138,10857.540825
139,10934.862159
140,11057.682091
141,10929.876899
142,10778.728866
143,10509.822846
144,10715.192136
145,10978.253351
146,10823.367328
147,10720.624453
148,10927.799771
149,10758.777855
150,10657.433310
151,10745.872612
152,10714.211156
153,10877.502924
154,10696.228940
155,10707.695930
156,10482.185384
157,10777.959780
158,10721.363242
159,10730.172377
160,10689.221707
161,10871.518742
162,10797.473562
163,10947.350690
164,10992.676168
165,10777.490754
166,10825.591097
167,10837.958699
168,10770.848906
169,10887.447388
170,10859.181734
171,10931.491994
172,10905.720429
173,10864.597257
174,10909.262179
175,10953.654908
176,10813.090054
177,10831.941115
178,10873.255285
179,10892.767641
180,10905.280072
181,10800.729057
182,10863.567441
183,10985.872090
184,10966.733792
185,10844.974719
186,10864.753689
187,10878.154738
188,10837.834783
189,10804.129414
190,10701.210636
191,10634.315817
192,10731.104432
193,10707.327274
194,10926.527545
195,10832.602636
196,10811.657070
197,10778.676893
198,10792.480409
199,10797.125202
200,10776.217662
201,10660.275560
202,10697.069966
203,10582.858954
204,10907.710468
205,10978.339521
206,10949.153352
207,10986.573127
208,10843.526166
209,10863.027277
210,10938.362831
211,10656.388281
212,10804.418117
213,10810.081536
214,10847.713561
215,10803.437439
216,10755.608961
217,10718.699476
218,10781.054659
219,10807.549904
220,10732.556569
221,10817.480994
222,10811.521027
223,10600.670475
224,10485.801792
225,10603.521380
226,10732.646880
227,10871.479779
228,10840.229584
229,10809.276856
230,10821.564723
231,10873.580970
232,10724.077395
233,10812.806774
234,10851.779124
235,10876.389549
236,10928.828528
237,10740.769923
238,10767.486436
239,10621.343684
240,10741.877409
241,10894.076874
242,10757.396822
243,10823.320793
244,10800.309619
245,10909.343949
246,10760.434061
247,10824.143825
248,10746.464643
249,10816.085504
250,10790.972715
251,10810.434535
252,10899.157720
253,10834.843471
254,10735.502030
255,10811.701880
256,10752.029212
257,10836.268291
258,10607.218809
259,10582.094508
260,10722.464752
261,10793.408868
262,10901.277753
263,10829.056830
264,10898.333207
265,10821.292233
266,10723.912645
267,10917.251440
268,10979.044650
269,10975.740590
270,10865.818618
271,10820.256164
272,10787.473155
273,10696.106225
274,10674.105632
275,10711.219091
276,10554.562216
277,10755.606633
278,10742.326612
279,11010.716067
280,10938.783407
281,10922.302538
282,10987.015884
283,10920.133931
284,10857.214807
285,10781.231072
286,10882.260257
287,10719.995807
288,10890.849438
289,10921.193972
290,10816.786613
291,10799.911167
292,10654.683326
293,10598.729957
294,10762.523109
295,10903.273623
296,10757.496071
297,10805.383070
298,10581.317330
299,10705.649254
300,10825.140513
301,10720.948927
302,10884.846948
303,10835.308102
304,10957.045384
305,10859.854218
306,10823.662845
307,10882.810091
308,10711.504349
309,10760.822709
310,10749.639578
311,10578.058741
312,10559.806415
313,10637.563038
314,10898.756710
315,10844.549791
316,10690.964670
317,10785.639874
318,10826.769301
319,10651.672756
320,10758.155733
321,10809.106784
322,10773.357057
323,10848.077601
324,10835.332012
325,11017.699359
326,10801.753606
327,10786.150963
328,10972.403705
329,10904.545238
330,10860.203005
331,10748.840962
332,10826.687364
333,10832.189449
334,10671.028968
335,10642.732641
336,10752.987735
337,10838.403408
338,10961.914910
339,11021.421401
340,10889.314596
341,10961.906277
342,10925.873542
343,10694.818216
344,10704.311653
345,10741.468943
346,10935.701782
347,10842.658597
348,10891.135894
349,10996.394940
350,11048.106959
351,10897.794888
352,10818.102989
353,10794.779539
354,10907.660745
355,11051.443734
356,10978.299312
357,10776.137633
358,10635.620007
359,10844.395595
360,11065.942951
361,10930.716579
362,10929.869057
363,10828.218045
364,10924.107935
365,10850.594790
366,10950.272422
367,11125.675077
368,11142.050973
369,11079.842570
370,10977.976153
371,11226.591547
372,10910.757817
373,10941.514091
374,11093.585755
375,11026.335831
376,11158.279263
377,11136.482881
378,10794.400311
379,10888.157949
380,10798.498609
381,10849.478697
382,11031.452782
383,10864.131035
384,11174.736258
385,11092.134900
386,10985.761097
387,10923.191022
388,10989.909127
389,10807.565381
390,11083.909453
391,10975.120221
392,10911.101764
393,11214.631897
394,11049.529581
395,10842.810861
396,10991.351876
397,11036.554129
398,11016.103930
399,11006.458344
400,10927.374076
401,10997.666800
402,11107.565192
403,10931.134560
404,10881.878761
405,10848.851753
406,11017.278334
407,10923.756697
408,10994.545565
409,10932.136111
410,10991.345351
411,11112.871952
412,11118.077745
413,11145.495078
414,10873.757130
415,11153.409599
416,10979.800690
417,10979.232692
418,10935.301571
419,11103.719042
420,11041.863090
421,11122.701443
422,10791.382996
423,11137.035561
424,11172.194209
425,11156.972443
426,11085.750360
427,11102.767852
428,11127.070482
429,11042.887208
430,10866.136457
431,11028.635070
432,11074.411131
433,11034.532884
434,10877.979910
435,10983.440967
436,11114.236506
437,11012.044511
438,10945.808384
439,11037.840713
440,11115.417141
441,11048.264538
442,11054.587630
443,11053.437220
444,11127.714074
445,10983.375841
446,11075.907420
447,11069.327686
448,11074.494303
449,11218.154600
450,11112.295255
451,11008.964219
452,11007.804200
453,10910.430000
454,10907.297179
455,11099.619287
456,11129.310448
457,11064.401154
458,10893.533933
459,11073.273748
460,11028.095630
461,10863.936957
462,10911.732109
463,10951.932271
464,11115.040549
465,11012.325655
466,10886.040732
467,10780.782414
468,10940.607294
469,10859.599877
470,11074.046963
471,11064.896128
472,11034.888221
473,11043.876040
474,10950.804700
475,11025.383599
476,11008.264046
477,11014.933732
478,11237.385066
479,11038.944245
480,11132.754422
481,10841.409727
482,10752.618722
483,10990.835363
484,10972.475575
485,11042.067496
486,11125.008037
487,11022.280241
488,10929.377026
489,10907.653660
490,11008.619622
491,10996.200087
492,11105.841658
493,10940.673966
494,10999.723416
495,11191.068655
496,11161.451529
497,10987.866791
498,10942.812012
499,10916.811962
