0,3365.927126
1,3424.029563
2,3421.858865
3,3400.168697
4,3405.562664
5,3382.050273
6,3371.979128
7,3360.964772
8,3390.185980
9,3373.178720
10,3358.929034
11,3313.778404
12,3340.762803
13,3377.169797
14,3368.833928
15,3387.432539
16,3389.905039
17,3409.182711
18,3435.637361
19,3509.271664
20,3517.517579
21,3567.331894
22,3552.464478
23,3516.588366
24,3514.009594
25,3486.881088
26,3485.176042
27,3569.068996
28,3569.838734
29,3635.418867
30,3638.034457
31,3636.408422
32,3587.202746
33,3532.320636
34,3536.694075
35,3563.241791
36,3554.159187
37,3525.744771
38,3491.229515
39,3532.622217
40,3537.195146
41,3540.204662
42,3551.976506
43,3486.094109
44,3545.154588
45,3522.100892
46,3529.595469
47,3574.153710
48,3590.562948
49,3582.061759
50,3584.270588
51,3631.629145
52,3598.563803
53,3588.527360
54,3571.244076
55,3561.046137
56,3587.252464
57,3596.690917
58,3598.749708
59,3621.365455
60,3654.014018
61,3681.389568
62,3656.589146
63,3612.788728
64,3596.629037
65,3570.434544
66,3562.419381
67,3565.064771
68,3566.851571
69,3586.940666
70,3597.305329
71,3628.644894
72,3663.343262
73,3711.564894
74,3760.404517
75,3757.602832
76,3792.681777
77,3785.218821
78,3771.904536
79,3806.884443
80,3832.595581
81,3846.718388
82,3850.091065
83,3881.434038
84,3905.469329
85,3900.117497
86,3898.538594
87,3933.805696
88,3955.220294
89,3979.583377
90,3974.991039
91,3931.573082
92,3922.205120
93,3958.314652
94,3996.833894
95,4011.345606
96,4024.263498
97,4077.882195
98,4095.471309
99,4151.776032
100,4145.288642
101,4117.428524
102,4123.438292
103,4148.944600
104,4206.561709
105,4161.531359
106,4180.827284
107,4174.837672
108,4214.236356
109,4234.878780
110,4292.667965
111,4326.491042
112,4390.892319
113,4433.938067
114,4446.254424
115,4553.499901
116,4574.068418
117,4591.547922
118,4689.697827
119,4739.865015
120,4803.224292
121,4794.210937
122,4822.530152
123,4894.241461
124,4924.982171
125,4966.699242
126,5014.449556
127,5020.125346
128,5023.085684
129,4971.436676
130,4989.712601
131,4991.337571
132,4977.319386
133,5028.176790
134,5019.870613
135,5013.171422
136,5064.061002
137,5175.867796
138,5242.016483
139,5256.577766
140,5254.348140
141,5230.945353
142,5228.088468
143,5247.779769
144,5213.619320
145,5253.623774
146,5360.827021
147,5323.334139
148,5300.291139
149,5373.922186
150,5444.530502
151,5470.751688
152,5511.563098
153,5505.972085
154,5543.347113
155,5556.545258
156,5566.078441
157,5564.528842
158,5616.565678
159,5599.892853
160,5651.719023
161,5625.125009
162,5673.708538
163,5720.167372
164,5730.744533
165,5776.127173
166,5756.989581
167,5797.604523
168,5848.220567
169,5831.107373
170,5863.650112
171,5863.653327
172,5862.142587
173,5859.668840
174,5909.365000
175,5945.737124
176,5982.549003
177,5991.471392
178,5970.170180
179,6009.135510
180,5990.836636
181,6009.791740
182,6009.447214
183,6002.947365
184,6061.574678
185,6050.319099
186,6037.398167
187,6054.860014
188,6056.788501
189,6063.668418
190,6059.219325
191,6080.757297
192,6088.646041
193,6097.049988
194,6088.720721
195,6092.405218
196,6100.741987
197,6104.310417
198,6110.556125
199,6155.521713
200,6160.626096
201,6206.317822
202,6258.430530
203,6323.527322
204,6419.737145
205,6454.077807
206,6461.153882
207,6457.491460
208,6477.155127
209,6456.741906
210,6473.905166
211,6479.523877
212,6489.944035
213,6481.017111
214,6485.348437
215,6489.523525
216,6485.440303
217,6490.361525
218,6501.751231
219,6494.177651
220,6492.831093
221,6498.115136
222,6491.360602
223,6489.041409
224,6494.336645
225,6485.856675
226,6485.847266
227,6501.491174
228,6491.383409
229,6498.213541
230,6497.569047
231,6499.857585
232,6502.881415
233,6499.840806
234,6500.898859
235,6500.406454
236,6507.537506
237,6498.095371
238,6507.508269
239,6510.115484
240,6499.842040
241,6512.443285
242,6517.303527
243,6512.162473
244,6499.619457
245,6511.165112
246,6507.994502
247,6513.550117
248,6507.383457
249,6509.304392
250,6515.468176
251,6518.950518
252,6517.734797
253,6509.043561
254,6499.820365
255,6509.573394
256,6502.018308
257,6511.860811
258,6520.269228
259,6515.073988
260,6527.242433
261,6516.783223
262,6523.830307
263,6512.336737
264,6528.282436
265,6521.769891
266,6523.809919
267,6525.045690
268,6530.889867
269,6523.891227
270,6533.092471
271,6550.874705
272,6618.944831
273,6749.869762
274,6844.329114
275,6881.992035
276,6883.247069
277,6888.649984
278,6885.629345
279,6889.987274
280,6897.761335
281,6892.172475
282,6892.659591
283,6890.462579
284,6906.201531
285,6898.830300
286,6898.934303
287,6901.367608
288,6904.344264
289,6903.279078
290,6895.711126
291,6906.993997
292,6905.419147
293,6908.107199
294,6915.866964
295,6909.549069
296,6908.800585
297,6909.621939
298,6908.207197
299,6901.554015
300,6911.971356
301,6914.355065
302,6908.223722
303,6896.961624
304,6916.767646
305,6915.515980
306,6920.653228
307,6908.712937
308,6908.189140
309,6895.694714
310,6902.243042
311,6909.455845
312,6904.079952
313,6910.647494
314,6914.608600
315,6900.841365
316,6910.962559
317,6903.169002
318,6912.790346
319,6905.331516
320,6907.226565
321,6906.677693
322,6908.116112
323,6903.527038
324,6904.825206
325,6905.952490
326,6922.926832
327,6929.930606
328,6928.515263
329,6919.500348
330,6940.092773
331,6947.596637
332,6960.032702
333,6957.235430
334,6964.083676
335,6985.899355
336,6984.827618
337,6988.554471
338,6971.079871
339,6982.048725
340,6988.966826
341,6988.705995
342,6983.735932
343,6990.907166
344,6980.299339
345,6976.372378
346,6985.030289
347,6987.271830
348,6979.353590
349,6978.458645
350,6991.574119
351,6991.238696
352,6993.427133
353,6992.859956
354,6984.046140
355,6986.870378
356,6980.756342
357,6982.948718
358,6986.106843
359,6977.593861
360,6971.611695
361,6986.102478
362,6986.242467
363,6981.171894
364,6981.953361
365,6981.666523
366,6991.399379
367,6985.598929
368,6989.956909
369,6989.410355
370,6980.396344
371,6982.984201
372,6979.245461
373,6980.519074
374,6989.673040
375,6979.105322
376,6990.517811
377,6991.576119
378,6992.678496
379,6986.865220
380,6981.972940
381,6990.153919
382,6988.605743
383,6984.640038
384,6981.545728
385,6988.418841
386,6990.184416
387,6987.839521
388,6986.448856
389,6996.634199
390,6990.125697
391,6990.721463
392,6988.825698
393,6991.362739
394,6973.801794
395,6985.261465
396,6974.307770
397,6987.150170
398,6985.685515
399,6982.689606
400,6979.310160
401,6991.147429
402,6983.001348
403,6981.539740
404,6977.930634
405,6990.081362
406,6992.575829
407,6989.433778
408,6991.969255
409,6987.249916
410,6982.937702
411,6985.410352
412,6981.109043
413,6982.192206
414,6982.824409
415,6984.583029
416,6988.014189
417,6991.551300
418,6986.857928
419,6994.798168
420,6986.254427
421,6990.708749
422,6985.241061
423,6977.470758
424,6977.095672
425,6983.925070
426,6972.793456
427,6975.683578
428,6978.525478
429,6987.526658
430,6991.160960
431,6990.024801
432,6979.827926
433,6980.403645
434,6986.816641
435,6985.283579
436,6983.604329
437,6979.436469
438,6983.797160
439,6993.267320
440,6984.531206
441,6974.617727
442,6984.739984
443,6980.623698
444,6989.016171
445,6983.927265
446,6989.888957
447,6983.536137
448,6988.402822
449,6987.732936
450,6979.729208
451,6982.539320
452,6984.851706
453,6984.926849
454,6979.666037
455,6987.619203
456,6984.212223
457,6986.703845
458,6981.817263
459,6985.573173
460,6988.787508
461,6990.850108
462,6983.436131
463,6975.634803
464,6982.969496
465,6990.472505
466,6988.343789
467,6990.617845
468,6983.833843
469,6986.026608
470,6976.377579
471,6992.582704
472,6988.297293
473,6985.185024
474,6993.814097
475,6982.488464
476,6978.307097
477,6989.668223
478,6978.227903
479,6987.275553
480,6988.555758
481,6987.241471
482,6984.761611
483,6985.954879
484,6981.693333
485,6985.146717
486,6992.466104
487,6987.868351
488,6987.352230
489,6991.451438
490,6987.275156
491,6991.086253
492,6987.806006
493,6976.733724
494,6987.501064
495,6991.044497
496,6976.516730
497,6977.111722
498,6985.315292
499,6990.481197
