0,3340.083091
1,6910.479566
2,7350.483911
3,7586.807319
4,7753.754774
5,7864.885425
6,7944.071078
7,8083.122581
8,8118.404467
9,8074.171030
10,8157.821025
11,8180.681863
12,8250.223737
13,8320.625098
14,8376.715859
15,8307.228563
16,8379.396155
17,8467.768691
18,8416.966114
19,8445.973265
20,8481.001958
21,8487.147263
22,8552.852403
23,8628.505809
24,8624.783148
25,8629.434809
26,8570.775527
27,8704.159696
28,8658.356211
29,8828.038355
30,8790.420230
31,8769.907055
32,8800.019874
33,8755.736820
34,8777.429208
35,8769.635392
36,8901.683095
37,8905.629391
38,8989.762457
39,8909.014312
40,8946.642628
41,8982.426559
42,8991.550084
43,9008.308993
44,8978.090345
45,9041.934255
46,9042.635891
47,9066.045349
48,9060.246295
49,9064.776290
50,9148.977642
51,9185.105552
52,9196.360267
53,9218.280767
54,9218.035387
55,9291.219197
56,9278.166252
57,9189.236949
58,9346.668362
59,9373.588138
60,9425.297098
61,9412.061393
62,9439.960702
63,9440.015095
64,9382.877281
65,9490.739818
66,9512.980349
67,9582.292050
68,9543.399749
69,9526.151864
70,9545.294746
71,9464.601361
72,9568.861936
73,9659.914969
74,9523.800920
75,9572.534620
76,9617.904021
77,9563.131923
78,9606.976694
79,9679.665661
80,9691.024091
81,9687.609886
82,9746.551420
83,9695.316776
84,9770.377567
85,9715.003257
86,9743.431224
87,9799.353872
88,9605.440083
89,9726.458476
90,9707.561843
91,9743.048236
92,9800.001263
93,9786.969393
94,9739.519625
95,9725.209470
96,9734.193216
97,9781.043296
98,9862.599920
99,9814.268815
100,9860.706311
101,9956.097600
102,9993.455003
103,9893.154861
104,9934.863050
105,9774.322770
106,9842.400238
107,9766.798558
108,9878.481730
109,9912.159471
110,9851.561081
111,9835.490256
112,9754.706782
113,9854.347769
114,9875.121231
115,9979.427448
116,9891.459750
117,9932.666095
118,10004.987252
119,9992.696021
120,9939.883899
121,10035.242050
122,9990.231889
123,9915.985907
124,9907.544690
125,9919.632284
126,9932.266798
127,9936.155228
128,9970.734065
129,9927.314161
130,10068.239256
131,10145.733086
132,10097.284908
133,10105.988760
134,10064.469202
135,10083.491196
136,10034.546114
137,10093.423291
138,9947.276603
139,9958.714626
140,10311.378023
141,10197.047448
142,10159.599845
143,10200.409649
144,10234.397017
145,10190.279252
146,10156.364269
147,10214.953713
148,10294.178462
149,10257.328175
150,10152.552766
151,10186.661503
152,10244.773354
153,10132.984015
154,10168.396889
155,10218.040113
156,10309.847544
157,10182.416453
158,10145.014645
159,10224.413114
160,10257.224786
161,10287.419060
162,10218.298006
163,10246.731604
164,10325.593988
165,10145.737641
166,10387.292669
167,10278.733325
168,10429.423424
169,10360.863546
170,10493.850094
171,10328.640066
172,10202.620438
173,10278.500655
174,10300.058709
175,10381.877767
176,10333.367053
177,10425.390588
178,10441.582987
179,10429.317593
180,10512.326685
181,10504.696577
182,10473.369783
183,10419.575396
184,10406.679455
185,10355.711269
186,10435.308477
187,10347.921086
188,10352.530317
189,10465.561665
190,10420.870324
191,10453.616471
192,10411.790522
193,10343.045304
194,10345.389770
195,10487.094248
196,10481.133863
197,10610.905911
198,10487.720405
199,10476.934209
200,10491.805708
201,10494.429441
202,10414.988463
203,10412.493684
204,10607.791321
205,10416.974690
206,10482.416877
207,10567.930852
208,10565.656637
209,10517.163840
210,10479.735204
211,10545.468099
212,10387.755703
213,10625.648756
214,10481.952680
215,10592.278253
216,10611.525809
217,10591.603476
218,10531.522701
219,10479.548005
220,10464.303935
221,10359.726241
222,10565.590661
223,10471.384068
224,10645.719989
225,10534.337410
226,10414.381748
227,10524.366729
228,10492.953094
229,10502.362844
230,10654.316862
231,10593.731413
232,10624.086300
233,10609.982824
234,10656.645653
235,10656.438420
236,10730.563495
237,10557.700124
238,10687.355537
239,10550.008110
240,10613.647136
241,10704.801791
242,10602.889115
243,10600.141354
244,10539.329699
245,10502.417969
246,10720.689154
247,10627.072474
248,10668.764716
249,10593.314374
250,10644.448929
251,10542.854883
252,10657.738587
253,10599.789038
254,10605.766369
255,10621.094478
256,10707.605182
257,10594.641133
258,10556.542338
259,10584.787123
260,10692.909536
261,10620.316715
262,10642.784646
263,10765.133263
264,10679.147964
265,10523.505125
266,10600.858110
267,10618.175551
268,10455.928513
269,10614.749074
270,10654.498866
271,10578.609243
272,10638.287158
273,10621.651884
274,10641.184611
275,10703.772681
276,10653.421058
277,10679.131679
278,10758.098712
279,10586.924055
280,10548.056352
281,10701.341979
282,10813.684464
283,10881.827174
284,10597.773171
285,10737.940583
286,10758.288162
287,10583.237024
288,10649.554026
289,10638.581087
290,10816.882100
291,10629.622418
292,10682.388537
293,10607.248498
294,10672.412893
295,10768.454856
296,10640.405359
297,10629.503650
298,10540.814234
299,10663.400898
300,10695.089949
301,10609.358011
302,10905.808184
303,10753.149905
304,10770.665566
305,10870.364265
306,10797.313708
307,10713.775446
308,10798.603508
309,10721.597357
310,10735.871068
311,10695.102707
312,10649.994255
313,10652.912816
314,10755.228096
315,10645.998232
316,10631.139740
317,10743.096221
318,10613.463716
319,10719.959021
320,10761.021204
321,10704.727882
322,10779.179378
323,10739.143138
324,10735.043175
325,10749.210830
326,10757.208112
327,10761.953970
328,10680.451724
329,10789.768432
330,10664.938016
331,10654.988384
332,10710.486404
333,10815.076360
334,10841.543092
335,10710.984204
336,10761.216247
337,10849.343281
338,10851.673320
339,10819.119767
340,10748.429662
341,10636.952659
342,10672.849502
343,10886.987764
344,10778.305751
345,10679.451303
346,10642.121812
347,10719.218179
348,10678.385023
349,10710.823007
350,10654.637663
351,10757.984988
352,10714.113201
353,10879.541540
354,10771.737855
355,10734.813304
356,10721.664266
357,10746.951286
358,10794.231160
359,10749.171236
360,10815.028247
361,10748.462535
362,10726.151759
363,10839.414183
364,10705.182535
365,10852.975860
366,10821.824155
367,10648.896138
368,10630.076764
369,10765.675011
370,10714.202093
371,10703.124084
372,10748.919647
373,10676.905911
374,10912.232434
375,10803.215634
376,10655.113753
377,10681.992737
378,10732.403689
379,10832.370577
380,10783.577473
381,10664.746072
382,10705.317076
383,10735.558858
384,10828.455807
385,10769.436936
386,10691.501050
387,10813.633660
388,10835.169638
389,10843.485988
390,10943.784824
391,10709.280583
392,10706.545570
393,10730.031298
394,10717.826550
395,10722.356093
396,10603.565609
397,10691.365049
398,10768.959224
399,10682.221831
400,10740.504604
401,10693.677412
402,10843.919368
403,10810.842634
404,10760.319428
405,10809.569813
406,10796.796433
407,10947.956068
408,10768.342329
409,10768.337386
410,10770.857656
411,10799.609576
412,10807.099147
413,10789.524657
414,10735.819831
415,10824.794851
416,10760.720895
417,10748.791110
418,10799.829864
419,10915.576459
420,10827.011825
421,10876.359904
422,10847.754008
423,10763.606012
424,10899.373766
425,10782.506006
426,10803.081906
427,10731.940662
428,10701.708327
429,10767.258488
430,10767.877982
431,10809.945705
432,10784.611570
433,10812.828946
434,10692.000342
435,10754.069876
436,10741.488789
437,10706.910155
438,10830.581906
439,10734.214133
440,10838.262354
441,10912.235204
442,10890.400611
443,10850.998031
444,10903.525761
445,10837.310906
446,10693.360021
447,10820.342753
448,10749.051652
449,10869.734381
450,10862.343146
451,10844.368578
452,10850.955609
453,10878.042993
454,10732.184104
455,10762.872352
456,10901.521386
457,10870.356119
458,10870.637109
459,10796.501146
460,10776.598973
461,10681.719781
462,10852.436185
463,10823.879462
464,10836.437966
465,11000.260848
466,10959.184668
467,10815.305401
468,10761.687541
469,10826.110840
470,10793.133740
471,10888.670669
472,10900.039539
473,10883.954799
474,10882.071421
475,10866.343055
476,10855.963915
477,10918.936868
478,10818.019339
479,10858.979758
480,10849.986684
481,10884.968636
482,10893.111168
483,10920.453180
484,10782.727588
485,10695.108214
486,10853.835825
487,10806.076418
488,10790.693544
489,10937.211452
490,10852.447233
491,10801.361050
492,10784.783057
493,10916.558525
494,10932.044343
495,10886.310172
496,10847.029685
497,10827.102678
498,10755.070012
499,10826.978948
