0,3364.017817
1,3405.975984
2,3469.580496
3,3554.305559
4,3542.310895
5,3572.290003
6,3618.941558
7,3676.042680
8,3748.226035
9,3839.182876
10,3875.445184
11,3934.362770
12,3964.416134
13,4008.464655
14,4010.899360
15,4100.567583
16,4073.882088
17,4092.866973
18,4073.794340
19,4116.478783
20,4116.390073
21,4127.818531
22,4117.334226
23,4213.967336
24,4216.819010
25,4215.436449
26,4239.486906
27,4292.523832
28,4334.391043
29,4344.719945
30,4375.614287
31,4387.545485
32,4414.357466
33,4427.329914
34,4420.801069
35,4468.389365
36,4464.581078
37,4465.934799
38,4460.323915
39,4459.048964
40,4512.574901
41,4491.655293
42,4491.184202
43,4502.523385
44,4497.096091
45,4522.825890
46,4526.264360
47,4532.387831
48,4508.899077
49,4500.406389
50,4472.902728
51,4504.208179
52,4495.577598
53,4517.127445
54,4549.972360
55,4559.557011
56,4546.724695
57,4549.859597
58,4533.548228
59,4535.911767
60,4506.856829
61,4519.101246
62,4504.211435
63,4518.533455
64,4472.779193
65,4522.777030
66,4527.617552
67,4542.209216
68,4527.436238
69,4576.880942
70,4560.432610
71,4580.317104
72,4572.081213
73,4556.667420
74,4553.499394
75,4552.352709
76,4527.328277
77,4541.381472
78,4556.131111
79,4516.397262
80,4553.032931
81,4550.900219
82,4568.122635
83,4559.334120
84,4579.429641
85,4584.134649
86,4572.383208
87,4565.119077
88,4585.795455
89,4603.353720
90,4590.057227
91,4618.199903
92,4548.212527
93,4588.166104
94,4605.624977
95,4583.005299
96,4593.596914
97,4609.458306
98,4617.966834
99,4663.043903
100,4669.842432
101,4673.409952
102,4650.055492
103,4611.682977
104,4627.231031
105,4643.848023
106,4637.842879
107,4635.889342
108,4610.761525
109,4631.374420
110,4623.217300
111,4606.235135
112,4629.119366
113,4662.115501
114,4682.173645
115,4677.379880
116,4675.937892
117,4624.062840
118,4661.811162
119,4707.438993
120,4724.202894
121,4718.450593
122,4667.414959
123,4687.253231
124,4695.019492
125,4739.407019
126,4722.285711
127,4679.600509
128,4709.085014
129,4704.111977
130,4736.994768
131,4756.918939
132,4782.672141
133,4796.635680
134,4790.717909
135,4814.511651
136,4792.506101
137,4837.656305
138,4855.667340
139,4843.009852
140,4870.513389
141,4818.225978
142,4877.442847
143,4919.503122
144,4935.540813
145,4933.130894
146,4954.653944
147,4932.808287
148,4957.762883
149,5018.368793
150,5008.261741
151,5043.392272
152,5142.125355
153,5137.100659
154,5161.673689
155,5130.403673
156,5201.855986
157,5249.173866
158,5273.410666
159,5253.730385
160,5285.751645
161,5323.133362
162,5309.380792
163,5324.534688
164,5324.841673
165,5304.574024
166,5335.135021
167,5353.619935
168,5380.856651
169,5353.385990
170,5377.229911
171,5364.781430
172,5384.224102
173,5398.515837
174,5380.923852
175,5423.838292
176,5443.520565
177,5431.160399
178,5445.848386
179,5423.778205
180,5447.237982
181,5458.829346
182,5455.299759
183,5455.246182
184,5455.907330
185,5447.995264
186,5465.179932
187,5477.372932
188,5480.488182
189,5470.602777
190,5482.435120
191,5493.034788
192,5472.997056
193,5488.019900
194,5487.006447
195,5480.025048
196,5488.997044
197,5479.061855
198,5489.669243
199,5481.700674
200,5507.076516
201,5492.555128
202,5502.155149
203,5499.663232
204,5506.942297
205,5511.942531
206,5508.072571
207,5511.406447
208,5498.642508
209,5502.923600
210,5497.530461
211,5490.938134
212,5512.827206
213,5509.117743
214,5513.284388
215,5496.230790
216,5508.511942
217,5499.556478
218,5507.268184
219,5517.423761
220,5510.398365
221,5518.342290
222,5514.642485
223,5514.731876
224,5504.441732
225,5515.756699
226,5520.620837
227,5512.664571
228,5520.989645
229,5517.428262
230,5517.581329
231,5522.217312
232,5518.528510
233,5522.795281
234,5514.486032
235,5523.186306
236,5517.301291
237,5523.197415
238,5523.345954
239,5520.250749
240,5523.615736
241,5520.250749
242,5515.802567
243,5523.615736
244,5519.597898
245,5523.615736
246,5516.976879
247,5523.615736
248,5519.446445
249,5523.615736
250,5519.687545
251,5523.615736
252,5523.615736
253,5515.568758
254,5523.615736
255,5523.615736
256,5523.615736
257,5519.485991
258,5519.335316
259,5523.615736
260,5518.720743
261,5523.615736
262,5523.615736
263,5523.615736
264,5519.516496
265,5523.615736
266,5510.993426
267,5523.615736
268,5523.615736
269,5523.615736
270,5516.120471
271,5516.311041
272,5523.615736
273,5523.615736
274,5513.930380
275,5519.634283
276,5523.615736
277,5523.615736
278,5519.687545
279,5514.681011
280,5520.005520
281,5520.341866
282,5517.473773
283,5514.081547
284,5519.684511
285,5519.479008
286,5513.872362
287,5523.615736
288,5523.615736
289,5523.615736
290,5515.458743
291,5519.597898
292,5516.322558
293,5523.615736
294,5519.630277
295,5523.615736
296,5519.419710
297,5515.612439
298,5519.494332
299,5519.998663
300,5519.684511
301,5523.615736
302,5523.615736
303,5523.615736
304,5523.615736
305,5523.615736
306,5509.721789
307,5523.615736
308,5523.615736
309,5511.054541
310,5523.615736
311,5512.367907
312,5518.309089
313,5511.470225
314,5523.615736
315,5511.952492
316,5523.615736
317,5515.337434
318,5523.615736
319,5523.615736
320,5523.615736
321,5523.615736
322,5515.647234
323,5511.608513
324,5523.075933
325,5523.114530
326,5516.139327
327,5521.914975
328,5519.516496
329,5519.939295
330,5519.485991
331,5523.615736
332,5518.198519
333,5523.615736
334,5523.615736
335,5523.615736
336,5516.715655
337,5515.386218
338,5517.268288
339,5523.615736
340,5519.485458
341,5523.615736
342,5523.615736
343,5515.335001
344,5523.615736
345,5523.615736
346,5516.322222
347,5523.615736
348,5523.615736
349,5523.615736
350,5516.077329
351,5518.122104
352,5516.017211
353,5523.615736
354,5519.557983
355,5517.705881
356,5523.615736
357,5523.615736
358,5519.939295
359,5523.615736
360,5523.615736
361,5523.615736
362,5523.615736
363,5523.615736
364,5518.836713
365,5518.985910
366,5519.557983
367,5518.109760
368,5519.465279
369,5523.615736
370,5509.956822
371,5519.597898
372,5520.341866
373,5517.095009
374,5523.615736
375,5519.687545
376,5519.998663
377,5523.615736
378,5513.197744
379,5520.341866
380,5523.615736
381,5523.615736
382,5523.615736
383,5514.017641
384,5523.615736
385,5517.473773
386,5523.615736
387,5515.937145
388,5523.615736
389,5523.615736
390,5514.789884
391,5515.535113
392,5519.419710
393,5519.571856
394,5520.250749
395,5515.665869
396,5520.456059
397,5520.005520
398,5518.380287
399,5519.127150
400,5523.615736
401,5523.615736
402,5523.615736
403,5519.939295
404,5517.697314
405,5523.615736
406,5523.615736
407,5518.114620
408,5523.615736
409,5523.615736
410,5523.615736
411,5518.198519
412,5518.985910
413,5519.634283
414,5523.615736
415,5523.615736
416,5523.615736
417,5519.554217
418,5523.615736
419,5523.615736
420,5523.615736
421,5519.575425
422,5523.615736
423,5523.615736
424,5523.615736
425,5523.615736
426,5523.615736
427,5519.446445
428,5523.615736
429,5519.419710
430,5523.615736
431,5513.366257
432,5520.341866
433,5523.058202
434,5523.615736
435,5523.615736
436,5523.615736
437,5519.630277
438,5520.341866
439,5519.127150
440,5515.483827
441,5523.615736
442,5523.615736
443,5519.110357
444,5523.615736
445,5519.998663
446,5518.985910
447,5519.571856
448,5523.615736
449,5519.998663
450,5519.602705
451,5520.341866
452,5519.071546
453,5520.005520
454,5514.663920
455,5515.884617
456,5523.615736
457,5519.630277
458,5520.250749
459,5517.182757
460,5519.516496
461,5519.485458
462,5523.615736
463,5523.615736
464,5520.005520
465,5520.341866
466,5523.615736
467,5523.615736
468,5523.615736
469,5523.615736
470,5514.737472
471,5523.615736
472,5519.557983
473,5519.571856
474,5523.615736
475,5516.724794
476,5523.615736
477,5523.615736
478,5519.557983
479,5519.998663
480,5523.615736
481,5514.297204
482,5523.615736
483,5520.341866
484,5520.080642
485,5519.597898
486,5519.602705
487,5523.615736
488,5519.634283
489,5518.138668
490,5519.419710
491,5519.630277
492,5523.615736
493,5519.602705
494,5519.687545
495,5523.615736
496,5523.615736
497,5519.557983
498,5523.615736
499,5523.615736
