0,3378.971570
1,3438.195372
2,3497.251233
3,3587.885119
4,3716.131019
5,3772.135910
6,3841.722925
7,3900.454168
8,3935.940940
9,3981.588983
10,4030.182172
11,4096.804440
12,4156.770199
13,4198.823379
14,4232.400390
15,4272.080605
16,4291.013047
17,4316.297048
18,4356.716616
19,4372.410044
20,4374.580205
21,4395.192778
22,4454.038006
23,4463.223643
24,4461.469685
25,4484.997242
26,4483.326386
27,4497.389747
28,4488.581625
29,4504.113947
30,4512.347887
31,4538.149738
32,4511.888809
33,4536.045360
34,4549.195078
35,4562.148586
36,4583.215670
37,4600.849143
38,4592.877088
39,4590.747031
40,4561.932208
41,4581.558647
42,4582.734860
43,4595.126710
44,4601.212542
45,4638.779881
46,4648.391470
47,4639.407322
48,4684.523985
49,4683.558763
50,4683.520019
51,4718.913599
52,4713.699749
53,4714.894792
54,4722.806719
55,4727.904577
56,4717.055790
57,4754.284458
58,4762.309712
59,4766.423228
60,4791.292681
61,4796.894309
62,4796.504211
63,4806.122500
64,4808.935452
65,4820.071106
66,4797.941341
67,4780.241980
68,4763.917839
69,4785.402058
70,4814.176733
71,4842.455495
72,4835.119556
73,4852.104761
74,4815.321201
75,4842.983285
76,4851.912529
77,4873.179460
78,4884.149043
79,4886.797268
80,4935.860252
81,4960.734837
82,4954.599231
83,4948.286565
84,4918.267535
85,4951.675252
86,4935.423332
87,4924.961318
88,4952.027502
89,4962.108141
90,4958.252968
91,4954.779636
92,4903.636638
93,4891.055690
94,4935.254276
95,4948.179140
96,4940.193192
97,4941.324773
98,4918.891560
99,4909.771469
100,4898.477958
101,4946.169874
102,4938.909158
103,4924.264944
104,4899.787781
105,4876.126334
106,4899.979315
107,4917.703705
108,4898.612985
109,4926.233078
110,4912.095560
111,4872.646679
112,4837.042874
113,4872.912927
114,4886.540521
115,4979.880193
116,4963.170564
117,4963.645296
118,4917.573032
119,4890.169931
120,4947.005082
121,4924.912213
122,4961.593934
123,4949.834862
124,4889.138586
125,4878.590200
126,4853.070043
127,4931.193972
128,4866.513356
129,4957.976704
130,4898.988577
131,4923.495726
132,4891.860714
133,4874.260874
134,4919.122014
135,4933.657858
136,4956.424369
137,4968.560027
138,4940.976969
139,4979.640578
140,4935.515412
141,4917.017773
142,4934.229834
143,4940.305386
144,4923.835906
145,4942.206957
146,4939.608343
147,4961.094538
148,4957.228940
149,4934.594742
150,4962.209058
151,4941.399733
152,4941.055482
153,4966.681403
154,4938.621179
155,4960.915361
156,4953.007390
157,4930.097996
158,4928.102218
159,4879.922882
160,4869.002301
161,4915.611044
162,4911.006605
163,4936.059191
164,4953.755487
165,4942.995020
166,4935.877495
167,4938.105969
168,4939.993047
169,4920.634047
170,4922.791085
171,4978.699718
172,4945.263410
173,4970.414676
174,4958.062222
175,4973.678484
176,4955.805229
177,4926.190584
178,4941.549943
179,4933.109477
180,4901.816914
181,4902.013444
182,4918.774264
183,4884.005831
184,4945.990669
185,4964.364675
186,4945.066363
187,4945.945984
188,4969.419215
189,4914.963395
190,4848.705833
191,4865.332790
192,4897.180528
193,4913.429037
194,4937.650913
195,4927.381855
196,4886.955627
197,4875.913560
198,4911.970426
199,4950.121051
200,4923.460075
201,4892.282544
202,4918.524711
203,4946.677798
204,4945.804584
205,4969.465784
206,4975.987519
207,4961.351989
208,4899.080704
209,4968.808279
210,4973.692541
211,4959.301652
212,4959.545578
213,4973.843924
214,4942.056499
215,4908.268135
216,4943.329091
217,4924.828903
218,4946.660827
219,4886.076681
220,4914.629697
221,4921.872535
222,4887.095438
223,4939.061227
224,4929.193230
225,4949.627436
226,4958.336072
227,4943.754659
228,4959.545383
229,4984.348548
230,4930.523405
231,4968.543828
232,4965.246676
233,4958.380210
234,4943.748982
235,4957.332177
236,4954.148835
237,4989.604812
238,4993.875504
239,5012.197345
240,4978.195516
241,4977.079012
242,4999.560989
243,5005.885545
244,5052.028835
245,5036.176696
246,5060.600847
247,5046.391119
248,5014.982370
249,5006.484204
250,5075.002008
251,5030.945200
252,5050.105232
253,5044.360901
254,5059.860555
255,5069.291905
256,5145.648147
257,5167.529976
258,5144.094788
259,5124.383383
260,5105.063034
261,5113.338578
262,5131.708627
263,5139.753660
264,5181.178202
265,5183.174642
266,5173.783868
267,5174.505428
268,5204.266268
269,5183.043694
270,5157.045517
271,5190.032273
272,5144.775222
273,5152.947286
274,5133.433290
275,5166.831452
276,5137.629052
277,5140.499657
278,5133.104420
279,5079.438512
280,5068.381922
281,5108.888197
282,5129.198020
283,5145.088029
284,5197.996700
285,5145.122027
286,5119.489200
287,5152.638924
288,5174.013230
289,5076.999928
290,5094.157584
291,5115.057400
292,5111.214195
293,5126.126342
294,5118.885477
295,5104.379733
296,5086.045407
297,5056.270604
298,5089.838451
299,5102.047833
300,5105.994221
301,5095.890476
302,5112.023724
303,5092.852895
304,5049.916223
305,5081.282194
306,5101.240792
307,5109.569702
308,5120.115521
309,5116.081282
310,5157.084569
311,5194.201670
312,5187.201280
313,5178.857337
314,5176.442027
315,5184.277363
316,5158.432059
317,5161.386547
318,5151.639616
319,5191.047472
320,5180.502719
321,5167.747792
322,5125.909718
323,5163.249032
324,5152.789704
325,5158.955086
326,5155.819165
327,5122.567394
328,5165.437690
329,5151.106509
330,5126.449454
331,5116.756552
332,5094.520734
333,5113.599968
334,5171.471620
335,5137.187299
336,5141.681668
337,5104.579341
338,5087.426289
339,5090.938386
340,5106.448634
341,5106.976304
342,5096.953941
343,5095.552421
344,5125.231186
345,5120.133704
346,5108.196257
347,5095.191214
348,5085.389516
349,5052.426897
350,5059.095564
351,5110.258729
352,5039.488157
353,5075.998531
354,5111.821271
355,5089.264260
356,5111.676968
357,5112.904929
358,5155.829723
359,5160.285329
360,5156.559273
361,5152.599567
362,5169.429211
363,5135.282571
364,5143.108219
365,5130.610708
366,5116.212248
367,5163.438112
368,5203.358918
369,5178.421766
370,5161.074439
371,5137.924135
372,5137.759784
373,5151.529909
374,5143.019016
375,5154.028140
376,5166.037378
377,5172.314342
378,5198.499969
379,5133.505719
380,5133.614088
381,5143.246713
382,5155.626141
383,5166.744046
384,5179.951878
385,5185.088086
386,5123.835636
387,5143.536643
388,5132.031150
389,5176.601857
390,5171.907841
391,5170.203411
392,5155.556862
393,5187.257942
394,5156.182937
395,5179.511820
396,5192.079237
397,5172.195596
398,5188.093031
399,5220.106646
400,5215.110348
401,5222.359234
402,5220.014954
403,5203.460711
404,5204.808933
405,5219.189868
406,5190.686460
407,5171.896660
408,5166.722499
409,5193.142445
410,5201.858442
411,5197.003074
412,5216.974248
413,5203.896477
414,5156.379978
415,5128.532794
416,5137.622786
417,5144.943969
418,5159.530399
419,5169.773214
420,5193.922627
421,5189.731275
422,5202.824983
423,5181.265308
424,5163.959562
425,5185.916774
426,5209.311377
427,5201.494250
428,5179.752743
429,5206.617606
430,5185.302030
431,5177.859296
432,5161.257299
433,5181.652690
434,5204.163861
435,5261.085281
436,5250.738245
437,5256.346413
438,5272.582807
439,5265.722010
440,5273.032292
441,5287.898520
442,5286.796045
443,5317.780525
444,5308.108861
445,5248.818876
446,5239.351526
447,5263.569270
448,5273.496446
449,5230.817265
450,5214.766281
451,5238.914358
452,5262.150146
453,5258.103490
454,5249.371562
455,5267.692415
456,5275.574127
457,5305.407795
458,5293.700809
459,5263.626842
460,5295.102827
461,5278.704103
462,5257.052238
463,5258.419280
464,5270.879425
465,5244.046209
466,5233.862948
467,5249.514067
468,5268.775456
469,5280.921323
470,5294.289208
471,5278.068724
472,5302.580588
473,5261.895698
474,5269.223122
475,5252.992862
476,5239.540781
477,5199.027522
478,5236.063440
479,5263.835561
480,5255.893732
481,5250.754076
482,5264.889373
483,5248.985910
484,5223.335975
485,5257.326839
486,5284.082084
487,5245.342685
488,5285.816952
489,5226.759957
490,5185.519545
491,5241.597491
492,5249.267731
493,5263.788200
494,5271.731530
495,5248.426890
496,5267.083385
497,5277.175778
498,5302.512388
499,5328.597541
