0,3365.856800
1,3324.519889
2,3334.948667
3,3291.229443
4,3288.457014
5,3293.200445
6,3311.753467
7,3295.634487
8,3285.316363
9,3301.351140
10,3298.544081
11,3274.607509
12,3261.105265
13,3255.666002
14,3277.374414
15,3262.946848
16,3290.300414
17,3300.263366
18,3306.171438
19,3286.445334
20,3306.314676
21,3270.254216
22,3235.941710
23,3221.568293
24,3245.815146
25,3214.343340
26,3209.252528
27,3207.084212
28,3249.697939
29,3225.057531
30,3224.419639
31,3228.367679
32,3274.395835
33,3285.477839
34,3280.366380
35,3323.358845
36,3318.960979
37,3333.678993
38,3359.052245
39,3347.041287
40,3355.958711
41,3350.755594
42,3308.590964
43,3308.495456
44,3318.273669
45,3347.791406
46,3325.794698
47,3326.963034
48,3324.360300
49,3309.788310
50,3293.988669
51,3300.545605
52,3266.438824
53,3241.157260
54,3286.022626
55,3268.105856
56,3243.292957
57,3230.808269
58,3238.803093
59,3203.999732
60,3231.215998
61,3210.505552
62,3218.887623
63,3232.591569
64,3218.624977
65,3197.770176
66,3190.808759
67,3198.835665
68,3207.499299
69,3169.303130
70,3202.316818
71,3184.203596
72,3178.387915
73,3158.436942
74,3157.903507
75,3185.032829
76,3169.280627
77,3182.568103
78,3182.652428
79,3183.905191
80,3173.744932
81,3215.448200
82,3178.204813
83,3206.453717
84,3179.586464
85,3165.405931
86,3200.893262
87,3178.384558
88,3154.041851
89,3148.065096
90,3140.049434
91,3106.517162
92,3168.408548
93,3170.540065
94,3127.658838
95,3142.541142
96,3134.926041
97,3149.770893
98,3163.935720
99,3199.854022
100,3193.526878
101,3192.962819
102,3184.282302
103,3171.041434
104,3148.965921
105,3128.944960
106,3095.717734
107,3149.552439
108,3178.934649
109,3157.206961
110,3156.148479
111,3155.351797
112,3120.995993
113,3151.359787
114,3177.101393
115,3194.432147
116,3189.965171
117,3193.328901
118,3183.146864
119,3150.410279
120,3168.866681
121,3195.414491
122,3206.943392
123,3162.203392
124,3186.076910
125,3176.389355
126,3220.760578
127,3226.818547
128,3229.503123
129,3232.130661
130,3272.144480
131,3284.309191
132,3283.865391
133,3297.174427
134,3295.093551
135,3257.505289
136,3264.298250
137,3324.447362
138,3315.956449
139,3313.411096
140,3304.646086
141,3291.295970
142,3271.874779
143,3306.121899
144,3295.662984
145,3289.395243
146,3272.561669
147,3275.742930
148,3288.163297
149,3236.717804
150,3241.713241
151,3227.538330
152,3200.323468
153,3243.848264
154,3243.665096
155,3259.420484
156,3264.575112
157,3268.606578
158,3271.242136
159,3274.063199
160,3275.297341
161,3230.580187
162,3256.237675
163,3272.838998
164,3307.341992
165,3294.660938
166,3340.304614
167,3320.270749
168,3297.655090
169,3298.048781
170,3287.262011
171,3263.105453
172,3271.154008
173,3274.995935
174,3291.937303
175,3267.313167
176,3301.503449
177,3311.769238
178,3280.611813
179,3272.883697
180,3263.771089
181,3274.487945
182,3305.012078
183,3316.781219
184,3328.210904
185,3319.402694
186,3287.923501
187,3314.488710
188,3323.094257
189,3327.303495
190,3323.165046
191,3317.157198
192,3337.088184
193,3385.346421
194,3385.229935
195,3337.172606
196,3299.062056
197,3290.608862
198,3260.809418
199,3247.474407
200,3270.772595
201,3289.096416
202,3308.690438
203,3291.790500
204,3280.201299
205,3286.727311
206,3292.247892
207,3287.556762
208,3298.946975
209,3330.115565
210,3339.803764
211,3328.812095
212,3309.225839
213,3307.338374
214,3261.443624
215,3235.511718
216,3238.389034
217,3294.482794
218,3303.422102
219,3294.269118
220,3273.919751
221,3241.631746
222,3245.566770
223,3243.773225
224,3253.959550
225,3244.155269
226,3228.586141
227,3222.369928
228,3207.933320
229,3241.058029
230,3208.016121
231,3227.184171
232,3214.655245
233,3193.605108
234,3197.417747
235,3177.745751
236,3198.258608
237,3210.695637
238,3246.383344
239,3279.747333
240,3276.584195
241,3293.728527
242,3253.787974
243,3256.454733
244,3264.889055
245,3239.159860
246,3236.366708
247,3264.481298
248,3237.350006
249,3243.195376
250,3261.432879
251,3268.730445
252,3247.670773
253,3250.050535
254,3278.140420
255,3276.010713
256,3280.909705
257,3287.370283
258,3233.908708
259,3290.455581
260,3302.562325
261,3309.465140
262,3322.269309
263,3322.254732
264,3326.030456
265,3333.988596
266,3339.248790
267,3306.189165
268,3314.769336
269,3300.317335
270,3321.478248
271,3313.260490
272,3306.272936
273,3305.212794
274,3289.036832
275,3296.967263
276,3282.157794
277,3309.449159
278,3275.634946
279,3312.811018
280,3296.068446
281,3312.902370
282,3302.731396
283,3277.896698
284,3299.563996
285,3245.967556
286,3273.886781
287,3288.280473
288,3248.127588
289,3283.912468
290,3307.579789
291,3287.176799
292,3268.614112
293,3260.307355
294,3260.495458
295,3252.619600
296,3256.816393
297,3312.959675
298,3308.996379
299,3296.717417
300,3300.005642
301,3306.625402
302,3287.082938
303,3267.949907
304,3280.696200
305,3280.880776
306,3239.346491
307,3247.554306
308,3278.293827
309,3296.351123
310,3290.864169
311,3262.604291
312,3262.342153
313,3262.514297
314,3261.257416
315,3263.016003
316,3255.809674
317,3296.685173
318,3316.572427
319,3337.094098
320,3303.768326
321,3273.503579
322,3305.448257
323,3297.677100
324,3293.077300
325,3266.484133
326,3276.416279
327,3294.149500
328,3297.907141
329,3286.317573
330,3305.423547
331,3301.288851
332,3308.420824
333,3285.161553
334,3255.267267
335,3306.572746
336,3319.304128
337,3315.251434
338,3348.116593
339,3338.150755
340,3339.138185
341,3335.511048
342,3334.397097
343,3340.666261
344,3354.498827
345,3364.738382
346,3340.931094
347,3333.936991
348,3358.496547
349,3378.603837
350,3375.243115
351,3401.264021
352,3412.293757
353,3390.961862
354,3403.434433
355,3413.174684
356,3418.977222
357,3383.358553
358,3355.012942
359,3345.765664
360,3315.714228
361,3314.778478
362,3282.565462
363,3324.245565
364,3302.092551
365,3261.097881
366,3260.244528
367,3266.854106
368,3256.350809
369,3238.367399
370,3262.239807
371,3240.335260
372,3243.698164
373,3271.234748
374,3256.531126
375,3276.987248
376,3256.703918
377,3261.989747
378,3267.958505
379,3259.726971
380,3245.236852
381,3245.118204
382,3248.521796
383,3276.945971
384,3291.964987
385,3314.018345
386,3293.006543
387,3272.808031
388,3289.579626
389,3323.360709
390,3319.405211
391,3330.198784
392,3258.439163
393,3279.524156
394,3266.503869
395,3275.313223
396,3264.959679
397,3295.224225
398,3287.732665
399,3277.283375
400,3235.348314
401,3284.854208
402,3308.868537
403,3311.288324
404,3342.192064
405,3334.832263
406,3346.740880
407,3357.976116
408,3366.220430
409,3379.658184
410,3393.621447
411,3371.993556
412,3358.609795
413,3353.279423
414,3317.373450
415,3334.923447
416,3359.815711
417,3366.271615
418,3381.509368
419,3358.769612
420,3337.850590
421,3319.506141
422,3295.347335
423,3308.302777
424,3319.565753
425,3302.968902
426,3320.873983
427,3285.030765
428,3297.453443
429,3291.883005
430,3349.028881
431,3321.893567
432,3326.917710
433,3315.229179
434,3292.624880
435,3300.634621
436,3325.765360
437,3313.382369
438,3289.142092
439,3322.150029
440,3362.607077
441,3351.709174
442,3362.510150
443,3381.985718
444,3369.630282
445,3350.992139
446,3375.088207
447,3378.013781
448,3391.812172
449,3366.757495
450,3341.752710
451,3363.895348
452,3359.128920
453,3376.609596
454,3404.018771
455,3377.360488
456,3399.519617
457,3361.040663
458,3332.392210
459,3325.788625
460,3330.986150
461,3340.105860
462,3308.619190
463,3353.066332
464,3333.882816
465,3337.308509
466,3322.844327
467,3270.133301
468,3312.278314
469,3285.266694
470,3287.785206
471,3278.066233
472,3214.608201
473,3208.023111
474,3259.770943
475,3270.789797
476,3219.546485
477,3230.584335
478,3257.733971
479,3253.262989
480,3240.523965
481,3211.300778
482,3187.365317
483,3167.803275
484,3135.422954
485,3162.208919
486,3147.929400
487,3147.386820
488,3168.574593
489,3194.329978
490,3189.470341
491,3169.459654
492,3163.804748
493,3160.995303
494,3156.419853
495,3162.687247
496,3186.199834
497,3184.514507
498,3213.779944
499,3225.415378
