0,3373.942900
1,6762.144639
2,7043.217772
3,7235.327008
4,7339.038741
5,7438.498578
6,7478.252077
7,7577.126249
8,7579.063287
9,7632.736109
10,7631.661034
11,7727.918749
12,7793.302783
13,7737.808552
14,7777.726916
15,7786.963471
16,7870.659158
17,7861.496653
18,7871.325621
19,7904.129490
20,7900.499437
21,7930.287765
22,7968.380656
23,8027.209566
24,8005.142949
25,8057.979817
26,8125.889239
27,8073.119015
28,8091.802018
29,8140.006593
30,8095.365299
31,8146.632546
32,8155.242955
33,8187.111626
34,8203.043799
35,8263.923978
36,8307.380648
37,8264.768280
38,8275.892731
39,8282.467717
40,8347.456167
41,8363.054834
42,8338.206175
43,8365.284566
44,8416.635773
45,8444.895546
46,8476.523707
47,8470.919332
48,8481.938656
49,8471.721091
50,8474.571853
51,8474.027781
52,8516.778849
53,8583.459526
54,8551.419614
55,8565.949037
56,8557.427193
57,8614.889850
58,8688.725163
59,8638.729621
60,8682.186810
61,8736.068965
62,8620.657920
63,8626.309033
64,8674.204647
65,8693.742342
66,8715.651796
67,8859.188933
68,8802.993917
69,8814.659795
70,8799.481317
71,8823.159511
72,8857.577229
73,8838.313790
74,8859.919008
75,8857.158952
76,8801.368320
77,8835.971884
78,8888.266014
79,8847.758018
80,8874.285593
81,8906.218180
82,8894.918060
83,8831.764124
84,8913.820164
85,8971.987192
86,8929.947064
87,8955.349655
88,9005.143325
89,9038.210281
90,9046.345406
91,9092.040866
92,9051.808665
93,9081.987265
94,9111.121958
95,9024.145105
96,9048.441656
97,9122.877657
98,9069.545535
99,9045.735461
100,9042.796453
101,9139.962916
102,9176.771209
103,9178.957543
104,9151.425081
105,9156.108367
106,9212.872406
107,9300.225919
108,9288.967043
109,9231.599942
110,9213.616707
111,9197.013485
112,9254.369461
113,9276.288214
114,9287.665365
115,9273.285506
116,9219.639345
117,9249.169646
118,9283.601062
119,9273.767339
120,9210.101667
121,9263.315475
122,9364.297404
123,9302.020997
124,9328.245202
125,9250.697088
126,9380.609380
127,9433.715311
128,9280.364846
129,9317.319045
130,9349.480375
131,9336.599912
132,9362.117596
133,9406.250213
134,9367.949850
135,9361.863431
136,9414.464567
137,9460.858198
138,9387.345205
139,9468.593252
140,9452.274585
141,9363.487393
142,9375.098627
143,9509.480708
144,9473.555062
145,9501.054500
146,9494.357262
147,9510.378764
148,9517.397673
149,9462.293304
150,9509.498185
151,9575.494592
152,9551.256395
153,9575.465427
154,9678.409476
155,9616.694738
156,9647.148175
157,9637.298225
158,9614.846817
159,9517.930635
160,9615.456548
161,9634.920637
162,9675.180052
163,9675.969474
164,9514.592568
165,9581.541285
166,9662.769821
167,9621.023247
168,9700.496232
169,9667.749426
170,9608.842692
171,9660.692012
172,9629.069010
173,9684.866191
174,9721.555514
175,9708.661122
176,9793.483118
177,9747.139097
178,9732.482857
179,9682.898070
180,9746.461483
181,9733.992505
182,9699.732938
183,9677.985336
184,9700.338476
185,9689.632636
186,9743.184194
187,9777.196672
188,9822.723982
189,9792.069921
190,9745.159913
191,9690.439508
192,9854.427700
193,9725.436246
194,9774.427820
195,9815.374700
196,9796.014422
197,9728.924112
198,9780.357544
199,9807.121989
200,9797.938125
201,9817.775034
202,9753.246709
203,9807.814579
204,9782.148508
205,9870.007799
206,9800.791392
207,9770.080065
208,9821.114654
209,9742.617053
210,9859.313644
211,9828.734250
212,9832.417021
213,9866.609035
214,9801.610329
215,9868.885229
216,9812.852936
217,9898.772343
218,9786.092292
219,9861.073974
220,9856.191814
221,9874.135552
222,9909.382580
223,9824.171662
224,9814.206849
225,9824.370210
226,9881.246465
227,9900.581172
228,9846.579773
229,9858.657154
230,9893.802387
231,9941.382513
232,9858.186569
233,9880.707004
234,9938.754388
235,9931.183118
236,9879.136673
237,9939.014947
238,9972.914071
239,9866.695592
240,9855.090567
241,9960.858344
242,9936.146313
243,9851.322870
244,9860.794167
245,9837.422011
246,9868.172556
247,9915.999278
248,9888.081772
249,9983.324372
250,9880.338498
251,9946.336963
252,10038.720782
253,9929.947506
254,9977.679808
255,9970.909096
256,9999.022736
257,9909.369863
258,9981.015350
259,9902.138904
260,9821.438103
261,9955.197153
262,9868.815496
263,9967.492741
264,10010.376433
265,9909.788452
266,9997.455831
267,9922.775519
268,9973.233020
269,10097.138673
270,10003.470795
271,9976.585190
272,9955.117870
273,10010.489330
274,10040.101065
275,10078.383803
276,9984.133306
277,9977.002971
278,10012.470725
279,10039.330798
280,9930.305181
281,9951.019734
282,9940.232565
283,10022.191540
284,9952.510214
285,9902.863140
286,9960.776891
287,10054.744106
288,10160.084938
289,9992.227639
290,10004.088539
291,10037.907804
292,10048.078374
293,9967.933765
294,10121.764053
295,10118.098209
296,10097.712440
297,10039.078811
298,10122.115094
299,10121.478923
300,10046.010138
301,10032.044725
302,9998.511426
303,10121.872312
304,10031.121565
305,9978.905977
306,10000.917583
307,10050.770020
308,10125.507308
309,10196.652276
310,10068.726741
311,10076.867801
312,10131.391446
313,10235.144455
314,10189.606326
315,10085.166711
316,10057.725787
317,10071.832102
318,10067.144378
319,10028.036795
320,9924.312564
321,10040.620885
322,10083.974529
323,10095.490239
324,10012.647496
325,10003.436248
326,10084.589111
327,10034.500025
328,10096.064569
329,10110.540476
330,10104.080135
331,10104.346652
332,10193.735495
333,10124.951189
334,10053.882023
335,10181.512903
336,10064.428891
337,10152.130957
338,10102.643499
339,10191.704626
340,10185.333453
341,10043.330580
342,10184.448722
343,10231.563254
344,10271.688071
345,10228.902100
346,10221.267863
347,10206.049069
348,10109.877245
349,10162.132075
350,10198.979853
351,10147.633929
352,10141.192377
353,10106.400560
354,10198.625262
355,10223.808118
356,10198.123580
357,10163.718412
358,10056.480597
359,10162.297463
360,10189.175532
361,10242.770617
362,10210.605817
363,10140.918808
364,10353.668619
365,10206.012105
366,10190.596415
367,10188.708692
368,10277.053269
369,10185.741735
370,10243.114125
371,10249.026586
372,10246.821723
373,10172.270710
374,10226.317466
375,10218.924049
376,10220.590529
377,10293.247488
378,10270.780440
379,10265.796092
380,10244.272724
381,10190.714392
382,10167.745850
383,10242.487593
384,10245.124844
385,10288.231769
386,10244.853465
387,10266.340449
388,10181.590335
389,10205.865581
390,10216.991004
391,10299.951821
392,10202.777797
393,10243.236339
394,10319.098649
395,10341.054250
396,10229.153811
397,10168.823723
398,10315.266125
399,10278.887513
400,10231.979405
401,10395.185568
402,10324.454191
403,10389.102513
404,10398.612747
405,10360.397378
406,10316.255248
407,10347.445285
408,10420.854722
409,10369.366672
410,10323.412782
411,10316.407047
412,10301.928920
413,10343.486904
414,10262.849451
415,10336.773631
416,10339.453417
417,10311.272523
418,10262.632187
419,10277.036710
420,10269.000878
421,10373.811363
422,10350.225209
423,10360.084759
424,10332.194452
425,10392.898516
426,10323.655946
427,10291.819026
428,10343.156916
429,10351.541536
430,10228.202189
431,10465.512410
432,10361.309217
433,10319.736270
434,10310.860551
435,10308.836458
436,10356.591869
437,10404.569261
438,10394.687459
439,10276.020042
440,10397.144918
441,10383.163397
442,10332.173956
443,10253.738034
444,10339.461277
445,10351.258370
446,10456.917640
447,10442.152122
448,10446.458730
449,10342.656839
450,10416.264832
451,10316.456865
452,10450.462717
453,10465.157039
454,10428.343375
455,10458.271054
456,10401.650989
457,10400.514627
458,10419.202805
459,10348.337137
460,10378.836329
461,10420.238922
462,10407.207731
463,10451.583173
464,10487.821658
465,10379.863865
466,10347.042669
467,10433.722225
468,10330.061045
469,10399.194722
470,10432.266318
471,10380.819771
472,10320.989861
473,10387.660561
474,10405.787056
475,10467.333239
476,10381.823177
477,10434.972022
478,10426.756741
479,10445.085197
480,10427.590843
481,10394.012125
482,10438.431734
483,10403.706788
484,10332.535859
485,10392.794125
486,10385.573014
487,10441.575204
488,10491.691398
489,10399.135310
490,10379.940401
491,10333.960822
492,10407.967483
493,10372.985889
494,10401.180727
495,10465.848978
496,10615.934636
497,10361.011803
498,10415.984898
499,10424.598787
