0,3392.238809
1,6879.206678
2,7258.997690
3,7598.298735
4,7870.166218
5,8084.638985
6,8255.443954
7,8460.161971
8,8635.607764
9,8814.461542
10,8965.324945
11,9191.943838
12,9349.166156
13,9550.434993
14,9746.097981
15,9965.834009
16,10108.390822
17,10258.487603
18,10410.864203
19,10547.497690
20,10671.697886
21,10799.410266
22,10922.995524
23,10980.549489
24,11100.536061
25,11156.757169
26,11135.739117
27,11184.485372
28,11240.022269
29,11293.896246
30,11281.122487
31,11326.507792
32,11321.227177
33,11413.813498
34,11420.246982
35,11401.630204
36,11470.118608
37,11498.411586
38,11485.790419
39,11511.212729
40,11538.100009
41,11557.481315
42,11513.091935
43,11521.904306
44,11528.039680
45,11592.471330
46,11522.694871
47,11560.785149
48,11518.322237
49,11560.548203
50,11578.556983
51,11562.763504
52,11547.412510
53,11588.587265
54,11585.505728
55,11649.272860
56,11629.992720
57,11540.331168
58,11613.072617
59,11539.480669
60,11553.788835
61,11586.237360
62,11581.061728
63,11546.254544
64,11574.445515
65,11523.701904
66,11611.778690
67,11577.212554
68,11536.811747
69,11607.886930
70,11574.940839
71,11509.701258
72,11568.996888
73,11571.259535
74,11581.042799
75,11666.073701
76,11653.593254
77,11581.303803
78,11595.023406
79,11608.429010
80,11646.638587
81,11636.881483
82,11672.819497
83,11625.608777
84,11662.348281
85,11683.552510
86,11644.832910
87,11599.269684
88,11639.355547
89,11606.939436
90,11658.938458
91,11690.812304
92,11638.495286
93,11678.800482
94,11605.786009
95,11618.454308
96,11617.269757
97,11655.271037
98,11606.990678
99,11678.927008
100,11656.656994
101,11708.062835
102,11620.428331
103,11602.893754
104,11583.579375
105,11633.582536
106,11659.855411
107,11631.183551
108,11733.423931
109,11694.376382
110,11692.171120
111,11691.341931
112,11725.726044
113,11722.231496
114,11697.623480
115,11718.738284
116,11724.696503
117,11705.991921
118,11694.993000
119,11682.925201
120,11758.851494
121,11719.713065
122,11714.934850
123,11724.162151
124,11788.393577
125,11797.833465
126,11672.375821
127,11682.480767
128,11733.955849
129,11762.895240
130,11726.831999
131,11775.796660
132,11722.859132
133,11722.885330
134,11699.877015
135,11740.222634
136,11777.991630
137,11747.755408
138,11718.259591
139,11770.043614
140,11719.635539
141,11751.831808
142,11718.792944
143,11741.816011
144,11747.240995
145,11634.785141
146,11708.115455
147,11757.686467
148,11729.695183
149,11773.798462
150,11765.522157
151,11700.234601
152,11725.494268
153,11732.681439
154,11689.891955
155,11710.052322
156,11700.435366
157,11685.056017
158,11746.772976
159,11683.912896
160,11730.194822
161,11713.780760
162,11716.297849
163,11711.798083
164,11736.457085
165,11698.718922
166,11751.883364
167,11728.009358
168,11726.654655
169,11734.439951
170,11748.389304
171,11719.780148
172,11698.651955
173,11707.906333
174,11690.065304
175,11744.885585
176,11752.461418
177,11723.707812
178,11747.305999
179,11743.271222
180,11752.061731
181,11733.323702
182,11744.056162
183,11753.849920
184,11744.161521
185,11746.870059
186,11774.970254
187,11700.515524
188,11734.111968
189,11718.776442
190,11753.483552
191,11745.838749
192,11763.229700
193,11749.805406
194,11738.445066
195,11758.232484
196,11716.954285
197,11730.525530
198,11742.978349
199,11766.504287
200,11697.625834
201,11697.212767
202,11729.691814
203,11746.574694
204,11727.505730
205,11766.905919
206,11708.956226
207,11679.349348
208,11730.629530
209,11767.688494
210,11735.669759
211,11764.748443
212,11687.356445
213,11659.537131
214,11692.055872
215,11755.839809
216,11748.130853
217,11746.185790
218,11763.415712
219,11737.987510
220,11735.323019
221,11735.394859
222,11729.344622
223,11779.557316
224,11761.523458
225,11716.694943
226,11746.645382
227,11757.551115
228,11783.988123
229,11764.299542
230,11737.318634
231,11762.868296
232,11678.994753
233,11736.860577
234,11693.558955
235,11691.011720
236,11726.153369
237,11672.982224
238,11717.399995
239,11750.398588
240,11760.153412
241,11676.588066
242,11746.765203
243,11758.356048
244,11726.958237
245,11754.299175
246,11753.481312
247,11765.395416
248,11772.137273
249,11681.386495
250,11707.080059
251,11763.547775
252,11770.857031
253,11742.936922
254,11726.468825
255,11647.322519
256,11658.554856
257,11704.034804
258,11738.569694
259,11745.068156
260,11697.996928
261,11687.174288
262,11731.701715
263,11744.931665
264,11751.268350
265,11716.891948
266,11779.224910
267,11731.587416
268,11721.892649
269,11718.157469
270,11695.859959
271,11685.519779
272,11695.374161
273,11761.999976
274,11776.569200
275,11746.140353
276,11649.897557
277,11763.911861
278,11759.337449
279,11767.508583
280,11765.087796
281,11696.732636
282,11697.805407
283,11744.167851
284,11703.889889
285,11702.435208
286,11688.498709
287,11736.750939
288,11751.724939
289,11759.942479
290,11756.619939
291,11752.694515
292,11752.569556
293,11758.313420
294,11731.871480
295,11707.506175
296,11727.088285
297,11728.183007
298,11782.488805
299,11774.545209
300,11745.533418
301,11757.315199
302,11787.144356
303,11734.020501
304,11755.894102
305,11726.101151
306,11731.284157
307,11736.593941
308,11704.122746
309,11721.356583
310,11745.596029
311,11768.612655
312,11746.727688
313,11767.596237
314,11777.883100
315,11760.859796
316,11719.029405
317,11741.455643
318,11748.893062
319,11744.207827
320,11698.174415
321,11698.939310
322,11676.605788
323,11696.415605
324,11726.313462
325,11737.976275
326,11748.595607
327,11713.947652
328,11696.426618
329,11712.631964
330,11752.312492
331,11712.865510
332,11751.162780
333,11751.190604
334,11765.571829
335,11721.252560
336,11745.426859
337,11732.309759
338,11734.502023
339,11680.401590
340,11755.801922
341,11713.446722
342,11698.790508
343,11811.594963
344,11762.139197
345,11772.027318
346,11787.348382
347,11795.487582
348,11763.810964
349,11753.449823
350,11711.413139
351,11757.095101
352,11724.131671
353,11692.179500
354,11705.959093
355,11688.272155
356,11707.984528
357,11710.838495
358,11754.483606
359,11748.196881
360,11763.237639
361,11753.814473
362,11703.168930
363,11694.455261
364,11708.793744
365,11708.236511
366,11702.516392
367,11690.148805
368,11693.820168
369,11718.405867
370,11736.575603
371,11764.144761
372,11696.541330
373,11717.789456
374,11689.157697
375,11667.030896
376,11729.936704
377,11699.062131
378,11787.371971
379,11789.511083
380,11759.976012
381,11735.093169
382,11696.000234
383,11750.663056
384,11764.548907
385,11711.557396
386,11715.107788
387,11699.619094
388,11748.318132
389,11729.067598
390,11692.796444
391,11753.291463
392,11752.508016
393,11711.713633
394,11679.789502
395,11757.277541
396,11737.456777
397,11704.803149
398,11769.284851
399,11774.982788
400,11754.774912
401,11800.060314
402,11762.069849
403,11751.696883
404,11765.555329
405,11777.987059
406,11752.728416
407,11732.508409
408,11743.935528
409,11712.603307
410,11699.762364
411,11807.389952
412,11791.653198
413,11757.315274
414,11743.743481
415,11768.622358
416,11745.505542
417,11751.356429
418,11716.639490
419,11728.274688
420,11738.973565
421,11708.384751
422,11737.272541
423,11778.678320
424,11771.151190
425,11741.363770
426,11709.457018
427,11706.256007
428,11723.207762
429,11724.126312
430,11715.511357
431,11713.774429
432,11728.025795
433,11729.288141
434,11769.779579
435,11715.706825
436,11722.337548
437,11744.757528
438,11739.571480
439,11770.147010
440,11719.922425
441,11746.751400
442,11735.502837
443,11740.410998
444,11742.002221
445,11770.266720
446,11760.873203
447,11687.218527
448,11758.258063
449,11762.470468
450,11703.564199
451,11772.661774
452,11802.034000
453,11794.535638
454,11784.494575
455,11718.635696
456,11741.813369
457,11752.754827
458,11760.291428
459,11769.163513
460,11739.746058
461,11692.507859
462,11719.850619
463,11760.793106
464,11725.023433
465,11654.740260
466,11684.199235
467,11710.201018
468,11731.153370
469,11750.024822
470,11716.417117
471,11750.663046
472,11741.917338
473,11699.491115
474,11753.978055
475,11767.476034
476,11732.237782
477,11727.471918
478,11698.492755
479,11713.011031
480,11696.435377
481,11659.357642
482,11700.352898
483,11758.899173
484,11713.835121
485,11716.120831
486,11686.569648
487,11741.083036
488,11751.266622
489,11790.229876
490,11782.271899
491,11749.143213
492,11769.183148
493,11727.088589
494,11773.821639
495,11741.652663
496,11707.137806
497,11704.092844
498,11716.184545
499,11753.959603
