0,3358.782118
1,6709.913141
2,7045.217770
3,7293.264267
4,7346.566519
5,7493.903984
6,7559.848173
7,7623.902603
8,7637.017533
9,7694.503385
10,7733.596066
11,7797.247157
12,7793.712474
13,7829.909418
14,7832.813814
15,7933.649392
16,7872.315597
17,8004.364839
18,8100.342283
19,8106.864627
20,8121.385945
21,8215.804780
22,8153.043520
23,8217.838774
24,8261.500746
25,8267.636171
26,8352.072469
27,8228.366811
28,8323.163436
29,8399.249111
30,8473.664429
31,8385.508424
32,8519.527471
33,8508.309846
34,8525.067348
35,8559.760740
36,8558.257021
37,8640.826625
38,8658.124727
39,8647.094615
40,8646.534483
41,8636.766938
42,8675.039135
43,8728.301386
44,8674.182093
45,8736.161972
46,8754.567040
47,8791.306769
48,8875.751680
49,8864.456048
50,8832.863531
51,8800.620856
52,8839.784313
53,8929.836411
54,8990.622901
55,8910.700227
56,8968.541139
57,8952.381014
58,8942.873647
59,8987.403999
60,9080.182972
61,9039.440590
62,9012.746900
63,9019.070124
64,9035.791983
65,9146.166426
66,9228.480720
67,9211.881431
68,9138.256825
69,9166.000314
70,9225.824132
71,9207.839088
72,9227.902598
73,9227.975212
74,9351.637408
75,9322.103653
76,9247.191343
77,9272.085368
78,9380.852632
79,9316.745622
80,9246.522313
81,9350.440976
82,9405.948444
83,9348.154368
84,9406.931212
85,9422.554208
86,9422.646402
87,9463.600683
88,9508.702590
89,9587.701511
90,9476.877693
91,9533.354944
92,9472.371269
93,9412.153187
94,9478.084968
95,9600.239992
96,9562.818864
97,9615.173764
98,9413.327696
99,9561.814287
100,9635.452839
101,9644.764185
102,9696.341672
103,9707.044178
104,9802.312140
105,9645.323453
106,9709.009341
107,9789.806244
108,9746.021494
109,9721.232279
110,9780.628867
111,9796.914896
112,9883.721345
113,9871.760485
114,9812.017269
115,9725.559227
116,9782.936022
117,9711.436394
118,9928.815578
119,9991.152258
120,10017.384535
121,10007.016296
122,10040.739916
123,10019.679900
124,10005.550299
125,10088.123570
126,10064.830500
127,10087.831617
128,10123.190546
129,10137.637901
130,10260.807351
131,10429.403180
132,10280.407539
133,10286.563639
134,10283.519460
135,10549.356186
136,10533.528312
137,10519.852442
138,10627.765157
139,10670.051322
140,10804.028301
141,10622.405442
142,10703.794464
143,10765.452342
144,10787.477975
145,10768.228762
146,10951.870008
147,11054.000913
148,11010.579390
149,11051.350844
150,10944.011231
151,11092.849578
152,11275.969236
153,11237.980152
154,11233.535059
155,11258.266720
156,11310.603913
157,11324.084260
158,11255.703533
159,11291.800358
160,11343.862648
161,11327.789840
162,11322.282432
163,11556.739021
164,11554.873664
165,11635.335243
166,11503.234590
167,11548.620933
168,11875.302787
169,11837.379802
170,11711.387036
171,11897.639910
172,11736.430849
173,11722.815009
174,11775.914099
175,11842.251411
176,12009.229329
177,11956.287088
178,12039.048059
179,12224.551003
180,12167.632907
181,12064.365151
182,11859.350564
183,12218.340654
184,12100.312987
185,12181.208288
186,12103.151084
187,12193.136093
188,12475.051398
189,12558.726178
190,12443.492133
191,12764.167510
192,12824.549123
193,12827.695421
194,12756.113947
195,12717.770146
196,12811.515749
197,12977.698046
198,12974.420457
199,12969.680899
200,12886.376673
201,13063.652758
202,12983.726814
203,13103.155524
204,13076.112754
205,12977.620574
206,13110.879957
207,13137.224353
208,13082.029939
209,12953.296041
210,13100.151011
211,13232.453423
212,13179.445619
213,13219.502001
214,13323.743166
215,13225.645731
216,13100.134030
217,13151.172396
218,13376.774325
219,13269.355577
220,13252.318043
221,13362.958082
222,13308.526383
223,13380.214987
224,13314.594818
225,13327.106178
226,13137.682586
227,13426.076276
228,13427.592588
229,13280.983839
230,13435.396626
231,13431.838879
232,13375.554242
233,13278.116791
234,13410.886496
235,13470.155330
236,13402.954288
237,13281.535471
238,13320.272237
239,13263.481958
240,13469.223215
241,13394.978448
242,13328.010239
243,13505.200914
244,13431.783960
245,13445.061647
246,13438.108695
247,13497.310907
248,13489.886854
249,13553.670292
250,13514.351382
251,13589.190712
252,13466.948608
253,13608.628612
254,13602.442209
255,13525.130006
256,13613.954735
257,13592.067065
258,13577.494729
259,13350.706117
260,13432.966975
261,13518.499817
262,13524.635426
263,13473.533225
264,13604.241989
265,13379.860893
266,13571.974126
267,13543.943856
268,13598.217629
269,13507.124040
270,13643.771583
271,13563.064411
272,13492.966138
273,13416.841565
274,13547.707790
275,13606.268900
276,13587.681206
277,13577.752843
278,13341.973689
279,13473.852167
280,13534.979740
281,13264.640840
282,13605.059476
283,13466.382072
284,13444.908442
285,13525.761860
286,13617.044956
287,13577.758068
288,13445.326613
289,13583.021163
290,13544.511329
291,13437.252298
292,13657.318097
293,13572.885563
294,13460.845096
295,13436.493875
296,13440.736190
297,13541.300122
298,13622.139109
299,13591.875410
300,13588.061015
301,13451.472811
302,13634.924980
303,13529.280482
304,13584.246160
305,13513.785809
306,13534.514336
307,13466.719188
308,13653.223645
309,13621.416692
310,13617.400988
311,13653.635321
312,13596.750399
313,13569.635770
314,13541.557536
315,13605.650145
316,13570.765554
317,13506.745397
318,13533.167508
319,13537.521932
320,13579.551191
321,13424.975069
322,13534.792144
323,13432.585860
324,13425.097282
325,13455.553957
326,13460.263411
327,13609.409228
328,13645.569171
329,13533.143134
330,13586.192573
331,13555.280911
332,13444.048890
333,13535.590184
334,13610.000665
335,13516.319700
336,13469.727421
337,13512.474798
338,13521.787279
339,13582.246331
340,13470.243231
341,13554.633882
342,13388.844483
343,13574.813270
344,13616.747646
345,13444.793635
346,13516.759873
347,13622.395073
348,13505.791473
349,13546.381491
350,13580.519417
351,13568.609486
352,13564.185737
353,13498.042485
354,13576.200510
355,13620.019270
356,13406.969755
357,13460.014824
358,13580.027312
359,13651.530530
360,13559.128998
361,13501.713896
362,13471.930683
363,13486.088363
364,13657.053176
365,13632.762229
366,13603.029998
367,13476.850084
368,13574.638567
369,13425.568719
370,13536.326407
371,13528.861400
372,13444.609865
373,13535.125947
374,13575.065263
375,13565.321231
376,13577.879615
377,13365.262141
378,13433.720713
379,13467.000795
380,13560.865186
381,13636.029707
382,13628.662054
383,13656.791084
384,13575.542542
385,13653.224416
386,13566.607461
387,13613.580926
388,13566.933168
389,13565.595237
390,13502.875656
391,13473.034582
392,13370.602651
393,13526.983331
394,13563.833158
395,13582.842888
396,13556.570320
397,13426.159917
398,13426.321367
399,13617.777109
400,13497.743028
401,13496.790242
402,13531.137318
403,13546.731194
404,13624.143777
405,13602.761717
406,13627.618648
407,13611.862278
408,13627.402527
409,13507.562510
410,13573.637925
411,13592.780437
412,13488.916254
413,13632.949691
414,13499.323149
415,13488.398095
416,13595.110002
417,13442.385406
418,13608.032201
419,13609.871632
420,13519.464149
421,13543.247289
422,13449.987614
423,13620.629508
424,13484.139405
425,13598.845060
426,13559.387092
427,13543.731927
428,13614.944000
429,13606.178937
430,13565.487871
431,13547.437206
432,13500.471861
433,13517.155972
434,13621.270090
435,13548.056467
436,13567.813100
437,13614.365843
438,13551.573378
439,13630.600538
440,13648.105580
441,13630.851113
442,13600.012253
443,13620.033173
444,13637.843019
445,13606.513386
446,13570.612441
447,13676.162028
448,13450.217193
449,13447.828162
450,13361.129152
451,13569.581636
452,13563.691456
453,13616.872530
454,13591.625697
455,13471.374652
456,13508.552388
457,13567.458910
458,13352.102394
459,13478.242859
460,13607.195454
461,13651.958857
462,13467.341866
463,13609.816587
464,13619.506022
465,13506.535285
466,13620.155695
467,13525.547050
468,13622.376312
469,13612.868666
470,13597.795328
471,13504.993293
472,13603.582824
473,13374.541440
474,13575.208989
475,13506.313705
476,13618.625186
477,13481.587705
478,13621.293513
479,13609.251039
480,13581.514886
481,13532.393664
482,13552.719555
483,13662.579360
484,13546.006856
485,13381.093720
486,13637.733455
487,13613.364511
488,13644.338787
489,13572.747804
490,13654.543495
491,13552.216200
492,13613.155977
493,13648.230368
494,13500.983492
495,13660.642328
496,13546.907633
497,13590.175907
498,13620.999438
499,13463.758595
