0,3351.932741
1,3436.537244
2,3520.459556
3,3612.397776
4,3681.855630
5,3743.752519
6,3809.296233
7,3884.442047
8,3919.143536
9,4011.843011
10,4103.227169
11,4125.391281
12,4187.984017
13,4228.307372
14,4256.862152
15,4292.894446
16,4279.616183
17,4287.944691
18,4292.783341
19,4325.607570
20,4339.497411
21,4335.029683
22,4350.921634
23,4377.445722
24,4415.653139
25,4445.681265
26,4476.023482
27,4482.473574
28,4509.249799
29,4509.271823
30,4545.452124
31,4570.286744
32,4611.582657
33,4636.367371
34,4627.332442
35,4660.381754
36,4669.618693
37,4710.236983
38,4718.691517
39,4760.443500
40,4812.155065
41,4828.100611
42,4828.851817
43,4832.501145
44,4869.820348
45,4892.503065
46,4922.037176
47,4949.058055
48,4974.729278
49,4981.177113
50,5028.514495
51,5053.367488
52,5081.846555
53,5087.842912
54,5092.048927
55,5099.961889
56,5131.793572
57,5152.619659
58,5144.356052
59,5168.640720
60,5155.873723
61,5237.050243
62,5284.807867
63,5305.368013
64,5298.516849
65,5322.466096
66,5349.289426
67,5389.881934
68,5403.854561
69,5447.201806
70,5466.563005
71,5467.142298
72,5477.354277
73,5482.845037
74,5464.714996
75,5459.279148
76,5458.488728
77,5512.368328
78,5514.679624
79,5547.586107
80,5536.372708
81,5546.598074
82,5554.175276
83,5546.070202
84,5497.315397
85,5490.294503
86,5499.159147
87,5459.014547
88,5470.826177
89,5472.244126
90,5457.268985
91,5476.975416
92,5493.501896
93,5498.229116
94,5529.524612
95,5541.671653
96,5557.705322
97,5550.870253
98,5574.558551
99,5556.227159
100,5534.401807
101,5548.313222
102,5559.760156
103,5552.800483
104,5569.540752
105,5541.539535
106,5533.448182
107,5557.079136
108,5548.600792
109,5604.796623
110,5585.439877
111,5563.118087
112,5528.581553
113,5517.699232
114,5543.610181
115,5591.618852
116,5586.899788
117,5587.935779
118,5587.158378
119,5567.205626
120,5577.945894
121,5614.896779
122,5643.785768
123,5623.631829
124,5586.509356
125,5613.557723
126,5635.879188
127,5609.230492
128,5627.665925
129,5619.562414
130,5631.822005
131,5625.501047
132,5635.298825
133,5598.080501
134,5586.063519
135,5588.702310
136,5543.558151
137,5555.011124
138,5563.793764
139,5579.404839
140,5595.808811
141,5647.777833
142,5626.375958
143,5630.213238
144,5633.110279
145,5664.008551
146,5616.364737
147,5625.128785
148,5598.044437
149,5598.965294
150,5594.017046
151,5589.329167
152,5562.759549
153,5550.259087
154,5604.983263
155,5625.328988
156,5653.415834
157,5651.533786
158,5633.497424
159,5603.377960
160,5623.690640
161,5645.089235
162,5650.437783
163,5599.971476
164,5624.237614
165,5667.970734
166,5719.018321
167,5744.753445
168,5760.128747
169,5705.970712
170,5717.198861
171,5674.384720
172,5674.532319
173,5669.298837
174,5627.369509
175,5654.439505
176,5618.823544
177,5616.288182
178,5650.517764
179,5659.432334
180,5689.037403
181,5669.162061
182,5638.132239
183,5676.335434
184,5640.006457
185,5609.910223
186,5570.703304
187,5576.340509
188,5550.617091
189,5555.611867
190,5577.644167
191,5576.436350
192,5638.807386
193,5639.110595
194,5646.418643
195,5654.999634
196,5668.359445
197,5619.099978
198,5597.400945
199,5581.699352
200,5603.970901
201,5609.599111
202,5606.269241
203,5612.586007
204,5612.296031
205,5608.895422
206,5645.346771
207,5642.911557
208,5599.941764
209,5620.427562
210,5687.795941
211,5668.935643
212,5652.782822
213,5642.507751
214,5603.762438
215,5587.940168
216,5620.755465
217,5605.530118
218,5580.261146
219,5619.243868
220,5645.379344
221,5647.841709
222,5608.015748
223,5618.551401
224,5609.055582
225,5612.143494
226,5586.683443
227,5559.988575
228,5601.152319
229,5615.744321
230,5637.866337
231,5675.014119
232,5662.358361
233,5623.620025
234,5641.616583
235,5657.542702
236,5695.729725
237,5680.514685
238,5665.173288
239,5690.102437
240,5688.389057
241,5729.188032
242,5720.297249
243,5688.240562
244,5692.438494
245,5685.571919
246,5677.361989
247,5696.556272
248,5703.783532
249,5677.190082
250,5684.253339
251,5656.507831
252,5684.760763
253,5689.524277
254,5671.225324
255,5685.750507
256,5723.781407
257,5742.550043
258,5713.489937
259,5662.008410
260,5699.089055
261,5691.356552
262,5691.493553
263,5694.240604
264,5703.298848
265,5713.573342
266,5712.604636
267,5733.950482
268,5730.816335
269,5747.509043
270,5730.484572
271,5713.149525
272,5746.118432
273,5703.075518
274,5711.075678
275,5699.540527
276,5708.998344
277,5716.377804
278,5677.778243
279,5675.530582
280,5667.654153
281,5665.284773
282,5632.067459
283,5671.181051
284,5688.071681
285,5662.479321
286,5680.674481
287,5728.228495
288,5747.267485
289,5795.205322
290,5790.001996
291,5793.594258
292,5780.176739
293,5750.435983
294,5726.023618
295,5778.365947
296,5787.894874
297,5818.642915
298,5866.616176
299,5861.982232
300,5872.688889
301,5844.222507
302,5871.101280
303,5857.105219
304,5886.436424
305,5877.477639
306,5844.830815
307,5852.005847
308,5910.440402
309,5912.559173
310,5888.739220
311,5862.814547
312,5921.105866
313,5956.274493
314,5909.884616
315,5928.392230
316,5889.436289
317,5838.547533
318,5848.957958
319,5876.115928
320,5797.816929
321,5806.550226
322,5883.070080
323,5876.510958
324,5897.465878
325,5905.460906
326,5921.192164
327,5938.817643
328,5910.980394
329,5878.923838
330,5861.177475
331,5869.718943
332,5856.207886
333,5871.791008
334,5884.555941
335,5861.034631
336,5884.830322
337,5873.961610
338,5871.143188
339,5884.936969
340,5894.671039
341,5869.244512
342,5891.932710
343,5928.761360
344,5960.920385
345,5936.212319
346,5926.599602
347,5906.148172
348,5923.006748
349,5939.103246
350,5900.949927
351,5891.913383
352,5868.090240
353,5880.316439
354,5847.675681
355,5848.037611
356,5831.027224
357,5878.865721
358,5938.731188
359,5919.758862
360,5869.675347
361,5871.257456
362,5868.840740
363,5851.386828
364,5846.791066
365,5839.787834
366,5836.220651
367,5812.267995
368,5825.499365
369,5789.438401
370,5767.238102
371,5791.683564
372,5860.288727
373,5846.235319
374,5865.335189
375,5894.683744
376,5847.941136
377,5891.746343
378,5887.357730
379,5853.626298
380,5884.268227
381,5865.590815
382,5825.889612
383,5860.004804
384,5844.947020
385,5864.242290
386,5924.682095
387,5919.805950
388,5861.325734
389,5889.450121
390,5910.969309
391,5917.258164
392,5881.796545
393,5847.018951
394,5830.871185
395,5903.378862
396,5896.040548
397,5857.700343
398,5895.006291
399,5861.195566
400,5860.860733
401,5850.049548
402,5869.542217
403,5932.638422
404,5953.613095
405,5972.583043
406,5976.585918
407,5960.973617
408,5959.261541
409,5980.857917
410,5998.381842
411,5995.761884
412,6007.059698
413,5983.090647
414,5969.293753
415,5927.950372
416,5901.916862
417,5880.429602
418,5947.074275
419,5940.132288
420,5901.541670
421,5919.590943
422,5882.221978
423,5948.380439
424,6018.433021
425,5981.937630
426,5918.672407
427,5953.059432
428,5970.969766
429,5969.812939
430,5958.939088
431,5899.355881
432,5923.408410
433,5904.643217
434,5884.561886
435,5888.873064
436,5862.309482
437,5888.494123
438,5890.209821
439,5893.971019
440,5887.112928
441,5903.856406
442,5896.391785
443,5905.901628
444,5851.062847
445,5836.738080
446,5847.220487
447,5821.886666
448,5821.036021
449,5855.881825
450,5857.263690
451,5833.665287
452,5865.861462
453,5883.944210
454,5889.596989
455,5920.765019
456,5918.882425
457,5918.500283
458,5935.638203
459,5929.086993
460,5961.804299
461,5937.111095
462,5921.167629
463,5950.340694
464,5954.057133
465,5989.160373
466,6000.464759
467,5962.648576
468,5948.515767
469,5943.810209
470,5917.951462
471,5883.341715
472,5866.785545
473,5848.280592
474,5850.481596
475,5847.113729
476,5815.014257
477,5815.533890
478,5826.323149
479,5823.490736
480,5840.875342
481,5821.534736
482,5812.630158
483,5848.302261
484,5817.644218
485,5793.356456
486,5849.823000
487,5840.175872
488,5848.947979
489,5848.693447
490,5821.953971
491,5832.130628
492,5807.705970
493,5842.605233
494,5851.978445
495,5867.330646
496,5894.992094
497,5898.897237
498,5870.737849
499,5891.002166
