0,3376.829841
1,6760.997364
2,7135.769734
3,7366.661933
4,7530.946888
5,7685.133254
6,7860.616482
7,8062.185730
8,8215.366752
9,8366.038594
10,8492.868392
11,8640.274167
12,8709.247465
13,8811.885665
14,8887.326836
15,8987.457422
16,9079.582079
17,9173.047126
18,9272.168878
19,9374.365593
20,9460.136755
21,9484.510051
22,9697.710162
23,9829.137925
24,9900.170079
25,9919.979380
26,9939.199764
27,10101.851146
28,10148.029874
29,10247.656519
30,10290.679540
31,10206.015570
32,10280.502444
33,10408.869034
34,10498.876462
35,10513.786411
36,10549.609369
37,10585.079786
38,10703.139601
39,10708.295122
40,10765.850056
41,10855.539923
42,10849.666060
43,10834.802065
44,10871.176121
45,10877.580278
46,10993.734408
47,11049.677178
48,11000.515880
49,11004.173745
50,11118.751965
51,11086.253717
52,11172.215942
53,11232.436205
54,11266.828734
55,11334.653238
56,11383.700847
57,11477.095691
58,11494.912204
59,11487.616565
60,11481.211393
61,11461.423289
62,11553.231298
63,11521.156119
64,11591.768231
65,11582.026804
66,11609.802022
67,11609.935453
68,11608.132006
69,11653.189278
70,11584.651612
71,11679.049941
72,11718.748893
73,11732.617860
74,11662.740485
75,11724.927800
76,11735.547986
77,11676.318789
78,11685.333971
79,11712.982811
80,11760.411050
81,11808.438412
82,11841.472210
83,11735.892287
84,11758.721541
85,11692.259376
86,11719.268003
87,11815.815905
88,11782.867292
89,11765.801939
90,11728.178599
91,11678.121263
92,11740.583044
93,11788.907383
94,11811.601591
95,11798.611102
96,11755.562834
97,11805.124857
98,11903.812068
99,11859.780118
100,11816.792401
101,11827.117303
102,11802.278648
103,11826.686832
104,11847.844928
105,11860.061176
106,11860.670427
107,11851.707656
108,11881.224952
109,11904.037061
110,11853.397463
111,11875.630356
112,11893.654419
113,11991.182800
114,12065.946496
115,12079.094984
116,12158.564220
117,12166.982729
118,12151.913027
119,12162.672296
120,12105.891098
121,12163.743455
122,12221.274149
123,12226.316126
124,12209.393380
125,12262.062969
126,12197.279680
127,12196.962631
128,12216.304967
129,12206.823187
130,12125.731745
131,12250.376731
132,12173.059336
133,12181.672135
134,12273.112760
135,12272.679350
136,12232.258141
137,12238.447198
138,12233.468137
139,12215.786952
140,12264.299242
141,12299.529083
142,12294.001860
143,12311.220435
144,12250.916283
145,12275.027288
146,12292.164879
147,12246.763149
148,12345.328749
149,12322.029117
150,12306.314277
151,12319.736119
152,12317.098926
153,12348.421329
154,12361.698793
155,12315.934657
156,12401.050057
157,12436.270953
158,12415.486905
159,12412.376311
160,12501.159810
161,12498.129032
162,12454.045325
163,12519.484315
164,12505.376130
165,12505.327473
166,12471.930041
167,12424.708111
168,12443.623476
169,12518.676907
170,12489.718855
171,12451.484145
172,12474.217346
173,12565.276230
174,12502.228694
175,12508.757356
176,12572.983378
177,12548.134402
178,12603.964652
179,12563.260311
180,12566.738202
181,12583.143281
182,12603.717869
183,12557.140779
184,12580.395482
185,12578.864429
186,12519.507119
187,12593.859591
188,12586.902635
189,12598.881754
190,12615.803160
191,12597.864574
192,12593.403019
193,12601.922383
194,12630.088232
195,12625.112793
196,12598.751137
197,12645.129535
198,12616.687654
199,12614.473674
200,12598.018129
201,12648.582813
202,12648.327450
203,12641.619850
204,12647.540122
205,12689.758062
206,12691.210094
207,12712.048529
208,12729.268297
209,12720.396097
210,12707.637389
211,12723.361945
212,12724.801687
213,12751.180254
214,12705.135421
215,12733.360985
216,12751.707356
217,12743.341998
218,12759.131334
219,12766.573113
220,12778.934169
221,12762.177024
222,12761.026843
223,12757.785935
224,12759.023333
225,12776.448179
226,12763.047318
227,12756.916611
228,12769.804434
229,12781.424099
230,12778.594636
231,12783.815367
232,12781.691365
233,12764.841696
234,12789.638899
235,12787.517306
236,12790.489880
237,12789.084737
238,12799.446512
239,12799.946886
240,12793.445070
241,12773.048108
242,12787.940751
243,12789.248520
244,12788.166558
245,12795.183760
246,12774.562929
247,12790.091579
248,12791.296314
249,12797.225742
250,12798.454160
251,12784.296373
252,12783.774376
253,12780.869582
254,12778.681883
255,12790.578019
256,12787.805014
257,12761.446123
258,12801.109863
259,12776.070022
260,12760.411817
261,12806.716487
262,12786.899800
263,12803.869300
264,12781.831634
265,12781.463973
266,12763.819711
267,12792.218968
268,12779.739621
269,12776.364158
270,12792.228960
271,12797.437208
272,12776.645193
273,12796.792787
274,12788.265426
275,12787.396926
276,12789.787944
277,12773.485996
278,12785.913513
279,12789.260664
280,12802.828504
281,12781.159521
282,12793.737098
283,12797.752227
284,12783.564222
285,12792.990528
286,12789.772189
287,12785.177049
288,12782.783286
289,12782.442158
290,12767.885714
291,12786.009702
292,12788.369674
293,12786.342744
294,12776.648108
295,12803.704567
296,12800.216622
297,12780.528082
298,12791.765539
299,12765.028862
300,12769.336276
301,12773.115131
302,12792.923089
303,12791.073559
304,12792.980851
305,12799.250537
306,12802.166168
307,12809.943987
308,12800.761148
309,12826.915920
310,12865.720482
311,12859.969426
312,12865.895037
313,12884.032348
314,12930.677882
315,12944.002954
316,12995.953596
317,12999.253492
318,12999.962592
319,12979.805682
320,12993.020454
321,12998.164661
322,12998.590105
323,12988.432255
324,12977.341114
325,12988.693541
326,13010.675777
327,13004.554282
328,13008.030411
329,12982.554261
330,12992.537511
331,13004.055716
332,13000.676682
333,13003.413150
334,13001.037996
335,12987.579577
336,12985.050138
337,12987.359224
338,12983.020112
339,12989.998021
340,13013.760253
341,13004.703164
342,13002.943769
343,12990.395528
344,13010.024547
345,13001.331242
346,12990.156940
347,12970.088157
348,12988.332424
349,13013.214877
350,13009.829604
351,13006.431142
352,12985.466313
353,13008.566703
354,12997.221938
355,12991.545132
356,12987.836879
357,12987.452886
358,12989.234298
359,12992.555600
360,12998.580492
361,13018.664266
362,13003.766030
363,12991.315641
364,12984.804087
365,13011.160873
366,13008.306577
367,12995.725643
368,12984.274375
369,12997.470950
370,13007.832990
371,12980.624354
372,12989.836350
373,12989.441132
374,12985.076979
375,12991.096791
376,12989.423235
377,12999.937993
378,13007.182362
379,12997.581164
380,13005.822821
381,13001.453659
382,13006.918769
383,12981.190716
384,12991.665035
385,13007.209247
386,13022.943987
387,13036.100536
388,13060.594443
389,13087.625856
390,13144.155208
391,13174.550644
392,13250.189944
393,13284.938847
394,13405.408814
395,13463.338912
396,13478.785130
397,13490.379247
398,13500.775729
399,13490.003974
400,13482.028117
401,13479.023961
402,13497.927122
403,13493.269591
404,13486.854461
405,13495.524479
406,13479.555952
407,13489.897883
408,13511.121695
409,13487.948456
410,13483.592592
411,13497.446809
412,13493.426417
413,13490.516898
414,13495.639245
415,13492.016511
416,13499.788716
417,13476.336302
418,13494.123882
419,13488.141577
420,13489.618197
421,13493.365549
422,13481.439586
423,13483.267538
424,13481.676126
425,13486.304624
426,13494.490179
427,13491.308293
428,13486.986413
429,13489.788616
430,13479.746476
431,13493.550669
432,13470.747886
433,13486.023376
434,13486.547052
435,13486.533056
436,13499.109473
437,13494.682855
438,13473.897323
439,13489.736855
440,13474.537377
441,13478.531822
442,13482.036916
443,13487.659473
444,13487.908891
445,13457.707828
446,13498.517000
447,13485.121890
448,13492.817206
449,13500.505371
450,13508.747534
451,13503.534128
452,13502.836814
453,13511.253027
454,13478.193494
455,13499.454390
456,13498.001862
457,13486.848523
458,13498.517293
459,13491.016117
460,13487.825777
461,13481.343772
462,13484.290314
463,13488.088579
464,13499.700056
465,13469.676348
466,13477.237734
467,13500.060612
468,13507.039827
469,13499.867740
470,13515.528677
471,13542.217299
472,13577.715898
473,13541.957269
474,13560.673303
475,13580.012563
476,13571.005453
477,13566.225609
478,13570.085455
479,13555.466396
480,13576.834307
481,13593.573497
482,13572.730099
483,13564.921781
484,13569.349685
485,13583.367635
486,13574.073194
487,13571.016848
488,13582.902788
489,13574.037838
490,13571.553111
491,13570.434615
492,13578.704310
493,13587.187777
494,13554.039169
495,13550.005724
496,13573.665025
497,13567.262728
498,13572.021410
499,13580.297084
