0,3361.717938
1,3625.625688
2,3754.672696
3,3832.541415
4,3901.431809
5,3950.754934
6,4005.378944
7,4029.509684
8,4023.486885
9,4069.447005
10,4116.271644
11,4099.980959
12,4161.089490
13,4154.390045
14,4172.169207
15,4148.057247
16,4190.487786
17,4146.414823
18,4208.313022
19,4228.538280
20,4198.839643
21,4172.624671
22,4130.259618
23,4192.081869
24,4246.635124
25,4258.408708
26,4269.152496
27,4290.207340
28,4290.088495
29,4320.558059
30,4336.960664
31,4315.074329
32,4322.481979
33,4297.412409
34,4331.128496
35,4334.561321
36,4367.173668
37,4399.023717
38,4405.456981
39,4378.033372
40,4421.912249
41,4415.686571
42,4399.357032
43,4445.047534
44,4450.164651
45,4504.232682
46,4478.704155
47,4468.963429
48,4418.630172
49,4500.082544
50,4528.038379
51,4539.036176
52,4586.760533
53,4632.654341
54,4669.843516
55,4711.661694
56,4712.356947
57,4693.610939
58,4699.178601
59,4696.097106
60,4678.116220
61,4703.142272
62,4737.031057
63,4804.365892
64,4802.466520
65,4770.153908
66,4777.274050
67,4759.755441
68,4762.654241
69,4878.650165
70,4856.372174
71,4839.487840
72,4878.322920
73,4866.550465
74,4863.304539
75,4840.228512
76,4876.657838
77,4919.393112
78,4954.286197
79,4990.485827
80,4971.373550
81,4979.551702
82,4947.325816
83,4991.402378
84,4919.855109
85,4936.237683
86,4953.213977
87,4921.038374
88,5036.248681
89,5024.100603
90,5021.042296
91,5048.782163
92,5042.739721
93,5062.486406
94,4991.738998
95,5010.862233
96,5037.428840
97,5003.097943
98,4986.208253
99,4960.870354
100,4995.073065
101,5015.921754
102,5031.550798
103,5122.251212
104,5154.213107
105,5037.376631
106,5081.687477
107,5085.734881
108,5085.781655
109,5095.665724
110,5135.711792
111,5178.539152
112,5206.934899
113,5102.356134
114,5191.410691
115,5240.633012
116,5330.303959
117,5290.907992
118,5268.995605
119,5201.306324
120,5231.571322
121,5268.490105
122,5278.913342
123,5373.168060
124,5366.849027
125,5297.148123
126,5324.192926
127,5340.451524
128,5283.598518
129,5188.131250
130,5252.611236
131,5387.850127
132,5448.883687
133,5397.515134
134,5324.496406
135,5261.347877
136,5328.084813
137,5288.462586
138,5315.827138
139,5357.347837
140,5394.002954
141,5485.914579
142,5427.895639
143,5477.361570
144,5548.919118
145,5534.112908
146,5456.912771
147,5441.590768
148,5499.276721
149,5498.746698
150,5577.926090
151,5494.916797
152,5618.916098
153,5646.198234
154,5645.685808
155,5692.151510
156,5633.005847
157,5704.583751
158,5749.324835
159,5823.815988
160,5847.712708
161,5814.984049
162,5735.439985
163,5857.423138
164,5891.266284
165,5852.009765
166,5912.750610
167,5941.051629
168,6007.905716
169,5962.399198
170,6004.763771
171,5924.641519
172,5966.787906
173,6010.237518
174,6030.199197
175,6035.172623
176,6090.051182
177,6069.651591
178,6176.916365
179,6224.995078
180,6354.801392
181,6352.571516
182,6320.491539
183,6276.079038
184,6268.766813
185,6262.827868
186,6249.041402
187,6219.238039
188,6235.379758
189,6388.181297
190,6366.337207
191,6351.672485
192,6395.059787
193,6334.412944
194,6379.274511
195,6395.756883
196,6428.639684
197,6438.391743
198,6370.523547
199,6475.050560
200,6496.893624
201,6478.765925
202,6466.750963
203,6417.402443
204,6408.068024
205,6485.644106
206,6374.139706
207,6437.387732
208,6499.659187
209,6462.316102
210,6521.643435
211,6478.953952
212,6494.176814
213,6411.403501
214,6485.410822
215,6495.678832
216,6474.905560
217,6490.778313
218,6519.698448
219,6517.243980
220,6546.357909
221,6526.364651
222,6549.767798
223,6467.944122
224,6555.165591
225,6529.499224
226,6532.185332
227,6531.341195
228,6576.362636
229,6536.619451
230,6542.589655
231,6552.415603
232,6556.608345
233,6575.961386
234,6587.395744
235,6528.026836
236,6527.289597
237,6584.722304
238,6551.939949
239,6563.811479
240,6593.313415
241,6553.382247
242,6568.809338
243,6568.584512
244,6539.655018
245,6531.414413
246,6491.689626
247,6542.838658
248,6482.917402
249,6496.421114
250,6540.367105
251,6561.321653
252,6571.134105
253,6566.853203
254,6586.164813
255,6546.337652
256,6465.265251
257,6527.875550
258,6576.888006
259,6572.611919
260,6599.965669
261,6601.319291
262,6621.128432
263,6626.378491
264,6658.357735
265,6664.951360
266,6661.312615
267,6638.056395
268,6654.741663
269,6624.515199
270,6651.249283
271,6652.706109
272,6608.165638
273,6645.327722
274,6665.327725
275,6665.715966
276,6608.052598
277,6656.059030
278,6662.238277
279,6676.991505
280,6639.334043
281,6646.157188
282,6657.353646
283,6639.151800
284,6668.202738
285,6607.142086
286,6643.479872
287,6650.859744
288,6680.021142
289,6665.083551
290,6658.047431
291,6649.441684
292,6648.275687
293,6645.031650
294,6660.121083
295,6643.833885
296,6630.227896
297,6660.630645
298,6667.209663
299,6675.620678
300,6700.289963
301,6673.146460
302,6718.043312
303,6629.846098
304,6682.871590
305,6677.406666
306,6705.188853
307,6666.852577
308,6686.351446
309,6706.086273
310,6707.154625
311,6696.221575
312,6673.823982
313,6702.847537
314,6706.468383
315,6637.854276
316,6699.639053
317,6695.262229
318,6570.211337
319,6657.431231
320,6690.683250
321,6684.596012
322,6695.292974
323,6697.292648
324,6709.479833
325,6695.720400
326,6692.459860
327,6700.243192
328,6678.464119
329,6706.149955
330,6676.848066
331,6701.717560
332,6710.964949
333,6692.636287
334,6716.970591
335,6685.667862
336,6683.833342
337,6707.617346
338,6715.123372
339,6707.170152
340,6682.313327
341,6700.941227
342,6691.043602
343,6658.611096
344,6689.794112
345,6717.790472
346,6708.947903
347,6720.085038
348,6708.074659
349,6667.172099
350,6692.822443
351,6710.708767
352,6722.167321
353,6694.720302
354,6678.731962
355,6627.227394
356,6707.176623
357,6660.888152
358,6708.033250
359,6685.670357
360,6698.059364
361,6727.028840
362,6630.213223
363,6664.466116
364,6690.489569
365,6717.085718
366,6713.327081
367,6701.753875
368,6697.232707
369,6708.090662
370,6713.229437
371,6696.986069
372,6691.240939
373,6707.276005
374,6716.879461
375,6712.853427
376,6705.643305
377,6638.104856
378,6662.812507
379,6707.778710
380,6669.677384
381,6570.425937
382,6667.594612
383,6704.069110
384,6696.832348
385,6662.150141
386,6691.138427
387,6684.573880
388,6700.749513
389,6712.393688
390,6673.892071
391,6718.075498
392,6698.256884
393,6704.095476
394,6722.354755
395,6697.551863
396,6685.744227
397,6684.281834
398,6682.953289
399,6692.502458
400,6702.846521
401,6646.235289
402,6695.364562
403,6641.025203
404,6689.254897
405,6692.121278
406,6653.269022
407,6688.566208
408,6702.982776
409,6706.327266
410,6694.981099
411,6708.255773
412,6574.536793
413,6687.757180
414,6735.267630
415,6775.334209
416,6770.030908
417,6747.489982
418,6727.116451
419,6774.562927
420,6749.263409
421,6592.317961
422,6726.908086
423,6737.281285
424,6693.355538
425,6690.487958
426,6756.843842
427,6745.436802
428,6753.137578
429,6672.400324
430,6763.371399
431,6758.035076
432,6740.298251
433,6746.135655
434,6774.478349
435,6777.231877
436,6771.537345
437,6759.044722
438,6778.239243
439,6777.658257
440,6806.555356
441,6815.752451
442,6809.412754
443,6817.633122
444,6798.884160
445,6830.011740
446,6787.071025
447,6812.133836
448,6807.881359
449,6834.642237
450,6815.594289
451,6699.335227
452,6789.209977
453,6811.367173
454,6769.181777
455,6782.947334
456,6831.339454
457,6790.374921
458,6796.056180
459,6801.624421
460,6836.201897
461,6824.847006
462,6815.827011
463,6817.613112
464,6821.569111
465,6835.733793
466,6848.350741
467,6792.620695
468,6834.139827
469,6684.184741
470,6744.800313
471,6667.194431
472,6757.299016
473,6757.901785
474,6812.418081
475,6827.583250
476,6828.233305
477,6813.889630
478,6817.411351
479,6811.202318
480,6828.569193
481,6817.952818
482,6823.832781
483,6822.360507
484,6812.309263
485,6774.042760
486,6826.826612
487,6829.600444
488,6817.954338
489,6830.843800
490,6786.924628
491,6818.275029
492,6717.370155
493,6556.527704
494,6722.951901
495,6804.050112
496,6833.754923
497,6824.045159
498,6768.094613
499,6805.638687
