0,3372.680185
1,6935.644030
2,7318.036115
3,7625.867818
4,7872.462021
5,8069.638928
6,8235.283715
7,8378.321286
8,8473.465036
9,8543.956105
10,8601.178091
11,8693.752914
12,8759.372283
13,8840.529526
14,8855.192621
15,8932.107530
16,8948.102604
17,8993.754367
18,9019.908807
19,9066.056176
20,9110.561110
21,9146.155434
22,9200.866876
23,9230.706970
24,9271.356174
25,9285.204949
26,9295.307248
27,9353.817397
28,9382.652803
29,9383.888012
30,9476.923141
31,9470.180835
32,9501.911541
33,9478.754916
34,9493.449002
35,9559.441358
36,9596.389413
37,9604.849393
38,9639.878606
39,9671.010890
40,9705.348766
41,9715.897215
42,9706.087363
43,9770.622936
44,9744.700084
45,9809.394460
46,9778.468499
47,9785.533514
48,9812.570462
49,9818.101207
50,9880.346364
51,9834.512770
52,9854.556369
53,9895.485142
54,9904.878672
55,9890.490929
56,9916.493524
57,9965.500480
58,9948.425934
59,9936.250541
60,9983.165318
61,9989.915581
62,10001.935765
63,9984.188452
64,9997.453150
65,10062.521034
66,10008.610395
67,9995.279642
68,10025.962991
69,10031.707841
70,10027.824717
71,10093.516869
72,10052.168947
73,10061.890881
74,10111.565135
75,10101.063229
76,10081.864532
77,10127.576545
78,10108.481410
79,10097.251623
80,10181.543358
81,10134.722349
82,10166.011708
83,10174.894494
84,10237.704204
85,10179.418337
86,10144.669588
87,10091.994289
88,10133.196457
89,10206.569200
90,10202.374592
91,10189.733844
92,10182.699905
93,10217.354609
94,10225.524304
95,10219.577281
96,10225.147736
97,10212.898807
98,10242.485642
99,10218.820713
100,10215.917575
101,10257.723346
102,10242.473239
103,10290.906584
104,10298.310614
105,10335.592322
106,10316.002407
107,10253.569190
108,10331.442752
109,10313.146216
110,10328.600288
111,10290.417859
112,10295.149593
113,10342.157473
114,10295.963385
115,10284.269555
116,10300.432838
117,10288.759662
118,10339.965821
119,10347.213239
120,10339.726419
121,10397.404843
122,10360.538668
123,10452.068706
124,10364.695244
125,10397.380393
126,10333.636850
127,10411.484951
128,10366.152413
129,10392.078982
130,10441.603805
131,10362.164530
132,10338.611386
133,10341.391375
134,10450.415723
135,10450.796105
136,10464.119930
137,10405.620210
138,10368.242080
139,10422.709277
140,10379.760711
141,10434.310922
142,10402.122386
143,10384.129643
144,10498.508097
145,10496.426240
146,10458.151023
147,10432.940265
148,10368.644769
149,10420.761475
150,10468.284305
151,10492.325447
152,10395.081958
153,10466.856734
154,10385.474642
155,10467.277214
156,10484.369209
157,10454.755788
158,10430.131197
159,10464.595691
160,10370.864794
161,10422.418960
162,10499.675191
163,10472.709128
164,10452.582463
165,10507.886181
166,10484.743290
167,10477.222838
168,10571.260088
169,10505.427610
170,10466.676406
171,10447.665305
172,10481.104847
173,10505.673827
174,10446.075841
175,10405.164963
176,10482.601881
177,10460.227912
178,10540.423713
179,10476.973978
180,10503.621008
181,10559.256338
182,10574.930845
183,10502.181369
184,10478.564683
185,10554.870547
186,10602.721857
187,10540.128895
188,10475.688221
189,10499.287548
190,10555.184444
191,10536.698935
192,10528.739369
193,10516.095712
194,10557.315500
195,10520.918458
196,10486.034345
197,10507.401922
198,10513.230064
199,10514.296407
200,10544.624732
201,10479.553328
202,10524.202325
203,10539.927961
204,10597.574552
205,10524.371941
206,10537.775566
207,10608.439311
208,10584.506018
209,10549.303614
210,10514.249185
211,10549.537275
212,10511.548386
213,10478.459291
214,10510.613829
215,10482.249858
216,10493.644609
217,10504.124749
218,10537.887833
219,10551.641293
220,10521.224604
221,10514.186413
222,10550.736279
223,10497.380142
224,10550.491629
225,10559.288491
226,10491.078756
227,10559.686734
228,10487.378386
229,10556.564624
230,10504.760364
231,10513.437227
232,10542.893874
233,10503.175444
234,10491.610707
235,10550.877852
236,10487.943886
237,10565.198213
238,10551.094026
239,10546.952877
240,10496.785939
241,10494.127253
242,10504.667595
243,10556.374450
244,10592.230523
245,10534.458163
246,10489.615962
247,10507.396154
248,10527.721853
249,10529.300041
250,10515.928451
251,10501.099077
252,10510.691674
253,10525.169588
254,10538.568025
255,10523.556138
256,10601.903591
257,10564.287855
258,10539.932624
259,10594.320825
260,10550.007046
261,10480.099329
262,10538.729921
263,10600.370137
264,10515.492031
265,10482.337219
266,10588.901898
267,10509.824642
268,10512.995196
269,10511.128741
270,10582.892360
271,10537.752265
272,10591.565970
273,10477.160959
274,10487.305645
275,10566.214315
276,10594.938106
277,10535.225790
278,10588.682407
279,10570.020498
280,10600.771445
281,10560.566689
282,10563.449848
283,10612.450469
284,10625.072019
285,10567.431971
286,10561.920319
287,10612.334767
288,10540.202404
289,10582.487720
290,10620.121108
291,10559.274742
292,10603.205414
293,10545.245535
294,10543.208588
295,10560.201934
296,10615.287394
297,10582.431928
298,10569.292471
299,10576.226729
300,10512.769420
301,10551.361069
302,10561.346543
303,10617.154770
304,10580.579490
305,10540.816572
306,10618.471172
307,10628.868380
308,10577.464994
309,10578.780515
310,10557.112105
311,10527.889343
312,10611.681116
313,10633.561413
314,10598.985971
315,10604.456446
316,10596.357272
317,10614.839809
318,10531.328910
319,10674.716281
320,10595.403548
321,10555.998486
322,10506.432642
323,10618.122505
324,10567.392610
325,10562.102604
326,10572.369360
327,10572.213940
328,10577.100287
329,10609.005784
330,10586.962745
331,10538.934680
332,10680.324441
333,10593.861928
334,10616.678767
335,10606.505105
336,10550.827555
337,10571.654301
338,10587.773757
339,10542.945986
340,10588.842866
341,10638.953441
342,10617.158537
343,10587.516209
344,10581.501374
345,10556.642514
346,10589.794455
347,10592.258246
348,10676.495106
349,10610.317121
350,10515.378962
351,10602.315839
352,10606.017584
353,10585.115433
354,10629.419116
355,10576.949094
356,10583.220873
357,10662.166008
358,10628.681876
359,10546.163705
360,10567.615493
361,10646.010575
362,10630.487999
363,10651.491366
364,10603.711882
365,10594.743794
366,10597.125400
367,10664.668456
368,10620.589088
369,10737.819030
370,10641.758834
371,10634.444453
372,10612.519163
373,10609.566783
374,10627.670884
375,10572.320414
376,10616.177321
377,10660.882834
378,10638.251844
379,10592.432889
380,10637.487164
381,10675.497721
382,10574.988840
383,10593.549855
384,10596.093642
385,10581.788876
386,10670.465093
387,10560.702805
388,10668.297570
389,10607.827849
390,10646.280105
391,10659.429473
392,10613.631521
393,10652.694715
394,10596.436664
395,10673.412848
396,10578.610407
397,10557.736976
398,10645.420035
399,10637.121055
400,10660.182308
401,10619.550117
402,10590.449054
403,10574.556355
404,10630.810801
405,10572.281813
406,10621.172980
407,10549.998688
408,10604.397966
409,10592.669306
410,10614.815987
411,10552.677680
412,10599.868729
413,10543.370342
414,10642.235960
415,10660.419742
416,10633.831805
417,10636.634881
418,10591.760817
419,10668.703705
420,10667.414782
421,10636.835261
422,10687.221849
423,10607.599318
424,10611.938564
425,10615.279856
426,10606.270891
427,10568.914358
428,10700.788546
429,10749.458538
430,10625.946333
431,10580.773463
432,10636.590049
433,10584.687401
434,10617.402674
435,10647.109169
436,10617.413642
437,10627.616779
438,10642.913922
439,10653.719903
440,10671.153722
441,10679.981800
442,10636.720448
443,10623.502118
444,10608.682340
445,10654.636269
446,10585.146827
447,10653.373090
448,10637.617885
449,10660.349627
450,10657.585467
451,10651.403957
452,10623.609192
453,10640.851463
454,10616.445288
455,10599.937699
456,10687.737065
457,10690.817940
458,10673.435269
459,10748.177875
460,10647.061720
461,10671.133728
462,10631.301047
463,10676.534250
464,10624.109901
465,10732.407861
466,10618.308819
467,10678.406193
468,10664.337614
469,10743.124158
470,10700.065342
471,10653.926938
472,10645.152307
473,10635.030891
474,10572.128407
475,10587.442135
476,10744.448949
477,10679.619800
478,10672.126111
479,10699.199487
480,10677.122980
481,10609.091477
482,10627.761575
483,10689.447545
484,10736.133539
485,10738.011845
486,10646.129917
487,10655.764354
488,10669.705630
489,10682.832024
490,10703.077346
491,10713.873827
492,10671.045928
493,10649.739926
494,10717.833645
495,10674.433489
496,10688.072480
497,10640.030311
498,10675.227910
499,10668.012358
