0,3359.029454
1,3686.461320
2,3867.723832
3,3992.667759
4,4092.500197
5,4205.831466
6,4302.282443
7,4351.601098
8,4425.147453
9,4517.847554
10,4607.767371
11,4708.873331
12,4813.101708
13,4921.199463
14,5051.333784
15,5191.249516
16,5284.578057
17,5366.758768
18,5409.981449
19,5459.227355
20,5548.582785
21,5603.576258
22,5685.540396
23,5698.159090
24,5699.417477
25,5702.781242
26,5706.250719
27,5713.514124
28,5724.063760
29,5738.147737
30,5743.005831
31,5747.338204
32,5752.747555
33,5762.356151
34,5775.740148
35,5788.022707
36,5796.008189
37,5809.075340
38,5815.790404
39,5815.790404
40,5815.790404
41,5815.790404
42,5815.790404
43,5815.790404
44,5815.790404
45,5815.790404
46,5815.790404
47,5815.790404
48,5815.790404
49,5815.790404
50,5815.790404
51,5815.790404
52,5815.790404
53,5815.790404
54,5815.790404
55,5815.790404
56,5815.790404
57,5815.790404
58,5815.790404
59,5815.790404
60,5815.790404
61,5815.790404
62,5815.790404
63,5815.790404
64,5815.790404
65,5815.790404
66,5815.790404
67,5815.790404
68,5815.790404
69,5815.790404
70,5815.790404
71,5815.790404
72,5815.790404
73,5815.790404
74,5815.790404
75,5815.790404
76,5815.790404
77,5815.790404
78,5815.790404
79,5815.790404
80,5815.790404
81,5815.790404
82,5815.790404
83,5815.790404
84,5815.790404
85,5815.790404
86,5815.790404
87,5815.790404
88,5815.790404
89,5815.790404
90,5815.790404
91,5815.790404
92,5815.790404
93,5815.790404
94,5815.790404
95,5815.790404
96,5815.790404
97,5815.790404
98,5815.790404
99,5815.790404
100,5815.790404
101,5815.790404
102,5815.790404
103,5815.790404
104,5815.790404
105,5815.790404
106,5815.790404
107,5815.790404
108,5815.790404
109,5815.790404
110,5815.790404
111,5815.790404
112,5815.790404
113,5815.790404
114,5815.790404
115,5815.790404
116,5815.790404
117,5815.790404
118,5815.790404
119,5815.790404
120,5815.790404
121,5815.790404
122,5815.790404
123,5815.790404
124,5815.790404
125,5815.790404
126,5815.790404
127,5815.790404
128,5815.790404
129,5815.790404
130,5815.790404
131,5815.790404
132,5815.790404
133,5815.790404
134,5815.790404
135,5815.790404
136,5815.790404
137,5815.790404
138,5815.790404
139,5815.790404
140,5815.790404
141,5815.790404
142,5815.790404
143,5815.790404
144,5815.790404
145,5815.790404
146,5815.790404
147,5815.790404
148,5815.790404
149,5815.790404
150,5815.790404
151,5815.790404
152,5815.790404
153,5815.790404
154,5815.790404
155,5815.790404
156,5815.790404
157,5815.790404
158,5815.790404
159,5815.790404
160,5815.790404
161,5815.790404
162,5815.790404
163,5815.790404
164,5815.790404
165,5815.790404
166,5815.790404
167,5815.790404
168,5815.790404
169,5815.790404
170,5815.790404
171,5815.790404
172,5815.790404
173,5815.790404
174,5815.790404
175,5815.790404
176,5815.790404
177,5815.790404
178,5815.790404
179,5815.790404
180,5815.790404
181,5815.790404
182,5815.790404
183,5815.790404
184,5815.790404
185,5815.790404
186,5815.790404
187,5815.790404
188,5815.790404
189,5815.790404
190,5815.790404
191,5815.790404
192,5815.790404
193,5815.790404
194,5815.790404
195,5815.790404
196,5815.790404
197,5815.790404
198,5815.790404
199,5815.790404
200,5815.790404
201,5815.790404
202,5815.790404
203,5815.790404
204,5815.790404
205,5815.790404
206,5815.790404
207,5815.790404
208,5815.790404
209,5815.790404
210,5815.790404
211,5815.790404
212,5815.790404
213,5815.790404
214,5815.790404
215,5815.790404
216,5815.790404
217,5815.790404
218,5815.790404
219,5815.790404
220,5815.790404
221,5815.790404
222,5815.790404
223,5815.790404
224,5815.790404
225,5815.790404
226,5815.790404
227,5815.790404
228,5815.790404
229,5815.790404
230,5815.790404
231,5815.790404
232,5815.790404
233,5815.790404
234,5815.790404
235,5815.790404
236,5815.790404
237,5815.790404
238,5815.790404
239,5815.790404
240,5815.790404
241,5815.790404
242,5815.790404
243,5815.790404
244,5815.790404
245,5815.790404
246,5815.790404
247,5815.790404
248,5815.790404
249,5815.790404
250,5815.790404
251,5815.790404
252,5815.790404
253,5815.790404
254,5815.790404
255,5815.790404
256,5815.790404
257,5815.790404
258,5815.790404
259,5815.790404
260,5815.790404
261,5815.790404
262,5815.790404
263,5815.790404
264,5815.790404
265,5815.790404
266,5815.790404
267,5815.790404
268,5815.790404
269,5815.790404
270,5815.790404
271,5815.790404
272,5815.790404
273,5815.790404
274,5815.790404
275,5815.790404
276,5815.790404
277,5815.790404
278,5815.790404
279,5815.790404
280,5815.790404
281,5815.790404
282,5815.790404
283,5815.790404
284,5815.790404
285,5815.790404
286,5815.790404
287,5815.790404
288,5815.790404
289,5815.790404
290,5815.790404
291,5815.790404
292,5815.790404
293,5815.790404
294,5815.790404
295,5815.790404
296,5815.790404
297,5815.790404
298,5815.790404
299,5815.790404
300,5815.790404
301,5815.790404
302,5815.790404
303,5815.790404
304,5815.790404
305,5815.790404
306,5815.790404
307,5815.790404
308,5815.790404
309,5815.790404
310,5815.790404
311,5815.790404
312,5815.790404
313,5815.790404
314,5815.790404
315,5815.790404
316,5815.790404
317,5815.790404
318,5815.790404
319,5815.790404
320,5815.790404
321,5815.790404
322,5815.790404
323,5815.790404
324,5815.790404
325,5815.790404
326,5815.790404
327,5815.790404
328,5815.790404
329,5815.790404
330,5815.790404
331,5815.790404
332,5815.790404
333,5815.790404
334,5815.790404
335,5815.790404
336,5815.790404
337,5815.790404
338,5815.790404
339,5815.790404
340,5815.790404
341,5815.790404
342,5815.790404
343,5815.790404
344,5815.790404
345,5815.790404
346,5815.790404
347,5815.790404
348,5815.790404
349,5815.790404
350,5815.790404
351,5815.790404
352,5815.790404
353,5815.790404
354,5815.790404
355,5815.790404
356,5815.790404
357,5815.790404
358,5815.790404
359,5815.790404
360,5815.790404
361,5815.790404
362,5815.790404
363,5815.790404
364,5815.790404
365,5815.790404
366,5815.790404
367,5815.790404
368,5815.790404
369,5815.790404
370,5815.790404
371,5815.790404
372,5815.790404
373,5815.790404
374,5815.790404
375,5815.790404
376,5815.790404
377,5815.790404
378,5815.790404
379,5815.790404
380,5815.790404
381,5815.790404
382,5815.790404
383,5815.790404
384,5815.790404
385,5815.790404
386,5815.790404
387,5815.790404
388,5815.790404
389,5815.790404
390,5815.790404
391,5815.790404
392,5815.790404
393,5815.790404
394,5815.790404
395,5815.790404
396,5815.790404
397,5815.790404
398,5815.790404
399,5815.790404
400,5815.790404
401,5815.790404
402,5815.790404
403,5815.790404
404,5815.790404
405,5815.790404
406,5815.790404
407,5815.790404
408,5815.790404
409,5815.790404
410,5815.790404
411,5815.790404
412,5815.790404
413,5815.790404
414,5815.790404
415,5815.790404
416,5815.790404
417,5815.790404
418,5815.790404
419,5815.790404
420,5815.790404
421,5815.790404
422,5815.790404
423,5815.790404
424,5815.790404
425,5815.790404
426,5815.790404
427,5815.790404
428,5815.790404
429,5815.790404
430,5815.790404
431,5815.790404
432,5815.790404
433,5815.790404
434,5815.790404
435,5815.790404
436,5815.790404
437,5815.790404
438,5815.790404
439,5815.790404
440,5815.790404
441,5815.790404
442,5815.790404
443,5815.790404
444,5815.790404
445,5815.790404
446,5815.790404
447,5815.790404
448,5815.790404
449,5815.790404
450,5815.790404
451,5815.790404
452,5815.790404
453,5815.790404
454,5815.790404
455,5815.790404
456,5815.790404
457,5815.790404
458,5815.790404
459,5815.790404
460,5815.790404
461,5815.790404
462,5815.790404
463,5815.790404
464,5815.790404
465,5815.790404
466,5815.790404
467,5815.790404
468,5815.790404
469,5815.790404
470,5815.790404
471,5815.790404
472,5815.790404
473,5815.790404
474,5815.790404
475,5815.790404
476,5815.790404
477,5815.790404
478,5815.790404
479,5815.790404
480,5815.790404
481,5815.790404
482,5815.790404
483,5815.790404
484,5815.790404
485,5815.790404
486,5815.790404
487,5815.790404
488,5815.790404
489,5815.790404
490,5815.790404
491,5815.790404
492,5815.790404
493,5815.790404
494,5815.790404
495,5815.790404
496,5815.790404
497,5815.790404
498,5815.790404
499,5815.790404
