0,3363.587021
1,3395.589871
2,3530.760345
3,3591.150884
4,3720.950178
5,3776.103440
6,3828.731844
7,3905.115599
8,3916.661977
9,3996.577776
10,4020.816385
11,4024.394785
12,4073.870324
13,4155.018115
14,4144.649896
15,4182.073447
16,4226.220721
17,4298.628124
18,4319.472613
19,4306.705889
20,4326.663825
21,4385.080583
22,4330.960227
23,4434.103564
24,4427.727657
25,4496.120990
26,4498.925952
27,4497.652828
28,4513.346166
29,4515.774815
30,4538.760425
31,4557.656838
32,4538.207057
33,4573.053066
34,4628.641109
35,4669.952664
36,4715.243909
37,4739.059535
38,4760.342141
39,4792.300106
40,4767.234839
41,4739.422154
42,4767.473861
43,4818.890985
44,4703.024044
45,4725.480019
46,4735.425604
47,4791.600787
48,4727.279480
49,4683.380194
50,4714.022768
51,4782.933445
52,4724.809629
53,4812.866741
54,4828.407957
55,4803.620052
56,4848.955301
57,4851.958476
58,4817.903513
59,4877.992460
60,4915.155864
61,4948.868104
62,4932.432832
63,4947.514904
64,4949.560216
65,4960.857881
66,4939.886781
67,4930.189372
68,4968.632234
69,4913.831008
70,4903.784658
71,4971.119849
72,4962.233379
73,4952.202212
74,4947.564910
75,4984.189609
76,4994.747814
77,5025.073179
78,5008.168834
79,4957.497681
80,5019.826420
81,5027.982563
82,5079.612169
83,5043.826335
84,5088.345859
85,5190.303242
86,5163.604405
87,5175.765624
88,5158.540181
89,5168.678189
90,5198.941742
91,5272.259995
92,5242.281987
93,5214.810667
94,5213.807769
95,5216.692861
96,5259.914075
97,5207.887060
98,5221.223517
99,5308.427524
100,5327.494602
101,5328.660005
102,5329.005360
103,5398.113267
104,5393.417475
105,5468.952358
106,5432.911914
107,5391.174882
108,5333.807391
109,5378.901673
110,5334.315755
111,5401.322524
112,5409.990091
113,5415.973912
114,5394.523079
115,5430.658543
116,5438.800201
117,5364.967074
118,5418.646163
119,5373.943420
120,5409.688401
121,5411.543992
122,5463.531777
123,5480.572785
124,5469.078252
125,5519.158050
126,5562.670425
127,5580.978204
128,5622.249169
129,5604.462744
130,5641.771139
131,5634.528393
132,5663.150421
133,5665.324251
134,5768.463945
135,5713.320983
136,5796.385300
137,5821.289856
138,5851.731451
139,5856.357383
140,5802.741182
141,5813.887605
142,5793.364957
143,5890.899823
144,5897.763183
145,5903.730873
146,5945.057698
147,5916.324808
148,5908.055408
149,5914.679275
150,5919.492913
151,5915.299285
152,5900.828154
153,5936.826543
154,5876.461872
155,5904.132043
156,5927.000665
157,5947.363667
158,5929.878569
159,5936.686545
160,5943.168018
161,5990.585630
162,5981.669450
163,5939.606796
164,5941.611701
165,5967.721798
166,5976.262273
167,5980.805102
168,5988.530344
169,6002.313047
170,6017.141129
171,6009.841478
172,6023.258531
173,6036.661654
174,6011.982588
175,6013.360448
176,6029.306977
177,6026.467843
178,6045.152869
179,6027.323192
180,6019.327202
181,6042.353888
182,6034.740739
183,6031.272378
184,6032.120027
185,6055.722327
186,6047.887854
187,6052.500337
188,6031.956474
189,6034.605682
190,6047.156474
191,6075.870009
192,6069.740140
193,6062.909931
194,6094.027645
195,6087.003531
196,6096.787190
197,6072.250560
198,6081.003949
199,6081.171432
200,6082.781577
201,6100.014812
202,6089.304797
203,6087.433215
204,6069.453902
205,6055.155959
206,6084.737169
207,6094.017295
208,6098.485135
209,6104.222969
210,6102.295555
211,6103.273662
212,6093.569035
213,6105.510824
214,6105.125625
215,6103.233336
216,6104.602841
217,6100.188265
218,6104.777256
219,6101.406241
220,6092.213688
221,6105.624986
222,6103.461847
223,6104.438141
224,6105.512887
225,6107.237705
226,6105.250998
227,6100.717107
228,6106.094639
229,6105.953627
230,6107.237705
231,6106.309073
232,6106.727443
233,6106.727443
234,6099.070303
235,6105.512887
236,6107.237705
237,6106.042417
238,6102.005975
239,6103.770121
240,6107.237705
241,6103.929492
242,6106.225142
243,6095.319767
244,6099.899616
245,6104.052718
246,6101.276744
247,6102.972883
248,6099.861268
249,6110.436679
250,6108.709278
251,6109.077839
252,6114.253135
253,6119.405345
254,6131.666235
255,6136.168830
256,6151.677181
257,6162.278639
258,6171.069371
259,6175.269233
260,6178.633482
261,6178.107835
262,6179.765716
263,6179.138949
264,6179.652644
265,6185.352893
266,6184.687658
267,6197.199599
268,6202.500574
269,6206.119357
270,6211.763263
271,6214.762997
272,6214.875685
273,6219.815455
274,6219.281448
275,6218.600916
276,6224.283446
277,6228.643365
278,6246.197020
279,6280.329415
280,6311.835452
281,6355.241662
282,6390.449026
283,6410.198137
284,6413.127774
285,6423.198394
286,6426.538062
287,6425.967668
288,6425.766584
289,6424.493457
290,6427.343830
291,6420.953182
292,6427.343830
293,6427.343830
294,6417.953026
295,6424.456785
296,6415.032194
297,6422.647780
298,6424.188190
299,6425.757863
300,6427.032081
301,6426.738552
302,6424.457847
303,6421.864000
304,6426.863980
305,6425.367049
306,6424.397222
307,6420.172065
308,6425.995239
309,6426.395992
310,6425.795093
311,6426.687301
312,6425.684399
313,6422.951706
314,6424.875224
315,6424.056120
316,6422.218649
317,6426.002456
318,6423.940837
319,6423.210810
320,6422.983460
321,6421.300480
322,6420.601014
323,6429.186514
324,6428.618223
325,6435.972184
326,6440.472160
327,6443.390622
328,6453.600490
329,6463.018640
330,6474.149180
331,6482.711135
332,6485.452391
333,6493.270878
334,6497.266457
335,6491.920299
336,6493.565557
337,6496.531573
338,6498.693450
339,6498.693450
340,6497.639777
341,6495.139258
342,6492.763364
343,6492.577878
344,6483.843193
345,6492.653691
346,6495.475674
347,6491.580403
348,6497.411519
349,6495.510444
350,6496.373243
351,6496.068276
352,6492.493420
353,6497.650508
354,6497.650508
355,6497.150369
356,6497.150369
357,6493.932224
358,6497.525113
359,6496.792374
360,6496.529027
361,6498.693450
362,6496.801486
363,6494.802791
364,6493.227066
365,6489.972236
366,6498.693450
367,6489.789129
368,6495.926913
369,6497.138677
370,6498.693450
371,6492.584199
372,6496.821553
373,6495.371841
374,6497.662004
375,6496.377097
376,6496.922970
377,6497.924170
378,6497.950553
379,6497.751467
380,6499.724453
381,6496.987242
382,6497.680519
383,6500.483115
384,6500.716550
385,6497.699154
386,6491.768934
387,6493.004063
388,6495.062912
389,6501.105608
390,6498.711879
391,6498.937195
392,6501.125061
393,6501.125061
394,6501.125061
395,6497.232600
396,6494.590643
397,6495.323665
398,6495.468560
399,6501.125061
400,6498.548254
401,6497.213567
402,6498.626861
403,6496.467925
404,6498.626861
405,6498.626861
406,6500.330656
407,6497.011487
408,6491.682758
409,6494.773494
410,6501.125061
411,6501.125061
412,6498.626861
413,6501.125061
414,6501.125061
415,6499.471014
416,6501.125061
417,6500.452766
418,6492.816088
419,6487.177462
420,6487.503840
421,6494.808986
422,6501.125061
423,6501.125061
424,6501.125061
425,6498.946921
426,6501.125061
427,6501.125061
428,6496.256729
429,6500.075076
430,6499.054292
431,6494.912755
432,6498.203733
433,6496.768782
434,6496.448722
435,6498.626861
436,6496.962844
437,6497.265869
438,6489.497431
439,6494.403714
440,6497.151086
441,6501.125061
442,6499.672808
443,6501.125061
444,6498.330189
445,6496.580714
446,6501.125061
447,6489.556356
448,6498.832092
449,6495.921015
450,6499.912059
451,6501.125061
452,6497.840270
453,6497.637564
454,6499.381312
455,6494.201694
456,6501.125061
457,6499.662395
458,6501.125061
459,6501.125061
460,6501.125061
461,6501.125061
462,6493.648749
463,6498.311870
464,6498.311870
465,6495.516230
466,6501.125061
467,6501.125061
468,6498.812055
469,6495.422750
470,6498.290723
471,6501.125061
472,6498.934271
473,6501.125061
474,6493.156694
475,6498.203908
476,6499.763479
477,6497.040316
478,6499.470482
479,6500.520013
480,6501.125061
481,6501.125061
482,6501.125061
483,6501.125061
484,6495.484411
485,6497.940369
486,6496.809744
487,6492.255311
488,6497.088185
489,6497.135555
490,6498.237819
491,6499.772408
492,6501.125061
493,6498.946921
494,6499.866856
495,6495.813544
496,6495.294424
497,6495.611648
498,6486.562914
499,6492.321022
