0,3375.173255
1,3379.948506
2,3348.891683
3,3353.320488
4,3337.094097
5,3342.587353
6,3335.020366
7,3323.229624
8,3361.480687
9,3343.648967
10,3344.971214
11,3323.676822
12,3319.892460
13,3328.724117
14,3385.245168
15,3364.530421
16,3411.324771
17,3401.910477
18,3397.148133
19,3411.451137
20,3395.385875
21,3404.596824
22,3469.748649
23,3479.583891
24,3435.071502
25,3453.928399
26,3509.046959
27,3550.800619
28,3561.281930
29,3552.129075
30,3544.863142
31,3569.241029
32,3612.620552
33,3676.306396
34,3670.212713
35,3669.322087
36,3655.180344
37,3670.197560
38,3705.278085
39,3723.531061
40,3733.444449
41,3817.437649
42,3764.291616
43,3773.171036
44,3793.816753
45,3795.962961
46,3793.598478
47,3805.894748
48,3761.186834
49,3782.519836
50,3841.373846
51,3937.724980
52,3933.745190
53,3901.155409
54,3894.017242
55,3901.758496
56,3924.404667
57,3948.234250
58,3973.529343
59,3992.768770
60,3983.756163
61,4030.218020
62,4035.021472
63,4030.934200
64,4013.396029
65,4036.937577
66,4022.271185
67,4014.038902
68,4083.318081
69,4099.997812
70,4075.158221
71,4139.889677
72,4121.397219
73,4148.418314
74,4234.352214
75,4211.414513
76,4172.693727
77,4186.795610
78,4152.499493
79,4134.920970
80,4151.790376
81,4148.071645
82,4179.595748
83,4169.145418
84,4173.067166
85,4197.199963
86,4239.147034
87,4262.503192
88,4332.811106
89,4290.532321
90,4252.179413
91,4247.139653
92,4282.183352
93,4245.852858
94,4262.598952
95,4323.092391
96,4341.995940
97,4349.569829
98,4343.088887
99,4329.801466
100,4353.497032
101,4350.857149
102,4343.304657
103,4333.859397
104,4303.507675
105,4299.105417
106,4320.774118
107,4292.846885
108,4293.733324
109,4289.236432
110,4316.121065
111,4304.550187
112,4376.333642
113,4369.012932
114,4407.925140
115,4419.978520
116,4407.833126
117,4417.854129
118,4414.471985
119,4447.656062
120,4447.742325
121,4442.468474
122,4472.013589
123,4478.538739
124,4491.548999
125,4544.715726
126,4521.566289
127,4543.328231
128,4507.224465
129,4550.880673
130,4591.022560
131,4574.577273
132,4606.418230
133,4612.052083
134,4642.360129
135,4643.535365
136,4623.128126
137,4620.034983
138,4640.358367
139,4654.334780
140,4676.784428
141,4676.361351
142,4682.846476
143,4681.563904
144,4700.466265
145,4757.736505
146,4784.517396
147,4815.007580
148,4898.413224
149,4924.790360
150,4989.473194
151,4956.935928
152,4979.694304
153,5099.154680
154,5185.741548
155,5188.223869
156,5211.936341
157,5220.474373
158,5208.087650
159,5285.038009
160,5297.140350
161,5284.847807
162,5270.028072
163,5309.428425
164,5285.686959
165,5311.732582
166,5295.958999
167,5324.827387
168,5381.825552
169,5356.970612
170,5366.450369
171,5402.183228
172,5377.349244
173,5372.169047
174,5391.616584
175,5405.857666
176,5379.165893
177,5380.095481
178,5414.484556
179,5398.647290
180,5408.642517
181,5407.394473
182,5421.423451
183,5440.277788
184,5411.832675
185,5446.621476
186,5443.574947
187,5437.494678
188,5440.159277
189,5452.048461
190,5462.057749
191,5458.117905
192,5454.680795
193,5483.340257
194,5474.565056
195,5471.796057
196,5450.453408
197,5476.422784
198,5491.743280
199,5489.257688
200,5489.071503
201,5503.817851
202,5505.157413
203,5497.328825
204,5477.178665
205,5496.415594
206,5484.186741
207,5501.033317
208,5495.589981
209,5509.988909
210,5508.251725
211,5510.927433
212,5514.070056
213,5509.475707
214,5502.615261
215,5504.883651
216,5515.498317
217,5515.391970
218,5502.446634
219,5515.764238
220,5502.813635
221,5513.333814
222,5518.009706
223,5516.011531
224,5517.193947
225,5514.904343
226,5519.740378
227,5515.459115
228,5518.531367
229,5518.695431
230,5510.584234
231,5518.732234
232,5523.475149
233,5524.229183
234,5519.580556
235,5527.749652
236,5514.512085
237,5522.385762
238,5522.576563
239,5525.105982
240,5524.172495
241,5526.913082
242,5516.612318
243,5522.852116
244,5520.748824
245,5517.790011
246,5514.195893
247,5514.005914
248,5510.799795
249,5515.616437
250,5515.429227
251,5521.560059
252,5522.697497
253,5525.027905
254,5521.926282
255,5525.894497
256,5521.053880
257,5522.839590
258,5523.084366
259,5521.889529
260,5522.647249
261,5524.146144
262,5526.355917
263,5522.756030
264,5516.562617
265,5521.191224
266,5513.343025
267,5512.216616
268,5525.897682
269,5510.173610
270,5527.311912
271,5525.814022
272,5524.516400
273,5519.414895
274,5522.835620
275,5515.510010
276,5528.340597
277,5517.337653
278,5516.628004
279,5514.260284
280,5516.329368
281,5517.156457
282,5506.687648
283,5515.752512
284,5518.873669
285,5511.768708
286,5515.465945
287,5516.333086
288,5521.765991
289,5529.631104
290,5524.293522
291,5527.978021
292,5517.621513
293,5517.012743
294,5524.706302
295,5523.670816
296,5517.831420
297,5523.808538
298,5521.701506
299,5519.972333
300,5524.684157
301,5520.152611
302,5520.986671
303,5519.016112
304,5519.838321
305,5525.658118
306,5521.910766
307,5518.385711
308,5523.632845
309,5509.997559
310,5514.278358
311,5514.797221
312,5515.747000
313,5526.135709
314,5527.280621
315,5522.419396
316,5517.989418
317,5521.759774
318,5524.516155
319,5525.011378
320,5522.581209
321,5517.900691
322,5521.184733
323,5528.329695
324,5522.721409
325,5515.076804
326,5519.412403
327,5519.253427
328,5524.872455
329,5517.246326
330,5520.587360
331,5506.629583
332,5524.000706
333,5522.506465
334,5514.475679
335,5515.010476
336,5519.355358
337,5519.145002
338,5516.586314
339,5523.873993
340,5523.699204
341,5521.941027
342,5525.895784
343,5511.231933
344,5528.065883
345,5525.096061
346,5519.207760
347,5521.176084
348,5523.433286
349,5514.122957
350,5510.384302
351,5517.083033
352,5520.821359
353,5516.831215
354,5520.940623
355,5521.816949
356,5528.272926
357,5531.504611
358,5524.904425
359,5513.998110
360,5525.266141
361,5525.199598
362,5525.465201
363,5523.478616
364,5527.781503
365,5527.121998
366,5529.317782
367,5520.245786
368,5520.600677
369,5524.398738
370,5523.989935
371,5518.324622
372,5529.300901
373,5522.891735
374,5524.538939
375,5525.864314
376,5516.660753
377,5528.879960
378,5525.439135
379,5526.008976
380,5520.990103
381,5519.595634
382,5519.982638
383,5507.353134
384,5521.588080
385,5526.959989
386,5532.575365
387,5527.742386
388,5523.491368
389,5514.670433
390,5524.661360
391,5512.754368
392,5510.431748
393,5519.965901
394,5519.466303
395,5518.005165
396,5510.540358
397,5526.526833
398,5530.242275
399,5514.145285
400,5525.322262
401,5528.444456
402,5528.884006
403,5521.756884
404,5514.243700
405,5519.993662
406,5514.832269
407,5526.887398
408,5515.036533
409,5516.004894
410,5521.347538
411,5510.321466
412,5528.593538
413,5519.155519
414,5524.606834
415,5526.818849
416,5525.128293
417,5529.832421
418,5528.315123
419,5530.483976
420,5513.275294
421,5516.382370
422,5523.005756
423,5523.729198
424,5523.152323
425,5522.921116
426,5524.830875
427,5529.615671
428,5523.052678
429,5516.646893
430,5520.146966
431,5522.386410
432,5523.757818
433,5530.424417
434,5529.596856
435,5524.502006
436,5518.526187
437,5515.131098
438,5518.267524
439,5517.920989
440,5516.992573
441,5516.949920
442,5522.934694
443,5524.453255
444,5518.554477
445,5524.966869
446,5514.151612
447,5522.702211
448,5525.943864
449,5528.798094
450,5526.030834
451,5528.631656
452,5526.161378
453,5524.877092
454,5523.601682
455,5519.299723
456,5519.111089
457,5526.595290
458,5529.433104
459,5524.201348
460,5505.802067
461,5517.501237
462,5524.083915
463,5527.293751
464,5515.121973
465,5524.224765
466,5517.645625
467,5519.404839
468,5517.105679
469,5518.430718
470,5525.061233
471,5521.465957
472,5518.707074
473,5524.600607
474,5515.124921
475,5517.234873
476,5524.420686
477,5520.644061
478,5524.200208
479,5523.942526
480,5524.354363
481,5526.894684
482,5524.544211
483,5528.446924
484,5523.193576
485,5519.008077
486,5523.282175
487,5525.668034
488,5513.210515
489,5529.178385
490,5528.974327
491,5523.610729
492,5527.760926
493,5525.803390
494,5525.728431
495,5519.254791
496,5518.269047
497,5520.019979
498,5529.844083
499,5517.449383
