0,3349.433612
1,6707.030279
2,6973.547555
3,7169.595751
4,7328.071551
5,7467.801870
6,7505.527480
7,7580.885342
8,7634.387099
9,7672.592599
10,7778.306747
11,7817.889050
12,7889.106342
13,7916.075370
14,7994.832195
15,8008.279010
16,8041.820352
17,7977.992856
18,8003.857687
19,8069.272708
20,8042.289680
21,8124.891310
22,8231.530884
23,8261.626634
24,8273.670633
25,8258.581088
26,8313.832035
27,8298.971458
28,8320.635005
29,8402.703286
30,8411.937659
31,8461.446394
32,8431.385564
33,8511.008076
34,8505.212543
35,8532.858338
36,8580.039207
37,8558.627899
38,8665.347227
39,8604.997438
40,8755.214186
41,8780.013091
42,8754.927470
43,8823.839189
44,8816.673913
45,8779.240199
46,8811.995376
47,8940.898268
48,8827.047155
49,8913.667741
50,8923.890902
51,8932.734133
52,9047.218868
53,9085.014026
54,9149.034398
55,9143.761242
56,9159.946475
57,9331.167893
58,9326.672487
59,9359.176291
60,9443.121965
61,9391.614927
62,9469.177395
63,9563.014729
64,9621.016307
65,9574.486498
66,9660.693762
67,9690.653462
68,9731.467901
69,9773.589367
70,9692.135345
71,9714.681317
72,9729.798142
73,9882.582713
74,9799.446027
75,9786.856367
76,9686.996071
77,9665.539104
78,9656.300462
79,9718.609087
80,9744.797053
81,9709.015081
82,9788.287437
83,9707.957748
84,9768.459866
85,9768.769968
86,9784.080573
87,9807.262866
88,9843.526346
89,10016.960440
90,9849.229657
91,9832.740687
92,9862.556818
93,9895.537959
94,9980.836114
95,9852.233667
96,10170.370500
97,10149.100814
98,9958.670280
99,10094.282762
100,9965.664654
101,10110.151347
102,10084.833692
103,10034.064148
104,10175.077947
105,10041.547700
106,10027.907948
107,10070.613008
108,10129.818132
109,10056.072998
110,10038.259627
111,10024.187140
112,10133.982134
113,10076.010440
114,10082.595681
115,10137.620023
116,10197.378279
117,10183.462092
118,10137.225236
119,10150.125155
120,10057.610667
121,10010.180145
122,10078.241025
123,10159.724723
124,10152.208147
125,10108.844917
126,10103.953518
127,10180.007178
128,10067.394118
129,10180.209625
130,10073.240268
131,10127.742298
132,10027.840162
133,10048.952183
134,10147.787319
135,10072.630329
136,10092.008752
137,10011.723247
138,9930.238387
139,10057.324469
140,10107.722871
141,10194.410401
142,10252.517417
143,10051.555098
144,10119.021068
145,10343.429948
146,10228.067230
147,10004.466706
148,10026.781683
149,10120.733963
150,10158.301984
151,10118.033361
152,10036.373693
153,10075.924332
154,10343.964473
155,10121.172830
156,10037.142247
157,10095.758333
158,10093.601474
159,10048.653104
160,10151.540369
161,10047.570251
162,10137.723379
163,10110.668494
164,9921.943459
165,10032.980729
166,10094.574176
167,10018.455379
168,10082.068224
169,10109.854702
170,10145.228705
171,10093.083394
172,10012.924203
173,10106.278308
174,10117.942224
175,10062.578138
176,10128.142826
177,10146.125769
178,10031.014155
179,10056.782321
180,10129.966667
181,10013.001285
182,9979.866694
183,10146.798100
184,10082.249874
185,9992.507865
186,10061.919626
187,10205.121384
188,10035.901201
189,9986.195825
190,10169.325177
191,10139.172153
192,10203.289393
193,10104.638468
194,10027.344371
195,10136.146551
196,10010.399250
197,10193.135204
198,10113.276069
199,10101.634276
200,10086.285597
201,10116.466468
202,10201.265683
203,10160.709775
204,9983.012834
205,10007.228893
206,10077.431108
207,10012.210657
208,10013.793053
209,9972.227800
210,9982.507384
211,10005.234095
212,9903.336871
213,9999.723112
214,9960.447464
215,10045.105583
216,10116.886884
217,10052.442301
218,10026.877188
219,10059.762522
220,10141.105785
221,10187.757771
222,10199.160912
223,10039.272591
224,10169.837147
225,10028.676392
226,10177.283333
227,10077.723272
228,10177.728706
229,10075.138094
230,10075.976112
231,10070.449081
232,10014.701218
233,10040.238576
234,10187.260034
235,10157.961225
236,10128.453668
237,9962.986640
238,10110.013927
239,10170.252993
240,10059.174538
241,10112.391224
242,10111.486195
243,10059.454676
244,10002.695552
245,10059.898225
246,10044.409985
247,10114.601803
248,10088.433291
249,10059.099642
250,10163.636329
251,10084.162226
252,10163.723462
253,10135.991669
254,10223.862372
255,10192.932744
256,10153.394275
257,10172.042454
258,10082.453404
259,9963.546929
260,10136.871688
261,9993.071935
262,10019.697566
263,10137.826263
264,10144.619501
265,10137.829729
266,10098.302248
267,10097.777302
268,9957.507588
269,10024.051830
270,10060.155453
271,10055.258643
272,10051.419609
273,10035.526000
274,9968.966617
275,10093.111288
276,10143.728952
277,10122.057251
278,10151.649114
279,10242.375408
280,10153.783320
281,10112.242084
282,10148.503335
283,10113.888992
284,10178.560748
285,10130.156436
286,10041.800029
287,10122.339152
288,10150.383189
289,10164.091675
290,10167.009953
291,9951.254995
292,10019.592925
293,10093.063438
294,10099.316958
295,10150.705284
296,10173.848807
297,10223.162268
298,10040.638853
299,10165.170031
300,10190.206066
301,10156.833202
302,10067.130401
303,10139.632173
304,10245.333503
305,10229.754097
306,10226.107587
307,10036.217213
308,10259.637378
309,10264.949037
310,10436.014066
311,10379.346630
312,10294.462493
313,10305.642599
314,10446.519205
315,10272.916238
316,10142.464426
317,10117.785985
318,10301.140573
319,10233.269003
320,10243.920703
321,10115.093613
322,10124.369960
323,10210.099931
324,10191.046949
325,10084.375283
326,10256.112122
327,10231.428381
328,10078.141614
329,10043.696617
330,10244.110309
331,10159.456137
332,10323.479922
333,10297.017117
334,10157.070636
335,10270.658462
336,10174.535869
337,10105.375043
338,10084.772665
339,10201.894036
340,10243.718043
341,10234.182582
342,10352.237410
343,10290.722605
344,10366.030178
345,10368.883679
346,10399.373929
347,10362.593155
348,10314.587864
349,10205.643084
350,10281.009468
351,10165.281723
352,10284.168519
353,10243.125369
354,10328.919937
355,10308.311738
356,10207.340260
357,10163.357831
358,10273.873968
359,10167.104576
360,10222.504397
361,10315.567843
362,10375.384460
363,10243.002330
364,10317.703367
365,10201.022878
366,10268.432762
367,10295.593016
368,10224.107226
369,10124.396989
370,10300.192775
371,10187.601697
372,10194.965363
373,10274.907247
374,10184.814307
375,10355.674431
376,10357.730349
377,10281.977581
378,10217.295098
379,10142.269810
380,10282.050338
381,10255.934733
382,10251.548795
383,10304.553121
384,10272.758905
385,10199.633497
386,10073.785945
387,10200.208718
388,10253.042108
389,10163.380106
390,10131.492271
391,10296.463636
392,10244.232847
393,10108.770856
394,10184.228260
395,10263.971994
396,10178.535771
397,10261.954641
398,10200.675463
399,10057.821684
400,10199.239716
401,10325.804548
402,10204.539938
403,10340.038061
404,10302.947269
405,10356.001586
406,10312.321886
407,10221.398838
408,10290.826928
409,10329.675108
410,10353.792884
411,10341.436607
412,10437.580247
413,10548.111129
414,10508.816999
415,10499.966426
416,10468.253998
417,10329.263104
418,10363.410658
419,10424.967354
420,10345.302741
421,10476.485148
422,10527.433281
423,10352.785356
424,10414.012126
425,10418.359922
426,10585.891595
427,10368.560876
428,10401.521632
429,10275.720542
430,10204.539827
431,10374.155097
432,10380.866395
433,10422.487958
434,10353.434738
435,10242.179155
436,10072.597678
437,10292.999579
438,10401.501396
439,10453.716928
440,10370.323103
441,10367.264891
442,10271.831495
443,10428.698283
444,10192.745857
445,10290.345163
446,10298.966133
447,10348.663595
448,10146.901323
449,10225.780145
450,10388.166399
451,10323.710858
452,10243.672457
453,10361.750487
454,10266.905139
455,10445.122668
456,10375.009386
457,10310.998805
458,10312.570592
459,10390.986412
460,10348.607565
461,10454.324127
462,10384.205432
463,10318.842646
464,10378.876292
465,10251.982655
466,10211.911846
467,10263.304436
468,10303.021062
469,10322.381279
470,10388.551977
471,10301.216202
472,10506.407403
473,10439.873963
474,10344.862248
475,10359.228055
476,10467.688178
477,10436.339200
478,10440.572019
479,10289.647022
480,10450.847802
481,10523.798842
482,10276.215538
483,10506.192560
484,10496.925264
485,10281.272429
486,10462.522459
487,10435.490633
488,10354.801195
489,10418.662014
490,10343.941202
491,10428.035582
492,10477.780319
493,10451.714945
494,10340.263971
495,10326.639347
496,10462.259783
497,10424.975388
498,10311.681125
499,10358.504815
