0,3322.169544
1,6638.866857
2,6924.250799
3,7134.195764
4,7377.719745
5,7560.905214
6,7731.692046
7,7871.456157
8,8031.380968
9,8067.574681
10,8155.284592
11,8174.326612
12,8302.733697
13,8384.145058
14,8477.780705
15,8530.737986
16,8549.610079
17,8601.022064
18,8646.754488
19,8629.676016
20,8635.270105
21,8732.132597
22,8771.391066
23,8824.936306
24,8876.937459
25,8852.782276
26,8915.682212
27,8963.963022
28,8989.741049
29,9010.786360
30,9040.222091
31,9116.600918
32,9054.146544
33,9096.605262
34,9237.080723
35,9297.906939
36,9272.592000
37,9301.805403
38,9305.393662
39,9390.851477
40,9407.838341
41,9438.148526
42,9501.272132
43,9552.625361
44,9593.558617
45,9609.219867
46,9765.703740
47,9865.066962
48,9909.419065
49,9923.365022
50,10118.858190
51,10190.952238
52,10382.919081
53,10525.444544
54,10576.996449
55,10693.226485
56,10780.486976
57,10785.177629
58,10844.468066
59,10912.506959
60,10915.230686
61,10924.956860
62,11080.760258
63,11026.702674
64,10979.290934
65,10969.286785
66,11038.694926
67,11099.145174
68,11072.690224
69,11249.911947
70,11300.283799
71,11220.430843
72,11245.544165
73,11160.857288
74,11145.290812
75,11169.956788
76,11208.517922
77,11177.127789
78,11323.365237
79,11304.802442
80,11319.713269
81,11314.151608
82,11387.072996
83,11430.203429
84,11309.662266
85,11329.723296
86,11338.794775
87,11348.016461
88,11425.666466
89,11400.715386
90,11379.083099
91,11389.930585
92,11491.832876
93,11453.266108
94,11424.327435
95,11524.953970
96,11564.952864
97,11524.941442
98,11573.222488
99,11547.535765
100,11657.658628
101,11619.692365
102,11543.465765
103,11560.899121
104,11580.465311
105,11649.541440
106,11752.688389
107,11599.978847
108,11578.349200
109,11709.780048
110,11759.593129
111,11791.649251
112,11603.157718
113,11769.072457
114,11645.214606
115,11635.454278
116,11653.172396
117,11534.254371
118,11556.023016
119,11572.875570
120,11617.373213
121,11553.793699
122,11637.042063
123,11623.785948
124,11486.977019
125,11512.635105
126,11398.247713
127,11650.468097
128,11458.322814
129,11519.488843
130,11636.340364
131,11555.646253
132,11620.385188
133,11730.796597
134,11716.999459
135,11701.179916
136,11605.435133
137,11743.860574
138,11565.112788
139,11792.235887
140,11544.374066
141,11670.700396
142,11571.330981
143,11577.642623
144,11542.213555
145,11589.364868
146,11680.926766
147,11590.017982
148,11761.141344
149,11834.364978
150,11674.906068
151,11544.770914
152,11698.017254
153,11712.605575
154,11622.625334
155,11595.043246
156,11748.756314
157,11643.676871
158,11603.873127
159,11713.923664
160,11828.153031
161,11660.393673
162,11615.799808
163,11644.691355
164,11720.884594
165,11792.799093
166,11735.321844
167,11669.453245
168,11767.711904
169,11622.746138
170,11826.641590
171,11689.266566
172,11724.352074
173,11830.093020
174,11895.196455
175,11666.097547
176,11780.462268
177,11666.497465
178,11756.731272
179,11709.551652
180,11636.022733
181,11824.551828
182,11820.289357
183,11946.025497
184,11810.994434
185,11774.341390
186,11718.621399
187,11599.388257
188,11778.807561
189,11832.833025
190,11734.845898
191,11864.942608
192,11655.053024
193,11823.467954
194,11896.023501
195,11711.229480
196,11825.461787
197,11749.104713
198,11814.681927
199,11880.615314
200,11844.007865
201,11696.323233
202,11748.255893
203,11700.669860
204,11723.637851
205,11693.480719
206,11513.500012
207,11733.964309
208,11843.909097
209,11773.865858
210,11735.396817
211,11825.225629
212,11887.625045
213,11810.840841
214,11844.086049
215,11736.739518
216,11649.188249
217,11727.537731
218,11890.015056
219,11751.561851
220,11739.611227
221,11651.181916
222,11758.386713
223,11776.318538
224,11746.477399
225,11943.772122
226,11798.419359
227,11884.551004
228,11857.813585
229,11823.155754
230,11877.772116
231,11923.815135
232,11700.058709
233,11825.188461
234,11726.963020
235,11846.219146
236,11799.927798
237,11855.566903
238,11767.217568
239,11625.143702
240,11687.970524
241,11793.317452
242,11832.540671
243,11865.884957
244,11856.826810
245,11725.904727
246,11839.828623
247,11888.184925
248,11864.066049
249,11886.370823
250,11804.864163
251,11816.921981
252,11908.082963
253,11858.909706
254,11842.434856
255,11918.478486
256,11895.647716
257,11904.491001
258,11756.650063
259,11813.524389
260,11924.671402
261,11973.872394
262,11926.926482
263,11758.266496
264,11866.804050
265,11850.003989
266,11874.231742
267,11778.761422
268,11814.405936
269,11818.533051
270,11911.121379
271,11694.914188
272,11847.703929
273,11834.478922
274,11656.313862
275,11687.057634
276,11678.195179
277,11622.003161
278,11656.751003
279,11757.103739
280,11880.317293
281,11949.105877
282,11894.147174
283,11892.801747
284,11894.829100
285,11833.798199
286,11836.193880
287,11918.153712
288,11763.052679
289,11855.086864
290,11904.601318
291,11847.383884
292,11747.938900
293,11933.108869
294,11737.368092
295,11923.599996
296,11864.886024
297,11822.259644
298,11792.688547
299,11808.103474
300,11773.679001
301,11763.921807
302,11870.664493
303,11939.419009
304,11913.233986
305,11845.687959
306,11806.098040
307,11762.342495
308,11852.686563
309,11723.015957
310,11821.127417
311,11858.239902
312,11686.448066
313,11809.419207
314,11711.376181
315,11806.113260
316,11816.389817
317,11929.784889
318,11948.584562
319,12047.644735
320,12064.884920
321,12114.429949
322,11930.018802
323,11876.865805
324,11884.258610
325,11917.449352
326,11861.510681
327,12044.261026
328,11975.338225
329,11876.988044
330,12021.817943
331,12002.346148
332,12019.730533
333,11911.617520
334,11919.893988
335,11938.490753
336,11977.197536
337,11881.452147
338,12025.698650
339,11963.068678
340,12114.024159
341,12000.171373
342,12021.321802
343,12043.173975
344,12020.227222
345,11997.374156
346,11916.747591
347,11884.886305
348,11964.446558
349,12027.822734
350,11901.305099
351,11878.896240
352,11861.087074
353,12016.242742
354,12031.714731
355,11905.086407
356,11923.633625
357,11982.653052
358,12059.003360
359,12161.911034
360,12098.406103
361,12103.293400
362,11979.078109
363,11963.020524
364,11997.888211
365,11801.313497
366,11823.331453
367,12096.723003
368,12001.637424
369,12065.114117
370,12036.110641
371,12053.258566
372,11832.035183
373,12032.198843
374,11957.220316
375,11938.593784
376,11924.231234
377,11931.126537
378,12077.687590
379,11956.720162
380,11966.687690
381,11936.158188
382,11947.045306
383,11925.443699
384,11963.400711
385,11980.251398
386,11888.258722
387,12026.628865
388,12005.958705
389,11946.047948
390,11987.733954
391,11991.496908
392,11873.520276
393,11847.353199
394,11785.584459
395,12020.630486
396,11944.399750
397,11988.715710
398,12053.436637
399,11981.999240
400,11993.290848
401,11940.329901
402,11966.653575
403,11922.738996
404,12027.846303
405,11953.284705
406,12108.954231
407,11991.058975
408,11993.995966
409,11995.881933
410,12044.196538
411,12108.753960
412,12033.694150
413,12015.323021
414,12083.292586
415,12013.480617
416,12071.245763
417,12037.940815
418,12029.800405
419,11920.549295
420,11869.927749
421,11963.056225
422,11900.458591
423,11852.355372
424,12057.142210
425,11950.580841
426,11874.907967
427,11843.172063
428,11969.957527
429,12086.761733
430,11950.056289
431,11897.471799
432,11821.033592
433,11948.980922
434,11938.337447
435,12020.461536
436,12082.193357
437,11882.406049
438,11927.503481
439,11981.477064
440,12022.006505
441,11913.284302
442,11868.657175
443,11967.773535
444,12036.607642
445,12018.077336
446,11980.452418
447,12085.174196
448,12104.317751
449,12095.153119
450,11999.471003
451,11718.063243
452,11832.216662
453,11918.259131
454,11854.004505
455,11836.370508
456,11982.852745
457,12133.461890
458,12013.883373
459,11998.305253
460,12042.577316
461,12008.470485
462,11970.500348
463,12131.609666
464,12079.961080
465,11980.135132
466,12064.677228
467,11894.289489
468,11842.903730
469,11863.492383
470,11940.617868
471,12067.929420
472,12166.756999
473,11968.456041
474,11871.934769
475,11938.284082
476,11933.693651
477,11969.982257
478,11994.763365
479,11823.402618
480,11835.477001
481,11827.549316
482,11933.140134
483,11791.489892
484,11953.403327
485,11853.159692
486,11984.928642
487,11971.275126
488,11881.952774
489,11821.945877
490,11929.412607
491,11954.635175
492,11928.750568
493,12132.998110
494,12109.647112
495,12056.951094
496,12012.998163
497,12091.199888
498,11953.760705
499,12003.547261
