0,3357.394207
1,6698.776154
2,7037.044091
3,7248.927220
4,7446.782926
5,7602.663540
6,7805.222541
7,7976.037736
8,8144.791485
9,8301.213740
10,8450.318461
11,8612.827183
12,8754.156466
13,8867.902859
14,8981.826455
15,9126.773661
16,9274.500908
17,9446.571198
18,9561.511473
19,9740.800170
20,9944.607991
21,10079.286149
22,10183.431303
23,10353.518133
24,10458.063427
25,10538.649818
26,10671.683250
27,10669.571195
28,10686.699879
29,10788.232062
30,10878.727432
31,10946.318009
32,10963.383060
33,10986.752144
34,11018.962136
35,11100.727832
36,11092.706832
37,11148.669444
38,11168.879597
39,11175.902757
40,11240.110705
41,11235.039615
42,11260.725675
43,11263.284155
44,11324.728535
45,11341.821450
46,11325.845242
47,11336.527440
48,11313.029487
49,11378.646929
50,11396.507801
51,11458.723828
52,11449.180756
53,11406.286881
54,11420.144175
55,11389.843466
56,11367.056854
57,11436.481581
58,11451.048670
59,11417.754807
60,11464.968679
61,11473.224228
62,11441.272525
63,11472.090614
64,11438.077861
65,11402.016708
66,11476.958247
67,11483.457911
68,11466.385113
69,11476.555724
70,11468.699350
71,11472.569078
72,11544.432485
73,11500.623112
74,11477.770917
75,11511.389967
76,11575.082418
77,11496.469859
78,11537.700063
79,11469.904271
80,11471.841131
81,11508.498116
82,11560.920910
83,11534.394627
84,11500.103833
85,11446.990286
86,11559.306903
87,11506.200144
88,11513.724509
89,11472.693937
90,11480.403457
91,11475.856021
92,11488.766294
93,11577.573410
94,11572.594841
95,11485.302886
96,11495.597284
97,11558.971354
98,11595.990810
99,11541.124450
100,11533.910142
101,11564.148747
102,11550.649779
103,11508.318276
104,11521.586426
105,11536.349861
106,11502.535282
107,11532.780509
108,11553.501365
109,11572.186588
110,11527.974524
111,11593.599504
112,11581.178310
113,11530.255922
114,11583.893141
115,11611.758264
116,11598.460266
117,11578.257601
118,11577.208957
119,11542.446160
120,11605.590853
121,11577.786235
122,11584.045256
123,11612.501925
124,11577.140643
125,11630.628072
126,11611.614703
127,11551.439807
128,11616.349659
129,11600.681089
130,11583.887464
131,11651.962254
132,11585.550225
133,11592.816384
134,11622.604346
135,11581.076913
136,11582.043222
137,11639.217863
138,11594.552315
139,11597.228848
140,11581.661069
141,11593.184707
142,11632.608418
143,11616.443272
144,11656.418448
145,11576.408435
146,11616.849010
147,11637.921893
148,11574.721811
149,11642.544602
150,11644.232580
151,11648.644780
152,11640.862066
153,11585.416751
154,11603.714482
155,11582.453737
156,11663.858290
157,11684.150434
158,11668.287832
159,11668.388550
160,11668.939632
161,11626.052137
162,11626.407881
163,11650.291788
164,11659.653314
165,11660.976677
166,11665.206276
167,11678.252090
168,11655.234477
169,11682.471797
170,11674.785224
171,11616.000906
172,11626.799118
173,11665.362719
174,11680.947631
175,11700.980201
176,11702.256799
177,11678.052054
178,11701.333357
179,11683.042944
180,11673.722969
181,11688.180758
182,11696.229894
183,11693.927377
184,11710.091501
185,11709.027402
186,11683.427637
187,11696.027919
188,11757.937666
189,11745.286125
190,11689.728455
191,11705.689187
192,11731.617768
193,11713.949446
194,11678.279444
195,11707.651597
196,11738.712147
197,11743.636495
198,11722.814757
199,11702.911170
200,11729.742741
201,11712.533153
202,11708.023012
203,11723.611073
204,11732.122152
205,11713.158702
206,11746.550358
207,11727.569290
208,11740.598707
209,11775.786327
210,11752.072739
211,11755.926843
212,11719.148186
213,11756.929397
214,11753.056519
215,11762.346193
216,11745.996199
217,11763.135980
218,11762.483512
219,11760.783714
220,11753.256774
221,11769.690277
222,11772.220524
223,11766.762160
224,11765.964396
225,11769.181105
226,11766.224758
227,11780.030204
228,11779.796240
229,11785.439004
230,11785.955458
231,11763.468409
232,11784.779675
233,11765.100587
234,11781.084549
235,11782.484394
236,11784.875807
237,11777.049336
238,11774.817586
239,11775.082479
240,11750.830570
241,11755.698759
242,11768.032463
243,11760.887993
244,11779.605741
245,11781.373149
246,11771.464395
247,11762.900308
248,11772.153334
249,11775.459787
250,11753.149819
251,11774.629476
252,11756.544807
253,11784.111039
254,11773.986756
255,11760.561068
256,11782.632845
257,11784.018392
258,11766.657955
259,11772.544306
260,11789.373200
261,11778.159809
262,11772.117863
263,11760.970620
264,11774.966530
265,11771.796565
266,11775.763187
267,11762.699223
268,11775.667762
269,11777.329796
270,11776.758655
271,11771.401101
272,11755.235759
273,11770.320491
274,11768.159651
275,11764.649879
276,11776.404464
277,11767.731445
278,11775.053903
279,11766.855825
280,11760.736281
281,11771.596995
282,11773.222178
283,11766.621115
284,11767.535504
285,11778.368417
286,11768.163377
287,11785.889617
288,11766.102322
289,11774.398051
290,11776.086390
291,11775.968134
292,11765.559831
293,11773.216133
294,11780.563924
295,11778.300257
296,11773.442948
297,11746.730035
298,11764.275787
299,11746.871765
300,11779.735769
301,11776.782465
302,11765.745862
303,11775.378556
304,11787.474874
305,11780.944696
306,11764.006690
307,11793.739556
308,11759.416841
309,11784.251715
310,11774.556859
311,11783.707460
312,11764.975406
313,11762.781323
314,11762.070880
315,11769.355945
316,11779.490816
317,11768.638347
318,11754.436273
319,11780.466233
320,11770.975869
321,11776.205272
322,11777.721221
323,11752.889721
324,11754.902126
325,11785.866234
326,11777.192745
327,11782.155110
328,11781.351950
329,11783.574716
330,11765.955178
331,11778.517242
332,11781.034416
333,11773.358712
334,11755.315261
335,11761.255985
336,11751.346423
337,11773.684153
338,11770.296929
339,11761.527044
340,11767.657117
341,11766.744803
342,11771.503867
343,11759.488662
344,11769.198245
345,11785.554152
346,11783.366087
347,11772.245470
348,11773.636563
349,11777.685335
350,11781.890149
351,11795.054789
352,11767.784320
353,11770.944452
354,11778.072680
355,11766.931777
356,11788.416036
357,11753.039276
358,11770.962932
359,11776.531495
360,11750.190888
361,11776.915016
362,11786.572783
363,11752.425235
364,11772.791996
365,11774.669092
366,11759.784614
367,11774.025264
368,11772.929067
369,11765.665245
370,11763.580987
371,11779.544147
372,11763.287982
373,11776.038337
374,11785.189222
375,11790.454987
376,11779.442965
377,11778.935501
378,11783.953974
379,11756.821028
380,11773.132916
381,11777.407457
382,11775.993549
383,11777.348580
384,11768.420617
385,11769.677725
386,11768.690732
387,11782.644221
388,11763.574052
389,11768.114250
390,11774.035403
391,11777.568200
392,11778.085266
393,11777.011215
394,11778.602539
395,11776.656730
396,11772.406782
397,11777.989251
398,11758.155823
399,11765.576496
400,11775.590214
401,11764.424927
402,11766.313822
403,11767.127086
404,11776.480553
405,11773.767584
406,11774.524655
407,11757.149308
408,11761.296165
409,11776.034324
410,11753.323203
411,11758.765658
412,11761.256924
413,11766.371557
414,11780.862882
415,11767.383840
416,11783.366965
417,11777.024694
418,11774.663556
419,11768.024850
420,11783.527932
421,11762.941755
422,11773.760479
423,11764.753206
424,11778.113384
425,11774.150309
426,11781.230289
427,11772.886141
428,11771.212503
429,11762.706946
430,11764.486030
431,11763.521544
432,11758.401693
433,11786.173955
434,11782.411497
435,11772.136351
436,11772.700984
437,11780.700781
438,11777.002459
439,11774.093161
440,11772.735326
441,11781.040294
442,11775.662786
443,11762.060261
444,11773.277083
445,11781.647028
446,11761.624457
447,11774.462231
448,11767.869815
449,11776.992754
450,11770.715802
451,11774.983673
452,11774.593685
453,11773.798394
454,11776.565057
455,11765.218409
456,11763.063782
457,11766.008095
458,11776.254980
459,11762.750729
460,11761.423107
461,11770.326832
462,11781.752424
463,11776.008494
464,11764.686300
465,11782.570731
466,11772.916903
467,11783.125839
468,11779.806223
469,11771.703019
470,11781.681095
471,11773.392927
472,11777.460480
473,11776.462544
474,11780.623124
475,11770.130478
476,11796.656784
477,11781.698779
478,11771.364970
479,11772.974695
480,11758.824226
481,11770.055948
482,11767.837252
483,11781.403762
484,11769.937670
485,11771.701132
486,11782.530625
487,11778.974043
488,11767.307332
489,11766.798983
490,11788.609834
491,11770.864884
492,11783.570189
493,11758.592728
494,11776.555765
495,11755.214789
496,11784.664237
497,11776.165923
498,11781.333763
499,11786.275560
