0,3415.054866
1,3715.464719
2,3894.359928
3,4044.732057
4,4165.802802
5,4267.941963
6,4353.054482
7,4434.536654
8,4494.578159
9,4562.530484
10,4607.950883
11,4660.512005
12,4695.446607
13,4734.242142
14,4782.599536
15,4837.715372
16,4888.967071
17,4942.313721
18,5005.147724
19,5078.232681
20,5150.018838
21,5226.204022
22,5301.663609
23,5379.894680
24,5444.192775
25,5500.312068
26,5558.428411
27,5600.031202
28,5635.698148
29,5668.015928
30,5700.337953
31,5733.787901
32,5762.096503
33,5787.178405
34,5809.370760
35,5826.347459
36,5846.627270
37,5866.464990
38,5885.423733
39,5906.819988
40,5924.081604
41,5939.133044
42,5953.369329
43,5963.423201
44,5973.697540
45,5980.296096
46,5985.601313
47,5990.528238
48,5993.324760
49,5994.340287
50,5995.478407
51,5996.938050
52,5998.098313
53,5999.405524
54,6001.257407
55,6004.162320
56,6004.234943
57,6004.234943
58,6004.234943
59,6004.234943
60,6004.234943
61,6004.234943
62,6004.234943
63,6004.234943
64,6004.234943
65,6004.234943
66,6004.234943
67,6004.234943
68,6004.234943
69,6004.234943
70,6004.234943
71,6004.234943
72,6004.234943
73,6004.234943
74,6004.234943
75,6004.234943
76,6004.234943
77,6004.234943
78,6004.234943
79,6004.234943
80,6004.234943
81,6004.234943
82,6004.234943
83,6004.234943
84,6004.234943
85,6004.234943
86,6004.234943
87,6004.234943
88,6004.234943
89,6004.234943
90,6004.234943
91,6004.234943
92,6004.234943
93,6004.234943
94,6004.234943
95,6004.234943
96,6004.234943
97,6004.234943
98,6004.234943
99,6004.234943
100,6004.234943
101,6004.234943
102,6004.234943
103,6004.234943
104,6004.234943
105,6004.234943
106,6004.234943
107,6004.234943
108,6004.234943
109,6004.234943
110,6004.234943
111,6004.234943
112,6004.234943
113,6004.234943
114,6004.234943
115,6004.234943
116,6004.234943
117,6004.234943
118,6004.234943
119,6004.234943
120,6004.234943
121,6004.234943
122,6004.234943
123,6004.234943
124,6004.234943
125,6004.234943
126,6004.234943
127,6004.234943
128,6004.234943
129,6004.234943
130,6004.234943
131,6004.234943
132,6004.234943
133,6004.234943
134,6004.234943
135,6004.234943
136,6004.234943
137,6004.234943
138,6004.234943
139,6004.234943
140,6004.234943
141,6004.234943
142,6004.234943
143,6004.234943
144,6004.234943
145,6004.234943
146,6004.234943
147,6004.234943
148,6004.234943
149,6004.234943
150,6004.234943
151,6004.234943
152,6004.234943
153,6004.234943
154,6004.234943
155,6004.234943
156,6004.234943
157,6004.234943
158,6004.234943
159,6004.234943
160,6004.234943
161,6004.234943
162,6004.234943
163,6004.234943
164,6004.234943
165,6004.234943
166,6004.234943
167,6004.234943
168,6004.234943
169,6004.234943
170,6004.234943
171,6004.234943
172,6004.234943
173,6004.234943
174,6004.234943
175,6004.234943
176,6004.234943
177,6004.234943
178,6004.234943
179,6004.234943
180,6004.234943
181,6004.234943
182,6004.234943
183,6004.234943
184,6004.234943
185,6004.234943
186,6004.234943
187,6004.234943
188,6004.234943
189,6004.234943
190,6004.234943
191,6004.234943
192,6004.234943
193,6004.234943
194,6004.234943
195,6004.234943
196,6004.234943
197,6004.234943
198,6004.234943
199,6004.234943
200,6004.234943
201,6004.234943
202,6004.234943
203,6004.234943
204,6004.234943
205,6004.234943
206,6004.234943
207,6004.234943
208,6004.234943
209,6004.234943
210,6004.234943
211,6004.234943
212,6004.234943
213,6004.234943
214,6004.234943
215,6004.234943
216,6004.234943
217,6004.234943
218,6004.234943
219,6004.234943
220,6004.234943
221,6004.234943
222,6004.234943
223,6004.234943
224,6004.234943
225,6004.234943
226,6004.234943
227,6004.234943
228,6004.234943
229,6004.234943
230,6004.234943
231,6004.234943
232,6004.234943
233,6004.234943
234,6004.234943
235,6004.234943
236,6004.234943
237,6004.234943
238,6004.234943
239,6004.234943
240,6004.234943
241,6004.234943
242,6004.234943
243,6004.234943
244,6004.234943
245,6004.234943
246,6004.234943
247,6004.234943
248,6004.234943
249,6004.234943
250,6004.234943
251,6004.234943
252,6004.234943
253,6004.234943
254,6004.234943
255,6004.234943
256,6004.234943
257,6004.234943
258,6004.234943
259,6004.234943
260,6004.234943
261,6004.234943
262,6004.234943
263,6004.234943
264,6004.234943
265,6004.234943
266,6004.234943
267,6004.234943
268,6004.234943
269,6004.234943
270,6004.234943
271,6004.234943
272,6004.234943
273,6004.234943
274,6004.234943
275,6004.234943
276,6004.234943
277,6004.234943
278,6004.234943
279,6004.234943
280,6004.234943
281,6004.234943
282,6004.234943
283,6004.234943
284,6004.234943
285,6004.234943
286,6004.234943
287,6004.234943
288,6004.234943
289,6004.234943
290,6004.234943
291,6004.234943
292,6004.234943
293,6004.234943
294,6004.234943
295,6004.234943
296,6004.234943
297,6004.234943
298,6004.234943
299,6004.234943
300,6004.234943
301,6004.234943
302,6004.234943
303,6004.234943
304,6004.234943
305,6004.234943
306,6004.234943
307,6004.234943
308,6004.234943
309,6004.234943
310,6004.234943
311,6004.234943
312,6004.234943
313,6004.234943
314,6004.234943
315,6004.234943
316,6004.234943
317,6004.234943
318,6004.234943
319,6004.234943
320,6004.234943
321,6004.234943
322,6004.234943
323,6004.234943
324,6004.234943
325,6004.234943
326,6004.234943
327,6004.234943
328,6004.234943
329,6004.234943
330,6004.234943
331,6004.234943
332,6004.234943
333,6004.234943
334,6004.234943
335,6004.234943
336,6004.234943
337,6004.234943
338,6004.234943
339,6004.234943
340,6004.234943
341,6004.234943
342,6004.234943
343,6004.234943
344,6004.234943
345,6004.234943
346,6004.234943
347,6004.234943
348,6004.234943
349,6004.234943
350,6004.234943
351,6004.234943
352,6004.234943
353,6004.234943
354,6004.234943
355,6004.234943
356,6004.234943
357,6004.234943
358,6004.234943
359,6004.234943
360,6004.234943
361,6004.234943
362,6004.234943
363,6004.234943
364,6004.234943
365,6004.234943
366,6004.234943
367,6004.234943
368,6004.234943
369,6004.234943
370,6004.234943
371,6004.234943
372,6004.234943
373,6004.234943
374,6004.234943
375,6004.234943
376,6004.234943
377,6004.234943
378,6004.234943
379,6004.234943
380,6004.234943
381,6004.234943
382,6004.234943
383,6004.234943
384,6004.234943
385,6004.234943
386,6004.234943
387,6004.234943
388,6004.234943
389,6004.234943
390,6004.234943
391,6004.234943
392,6004.234943
393,6004.234943
394,6004.234943
395,6004.234943
396,6004.234943
397,6004.234943
398,6004.234943
399,6004.234943
400,6004.234943
401,6004.234943
402,6004.234943
403,6004.234943
404,6004.234943
405,6004.234943
406,6004.234943
407,6004.234943
408,6004.234943
409,6004.234943
410,6004.234943
411,6004.234943
412,6004.234943
413,6004.234943
414,6004.234943
415,6004.234943
416,6004.234943
417,6004.234943
418,6004.234943
419,6004.234943
420,6004.234943
421,6004.234943
422,6004.234943
423,6004.234943
424,6004.234943
425,6004.234943
426,6004.234943
427,6004.234943
428,6004.234943
429,6004.234943
430,6004.234943
431,6004.234943
432,6004.234943
433,6004.234943
434,6004.234943
435,6004.234943
436,6004.234943
437,6004.234943
438,6004.234943
439,6004.234943
440,6004.234943
441,6004.234943
442,6004.234943
443,6004.234943
444,6004.234943
445,6004.234943
446,6004.234943
447,6004.234943
448,6004.234943
449,6004.234943
450,6004.234943
451,6004.234943
452,6004.234943
453,6004.234943
454,6004.234943
455,6004.234943
456,6004.234943
457,6004.234943
458,6004.234943
459,6004.234943
460,6004.234943
461,6004.234943
462,6004.234943
463,6004.234943
464,6004.234943
465,6004.234943
466,6004.234943
467,6004.234943
468,6004.234943
469,6004.234943
470,6004.234943
471,6004.234943
472,6004.234943
473,6004.234943
474,6004.234943
475,6004.234943
476,6004.234943
477,6004.234943
478,6004.234943
479,6004.234943
480,6004.234943
481,6004.234943
482,6004.234943
483,6004.234943
484,6004.234943
485,6004.234943
486,6004.234943
487,6004.234943
488,6004.234943
489,6004.234943
490,6004.234943
491,6004.234943
492,6004.234943
493,6004.234943
494,6004.234943
495,6004.234943
496,6004.234943
497,6004.234943
498,6004.234943
499,6004.234943
