0,3327.376723
1,3553.595142
2,3731.288869
3,3844.395194
4,3959.130330
5,4065.012540
6,4170.858067
7,4275.183558
8,4341.683906
9,4399.182649
10,4474.007006
11,4524.243359
12,4571.834752
13,4656.363541
14,4719.864513
15,4761.435416
16,4813.507417
17,4854.298663
18,4901.300976
19,4944.367549
20,4981.568433
21,5029.048151
22,5058.380450
23,5107.137868
24,5148.148174
25,5198.201850
26,5246.358452
27,5284.824733
28,5322.414430
29,5360.929255
30,5401.703956
31,5436.728527
32,5458.254689
33,5458.526511
34,5498.195374
35,5523.246780
36,5550.876995
37,5561.281389
38,5576.036385
39,5583.955966
40,5579.093334
41,5589.171490
42,5594.935983
43,5584.907847
44,5596.320141
45,5605.778132
46,5598.586144
47,5610.941680
48,5601.442470
49,5616.372932
50,5624.934783
51,5630.384499
52,5631.238374
53,5634.767793
54,5631.921149
55,5626.007118
56,5624.084021
57,5645.796875
58,5649.535697
59,5638.692032
60,5641.946973
61,5640.529669
62,5637.690191
63,5650.291323
64,5648.259381
65,5645.572072
66,5652.115634
67,5653.622031
68,5633.543709
69,5638.574247
70,5648.379677
71,5646.863847
72,5633.498233
73,5644.032839
74,5645.499196
75,5631.984318
76,5629.571585
77,5644.015973
78,5651.973311
79,5657.646465
80,5652.755415
81,5658.520010
82,5661.401001
83,5668.861042
84,5670.343421
85,5663.107469
86,5660.870716
87,5653.645379
88,5651.432453
89,5663.383064
90,5661.866117
91,5660.638783
92,5666.341292
93,5668.169693
94,5670.627652
95,5673.009028
96,5671.694894
97,5652.170590
98,5660.200534
99,5654.846689
100,5661.647028
101,5670.115430
102,5659.181621
103,5659.159665
104,5670.556167
105,5664.489309
106,5667.180106
107,5671.400870
108,5657.545877
109,5661.036557
110,5661.441344
111,5658.194853
112,5655.541632
113,5670.647495
114,5674.249383
115,5670.874192
116,5663.256706
117,5657.641084
118,5639.701284
119,5645.137769
120,5659.437020
121,5662.021810
122,5676.152284
123,5664.001908
124,5663.187867
125,5666.781930
126,5663.348256
127,5653.242002
128,5651.195675
129,5663.993390
130,5659.659592
131,5669.698308
132,5661.728324
133,5660.602520
134,5658.461293
135,5675.074396
136,5672.751489
137,5653.172267
138,5660.197954
139,5668.804734
140,5660.328402
141,5657.460251
142,5668.515465
143,5669.543954
144,5663.127314
145,5676.576201
146,5670.825273
147,5656.117981
148,5655.734694
149,5671.950423
150,5664.360584
151,5662.683406
152,5646.491766
153,5661.014925
154,5660.097091
155,5665.895955
156,5673.109390
157,5674.079544
158,5672.209927
159,5665.562977
160,5667.705625
161,5667.359970
162,5662.725956
163,5663.955298
164,5672.511506
165,5661.974439
166,5668.156126
167,5673.575579
168,5667.258506
169,5667.706228
170,5683.242467
171,5660.142248
172,5675.602300
173,5674.192928
174,5676.696179
175,5668.978499
176,5665.531463
177,5668.460455
178,5672.391613
179,5674.737621
180,5667.494576
181,5683.239648
182,5667.853112
183,5662.081976
184,5666.642918
185,5654.139887
186,5657.889993
187,5662.621808
188,5678.552357
189,5680.651825
190,5673.094411
191,5671.844274
192,5657.242581
193,5663.223264
194,5653.437510
195,5669.924831
196,5685.877657
197,5673.275665
198,5678.863251
199,5671.674484
200,5678.375701
201,5673.216727
202,5664.715630
203,5664.125236
204,5665.387384
205,5673.271656
206,5674.614295
207,5664.120245
208,5670.524481
209,5667.070974
210,5678.882989
211,5674.713467
212,5665.354348
213,5670.121006
214,5669.949173
215,5673.102578
216,5679.034381
217,5684.430178
218,5686.718847
219,5685.245476
220,5673.745651
221,5670.569478
222,5669.846344
223,5675.502140
224,5674.982459
225,5671.702164
226,5673.679283
227,5665.298890
228,5674.051492
229,5681.372182
230,5676.929255
231,5671.652504
232,5667.100505
233,5675.382855
234,5673.819020
235,5677.946579
236,5669.930052
237,5677.736523
238,5671.190053
239,5661.530408
240,5664.563298
241,5661.270781
242,5663.340455
243,5664.153554
244,5676.813547
245,5665.670420
246,5635.919913
247,5676.538246
248,5667.901564
249,5671.853330
250,5649.752746
251,5672.755441
252,5675.440750
253,5672.429345
254,5683.746145
255,5680.950175
256,5668.049834
257,5673.734947
258,5675.532675
259,5669.059291
260,5661.332439
261,5683.052157
262,5679.468576
263,5687.903555
264,5688.866336
265,5668.742032
266,5682.323564
267,5680.348428
268,5680.895014
269,5686.011593
270,5672.326378
271,5678.806063
272,5674.673855
273,5666.869852
274,5667.580040
275,5677.346328
276,5684.677344
277,5674.186468
278,5672.846295
279,5657.143054
280,5664.557412
281,5673.409793
282,5669.152255
283,5672.297231
284,5678.060419
285,5669.772904
286,5664.394856
287,5656.023786
288,5666.046345
289,5664.829790
290,5666.916908
291,5672.949504
292,5679.573538
293,5670.839117
294,5676.969034
295,5675.146847
296,5671.482912
297,5682.024951
298,5686.540490
299,5680.502900
300,5683.747103
301,5670.485456
302,5669.361131
303,5667.004441
304,5664.943657
305,5663.884422
306,5678.613689
307,5672.104096
308,5677.226955
309,5669.827720
310,5660.189213
311,5669.815538
312,5668.072522
313,5655.222621
314,5667.112476
315,5682.315328
316,5666.375892
317,5673.018262
318,5674.301817
319,5675.217267
320,5682.446905
321,5679.904141
322,5663.203299
323,5679.632167
324,5678.669882
325,5672.242940
326,5670.426797
327,5675.712356
328,5681.153335
329,5665.543239
330,5671.369847
331,5672.409193
332,5677.598094
333,5676.464846
334,5673.998753
335,5662.055669
336,5671.148577
337,5676.793908
338,5667.883948
339,5658.951327
340,5660.956315
341,5665.529797
342,5672.186439
343,5668.952028
344,5671.621200
345,5668.431714
346,5664.679016
347,5667.862504
348,5672.546953
349,5679.642065
350,5671.732772
351,5668.398901
352,5656.146367
353,5657.405724
354,5661.963539
355,5679.348893
356,5666.692326
357,5669.630107
358,5662.622362
359,5675.201610
360,5686.655267
361,5681.173068
362,5670.868972
363,5664.782031
364,5679.368670
365,5683.824154
366,5675.046854
367,5657.326716
368,5662.710968
369,5652.236112
370,5650.364073
371,5660.982150
372,5656.458148
373,5666.525736
374,5662.258977
375,5675.948742
376,5672.975527
377,5658.020548
378,5691.426665
379,5667.866462
380,5674.241202
381,5672.427617
382,5668.798437
383,5673.991605
384,5672.349958
385,5650.940296
386,5675.665566
387,5667.021471
388,5669.676989
389,5665.186393
390,5671.176403
391,5679.052248
392,5668.696935
393,5667.347187
394,5674.872504
395,5653.243623
396,5654.960128
397,5665.347718
398,5668.781779
399,5671.767284
400,5667.168794
401,5671.779131
402,5674.352522
403,5674.072493
404,5673.236062
405,5675.024228
406,5677.636780
407,5662.942544
408,5646.849568
409,5666.137655
410,5680.636264
411,5677.452764
412,5674.871003
413,5679.489378
414,5687.917598
415,5689.356394
416,5679.799895
417,5668.339451
418,5673.357296
419,5662.522571
420,5665.613206
421,5668.565576
422,5666.254812
423,5670.438451
424,5672.699054
425,5674.165887
426,5668.964538
427,5663.891692
428,5669.153620
429,5667.558711
430,5674.540392
431,5660.048615
432,5680.148804
433,5656.736910
434,5676.611826
435,5666.825171
436,5662.272211
437,5651.031113
438,5664.888901
439,5670.430224
440,5673.581561
441,5658.145941
442,5676.675369
443,5671.102921
444,5663.786182
445,5661.657658
446,5665.713937
447,5677.723677
448,5678.067716
449,5675.742931
450,5664.964293
451,5652.749976
452,5674.435938
453,5675.271183
454,5671.559526
455,5669.226491
456,5679.582505
457,5670.632315
458,5672.992046
459,5680.436083
460,5668.629466
461,5663.115431
462,5665.122614
463,5678.063979
464,5689.836080
465,5682.107538
466,5666.221706
467,5664.874746
468,5649.634476
469,5668.038803
470,5676.855066
471,5669.950793
472,5671.324822
473,5674.734466
474,5667.379520
475,5662.227960
476,5666.153423
477,5673.155175
478,5670.154617
479,5658.644634
480,5646.390515
481,5662.745965
482,5676.596609
483,5670.753989
484,5669.490186
485,5665.114136
486,5658.811267
487,5666.586933
488,5665.703358
489,5665.033029
490,5676.155264
491,5664.583831
492,5663.300276
493,5666.052236
494,5664.034612
495,5674.208415
496,5673.226037
497,5662.164558
498,5681.216577
499,5671.904151
