0,3432.534347
1,6855.002841
2,7130.379820
3,7343.104223
4,7482.446767
5,7618.035165
6,7750.365522
7,7848.820550
8,7982.012071
9,8042.067271
10,8107.237177
11,8197.139057
12,8241.955402
13,8316.920927
14,8340.494256
15,8387.928813
16,8468.664462
17,8504.481936
18,8578.820901
19,8570.458087
20,8555.376365
21,8697.775863
22,8739.322373
23,8811.815760
24,8837.036337
25,8861.626071
26,8868.571347
27,8866.288547
28,8940.088216
29,9034.707695
30,9073.937058
31,9145.434975
32,9232.954958
33,9381.503320
34,9394.789548
35,9459.014430
36,9517.797047
37,9618.349890
38,9765.210082
39,9767.303897
40,9788.569844
41,9911.901904
42,10022.300957
43,10090.730935
44,10056.899610
45,10137.807791
46,10114.106624
47,10200.794757
48,10212.925849
49,10249.396074
50,10258.634166
51,10175.938165
52,10238.758392
53,10348.783114
54,10398.553594
55,10300.224206
56,10413.359404
57,10469.995506
58,10554.140070
59,10599.284427
60,10700.022064
61,10563.422612
62,10505.448210
63,10521.336128
64,10482.322729
65,10604.697685
66,10577.724790
67,10496.081845
68,10556.000490
69,10583.848796
70,10648.922537
71,10756.427457
72,10792.883421
73,10709.418452
74,10817.853569
75,10829.044110
76,10794.651578
77,10812.292129
78,10688.256358
79,10764.153047
80,10707.769287
81,10934.050402
82,10851.678862
83,10798.685268
84,10799.385636
85,10816.141402
86,10700.070026
87,10786.057537
88,10811.231769
89,10920.592832
90,10998.732697
91,11093.799866
92,10849.726307
93,10907.759433
94,10892.271033
95,10892.231999
96,10953.677923
97,10947.080770
98,10890.738724
99,10919.305546
100,10933.166559
101,10877.367244
102,10944.309278
103,11031.080581
104,10952.279883
105,10913.471475
106,10987.947639
107,11040.522575
108,11110.709637
109,11120.027852
110,11094.525995
111,11121.721177
112,11135.608882
113,11222.956699
114,11210.811551
115,11287.744018
116,11204.497042
117,11330.002617
118,11304.612626
119,11398.669904
120,11404.324830
121,11516.871530
122,11611.522536
123,11695.834763
124,11500.745797
125,11452.351319
126,11584.262101
127,11555.851772
128,11608.300350
129,11572.562668
130,11627.165671
131,11696.512459
132,11522.341060
133,11632.972459
134,11501.822410
135,11653.267311
136,11700.684356
137,11813.115717
138,11642.210029
139,11609.687850
140,11725.614808
141,11546.751814
142,11568.708550
143,11742.041685
144,11764.943648
145,11670.072237
146,11679.013225
147,11688.441353
148,11717.403038
149,11539.422523
150,11668.477153
151,11757.665638
152,11732.881002
153,11686.287357
154,11684.071222
155,11734.314389
156,11825.456708
157,11751.444692
158,11783.357992
159,11813.638798
160,11807.137076
161,11891.228182
162,11776.347354
163,11768.327508
164,11831.696080
165,11696.788915
166,11820.857260
167,11739.367629
168,11961.034552
169,11832.849856
170,11754.986975
171,11728.897325
172,11864.796474
173,11876.872187
174,11912.922108
175,12030.683345
176,12019.695041
177,12138.553989
178,11945.542727
179,11937.159408
180,11884.895459
181,11694.305122
182,11846.274189
183,11865.812990
184,11847.437433
185,11921.378078
186,11895.982678
187,11869.809197
188,11794.606017
189,11803.468725
190,11983.775493
191,11762.269001
192,11929.925834
193,11831.545874
194,11782.826610
195,11906.961019
196,11780.249338
197,11797.700555
198,11784.613385
199,11955.506975
200,11883.320921
201,11786.900328
202,11761.444790
203,11901.047036
204,12027.065150
205,11828.808505
206,11820.733148
207,11958.184793
208,12012.468425
209,11960.191204
210,11820.413633
211,11813.823412
212,11818.548555
213,11895.222105
214,11899.623870
215,12087.110409
216,11939.230129
217,11828.006007
218,11868.749424
219,11712.975844
220,11789.707352
221,11763.060081
222,11902.149032
223,11751.805859
224,11860.369638
225,11638.255692
226,11709.207307
227,11861.078230
228,11752.906989
229,11913.144402
230,11881.468673
231,11871.910715
232,11843.441732
233,11911.421912
234,11891.963443
235,11883.034710
236,11816.508499
237,11925.097801
238,11955.081135
239,11896.056247
240,11947.623076
241,11724.901523
242,11789.596090
243,11739.268901
244,11896.368525
245,11750.502162
246,11823.241287
247,11878.381703
248,11866.394904
249,11792.001845
250,11870.701766
251,12005.032123
252,11884.058647
253,12073.756153
254,11972.723823
255,11923.338125
256,11829.518924
257,11636.564409
258,11758.269101
259,11803.064281
260,11807.087882
261,11909.215963
262,11802.361829
263,11906.679228
264,11907.288177
265,11905.817556
266,11829.510962
267,11872.628688
268,11832.911090
269,11968.604138
270,11967.624365
271,11916.320746
272,11787.804590
273,11657.033614
274,11717.442509
275,11882.427770
276,11798.948207
277,11846.543140
278,11836.056167
279,11917.390169
280,11954.548570
281,11783.479635
282,11896.670197
283,11865.000004
284,11971.193546
285,11968.509180
286,12045.362118
287,11864.150739
288,11859.611692
289,11943.739859
290,11817.502918
291,11786.821150
292,11926.947038
293,11900.142569
294,11810.629528
295,11919.272066
296,11833.041898
297,11879.250784
298,11818.253714
299,11799.096015
300,11916.619678
301,11909.537972
302,11777.292540
303,11859.475081
304,12014.291439
305,12105.199925
306,12191.958900
307,12174.239335
308,12072.800381
309,11866.922978
310,11910.614261
311,12113.424940
312,12153.466002
313,12132.068359
314,12099.434305
315,11987.584386
316,12114.452740
317,12028.313466
318,11983.966628
319,12061.471057
320,12077.098690
321,12035.957588
322,11967.674376
323,11948.145790
324,12048.928708
325,12100.941638
326,11989.177959
327,12165.681041
328,11932.581297
329,12088.733651
330,12149.918975
331,12179.414078
332,12196.201421
333,12073.942374
334,12159.165247
335,12138.928004
336,12198.247300
337,12146.774836
338,12288.614276
339,12205.394515
340,12206.671278
341,12102.632902
342,12038.574483
343,12185.695297
344,12108.588868
345,12023.838769
346,11963.457884
347,11983.237305
348,11926.028384
349,12139.628062
350,12102.237144
351,12084.035414
352,12067.282319
353,12008.930214
354,12054.384875
355,12034.625647
356,12227.179846
357,12160.164643
358,12099.036107
359,12002.788370
360,12069.209777
361,12024.288613
362,12120.184081
363,11858.151635
364,12058.097413
365,12084.408858
366,12015.923230
367,12136.996980
368,11893.227795
369,12258.315646
370,12069.532888
371,12260.519981
372,12145.137851
373,12169.196147
374,12051.217103
375,12118.794958
376,12224.923876
377,12209.290781
378,12103.995014
379,12188.218059
380,12072.197036
381,12147.495431
382,12128.752562
383,12029.260234
384,11923.392719
385,12072.269077
386,12122.143167
387,12029.503672
388,11906.585927
389,12148.966494
390,12011.784510
391,12284.894281
392,12110.774697
393,12192.360565
394,12176.632135
395,11952.265713
396,12145.643877
397,12158.529376
398,12119.829238
399,12071.313084
400,12264.588884
401,12133.749769
402,12082.659821
403,12067.847802
404,12062.124368
405,12097.865002
406,12065.334895
407,12125.211978
408,12139.935789
409,12146.471751
410,12189.131467
411,12235.344745
412,12193.759487
413,12163.782177
414,12084.221670
415,12067.349935
416,11927.915274
417,12005.182401
418,12091.422889
419,12124.940796
420,12189.256210
421,12089.619648
422,12121.357447
423,12236.638771
424,12244.277353
425,12057.405705
426,11981.792388
427,12182.245335
428,12131.263056
429,12051.399125
430,12053.830151
431,12013.710324
432,12102.580303
433,12025.009921
434,12007.534252
435,12018.582135
436,12034.278474
437,12240.570731
438,12239.784212
439,12197.062262
440,12364.241014
441,12116.230513
442,12161.450144
443,12039.397696
444,12205.145227
445,12002.579732
446,12215.203440
447,12404.426162
448,12138.161670
449,12413.129688
450,12218.151390
451,12195.870560
452,12225.889723
453,12091.546541
454,12208.801735
455,12139.374728
456,12127.381875
457,12207.722344
458,12269.878168
459,12192.244481
460,12083.424307
461,11976.272609
462,12256.754003
463,12202.168676
464,12206.888072
465,12226.261407
466,12281.467359
467,12109.086993
468,12161.591409
469,12101.611624
470,11979.010655
471,12089.475406
472,12057.220392
473,12165.714092
474,12239.189282
475,12261.703198
476,12150.970500
477,12099.974253
478,12179.925643
479,12288.036498
480,12238.207368
481,12365.861005
482,12203.163305
483,12392.722278
484,12190.762615
485,12076.037795
486,11984.050679
487,12233.832683
488,12036.009225
489,12241.335750
490,12052.717584
491,12060.241049
492,12112.914929
493,12142.488032
494,12165.384824
495,12214.080756
496,12160.746096
497,12112.029454
498,12291.655614
499,12094.773206
