0,3346.358880
1,3561.135559
2,3747.812651
3,3893.303743
4,4024.564910
5,4097.365764
6,4186.165197
7,4266.782759
8,4342.499464
9,4418.218205
10,4444.832322
11,4506.457338
12,4595.675050
13,4658.947459
14,4711.147664
15,4754.028664
16,4799.075674
17,4855.298439
18,4870.143962
19,4893.493049
20,4937.790569
21,5017.939703
22,5062.648202
23,5114.101821
24,5162.327994
25,5215.417087
26,5251.699525
27,5279.663996
28,5315.559811
29,5346.245412
30,5352.107403
31,5368.205962
32,5411.033622
33,5417.897335
34,5424.464358
35,5420.529762
36,5427.516918
37,5427.608377
38,5433.364721
39,5461.780702
40,5474.127290
41,5495.855767
42,5478.290376
43,5479.728306
44,5491.156349
45,5494.178813
46,5498.948770
47,5480.289233
48,5502.715129
49,5509.905085
50,5495.292907
51,5499.909672
52,5503.439165
53,5492.150541
54,5483.199854
55,5482.039650
56,5506.684678
57,5500.878753
58,5500.976344
59,5499.063295
60,5472.896109
61,5508.200950
62,5517.983788
63,5502.106668
64,5516.380275
65,5506.936611
66,5484.179972
67,5494.111763
68,5517.320334
69,5497.461689
70,5485.717115
71,5496.385788
72,5513.016573
73,5502.148024
74,5497.468167
75,5506.186100
76,5480.459379
77,5490.826495
78,5486.332357
79,5463.175476
80,5481.555076
81,5489.139930
82,5502.186547
83,5504.051792
84,5490.694408
85,5486.264024
86,5491.112655
87,5499.631649
88,5505.509769
89,5495.054982
90,5501.981385
91,5506.567810
92,5499.571232
93,5505.832541
94,5515.513100
95,5486.718883
96,5504.889340
97,5474.453184
98,5501.708371
99,5490.506638
100,5487.714512
101,5511.047169
102,5490.840295
103,5482.093842
104,5492.937038
105,5490.179959
106,5498.089425
107,5511.055938
108,5474.774288
109,5488.952146
110,5511.189956
111,5492.325073
112,5493.370772
113,5495.298413
114,5512.730748
115,5511.447688
116,5495.993465
117,5498.669518
118,5483.139937
119,5482.596248
120,5476.158684
121,5494.790757
122,5500.941221
123,5512.402125
124,5505.103701
125,5503.874054
126,5482.702399
127,5514.884038
128,5522.039672
129,5521.969567
130,5503.539739
131,5505.591513
132,5503.245468
133,5498.706857
134,5492.222396
135,5497.675469
136,5498.864739
137,5518.844778
138,5514.512790
139,5512.243936
140,5507.813960
141,5498.944145
142,5513.952181
143,5493.482852
144,5516.715681
145,5494.919553
146,5499.525387
147,5491.852246
148,5485.500906
149,5501.894278
150,5511.632315
151,5505.380297
152,5508.861182
153,5497.165495
154,5509.369762
155,5484.707988
156,5508.202651
157,5514.767873
158,5505.056459
159,5487.189014
160,5490.102754
161,5507.377248
162,5509.316178
163,5509.420813
164,5498.353921
165,5505.057902
166,5487.247634
167,5483.674173
168,5504.036849
169,5506.679341
170,5512.104709
171,5504.071680
172,5479.299765
173,5481.363989
174,5489.092331
175,5491.468885
176,5479.324163
177,5505.977506
178,5496.701078
179,5493.238209
180,5489.524476
181,5493.917512
182,5495.590327
183,5508.234230
184,5502.232053
185,5495.579136
186,5506.052212
187,5518.820114
188,5499.294462
189,5503.686573
190,5511.635594
191,5489.861459
192,5484.679437
193,5480.598578
194,5499.093899
195,5483.439435
196,5494.554878
197,5477.390953
198,5489.237829
199,5494.746898
200,5468.194133
201,5480.431541
202,5483.362837
203,5473.738298
204,5488.922247
205,5489.812041
206,5482.269869
207,5495.819458
208,5495.428414
209,5492.059791
210,5490.788426
211,5494.373855
212,5484.320662
213,5493.372429
214,5514.495020
215,5496.871699
216,5513.119519
217,5494.567372
218,5502.325485
219,5505.830201
220,5505.938249
221,5506.146115
222,5498.460097
223,5508.331424
224,5518.129571
225,5477.521573
226,5498.183808
227,5484.512600
228,5504.638805
229,5514.621493
230,5500.991198
231,5481.977469
232,5483.288261
233,5498.128042
234,5509.030122
235,5513.483416
236,5486.877806
237,5465.931123
238,5502.109795
239,5506.644812
240,5513.638554
241,5505.941496
242,5496.323704
243,5512.857672
244,5495.946980
245,5500.099638
246,5509.949261
247,5496.988934
248,5483.225276
249,5512.365020
250,5519.663386
251,5498.137821
252,5508.309042
253,5493.757053
254,5493.229424
255,5487.021777
256,5502.503674
257,5507.990637
258,5502.212426
259,5493.318493
260,5475.657399
261,5502.787640
262,5502.349843
263,5504.643417
264,5513.927339
265,5479.067430
266,5481.904321
267,5503.804441
268,5475.491215
269,5467.739119
270,5486.371579
271,5477.986677
272,5505.376954
273,5483.121958
274,5492.721080
275,5495.335431
276,5497.179365
277,5508.204434
278,5495.528142
279,5500.209910
280,5503.741398
281,5483.147668
282,5464.552169
283,5502.293651
284,5525.666286
285,5505.206725
286,5504.667752
287,5510.020037
288,5484.132625
289,5496.183515
290,5484.884700
291,5500.957387
292,5475.657118
293,5507.097713
294,5493.221971
295,5497.372717
296,5481.772982
297,5499.805631
298,5482.724771
299,5506.903095
300,5506.148102
301,5518.231771
302,5504.282077
303,5498.897305
304,5514.655371
305,5486.498831
306,5480.385799
307,5490.795733
308,5502.902407
309,5503.407268
310,5511.395665
311,5498.603435
312,5500.872475
313,5503.448255
314,5510.983738
315,5506.827940
316,5513.091181
317,5504.106880
318,5531.813265
319,5516.228063
320,5504.504026
321,5497.598409
322,5486.140433
323,5506.620447
324,5509.034632
325,5505.407717
326,5506.647047
327,5499.642860
328,5504.656928
329,5496.359190
330,5498.598055
331,5517.307256
332,5510.024740
333,5516.653558
334,5512.461855
335,5504.460267
336,5501.641417
337,5486.565019
338,5521.375961
339,5521.971041
340,5512.824085
341,5522.574596
342,5515.832412
343,5501.635563
344,5518.175412
345,5532.524462
346,5508.320989
347,5498.573085
348,5516.134366
349,5504.937271
350,5524.868179
351,5506.526036
352,5497.496509
353,5506.709140
354,5515.910367
355,5512.410665
356,5506.746964
357,5491.636410
358,5508.402610
359,5518.607834
360,5500.855284
361,5510.633155
362,5503.610836
363,5507.113911
364,5513.624115
365,5516.236507
366,5512.019307
367,5514.075383
368,5508.147303
369,5492.470107
370,5483.869367
371,5507.897754
372,5493.501671
373,5493.807335
374,5497.955233
375,5494.397338
376,5493.609173
377,5499.211063
378,5502.975765
379,5511.632745
380,5504.372892
381,5514.386012
382,5500.571775
383,5513.103420
384,5516.702380
385,5509.494637
386,5471.948434
387,5478.791219
388,5513.036932
389,5494.135001
390,5490.971483
391,5487.811559
392,5486.736122
393,5510.231644
394,5507.096476
395,5495.969379
396,5509.534214
397,5505.471922
398,5500.126494
399,5511.869590
400,5511.845340
401,5492.240530
402,5501.472998
403,5493.809576
404,5506.454368
405,5508.701932
406,5486.372349
407,5481.495831
408,5471.533147
409,5484.478104
410,5495.838665
411,5491.404892
412,5501.195620
413,5509.157985
414,5494.435251
415,5490.335239
416,5477.790396
417,5498.700315
418,5518.054291
419,5489.181362
420,5495.747958
421,5506.171783
422,5499.657407
423,5492.817798
424,5483.998911
425,5483.120968
426,5496.615788
427,5481.307503
428,5497.377293
429,5494.141669
430,5474.609034
431,5506.179963
432,5495.080807
433,5488.674071
434,5479.647455
435,5483.445390
436,5483.928163
437,5483.895391
438,5482.218052
439,5500.267041
440,5501.847892
441,5525.844215
442,5507.169779
443,5486.424440
444,5493.367229
445,5473.095996
446,5526.127670
447,5504.320494
448,5519.494197
449,5519.673298
450,5491.601264
451,5494.791226
452,5500.989231
453,5488.571139
454,5492.932537
455,5495.196945
456,5516.571819
457,5498.059722
458,5513.981585
459,5510.843142
460,5511.650234
461,5490.713698
462,5512.218567
463,5510.081961
464,5510.074894
465,5505.230400
466,5508.564480
467,5507.475558
468,5499.026884
469,5458.606694
470,5479.070732
471,5490.593046
472,5484.455239
473,5493.107984
474,5475.691477
475,5477.167239
476,5469.952542
477,5470.066313
478,5489.461178
479,5472.102199
480,5477.269131
481,5470.032878
482,5473.058902
483,5465.203834
484,5491.517646
485,5465.350779
486,5476.914388
487,5491.982322
488,5492.810144
489,5486.024224
490,5495.304080
491,5486.750533
492,5486.124272
493,5495.109013
494,5497.651957
495,5488.209184
496,5523.120007
497,5505.845608
498,5523.345472
499,5494.412772
