0,3423.639883
1,6798.628660
2,6993.257465
3,7129.982886
4,7275.029296
5,7415.826117
6,7472.261085
7,7524.009647
8,7602.859967
9,7646.051829
10,7660.443352
11,7704.024246
12,7775.699628
13,7765.052903
14,7813.140083
15,7798.728681
16,7839.566206
17,7864.086426
18,7910.293300
19,7919.844099
20,7923.164553
21,7929.647898
22,7915.587668
23,7959.403922
24,7947.533302
25,8006.976859
26,8051.224315
27,8047.711744
28,8088.879558
29,8065.515748
30,8113.137388
31,8117.146344
32,8125.793450
33,8154.354823
34,8138.932603
35,8168.724444
36,8156.933449
37,8233.767686
38,8260.771654
39,8238.057230
40,8241.880394
41,8242.641603
42,8312.203053
43,8296.382144
44,8347.251454
45,8340.139595
46,8309.984167
47,8317.746771
48,8341.239412
49,8341.669195
50,8405.678711
51,8420.606553
52,8428.698414
53,8432.484660
54,8484.828080
55,8472.425470
56,8440.454719
57,8529.494965
58,8573.113556
59,8574.448200
60,8554.163011
61,8577.672624
62,8547.844213
63,8584.299649
64,8595.048442
65,8632.513189
66,8664.703824
67,8667.467087
68,8651.614095
69,8662.637826
70,8708.165879
71,8764.688056
72,8671.728956
73,8669.088929
74,8686.227949
75,8842.911368
76,8799.926224
77,8748.138174
78,8799.051994
79,8826.671820
80,8834.658839
81,8833.998682
82,8875.435829
83,8890.277325
84,8815.726957
85,8844.545845
86,8851.606299
87,8907.069260
88,8971.379439
89,9047.163793
90,8971.842625
91,9019.359447
92,8993.180930
93,8949.873173
94,8912.523924
95,9028.482345
96,9001.475470
97,9018.873484
98,9053.343677
99,9064.141688
100,9049.472573
101,9103.259299
102,9098.006322
103,9130.262451
104,9176.618742
105,9168.312343
106,9202.126969
107,9145.162907
108,9208.061275
109,9197.987176
110,9227.226424
111,9183.558578
112,9207.858846
113,9203.801539
114,9236.545251
115,9243.005469
116,9215.950991
117,9209.477271
118,9274.530031
119,9260.607731
120,9234.957649
121,9331.706314
122,9294.701090
123,9322.786896
124,9354.889978
125,9367.903378
126,9395.578801
127,9394.406489
128,9400.298224
129,9487.956128
130,9418.934893
131,9510.332727
132,9514.151232
133,9417.491262
134,9397.025013
135,9417.275664
136,9523.752899
137,9448.767454
138,9457.517580
139,9490.388371
140,9465.168135
141,9518.517032
142,9558.206817
143,9547.934471
144,9483.900730
145,9459.528628
146,9512.483603
147,9608.427087
148,9593.125906
149,9506.585002
150,9589.367219
151,9585.400125
152,9575.029857
153,9552.956472
154,9619.994381
155,9637.551987
156,9634.208755
157,9633.429557
158,9636.927389
159,9596.149254
160,9680.164778
161,9613.952491
162,9692.874940
163,9662.914717
164,9667.235727
165,9670.605525
166,9675.063238
167,9762.496531
168,9677.929162
169,9672.589971
170,9633.673879
171,9737.374937
172,9814.811556
173,9756.141971
174,9730.483668
175,9672.391160
176,9700.557573
177,9772.206053
178,9816.622766
179,9777.794229
180,9806.388377
181,9779.874441
182,9829.065065
183,9842.528514
184,9869.599827
185,9825.690000
186,9729.344071
187,9790.561348
188,9780.538526
189,9785.550409
190,9721.710641
191,9846.466780
192,9841.966528
193,9862.674635
194,9765.494281
195,9886.439233
196,9873.670086
197,9865.557865
198,9928.543815
199,9876.704419
200,9845.875541
201,9823.848515
202,9850.187441
203,9824.844251
204,9893.446923
205,9900.685710
206,9846.069686
207,9833.407636
208,9908.376787
209,9943.961515
210,9913.149317
211,9933.017251
212,9944.632085
213,9942.848480
214,9992.782137
215,9889.014013
216,9939.788502
217,9944.807580
218,9946.930878
219,9911.666418
220,9952.287364
221,9949.851470
222,10032.507676
223,10014.265976
224,9989.358653
225,9959.717568
226,9935.943837
227,9883.572350
228,9885.572650
229,9946.439609
230,9954.468729
231,9992.326494
232,10012.004614
233,10041.506870
234,9938.919546
235,9959.566737
236,10058.348425
237,10159.927708
238,10069.975952
239,9969.881252
240,10005.920064
241,9997.838525
242,9970.918952
243,9940.108299
244,9914.354357
245,9981.908727
246,10047.825816
247,9997.403370
248,9978.840497
249,10059.721280
250,10024.990454
251,10015.100748
252,10007.401818
253,9993.221562
254,9991.918196
255,10021.535969
256,10087.930129
257,10037.346900
258,10080.608837
259,9971.517971
260,10034.166840
261,10099.546040
262,10102.248756
263,10155.621677
264,10066.208974
265,10092.542617
266,10074.507219
267,10097.035569
268,9904.228464
269,10098.257257
270,10012.241842
271,10053.674856
272,10075.779871
273,10081.760214
274,10072.963530
275,10040.123997
276,10092.620854
277,10091.373007
278,10089.937120
279,10054.073639
280,10088.598420
281,10084.228564
282,10199.878762
283,10115.755445
284,10103.749712
285,10103.744185
286,10152.582764
287,10070.698843
288,10125.189854
289,10109.491107
290,10109.141633
291,10056.068819
292,10040.581748
293,10100.403063
294,10129.148905
295,10173.461959
296,10082.095936
297,10071.432552
298,10182.199455
299,10086.790413
300,10135.563192
301,10109.866646
302,10142.019229
303,10160.035149
304,10096.197186
305,10098.620887
306,10035.649961
307,10094.590536
308,10008.026712
309,10142.344189
310,10115.065519
311,10108.246386
312,10214.498564
313,10167.005553
314,10061.001133
315,10041.837649
316,10084.863476
317,10061.539549
318,10179.684912
319,10103.252279
320,10114.549916
321,10133.996673
322,10138.910726
323,10098.596658
324,10232.028544
325,10214.818108
326,10179.203579
327,10111.328920
328,10185.240340
329,10156.766217
330,10211.562213
331,10195.846748
332,10160.063160
333,10244.683612
334,10235.786097
335,10218.825043
336,10226.526646
337,10131.875420
338,10104.613462
339,10187.844147
340,10152.007346
341,10159.478659
342,10156.751119
343,10123.573870
344,10148.251206
345,10098.055571
346,10267.291373
347,10268.851878
348,10164.908053
349,10248.090048
350,10235.269673
351,10250.916285
352,10221.964656
353,10237.310406
354,10126.707245
355,10107.527483
356,10250.408761
357,10235.821201
358,10224.950724
359,10158.634993
360,10243.009459
361,10351.142425
362,10292.585667
363,10243.352160
364,10195.664589
365,10269.001936
366,10179.407642
367,10235.125527
368,10214.680022
369,10173.637746
370,10221.112835
371,10213.078964
372,10260.115837
373,10214.069856
374,10262.326444
375,10161.720619
376,10267.675492
377,10264.028374
378,10282.087331
379,10242.663655
380,10348.964622
381,10247.530877
382,10155.632332
383,10267.084643
384,10260.845940
385,10340.035651
386,10290.229415
387,10234.066185
388,10312.646777
389,10295.621365
390,10235.657308
391,10261.182929
392,10221.524524
393,10219.941802
394,10184.234869
395,10290.323681
396,10274.729443
397,10240.024218
398,10321.154749
399,10265.518851
400,10254.067082
401,10256.956639
402,10243.689632
403,10196.012854
404,10271.341433
405,10293.837237
406,10353.479476
407,10224.160017
408,10263.760680
409,10275.195379
410,10275.019041
411,10311.825603
412,10251.693314
413,10381.869901
414,10290.139741
415,10369.248441
416,10338.393627
417,10256.897706
418,10317.428818
419,10284.205311
420,10308.648911
421,10212.991091
422,10278.197666
423,10364.458176
424,10345.788390
425,10311.880419
426,10338.983536
427,10273.155941
428,10299.702682
429,10218.182243
430,10288.151069
431,10326.732270
432,10260.064384
433,10269.230005
434,10337.603550
435,10337.692811
436,10322.859363
437,10336.292523
438,10365.509498
439,10299.131635
440,10331.663136
441,10344.564692
442,10280.584775
443,10362.027113
444,10337.925190
445,10263.873321
446,10260.177611
447,10337.207018
448,10346.385390
449,10279.904332
450,10276.913834
451,10290.155379
452,10360.216342
453,10309.255896
454,10279.014634
455,10341.446996
456,10356.355658
457,10236.087580
458,10291.652370
459,10200.645555
460,10322.829910
461,10311.816173
462,10334.448033
463,10348.252683
464,10410.633601
465,10301.018060
466,10349.231159
467,10348.269750
468,10310.811790
469,10316.157907
470,10307.246466
471,10316.119030
472,10385.194169
473,10398.605608
474,10329.057712
475,10267.661408
476,10299.819281
477,10251.001047
478,10366.260968
479,10303.084320
480,10441.725542
481,10348.053008
482,10391.299390
483,10379.957775
484,10406.333090
485,10278.464505
486,10301.950367
487,10298.068861
488,10376.789845
489,10318.280654
490,10268.379204
491,10238.781824
492,10342.969645
493,10343.107925
494,10420.178198
495,10381.849437
496,10412.492734
497,10462.618006
498,10326.557780
499,10355.839885
