0,3340.369774
1,6665.125398
2,6946.316195
3,7191.678584
4,7433.458045
5,7653.415452
6,7796.273868
7,7965.380653
8,8111.933880
9,8246.692850
10,8344.757825
11,8452.288712
12,8531.322639
13,8646.192442
14,8749.732861
15,8824.810672
16,8918.161550
17,8999.122646
18,9072.717635
19,9151.467318
20,9261.210290
21,9329.671675
22,9390.554689
23,9509.245008
24,9638.117366
25,9675.730940
26,9783.958772
27,9857.229891
28,9977.975101
29,10017.437800
30,10148.741257
31,10255.330397
32,10298.270702
33,10398.987700
34,10453.615144
35,10483.552346
36,10520.209219
37,10565.036795
38,10610.903844
39,10689.549813
40,10759.408566
41,10725.519486
42,10834.174736
43,10780.355416
44,10885.863799
45,10928.851984
46,10948.757905
47,10983.716962
48,11148.489241
49,11118.133639
50,11178.648716
51,11143.526055
52,11230.988163
53,11185.199270
54,11234.835287
55,11383.266042
56,11330.958874
57,11408.588446
58,11416.810264
59,11443.990370
60,11477.939271
61,11461.652570
62,11445.404419
63,11438.942542
64,11478.418237
65,11569.185396
66,11569.298395
67,11555.311696
68,11670.067396
69,11532.366502
70,11522.071822
71,11746.784151
72,11708.817504
73,11770.889119
74,11742.257159
75,11724.128629
76,11752.155779
77,11771.824289
78,11783.971712
79,11782.431285
80,11803.003869
81,11831.617952
82,11758.467848
83,11864.167456
84,11829.155585
85,11789.028415
86,11718.010910
87,11727.741378
88,11753.570525
89,11682.508853
90,11709.089252
91,11745.946458
92,11762.111953
93,11753.964722
94,11724.133742
95,11826.570060
96,11789.487631
97,11844.726960
98,11707.750666
99,11858.008045
100,11760.739934
101,11696.402254
102,11689.780701
103,11784.717086
104,11725.186393
105,11810.900752
106,11846.117397
107,11872.883208
108,11843.763080
109,11843.399014
110,11751.102782
111,11677.768758
112,11769.161331
113,11731.397804
114,11709.392436
115,11792.752620
116,11717.578311
117,11867.415635
118,11834.270765
119,11770.417874
120,11868.863013
121,11909.383874
122,11834.981318
123,11731.622992
124,11754.514847
125,11739.001070
126,11830.702511
127,11766.636259
128,11698.188667
129,11864.717279
130,11769.809701
131,11786.140783
132,11675.092114
133,11735.946300
134,11662.340252
135,11755.810625
136,11778.658872
137,11757.069364
138,11867.360589
139,11824.116912
140,11722.544258
141,11875.872002
142,11794.102558
143,11731.423119
144,11798.480770
145,11816.780014
146,11834.445603
147,11873.083744
148,11888.916725
149,11766.877816
150,11724.551778
151,11683.904271
152,11741.219032
153,11749.035021
154,11716.398480
155,11784.286340
156,11903.343354
157,11806.263765
158,11776.589610
159,11766.143151
160,11755.842552
161,11771.963821
162,11819.545503
163,11805.123208
164,11835.446231
165,11818.199122
166,11711.566014
167,11668.256192
168,11801.287188
169,11861.100655
170,11788.777569
171,11861.780027
172,11828.607409
173,11944.703683
174,11853.524280
175,11742.153942
176,11828.289624
177,11743.686194
178,11766.358091
179,11862.741733
180,11801.858474
181,11827.927094
182,11922.397496
183,11874.942944
184,11923.211771
185,11816.474401
186,11902.562168
187,11852.292358
188,11879.488884
189,11872.026445
190,11835.522839
191,11881.080129
192,11772.074691
193,11823.669403
194,11691.460794
195,11701.608248
196,11773.934427
197,11772.623615
198,11749.407070
199,11652.133894
200,11682.482129
201,11573.919149
202,11778.754443
203,11793.572583
204,11786.176176
205,11756.273411
206,11700.820005
207,11752.672589
208,11776.363684
209,11813.219329
210,11812.233959
211,11738.352870
212,11739.429705
213,11851.149712
214,11886.316960
215,11804.181844
216,11838.269578
217,11777.184488
218,11833.652858
219,11773.959023
220,11775.934997
221,11778.312618
222,11909.348455
223,11842.653685
224,11734.613296
225,11875.993222
226,11836.007489
227,11803.990305
228,11805.226978
229,11871.494177
230,11761.360054
231,11774.011367
232,11783.977693
233,11749.379741
234,11637.059986
235,11774.335210
236,11740.383083
237,11741.697510
238,11779.656160
239,11790.611526
240,11867.722002
241,11815.540565
242,11783.951282
243,11809.457838
244,11830.958854
245,11830.510004
246,11846.394948
247,11865.593683
248,11828.753345
249,11835.064865
250,11808.452224
251,11833.689632
252,11725.357407
253,11829.336392
254,11775.245894
255,11784.624143
256,11694.610325
257,11704.351988
258,11797.285927
259,11840.590005
260,11706.271874
261,11814.505935
262,11766.445854
263,11910.756766
264,11867.355761
265,11903.679743
266,11792.259396
267,11746.828238
268,11770.629064
269,11771.718648
270,11772.230899
271,11761.631490
272,11818.319946
273,11773.742874
274,11738.101528
275,11711.197050
276,11787.924030
277,11848.049821
278,11814.882261
279,11776.596844
280,11766.886468
281,11751.699521
282,11787.043275
283,11934.126370
284,11912.153892
285,11912.688279
286,11859.469448
287,11910.113323
288,11874.315728
289,11895.282315
290,11858.124551
291,11732.588353
292,11714.197620
293,11809.288224
294,11891.024615
295,11773.094440
296,11811.246291
297,11754.636406
298,11801.244635
299,11886.282828
300,11839.325987
301,11837.791333
302,11858.491926
303,11801.215209
304,11741.616423
305,11722.567062
306,11819.540011
307,11689.393264
308,11649.597930
309,11762.541143
310,11811.851117
311,11793.936926
312,11910.671170
313,11854.460960
314,11857.594891
315,11788.153137
316,11846.377284
317,11821.517947
318,11836.102866
319,11802.633471
320,11693.894158
321,11782.142499
322,11783.166494
323,11878.776525
324,11752.176761
325,11715.999024
326,11722.843578
327,11718.015159
328,11780.371686
329,11803.490146
330,11756.203133
331,11634.615115
332,11791.516742
333,11806.895308
334,11749.900945
335,11737.790770
336,11835.007626
337,11902.213088
338,11790.045439
339,11857.810803
340,11845.942969
341,11767.143304
342,11783.646244
343,11787.274948
344,11733.226504
345,11726.664131
346,11623.476390
347,11702.480015
348,11773.623634
349,11702.781115
350,11736.562490
351,11795.746215
352,11820.196716
353,11746.534665
354,11714.952108
355,11791.782086
356,11830.197903
357,11811.170362
358,11745.864708
359,11731.025966
360,11690.706850
361,11836.501992
362,11911.458777
363,11966.755733
364,11817.729008
365,11872.711696
366,11868.079174
367,11795.242877
368,11769.419226
369,11710.284440
370,11769.676609
371,11813.360000
372,11743.237675
373,11802.058263
374,11787.892458
375,11857.921510
376,11828.947985
377,11802.568693
378,11796.670677
379,11820.115145
380,11741.389753
381,11782.386709
382,11731.664043
383,11768.611596
384,11842.534975
385,11727.895895
386,11770.623764
387,11848.878995
388,11824.790430
389,11898.475249
390,11852.281545
391,11812.018462
392,11767.515007
393,11807.808082
394,11713.966984
395,11723.872117
396,11646.931569
397,11773.914027
398,11831.061435
399,11809.149374
400,11813.752107
401,11871.766715
402,11768.431756
403,11740.518643
404,11743.068745
405,11773.789357
406,11817.747866
407,11732.579710
408,11775.076974
409,11861.524186
410,11862.923506
411,11795.958114
412,11819.341502
413,11795.844142
414,11751.061681
415,11799.993763
416,11775.571905
417,11819.556586
418,11746.647433
419,11702.333356
420,11693.864456
421,11702.414825
422,11693.788497
423,11763.114313
424,11740.966294
425,11654.527806
426,11757.441340
427,11744.365540
428,11828.260087
429,11910.772517
430,11855.432661
431,11733.216757
432,11846.336522
433,11884.179139
434,11819.806558
435,11862.934558
436,11811.680945
437,11799.233822
438,11903.647439
439,11776.085141
440,11684.025226
441,11776.042550
442,11738.883066
443,11909.107523
444,11880.801378
445,11796.745461
446,11817.705768
447,11866.738292
448,11820.773195
449,11845.313465
450,11862.237758
451,11829.596581
452,11820.564106
453,11761.029009
454,11797.807010
455,11810.366047
456,11737.290375
457,11722.355984
458,11794.317592
459,11727.589679
460,11833.865715
461,11832.992786
462,11886.549904
463,11778.255973
464,11815.720326
465,11802.221497
466,11854.673800
467,11804.909151
468,11802.500798
469,11853.427616
470,11881.243907
471,11816.367621
472,11847.097949
473,11791.492474
474,11715.796163
475,11702.749788
476,11782.009167
477,11833.304851
478,11926.434773
479,11818.943513
480,11856.438267
481,11821.040207
482,11768.111628
483,11783.584220
484,11869.053807
485,11855.241727
486,11755.868220
487,11872.627313
488,11810.511088
489,11810.217789
490,11810.292672
491,11773.171179
492,11755.583860
493,11744.954742
494,11716.637858
495,11817.326287
496,11716.401450
497,11852.247096
498,11807.751774
499,11764.430016
