0,3368.002367
1,6833.748084
2,7255.234273
3,7491.088729
4,7754.586286
5,7895.163197
6,8053.297790
7,8189.471555
8,8234.374369
9,8357.244622
10,8443.082223
11,8525.724760
12,8604.305923
13,8723.609961
14,8808.945055
15,8831.161423
16,8935.821764
17,8973.018516
18,9057.380498
19,9139.832329
20,9219.267334
21,9337.992515
22,9396.760426
23,9538.982461
24,9715.519646
25,9856.599604
26,9950.559706
27,9890.186173
28,10013.708576
29,10140.729203
30,10194.322508
31,10226.802107
32,10256.473413
33,10414.626439
34,10409.113146
35,10387.888446
36,10414.538413
37,10547.718228
38,10564.054120
39,10561.018221
40,10569.934891
41,10599.708976
42,10665.464993
43,10619.728236
44,10620.225890
45,10649.473337
46,10629.750934
47,10635.055734
48,10737.573623
49,10713.474637
50,10652.667074
51,10702.712970
52,10761.910825
53,10718.812008
54,10743.691039
55,10799.998972
56,10937.114828
57,10995.833347
58,11046.168460
59,11045.603529
60,11034.096784
61,10936.209012
62,11070.214761
63,11068.259573
64,11167.798122
65,11136.793465
66,11195.597119
67,11233.436882
68,11075.298902
69,11265.790096
70,11406.801115
71,11220.515138
72,11235.058493
73,11304.324508
74,11316.469478
75,11173.956434
76,11212.057521
77,11101.348308
78,11209.012058
79,11466.523014
80,11447.518856
81,11471.455791
82,11501.019847
83,11543.714633
84,11594.357498
85,11723.742487
86,11689.196951
87,11689.204684
88,11722.635276
89,11640.489462
90,11752.923520
91,11830.686882
92,11690.810017
93,11721.557370
94,11795.871497
95,11846.101769
96,11775.184334
97,11757.755492
98,11742.728534
99,11767.736691
100,11734.142049
101,11894.738394
102,11837.625389
103,11908.315864
104,11905.352044
105,11886.808326
106,11813.449389
107,11675.750699
108,11686.234463
109,11700.856448
110,11759.401102
111,11869.840182
112,11710.127964
113,11829.922867
114,11760.449140
115,11789.092899
116,11802.506317
117,11693.728761
118,11741.689816
119,11838.849734
120,11908.963833
121,11836.064126
122,11789.233638
123,11785.448427
124,11819.149177
125,11827.410176
126,11746.637665
127,11900.464559
128,11758.008412
129,11961.546781
130,11893.753052
131,11743.116506
132,11784.595473
133,11801.839346
134,11726.348225
135,11766.306289
136,11839.841807
137,11677.382864
138,11802.176234
139,11842.401557
140,11797.457719
141,11664.386741
142,11662.190963
143,11936.189265
144,11799.213480
145,11862.618566
146,11904.394632
147,11899.802729
148,11810.450955
149,11914.451040
150,11792.047608
151,11859.916071
152,11952.751856
153,11904.093106
154,11781.236782
155,11984.929211
156,11883.133481
157,11885.445348
158,11892.527865
159,11849.748396
160,11880.839334
161,11921.931508
162,11967.867125
163,11853.935469
164,11854.058882
165,11826.862215
166,11812.702243
167,11757.408413
168,11756.048383
169,11776.395643
170,11928.340359
171,11845.433551
172,11704.440804
173,11820.387860
174,11853.121033
175,11893.881471
176,11821.695524
177,11898.507744
178,11760.567363
179,11736.131892
180,11978.538091
181,11900.007501
182,11948.294268
183,12071.634632
184,11992.267153
185,11835.836759
186,11934.919011
187,11800.180928
188,11847.270869
189,11883.296731
190,11854.971628
191,11843.877969
192,11686.422647
193,11869.859319
194,11877.746425
195,11799.741884
196,11889.632925
197,11964.215396
198,11797.975792
199,11937.850019
200,11789.201559
201,11868.635606
202,11898.226164
203,11904.357305
204,11951.289835
205,11868.403911
206,12075.649665
207,11968.306485
208,11927.544438
209,11785.069049
210,11861.472816
211,11948.637048
212,11771.527604
213,11936.629336
214,11857.034214
215,11922.779972
216,11848.949013
217,11847.293730
218,11869.543757
219,11857.472728
220,11965.017552
221,11832.881342
222,12040.681511
223,12054.927019
224,12021.377633
225,11768.121343
226,11929.689020
227,11930.886113
228,11933.180959
229,11958.377110
230,11894.444595
231,11831.756727
232,11916.278352
233,11866.570457
234,11788.434650
235,11942.946511
236,12087.550192
237,11899.711566
238,12008.200034
239,11963.062791
240,11978.280798
241,11980.285906
242,11991.962839
243,11861.486813
244,11836.739627
245,11873.863147
246,11774.285574
247,11922.810290
248,11911.785858
249,11830.343235
250,11939.319565
251,12097.567375
252,11930.528161
253,11881.437402
254,12052.162686
255,12161.183473
256,12053.388251
257,11831.924223
258,11970.557602
259,11945.231175
260,11902.497799
261,12019.423740
262,11960.327971
263,12003.706926
264,11924.492225
265,11900.407490
266,11768.606460
267,11807.151575
268,11875.910979
269,11851.027575
270,11813.986256
271,11924.624695
272,11877.819591
273,11709.281952
274,11817.708800
275,11751.433124
276,11940.208255
277,11962.503610
278,11934.367332
279,11959.710170
280,12068.384138
281,11914.632131
282,11864.617761
283,11990.381107
284,11877.185143
285,11864.919359
286,11941.022705
287,11796.241324
288,11957.932154
289,11964.032710
290,11981.618135
291,11867.771513
292,11867.466355
293,11962.579749
294,12009.648467
295,11893.623311
296,11940.854915
297,11866.005639
298,12071.382457
299,12008.074962
300,12028.854263
301,12133.469078
302,12017.390790
303,11935.413241
304,11995.579717
305,11968.604407
306,11814.279456
307,11750.549575
308,11778.237345
309,12015.482718
310,11916.156932
311,11910.941918
312,11925.377435
313,12026.508125
314,11916.386634
315,12015.466662
316,11969.800588
317,11916.370473
318,11900.864263
319,11981.609232
320,12051.507202
321,12021.708486
322,11921.950064
323,11953.990972
324,12009.665069
325,12109.905624
326,12081.003324
327,12273.954570
328,12192.662908
329,11986.939818
330,12080.588877
331,11928.796398
332,12090.898591
333,12124.123378
334,12222.551706
335,12030.307741
336,12185.890389
337,12270.013061
338,12087.193220
339,12123.789071
340,12067.756541
341,12061.674238
342,12153.275134
343,12156.650351
344,12240.778308
345,12232.421743
346,12094.676152
347,11944.045549
348,12141.948116
349,12192.917857
350,12189.453157
351,12190.392959
352,12144.621211
353,12039.920393
354,12226.637464
355,12171.915549
356,12158.006685
357,12278.453078
358,12344.459365
359,12339.997324
360,12263.434804
361,12170.988853
362,12195.817155
363,12059.709249
364,12042.525976
365,11982.555437
366,12024.042959
367,12266.353404
368,12182.356624
369,12218.627259
370,12127.046686
371,12135.116487
372,12115.615142
373,12197.073460
374,12189.752445
375,11992.701124
376,12149.435049
377,12230.411161
378,12196.740094
379,12162.910929
380,12071.072877
381,12227.109082
382,12257.417596
383,12184.567959
384,12209.996626
385,12158.922810
386,12308.884081
387,12196.488131
388,12187.390914
389,12232.694813
390,12222.289559
391,12184.637942
392,12141.704447
393,12146.793197
394,12230.117547
395,12217.414508
396,12137.824308
397,12068.093442
398,12054.874806
399,12190.126495
400,12160.510920
401,12174.345380
402,12136.332828
403,12115.491401
404,11834.753949
405,12095.893775
406,12084.842355
407,12321.289300
408,12207.807785
409,12233.169733
410,12104.508425
411,12119.815992
412,12275.248232
413,12352.251441
414,12151.156322
415,12044.393877
416,11926.658454
417,12107.228766
418,12296.351917
419,12175.744112
420,12071.333230
421,12143.967044
422,12099.212252
423,12101.329232
424,12009.962175
425,11901.320559
426,12038.357249
427,12122.036213
428,12159.197234
429,12271.819946
430,12116.274237
431,12224.900258
432,12152.798137
433,12075.675435
434,12081.407540
435,12228.415742
436,12143.053123
437,12071.275815
438,11996.591347
439,12041.442097
440,12062.891087
441,12080.080467
442,12305.903192
443,12210.712832
444,12189.473923
445,12125.928343
446,12102.325672
447,11930.087694
448,12091.419018
449,12037.923297
450,12178.627520
451,12237.937641
452,12165.209138
453,12166.131592
454,12122.549321
455,12059.241352
456,12144.818947
457,12136.282191
458,12180.616906
459,12155.564998
460,12228.297621
461,12075.466427
462,12107.483034
463,12038.434222
464,12008.329781
465,12193.689469
466,12334.985460
467,12231.588515
468,12228.221510
469,12260.511383
470,12180.423953
471,12151.163434
472,12358.722963
473,12335.871291
474,12323.300388
475,12311.053259
476,12090.215210
477,12145.754920
478,12184.180113
479,12226.436295
480,12095.755488
481,12102.916441
482,11974.259735
483,12118.473875
484,12319.445466
485,12072.856649
486,12062.645127
487,12074.968416
488,12051.241906
489,11987.905961
490,11952.570533
491,12138.671897
492,12110.430388
493,12125.636903
494,12213.323517
495,12168.285038
496,12077.097147
497,12347.901271
498,12214.554928
499,12279.621854
