0,3354.415237
1,3580.895669
2,3745.105131
3,3857.782797
4,3952.241241
5,4059.569858
6,4117.554631
7,4183.972675
8,4256.619387
9,4358.957444
10,4428.714813
11,4467.997313
12,4578.882678
13,4641.842800
14,4722.481308
15,4770.667685
16,4847.145319
17,4856.773623
18,4919.862972
19,4967.567186
20,4998.479124
21,5053.221980
22,5097.899567
23,5109.186972
24,5148.730152
25,5181.282411
26,5202.759941
27,5259.401442
28,5278.142550
29,5289.819315
30,5356.318520
31,5334.169918
32,5413.330076
33,5400.857936
34,5441.222116
35,5391.724567
36,5425.564376
37,5469.184292
38,5482.604334
39,5484.003756
40,5520.104849
41,5526.970752
42,5519.035844
43,5501.193006
44,5529.285203
45,5546.947508
46,5530.730111
47,5575.732420
48,5576.495900
49,5585.567137
50,5593.778075
51,5616.296177
52,5612.539322
53,5603.265010
54,5602.569237
55,5595.973733
56,5601.149383
57,5567.926473
58,5590.830255
59,5605.485390
60,5602.459139
61,5624.250828
62,5632.464339
63,5622.710289
64,5619.393716
65,5622.749984
66,5614.003463
67,5603.044102
68,5623.789958
69,5606.112399
70,5601.166720
71,5581.690247
72,5579.085648
73,5619.657012
74,5648.913430
75,5627.300175
76,5643.461787
77,5645.461683
78,5632.995351
79,5634.039840
80,5649.755223
81,5641.508801
82,5663.848240
83,5653.633078
84,5693.897096
85,5649.228927
86,5683.507716
87,5708.727542
88,5695.580500
89,5670.578212
90,5652.299997
91,5704.323685
92,5642.075963
93,5665.416722
94,5687.206515
95,5667.543683
96,5681.707823
97,5634.483203
98,5669.797188
99,5709.204869
100,5706.652622
101,5703.645981
102,5716.034805
103,5662.836985
104,5668.284363
105,5666.270932
106,5715.021437
107,5737.518383
108,5727.749028
109,5722.986234
110,5664.803930
111,5649.839606
112,5667.999560
113,5723.571572
114,5742.060103
115,5718.338528
116,5708.835052
117,5709.995411
118,5693.993397
119,5721.969009
120,5780.142785
121,5777.733245
122,5808.770762
123,5810.754936
124,5781.604863
125,5755.374705
126,5809.406870
127,5775.212874
128,5776.410686
129,5798.532199
130,5796.760624
131,5805.500398
132,5788.606462
133,5861.212277
134,5823.616132
135,5777.356736
136,5823.821936
137,5845.081586
138,5873.486133
139,5898.172289
140,5918.563063
141,5923.963728
142,5948.547700
143,5939.884489
144,5924.740004
145,5931.744775
146,5899.443352
147,5893.828860
148,5896.766979
149,5943.493721
150,5897.944382
151,5941.914675
152,5935.101031
153,5934.666916
154,5882.019899
155,5859.951378
156,5805.343015
157,5825.289545
158,5886.903383
159,5870.916381
160,5886.789223
161,5880.276130
162,5901.636135
163,5943.406214
164,5912.137846
165,5883.147989
166,5923.424226
167,5884.251339
168,5892.734586
169,5923.179410
170,5913.959697
171,5916.796752
172,5867.815718
173,5898.191494
174,5892.156067
175,5902.576369
176,5919.616510
177,5923.160191
178,5905.944765
179,5916.768350
180,5921.425175
181,5925.980938
182,5941.555631
183,5944.909372
184,5930.201443
185,5908.201492
186,5861.619288
187,5896.967517
188,5903.035357
189,5905.690781
190,5896.513912
191,5917.979901
192,5911.545881
193,5895.000329
194,5890.335400
195,5913.813210
196,5895.268957
197,5917.791312
198,5879.605420
199,5881.018669
200,5918.419023
201,5934.497757
202,5936.422798
203,5915.227215
204,5899.602128
205,5887.470008
206,5861.641776
207,5839.950599
208,5863.415556
209,5903.212317
210,5883.366109
211,5897.384862
212,5877.004426
213,5873.559503
214,5895.774108
215,5911.470214
216,5884.177502
217,5915.291307
218,5939.721223
219,5941.180777
220,5925.857750
221,5903.130094
222,5933.984693
223,5923.231490
224,5934.195472
225,5909.812068
226,5914.735892
227,5964.074369
228,5928.291052
229,5890.901765
230,5919.220504
231,5904.343789
232,5901.433232
233,5906.499736
234,5902.269468
235,5883.854306
236,5863.091484
237,5915.925210
238,5921.093951
239,5932.862112
240,5925.984530
241,5936.756723
242,5882.687590
243,5908.454871
244,5920.945304
245,5923.977771
246,5931.752787
247,5885.828525
248,5910.812158
249,5902.555925
250,5909.272134
251,5894.525466
252,5926.399074
253,5926.433865
254,5926.328476
255,5895.794363
256,5889.373558
257,5896.881997
258,5892.932090
259,5914.646639
260,5880.470093
261,5895.104654
262,5895.491385
263,5915.816478
264,5921.739051
265,5970.122207
266,5943.899355
267,5947.678888
268,5985.657530
269,5989.301072
270,5977.383186
271,5973.449442
272,5968.514209
273,5962.304385
274,5970.356534
275,5927.761275
276,5988.243087
277,5989.792505
278,5982.970208
279,5955.651893
280,5937.159550
281,5955.025804
282,5998.578690
283,5946.551907
284,5955.334831
285,5962.621123
286,5877.962765
287,5962.327515
288,5958.843259
289,5955.116992
290,5923.397129
291,5949.943963
292,5960.959929
293,5966.255215
294,5945.125451
295,5923.162556
296,5875.650567
297,5926.805494
298,5982.381534
299,5958.885354
300,5988.804324
301,5982.451861
302,5971.633834
303,5936.086714
304,5942.972882
305,5971.980886
306,5984.969282
307,6012.997093
308,6006.999156
309,6003.287563
310,5968.160733
311,5959.868404
312,5938.867110
313,5969.250757
314,5924.830882
315,5968.937171
316,5984.872610
317,5996.441989
318,6030.188091
319,6041.486442
320,6013.274032
321,6033.761439
322,6058.233710
323,6120.759642
324,6161.683157
325,6126.148882
326,6122.905744
327,6095.812975
328,6071.608483
329,6088.520842
330,6143.516191
331,6116.709739
332,6114.541422
333,6134.099638
334,6117.159545
335,6108.474250
336,6112.117378
337,6111.559514
338,6102.603847
339,6066.694288
340,6084.798002
341,6096.602514
342,6083.062602
343,6145.873402
344,6129.709883
345,6110.558197
346,6097.532062
347,6115.337164
348,6115.792644
349,6088.625340
350,6057.714809
351,6082.098594
352,6110.504961
353,6094.486456
354,6052.444447
355,6111.306617
356,6137.065202
357,6132.701536
358,6136.585704
359,6057.772541
360,6062.981040
361,6050.333699
362,6095.783824
363,6114.214924
364,6113.152415
365,6024.889801
366,6037.550293
367,6122.329403
368,6131.584608
369,6121.663785
370,6092.353024
371,6078.848343
372,6085.158114
373,6098.279331
374,6150.580736
375,6146.597520
376,6087.609692
377,6092.708069
378,6111.193709
379,6138.841002
380,6090.333007
381,6149.061097
382,6127.002414
383,6094.651734
384,6111.861296
385,6130.226805
386,6125.919363
387,6118.938077
388,6147.972733
389,6135.936267
390,6123.482877
391,6133.513683
392,6112.633552
393,6145.703660
394,6117.244253
395,6092.007547
396,6087.110149
397,6104.264424
398,6125.623668
399,6098.235399
400,6078.070696
401,6064.641233
402,6100.159275
403,6125.522934
404,6101.942843
405,6121.067495
406,6130.627909
407,6143.326073
408,6125.863526
409,6081.262324
410,6133.036905
411,6165.161329
412,6118.002031
413,6120.863195
414,6132.600208
415,6119.948706
416,6102.380472
417,6061.171384
418,6053.995489
419,6078.003551
420,6144.839105
421,6129.746468
422,6138.132022
423,6092.086687
424,6094.158521
425,6121.158761
426,6106.869821
427,6136.354440
428,6107.101924
429,6108.306583
430,6131.397823
431,6125.865646
432,6129.352633
433,6130.849078
434,6134.832402
435,6150.636863
436,6157.391274
437,6141.399939
438,6120.458426
439,6110.269176
440,6092.110745
441,6141.648753
442,6106.504244
443,6142.053939
444,6130.264101
445,6170.129780
446,6103.123788
447,6101.187152
448,6102.862679
449,6081.541425
450,6047.281709
451,6039.843239
452,6063.831077
453,6100.567694
454,6098.279893
455,6091.281414
456,6126.125802
457,6140.691981
458,6112.305288
459,6093.306106
460,6122.448974
461,6116.978692
462,6097.983351
463,6123.527413
464,6108.059281
465,6110.905230
466,6101.689911
467,6141.883192
468,6074.593090
469,6114.211248
470,6047.571999
471,6079.033351
472,6089.679090
473,6142.143738
474,6112.344704
475,6127.498215
476,6103.262079
477,6071.791202
478,6083.718882
479,6102.751745
480,6114.345630
481,6135.814664
482,6166.822041
483,6107.560738
484,6079.611114
485,6076.380447
486,6129.665721
487,6096.550816
488,6110.955438
489,6072.527361
490,6091.028823
491,6053.364486
492,6068.752992
493,6097.706614
494,6075.845924
495,6115.822995
496,6091.523633
497,6096.920335
498,6141.149113
499,6140.245281
