0,3361.069763
1,6694.433571
2,7008.645783
3,7168.784833
4,7331.715900
5,7433.519003
6,7499.829581
7,7591.722021
8,7659.536867
9,7715.622843
10,7743.608101
11,7804.630291
12,7865.015682
13,7901.306156
14,7956.422751
15,7990.570779
16,8000.316503
17,8013.498402
18,8141.019760
19,8144.282708
20,8178.339626
21,8245.391608
22,8351.938769
23,8382.768354
24,8394.951161
25,8376.708294
26,8431.847568
27,8558.630949
28,8610.088553
29,8643.665934
30,8662.084041
31,8689.997829
32,8726.813226
33,8760.144167
34,8839.755248
35,8963.161889
36,8900.984983
37,8999.836557
38,9117.972578
39,9149.373724
40,9213.668458
41,9270.726118
42,9300.443999
43,9195.729421
44,9299.177517
45,9348.046359
46,9359.189171
47,9366.148038
48,9408.120157
49,9502.040108
50,9586.267898
51,9531.867970
52,9566.276641
53,9592.671882
54,9589.607552
55,9519.315650
56,9649.896889
57,9563.476730
58,9769.169261
59,9798.946851
60,9862.535160
61,9842.983969
62,9866.557109
63,9910.986773
64,9888.175871
65,9897.253430
66,9963.352469
67,9944.407805
68,10001.541503
69,10046.997722
70,9989.336650
71,10004.330091
72,9949.611563
73,9981.647143
74,9956.726347
75,10153.576024
76,10175.494674
77,10257.997554
78,10165.266747
79,10120.082819
80,10150.346835
81,10180.603812
82,10219.105655
83,10367.620336
84,10415.654933
85,10364.009551
86,10335.035925
87,10337.002795
88,10272.651565
89,10145.256295
90,10354.232504
91,10256.114988
92,10268.028141
93,10201.705383
94,10439.632515
95,10370.683391
96,10421.647311
97,10419.446580
98,10406.329543
99,10362.004167
100,10416.003545
101,10398.581232
102,10445.911587
103,10214.670788
104,10411.839294
105,10369.287214
106,10297.301323
107,10328.288108
108,10419.123916
109,10431.271391
110,10379.596520
111,10453.160844
112,10336.110469
113,10394.816102
114,10550.785495
115,10385.778031
116,10276.873695
117,10391.467696
118,10388.944929
119,10453.484870
120,10443.852575
121,10485.714853
122,10507.327418
123,10335.377360
124,10426.420015
125,10332.658360
126,10281.025638
127,10395.220318
128,10426.766665
129,10415.175205
130,10422.076470
131,10540.369556
132,10518.109757
133,10447.263674
134,10496.508884
135,10530.709660
136,10455.450708
137,10542.537698
138,10511.796795
139,10513.072932
140,10385.324917
141,10452.864071
142,10562.236299
143,10597.553832
144,10481.055047
145,10430.320156
146,10447.840827
147,10423.084698
148,10625.867375
149,10606.297570
150,10667.014705
151,10783.506272
152,10731.460886
153,10693.861438
154,10617.081659
155,10605.120713
156,10643.706997
157,10660.411844
158,10543.895803
159,10476.071165
160,10569.585539
161,10563.361327
162,10475.723510
163,10501.127655
164,10488.445486
165,10526.373582
166,10572.834196
167,10537.393563
168,10370.404375
169,10448.027804
170,10485.673562
171,10500.982201
172,10549.358904
173,10420.375211
174,10599.129708
175,10635.404772
176,10642.648448
177,10616.732510
178,10533.670927
179,10586.640733
180,10726.463198
181,10592.921502
182,10673.763683
183,10616.535388
184,10617.196062
185,10605.608986
186,10694.951785
187,10545.548659
188,10680.777231
189,10682.638273
190,10663.389439
191,10580.147380
192,10546.465907
193,10598.247547
194,10795.275723
195,10529.284578
196,10418.874138
197,10523.983519
198,10616.930440
199,10601.496406
200,10679.477067
201,10595.940111
202,10622.388532
203,10790.866904
204,10650.986453
205,10615.675611
206,10559.502511
207,10573.252054
208,10645.313964
209,10575.593359
210,10574.510494
211,10637.241926
212,10640.654790
213,10453.938188
214,10459.690559
215,10554.134329
216,10657.182968
217,10749.672556
218,10569.107597
219,10498.250750
220,10531.554474
221,10747.602470
222,10681.580093
223,10540.482763
224,10720.586209
225,10675.799698
226,10652.352677
227,10689.061758
228,10564.085986
229,10675.282931
230,10639.616905
231,10473.028840
232,10665.563489
233,10617.591356
234,10688.318518
235,10523.227094
236,10699.367626
237,10526.911510
238,10627.592732
239,10471.822470
240,10504.130998
241,10699.342274
242,10567.931046
243,10634.523521
244,10594.259611
245,10526.390088
246,10618.071580
247,10648.716285
248,10519.027778
249,10525.096238
250,10547.136510
251,10667.068539
252,10632.050629
253,10429.937607
254,10599.367716
255,10544.071906
256,10499.075800
257,10591.701134
258,10621.078139
259,10555.389893
260,10496.445162
261,10596.888666
262,10650.833952
263,10701.803250
264,10526.726209
265,10571.691489
266,10470.643275
267,10654.978633
268,10816.597233
269,10756.709207
270,10724.858259
271,10548.480068
272,10671.091301
273,10694.966008
274,10597.628511
275,10652.224260
276,10675.159186
277,10554.944358
278,10508.778609
279,10639.146377
280,10589.789151
281,10532.329631
282,10546.850025
283,10610.419972
284,10560.733997
285,10706.028504
286,10686.396266
287,10565.634992
288,10647.988769
289,10736.380006
290,10622.386470
291,10716.113213
292,10608.269297
293,10636.523016
294,10634.200664
295,10554.487548
296,10594.957220
297,10610.720377
298,10532.187489
299,10621.232612
300,10662.658209
301,10570.867514
302,10637.234771
303,10757.659884
304,10664.655858
305,10675.864433
306,10612.413111
307,10655.603715
308,10640.459728
309,10590.003811
310,10728.786990
311,10812.420653
312,10642.203252
313,10778.789037
314,10726.501902
315,10642.124906
316,10524.138196
317,10582.323774
318,10739.354046
319,10520.387973
320,10692.742862
321,10594.664304
322,10626.290990
323,10725.197106
324,10743.189994
325,10647.613154
326,10641.769164
327,10609.094805
328,10603.724552
329,10631.895123
330,10624.407544
331,10583.018151
332,10652.759402
333,10651.456909
334,10616.077643
335,10560.700959
336,10583.199846
337,10578.004762
338,10597.081395
339,10536.573668
340,10596.539288
341,10491.762697
342,10615.751036
343,10526.175614
344,10649.196412
345,10704.705141
346,10491.603772
347,10579.131047
348,10579.705113
349,10644.999856
350,10526.769257
351,10618.074680
352,10544.215580
353,10687.395859
354,10559.182751
355,10539.137917
356,10635.755205
357,10744.232623
358,10651.772194
359,10524.393382
360,10465.267731
361,10516.502160
362,10593.222152
363,10719.263380
364,10727.836454
365,10894.172037
366,10675.872867
367,10581.281252
368,10521.023418
369,10581.645532
370,10681.254440
371,10816.738504
372,10637.681662
373,10746.548814
374,10697.146090
375,10755.685534
376,10607.500140
377,10669.566872
378,10746.382633
379,10627.013443
380,10606.390016
381,10648.763810
382,10721.353495
383,10628.890017
384,10648.223867
385,10770.387611
386,10712.168304
387,10758.256255
388,10667.211499
389,10946.990494
390,10934.483352
391,10789.549169
392,10614.661038
393,10750.416255
394,10718.888090
395,10668.555269
396,10681.540938
397,10662.641052
398,10753.653098
399,10819.986471
400,10877.451414
401,10762.438447
402,10735.788351
403,10737.406191
404,10826.330721
405,10742.312248
406,10770.752891
407,10673.313955
408,10803.534068
409,10804.880723
410,10692.917150
411,10777.461296
412,10886.492110
413,10805.832576
414,10829.390015
415,10770.533098
416,10930.597563
417,10793.044663
418,10740.253014
419,10813.645445
420,10594.125442
421,10872.922241
422,10740.689392
423,10767.124149
424,10827.058587
425,10708.812884
426,10794.107719
427,10679.311553
428,10925.660257
429,10972.460522
430,10858.269463
431,10866.159352
432,10722.269376
433,10835.839609
434,10838.049387
435,10937.491663
436,10862.947797
437,10747.059880
438,10597.288891
439,10635.726703
440,10705.247286
441,10926.906379
442,10906.014804
443,10860.884354
444,10752.416011
445,10742.811993
446,10807.579845
447,10752.556590
448,10820.109898
449,10782.766248
450,10722.139207
451,10839.090134
452,10772.014067
453,10713.820869
454,10836.859430
455,10633.306196
456,10665.220858
457,10732.995972
458,10844.430503
459,10748.776376
460,10768.847281
461,10647.851902
462,10760.511327
463,10689.597251
464,10725.527234
465,10845.866641
466,10722.034843
467,10707.035446
468,10820.825764
469,10718.361254
470,10663.063495
471,10717.116527
472,10822.148779
473,10774.474612
474,10697.034810
475,10821.061783
476,10935.217806
477,10934.853647
478,10853.559682
479,10992.295385
480,10791.499261
481,10832.095936
482,10857.208833
483,10751.838050
484,10828.230270
485,10861.885580
486,10996.855635
487,10672.456641
488,10805.419013
489,10722.083250
490,10705.497551
491,10724.807567
492,10749.192335
493,10746.770417
494,10653.283375
495,10747.961031
496,10778.361729
497,10788.334742
498,10712.185654
499,10730.875482
