0,3423.428633
1,6830.625874
2,7113.058918
3,7331.163038
4,7519.894917
5,7692.980239
6,7868.324028
7,8003.444945
8,8158.319635
9,8279.118052
10,8379.778627
11,8502.009199
12,8619.648897
13,8705.524296
14,8830.802289
15,8935.272370
16,9057.881182
17,9134.901026
18,9289.421384
19,9457.031499
20,9648.719671
21,9778.293602
22,9902.135582
23,10088.039496
24,10267.716380
25,10357.109444
26,10448.366809
27,10597.859635
28,10677.391467
29,10739.538717
30,10839.508958
31,10972.621778
32,10969.192810
33,11045.795824
34,11120.068967
35,11147.458791
36,11171.339922
37,11259.926182
38,11324.349286
39,11377.615761
40,11438.588600
41,11427.536556
42,11513.106662
43,11572.275972
44,11609.762260
45,11519.888976
46,11595.091366
47,11662.559343
48,11670.264580
49,11766.383908
50,11844.129202
51,11886.008993
52,11953.893578
53,11948.584880
54,11951.674305
55,12110.962014
56,12076.763039
57,12058.449676
58,12078.212689
59,12129.089129
60,12108.201556
61,12181.707258
62,12277.299728
63,12379.133545
64,12347.502732
65,12213.091289
66,12333.499107
67,12346.245330
68,12364.700698
69,12363.607309
70,12326.267503
71,12401.734076
72,12367.305944
73,12346.183204
74,12301.991977
75,12304.712997
76,12325.533777
77,12340.957492
78,12377.396463
79,12432.184553
80,12381.108332
81,12329.667630
82,12329.035061
83,12352.876648
84,12281.703006
85,12338.397543
86,12305.139597
87,12389.506007
88,12437.053462
89,12405.557788
90,12419.289511
91,12459.530204
92,12424.113083
93,12365.322499
94,12397.060484
95,12386.475090
96,12409.306136
97,12444.327185
98,12381.430968
99,12394.252930
100,12430.206936
101,12427.315794
102,12452.331116
103,12465.246573
104,12516.536304
105,12605.196723
106,12557.681499
107,12561.549460
108,12512.315029
109,12464.166895
110,12502.555825
111,12510.073023
112,12507.794348
113,12503.680826
114,12531.093352
115,12498.649519
116,12560.596616
117,12577.309886
118,12550.201202
119,12581.213901
120,12589.334979
121,12629.404057
122,12617.332210
123,12617.191337
124,12630.363500
125,12560.001128
126,12554.980669
127,12522.683815
128,12659.442918
129,12648.556798
130,12647.863710
131,12600.698244
132,12544.430692
133,12636.066083
134,12635.859696
135,12652.357531
136,12698.804114
137,12586.490644
138,12552.142129
139,12598.252168
140,12678.490445
141,12652.857081
142,12616.834922
143,12673.107106
144,12669.768021
145,12647.801827
146,12666.277657
147,12650.270399
148,12712.104844
149,12702.416876
150,12604.713116
151,12566.188725
152,12583.470772
153,12667.356025
154,12631.484393
155,12690.909038
156,12642.740120
157,12675.681341
158,12575.341250
159,12610.277024
160,12628.523395
161,12606.174875
162,12632.587752
163,12639.464282
164,12628.620926
165,12654.283996
166,12647.342646
167,12590.219937
168,12697.518890
169,12676.825138
170,12645.271876
171,12638.902779
172,12603.437817
173,12641.910156
174,12604.741562
175,12660.755108
176,12752.740505
177,12709.530130
178,12727.574198
179,12656.676466
180,12599.091963
181,12694.531714
182,12702.090309
183,12673.234994
184,12741.604316
185,12668.961770
186,12624.524032
187,12740.826460
188,12705.873079
189,12659.356738
190,12684.056158
191,12650.127271
192,12569.108816
193,12585.604312
194,12651.526945
195,12682.027846
196,12694.518103
197,12691.148938
198,12770.786305
199,12657.047938
200,12603.784718
201,12659.968828
202,12655.755589
203,12646.846057
204,12652.325490
205,12727.835460
206,12784.296207
207,12683.097319
208,12670.917198
209,12657.891889
210,12617.178149
211,12640.638144
212,12640.391313
213,12624.074628
214,12651.403006
215,12683.935569
216,12646.878470
217,12694.139857
218,12693.915850
219,12683.198861
220,12719.864147
221,12741.196359
222,12625.773741
223,12660.231633
224,12623.011770
225,12698.396926
226,12605.097333
227,12739.694154
228,12683.727419
229,12629.364075
230,12692.248695
231,12667.055613
232,12600.960602
233,12659.845439
234,12610.123250
235,12668.735489
236,12667.353562
237,12692.815229
238,12697.571379
239,12739.600406
240,12752.774539
241,12705.616639
242,12635.016242
243,12660.454101
244,12715.582895
245,12610.404918
246,12614.343554
247,12651.792134
248,12659.788322
249,12704.361116
250,12707.001036
251,12717.781373
252,12707.523257
253,12696.420087
254,12710.078011
255,12641.413295
256,12652.983779
257,12726.804033
258,12668.884919
259,12790.824661
260,12704.233766
261,12696.776740
262,12663.075687
263,12632.446947
264,12712.522144
265,12713.757802
266,12730.092925
267,12722.190290
268,12742.841589
269,12722.388428
270,12670.650472
271,12621.520023
272,12608.642822
273,12696.098994
274,12679.309676
275,12719.741373
276,12754.643420
277,12699.706332
278,12723.509408
279,12629.158573
280,12674.008210
281,12689.628096
282,12669.155384
283,12641.389507
284,12677.992947
285,12732.428786
286,12747.712501
287,12706.070509
288,12706.490686
289,12688.693466
290,12670.833548
291,12699.168685
292,12640.066229
293,12724.214886
294,12694.614633
295,12744.764619
296,12786.174202
297,12734.415319
298,12729.803722
299,12710.883465
300,12682.960657
301,12692.461688
302,12697.349627
303,12722.599092
304,12643.492665
305,12615.501044
306,12649.604091
307,12702.061265
308,12722.883674
309,12701.211041
310,12622.361563
311,12711.261809
312,12719.263064
313,12667.601096
314,12726.833367
315,12654.231612
316,12706.485564
317,12749.594814
318,12641.045853
319,12696.137961
320,12687.911053
321,12708.656994
322,12660.050366
323,12657.798724
324,12694.570070
325,12736.856003
326,12750.368497
327,12754.739999
328,12701.814972
329,12728.179828
330,12743.100494
331,12782.589272
332,12773.315180
333,12812.598661
334,12781.107688
335,12685.324442
336,12675.076466
337,12609.583987
338,12660.441557
339,12680.101814
340,12670.830874
341,12666.556494
342,12750.081749
343,12733.490088
344,12707.139203
345,12713.267214
346,12731.699425
347,12686.711822
348,12791.336415
349,12799.514218
350,12721.913174
351,12745.693646
352,12710.851353
353,12732.585608
354,12736.598131
355,12738.198477
356,12769.299900
357,12707.796026
358,12690.722261
359,12623.966235
360,12701.563185
361,12717.690667
362,12750.261386
363,12755.032651
364,12556.440008
365,12654.236143
366,12656.280873
367,12773.935182
368,12836.988160
369,12747.790731
370,12771.861513
371,12741.311096
372,12743.737234
373,12761.579867
374,12767.204691
375,12807.753511
376,12820.167497
377,12837.303328
378,12897.557400
379,12972.713433
380,12798.641629
381,12797.620672
382,12796.284886
383,12827.529808
384,12916.799655
385,12822.640308
386,12758.245604
387,12858.254016
388,12837.752211
389,12829.349589
390,12762.280044
391,12755.325933
392,12835.055227
393,12812.838758
394,12811.687413
395,12829.947887
396,12821.924430
397,12798.947258
398,12829.094408
399,12863.379868
400,12888.445702
401,12868.088718
402,12904.702578
403,12830.587102
404,12807.672809
405,12772.634175
406,12819.373090
407,12855.661401
408,12792.256633
409,12731.935391
410,12780.571573
411,12743.935580
412,12837.789116
413,12854.776257
414,12801.676507
415,12808.471972
416,12807.671850
417,12849.667119
418,12824.715329
419,12827.412568
420,12851.582656
421,12840.437522
422,12889.863089
423,12820.572549
424,12896.741759
425,12854.564595
426,12857.905733
427,12811.286238
428,12812.626993
429,12892.561083
430,12898.009481
431,12859.107290
432,12774.285422
433,12820.470691
434,12845.872089
435,12901.049673
436,12897.151119
437,12852.417911
438,12763.559225
439,12857.844439
440,12887.548834
441,12898.538864
442,12855.969822
443,12833.810998
444,12827.776923
445,12834.558709
446,12854.364005
447,12834.501155
448,12787.696838
449,12828.193666
450,12793.932101
451,12800.564883
452,12786.779855
453,12842.841340
454,12839.410658
455,12863.444358
456,12875.891445
457,12863.575680
458,12851.295785
459,12806.815591
460,12851.011067
461,12875.225000
462,12873.106146
463,12868.771182
464,12752.700178
465,12914.376727
466,12906.517500
467,12847.006614
468,12809.305774
469,12838.492391
470,12862.001604
471,12891.832881
472,12871.022885
473,12862.458265
474,12903.565470
475,12951.591433
476,12841.355464
477,12858.931641
478,12877.148183
479,12902.752386
480,12864.288542
481,12881.843507
482,12871.861713
483,12882.489012
484,12907.761873
485,12873.202546
486,12919.951576
487,12895.460864
488,12869.450198
489,12884.204439
490,12901.715600
491,12835.927786
492,12880.504803
493,12908.037351
494,12824.543444
495,12879.945407
496,12882.436498
497,12916.893160
498,12902.967157
499,12856.404695
