0,3420.748507
1,3367.396920
2,3334.340832
3,3334.901657
4,3348.564141
5,3355.283842
6,3334.391441
7,3360.596612
8,3359.867131
9,3338.054989
10,3325.654772
11,3334.270106
12,3358.412362
13,3371.484068
14,3375.694238
15,3336.136363
16,3285.402219
17,3280.343763
18,3303.874421
19,3301.131425
20,3309.027579
21,3307.493928
22,3279.497419
23,3264.186600
24,3245.116449
25,3267.311347
26,3287.783042
27,3247.898821
28,3310.789299
29,3252.475540
30,3238.973488
31,3208.615361
32,3188.286053
33,3157.521040
34,3148.397075
35,3210.932225
36,3194.946501
37,3188.751071
38,3241.319354
39,3231.513629
40,3273.125146
41,3250.816087
42,3208.627101
43,3218.974213
44,3192.765577
45,3252.711710
46,3233.185432
47,3201.794045
48,3165.067997
49,3195.374710
50,3278.455745
51,3265.331537
52,3226.990885
53,3201.176259
54,3243.358071
55,3181.708916
56,3184.660028
57,3207.485176
58,3207.505775
59,3237.959386
60,3238.907688
61,3240.656356
62,3260.816578
63,3250.392606
64,3291.507835
65,3297.996936
66,3304.091663
67,3302.135987
68,3251.324068
69,3236.616290
70,3161.049572
71,3221.180045
72,3251.075653
73,3208.291755
74,3262.852839
75,3287.674590
76,3333.402017
77,3341.152957
78,3376.459928
79,3391.147477
80,3338.085412
81,3272.395499
82,3346.826763
83,3412.265576
84,3409.144231
85,3433.783896
86,3448.037989
87,3333.415873
88,3297.477271
89,3284.825641
90,3237.310339
91,3219.373220
92,3217.062275
93,3240.237759
94,3207.788056
95,3217.891638
96,3244.691568
97,3284.990125
98,3267.461858
99,3283.895364
100,3277.268490
101,3322.110217
102,3301.043605
103,3249.950133
104,3261.830833
105,3243.339411
106,3214.098266
107,3212.607654
108,3252.933307
109,3277.424051
110,3296.312728
111,3341.096961
112,3347.532153
113,3326.921516
114,3262.929310
115,3261.447807
116,3246.830752
117,3284.605985
118,3287.859252
119,3278.901733
120,3308.925341
121,3305.161844
122,3321.950116
123,3311.191794
124,3281.670917
125,3338.149351
126,3312.674902
127,3320.811090
128,3312.907951
129,3331.015222
130,3296.254698
131,3279.644624
132,3265.457793
133,3264.563688
134,3322.604690
135,3355.672165
136,3375.035671
137,3353.846376
138,3289.681574
139,3290.601543
140,3354.512569
141,3347.979268
142,3271.504811
143,3287.441287
144,3322.020287
145,3293.522126
146,3239.173141
147,3265.480331
148,3190.925200
149,3169.242623
150,3252.545970
151,3205.842685
152,3215.984143
153,3220.916009
154,3214.248914
155,3204.876642
156,3224.517610
157,3318.280254
158,3338.439015
159,3300.820133
160,3236.243827
161,3198.631837
162,3226.859295
163,3169.483147
164,3242.398954
165,3269.313301
166,3301.982691
167,3277.044865
168,3246.256016
169,3221.329326
170,3177.743190
171,3257.610138
172,3241.590348
173,3257.420194
174,3285.336328
175,3290.374505
176,3324.525159
177,3302.336401
178,3301.918200
179,3297.258991
180,3267.583758
181,3258.073707
182,3274.759372
183,3296.540244
184,3321.098450
185,3338.126047
186,3274.291819
187,3302.276520
188,3267.832685
189,3260.240413
190,3278.977657
191,3290.934254
192,3299.271083
193,3278.455227
194,3290.536341
195,3327.992580
196,3387.157649
197,3376.015186
198,3350.463230
199,3348.526155
200,3336.213434
201,3311.384469
202,3302.535756
203,3317.696617
204,3261.798974
205,3250.952518
206,3235.567390
207,3228.963363
208,3245.146789
209,3221.544152
210,3239.580577
211,3257.971917
212,3270.136558
213,3294.643868
214,3286.776756
215,3301.680042
216,3308.625922
217,3312.102600
218,3343.743276
219,3302.192819
220,3293.777691
221,3279.228722
222,3233.321365
223,3229.022304
224,3252.396243
225,3315.313442
226,3269.160330
227,3305.869470
228,3344.077308
229,3304.371476
230,3288.484193
231,3281.806353
232,3242.260032
233,3191.567024
234,3265.975098
235,3211.622489
236,3225.895309
237,3216.916430
238,3201.438130
239,3275.385747
240,3233.729999
241,3243.240871
242,3265.210530
243,3202.583699
244,3220.183609
245,3241.273771
246,3277.081884
247,3225.522412
248,3233.841355
249,3208.338726
250,3213.255072
251,3231.982901
252,3247.893454
253,3249.754280
254,3314.210479
255,3289.442582
256,3291.284163
257,3347.010639
258,3342.956107
259,3329.862638
260,3368.772641
261,3352.181594
262,3276.060999
263,3283.918142
264,3227.512668
265,3265.883620
266,3279.739212
267,3331.488668
268,3340.177458
269,3264.720608
270,3230.949397
271,3278.497867
272,3239.663436
273,3262.078928
274,3255.713294
275,3316.278813
276,3331.367711
277,3338.266459
278,3289.804601
279,3315.587742
280,3343.214487
281,3266.758118
282,3272.614035
283,3242.793171
284,3202.910909
285,3245.872097
286,3286.229866
287,3321.029146
288,3303.924704
289,3249.745292
290,3256.568198
291,3347.113812
292,3292.163511
293,3300.297481
294,3279.028521
295,3238.612496
296,3244.797345
297,3232.494874
298,3199.313731
299,3217.604362
300,3250.382950
301,3211.452790
302,3235.330170
303,3208.470012
304,3235.708832
305,3223.272176
306,3211.582065
307,3184.592161
308,3212.508514
309,3278.780161
310,3276.931572
311,3251.310964
312,3250.495007
313,3251.291830
314,3254.556970
315,3240.737442
316,3209.533902
317,3260.838790
318,3294.508197
319,3262.352541
320,3284.089501
321,3257.896314
322,3253.387573
323,3221.055134
324,3220.046294
325,3219.819206
326,3256.111399
327,3283.080808
328,3206.954376
329,3209.935354
330,3149.258321
331,3206.631409
332,3248.053641
333,3270.506022
334,3266.928830
335,3308.825691
336,3320.265825
337,3311.829572
338,3357.014192
339,3335.010132
340,3299.642329
341,3285.336911
342,3295.664913
343,3287.001203
344,3294.444549
345,3371.166599
346,3332.346913
347,3324.562396
348,3301.277090
349,3334.564958
350,3292.515431
351,3270.521384
352,3339.884396
353,3322.440075
354,3309.954078
355,3257.562149
356,3263.250919
357,3259.858499
358,3314.615117
359,3329.625163
360,3252.723759
361,3255.828870
362,3238.249562
363,3207.184797
364,3246.882641
365,3288.930590
366,3268.123737
367,3266.878681
368,3229.029545
369,3256.176301
370,3194.378501
371,3171.395364
372,3171.795779
373,3170.759490
374,3169.805459
375,3145.845871
376,3159.384581
377,3133.212931
378,3106.842871
379,3115.637975
380,3147.586778
381,3199.020083
382,3184.531498
383,3182.550861
384,3215.655915
385,3217.894707
386,3211.425405
387,3177.288402
388,3260.379668
389,3236.567807
390,3189.551065
391,3213.497219
392,3284.373951
393,3345.951391
394,3300.196562
395,3220.237432
396,3250.423189
397,3230.455955
398,3165.073628
399,3161.281479
400,3205.258881
401,3213.300322
402,3252.497875
403,3243.802086
404,3224.958449
405,3230.848110
406,3246.187881
407,3268.369165
408,3323.177584
409,3304.335520
410,3344.523117
411,3293.765191
412,3309.201498
413,3350.763685
414,3326.408858
415,3334.195902
416,3351.459018
417,3337.595703
418,3305.981074
419,3296.598962
420,3273.256762
421,3269.654459
422,3285.516907
423,3315.838199
424,3303.299545
425,3307.905047
426,3334.489944
427,3358.142830
428,3320.680911
429,3298.575121
430,3362.357273
431,3368.178493
432,3374.776072
433,3406.620220
434,3353.626939
435,3333.583880
436,3393.322925
437,3388.804217
438,3417.775883
439,3379.506612
440,3400.155895
441,3403.106437
442,3412.495217
443,3334.742117
444,3332.027049
445,3329.033171
446,3299.709821
447,3301.560952
448,3283.935255
449,3276.735503
450,3301.134215
451,3257.637446
452,3293.838197
453,3266.822279
454,3240.017969
455,3232.435584
456,3251.381381
457,3222.863361
458,3219.033673
459,3262.062870
460,3316.106903
461,3318.244562
462,3283.020146
463,3255.247350
464,3262.819411
465,3316.814064
466,3290.874008
467,3327.120234
468,3291.810556
469,3315.233537
470,3302.419681
471,3335.797545
472,3395.160401
473,3277.292166
474,3238.945954
475,3244.700860
476,3289.445200
477,3279.205940
478,3259.327131
479,3271.287271
480,3307.781283
481,3311.911311
482,3300.617411
483,3294.974248
484,3237.085425
485,3301.551299
486,3303.068663
487,3287.069171
488,3254.682643
489,3275.489327
490,3275.957630
491,3277.141733
492,3300.836373
493,3320.995634
494,3237.298075
495,3189.768315
496,3206.777570
497,3195.183730
498,3178.949377
499,3184.819861
