0,3391.680851
1,3380.887159
2,3375.988563
3,3360.164671
4,3387.632592
5,3376.014396
6,3402.940087
7,3391.451876
8,3363.560310
9,3366.569647
10,3380.936672
11,3353.939383
12,3352.793596
13,3354.305916
14,3335.023164
15,3332.416019
16,3329.603711
17,3324.583140
18,3343.927030
19,3354.196901
20,3369.289859
21,3386.213910
22,3347.029137
23,3361.310755
24,3365.940612
25,3367.117720
26,3362.945490
27,3383.907174
28,3362.320297
29,3392.593069
30,3371.982030
31,3359.811396
32,3386.748139
33,3391.560126
34,3389.697281
35,3398.219385
36,3365.870250
37,3322.661046
38,3339.072006
39,3326.205083
40,3319.520444
41,3331.887645
42,3360.112760
43,3391.608742
44,3412.796602
45,3417.768902
46,3407.988746
47,3414.187252
48,3396.174149
49,3381.887367
50,3402.470042
51,3366.977148
52,3394.561447
53,3395.849081
54,3418.059720
55,3395.206692
56,3407.348370
57,3359.227744
58,3376.935483
59,3367.966099
60,3390.907583
61,3372.225446
62,3379.645179
63,3395.070808
64,3395.247047
65,3422.536360
66,3418.726609
67,3402.357076
68,3394.973971
69,3399.736808
70,3357.025759
71,3376.201864
72,3386.376036
73,3377.528555
74,3393.588965
75,3386.939554
76,3366.593830
77,3380.210670
78,3383.551507
79,3364.984386
80,3341.305192
81,3350.811749
82,3390.553377
83,3396.217243
84,3350.809678
85,3346.022029
86,3334.788572
87,3352.772069
88,3379.497133
89,3389.411184
90,3394.790494
91,3367.595186
92,3348.577413
93,3358.343055
94,3389.452909
95,3367.382075
96,3356.689970
97,3376.423904
98,3363.894823
99,3372.319871
100,3388.956494
101,3404.105561
102,3415.310222
103,3423.393058
104,3418.925593
105,3405.618395
106,3416.431295
107,3369.825902
108,3391.525498
109,3357.461350
110,3372.176715
111,3350.429879
112,3326.945328
113,3346.712312
114,3384.369044
115,3360.385219
116,3364.205352
117,3346.895731
118,3334.070879
119,3363.522576
120,3379.254235
121,3400.285253
122,3357.718040
123,3338.926128
124,3342.041660
125,3354.072808
126,3347.658230
127,3335.888695
128,3334.373001
129,3352.134767
130,3364.537686
131,3389.546527
132,3387.962687
133,3371.628033
134,3368.859464
135,3393.938391
136,3414.239679
137,3423.145862
138,3416.315914
139,3401.442258
140,3371.502764
141,3340.590196
142,3337.887123
143,3344.213364
144,3372.050803
145,3380.074288
146,3358.533952
147,3387.466251
148,3391.061618
149,3382.445214
150,3355.660465
151,3365.454179
152,3346.235249
153,3366.171508
154,3392.657040
155,3373.120237
156,3338.016442
157,3343.347363
158,3351.842157
159,3388.169365
160,3403.335036
161,3366.808042
162,3380.705100
163,3381.671654
164,3400.011495
165,3360.101676
166,3391.569667
167,3402.054664
168,3434.045068
169,3441.199399
170,3430.599346
171,3422.518431
172,3405.008043
173,3385.279618
174,3387.110562
175,3374.979617
176,3360.692194
177,3360.990432
178,3324.505594
179,3333.005294
180,3298.083160
181,3329.870967
182,3360.447145
183,3348.274300
184,3357.958550
185,3407.449664
186,3413.230637
187,3387.162768
188,3382.066195
189,3402.949408
190,3392.837697
191,3404.413095
192,3404.795202
193,3429.115944
194,3401.226836
195,3423.178382
196,3405.518490
197,3411.421096
198,3426.853773
199,3405.782327
200,3434.466244
201,3445.910781
202,3433.476759
203,3426.226723
204,3393.633234
205,3383.902964
206,3369.892051
207,3331.549697
208,3331.694017
209,3324.065470
210,3337.866336
211,3341.883335
212,3354.001098
213,3366.064839
214,3374.283958
215,3349.135270
216,3360.676436
217,3349.091979
218,3328.056037
219,3355.425662
220,3357.776781
221,3386.201154
222,3413.791534
223,3420.351776
224,3399.139541
225,3386.941713
226,3379.887930
227,3386.529421
228,3342.994100
229,3349.283495
230,3344.394704
231,3339.478478
232,3349.096513
233,3343.186114
234,3356.754593
235,3380.306867
236,3379.926620
237,3387.068348
238,3376.169836
239,3397.708446
240,3445.265484
241,3412.358244
242,3404.742855
243,3404.032587
244,3404.639794
245,3404.057589
246,3379.817908
247,3373.355634
248,3364.731962
249,3376.810165
250,3361.544100
251,3385.630504
252,3401.775527
253,3385.022428
254,3386.533803
255,3393.399525
256,3378.907003
257,3380.727687
258,3371.185368
259,3391.148370
260,3426.608708
261,3415.530312
262,3379.716984
263,3374.742901
264,3371.179933
265,3333.832774
266,3351.924934
267,3354.164311
268,3375.477590
269,3372.792295
270,3395.725117
271,3344.285310
272,3416.409304
273,3400.687626
274,3402.485484
275,3412.873588
276,3399.854082
277,3437.494845
278,3421.789549
279,3413.227776
280,3414.434244
281,3399.776831
282,3382.157289
283,3353.023235
284,3379.583413
285,3402.101486
286,3408.011031
287,3349.177573
288,3355.519131
289,3394.163454
290,3385.010625
291,3409.741330
292,3404.648995
293,3413.525136
294,3405.635915
295,3449.745888
296,3448.632967
297,3422.241494
298,3415.522097
299,3430.497630
300,3426.504800
301,3431.553373
302,3385.910767
303,3375.559691
304,3400.713948
305,3396.426268
306,3373.146327
307,3388.389886
308,3395.751052
309,3420.474214
310,3411.493575
311,3423.260750
312,3390.434818
313,3369.921678
314,3344.047182
315,3399.085671
316,3408.913314
317,3371.042360
318,3338.251775
319,3322.558246
320,3364.751003
321,3400.201350
322,3413.838444
323,3424.218783
324,3398.960140
325,3401.710668
326,3388.799989
327,3378.040753
328,3392.361535
329,3382.191279
330,3350.430921
331,3336.933560
332,3362.067199
333,3366.261036
334,3357.904436
335,3395.592596
336,3367.818450
337,3362.062714
338,3362.884510
339,3365.517696
340,3358.824349
341,3363.322775
342,3406.751509
343,3391.152811
344,3366.714746
345,3370.015277
346,3374.632617
347,3392.246322
348,3365.633679
349,3388.113622
350,3400.361100
351,3390.375471
352,3388.578204
353,3403.912381
354,3377.811817
355,3408.040211
356,3400.472907
357,3437.476584
358,3437.908383
359,3433.461616
360,3437.713677
361,3427.441930
362,3434.221279
363,3403.503351
364,3395.688424
365,3406.130140
366,3378.561572
367,3387.037753
368,3360.081013
369,3334.970102
370,3343.300745
371,3343.450610
372,3346.277103
373,3323.528566
374,3344.942506
375,3363.630975
376,3355.891437
377,3375.182408
378,3373.819643
379,3365.847987
380,3394.420305
381,3397.577696
382,3403.740020
383,3421.995793
384,3417.138902
385,3413.856251
386,3433.872280
387,3416.157430
388,3450.817773
389,3449.872501
390,3421.539896
391,3386.626004
392,3382.843689
393,3362.387632
394,3378.617906
395,3403.689712
396,3392.081321
397,3387.007184
398,3416.258055
399,3410.057554
400,3422.028578
401,3425.020254
402,3443.890151
403,3414.777686
404,3388.573389
405,3401.289647
406,3383.364068
407,3411.636964
408,3394.591590
409,3393.543641
410,3363.110052
411,3381.181765
412,3391.698600
413,3399.475698
414,3417.010857
415,3412.953806
416,3454.951848
417,3422.257828
418,3389.594059
419,3367.398889
420,3403.401289
421,3420.530705
422,3401.934819
423,3394.754022
424,3394.935203
425,3378.401636
426,3359.551340
427,3395.736867
428,3401.062909
429,3396.067849
430,3410.264984
431,3387.748011
432,3401.454266
433,3407.281489
434,3416.331853
435,3377.524881
436,3338.538866
437,3371.291881
438,3381.348989
439,3372.506780
440,3359.964354
441,3329.551025
442,3343.124500
443,3329.441510
444,3345.173354
445,3367.749851
446,3361.497311
447,3385.030302
448,3398.315568
449,3378.458616
450,3385.156092
451,3363.326302
452,3357.366614
453,3399.903168
454,3415.576756
455,3423.880656
456,3442.254511
457,3422.925473
458,3396.631753
459,3369.615231
460,3363.353403
461,3376.381942
462,3355.746911
463,3359.792164
464,3379.832697
465,3387.857095
466,3379.371216
467,3401.861572
468,3422.637461
469,3405.857112
470,3384.444447
471,3352.234995
472,3357.129813
473,3357.017521
474,3351.411688
475,3362.144705
476,3351.247983
477,3367.587087
478,3378.888054
479,3382.553994
480,3402.363826
481,3380.316193
482,3411.427238
483,3401.740288
484,3393.405489
485,3406.565549
486,3391.345158
487,3337.803698
488,3337.634377
489,3349.436924
490,3342.794631
491,3313.562010
492,3316.401243
493,3323.315910
494,3320.791275
495,3330.972486
496,3352.619841
497,3368.812147
498,3358.171337
499,3357.791662
