0,3394.238264
1,3616.895555
2,3774.828799
3,3928.301107
4,4021.905814
5,4115.950008
6,4227.811937
7,4312.690877
8,4393.374433
9,4454.891341
10,4473.990778
11,4523.461491
12,4556.782254
13,4593.682884
14,4647.869302
15,4673.033613
16,4728.766984
17,4787.261967
18,4797.972952
19,4814.506818
20,4881.015752
21,4939.936900
22,4976.204605
23,4973.645000
24,5051.240485
25,5109.721688
26,5214.686440
27,5326.704620
28,5418.579260
29,5534.273438
30,5622.021173
31,5725.676214
32,5785.873984
33,5853.944646
34,5894.437050
35,5900.459708
36,5927.620407
37,5950.146573
38,5956.153160
39,5958.231694
40,5978.497025
41,6006.409888
42,6045.264694
43,6048.726050
44,6052.652669
45,6045.955968
46,6063.831950
47,6079.639638
48,6096.102208
49,6087.785513
50,6087.966000
51,6094.152542
52,6109.618349
53,6093.636853
54,6051.789159
55,6081.294429
56,6094.158070
57,6069.537616
58,6107.044212
59,6094.427735
60,6099.087372
61,6108.710569
62,6069.925471
63,6096.397303
64,6119.624728
65,6109.599573
66,6104.468647
67,6110.202567
68,6112.975340
69,6118.651826
70,6105.100144
71,6095.597038
72,6091.843374
73,6109.149392
74,6108.996345
75,6107.644245
76,6105.360583
77,6110.846090
78,6125.259596
79,6134.927401
80,6134.958084
81,6109.235508
82,6143.392820
83,6137.550437
84,6125.352365
85,6117.684443
86,6120.771844
87,6114.904556
88,6126.531658
89,6138.837568
90,6145.652283
91,6149.471576
92,6160.558904
93,6176.109678
94,6197.335345
95,6193.418579
96,6188.660981
97,6200.463759
98,6184.731223
99,6203.778747
100,6185.998670
101,6190.978379
102,6202.881935
103,6214.078057
104,6218.476693
105,6200.462783
106,6196.387559
107,6197.902926
108,6193.703033
109,6220.044843
110,6215.709361
111,6199.909685
112,6209.883289
113,6217.822530
114,6208.311844
115,6201.510558
116,6223.510131
117,6238.156402
118,6229.305549
119,6231.090937
120,6243.523262
121,6229.644394
122,6226.922825
123,6245.974655
124,6245.460778
125,6243.827307
126,6235.564616
127,6221.736411
128,6244.072991
129,6233.058125
130,6235.199926
131,6242.277492
132,6255.966413
133,6235.265763
134,6227.648464
135,6226.374585
136,6238.323029
137,6235.194051
138,6242.678897
139,6235.166224
140,6256.314021
141,6246.133956
142,6225.048853
143,6228.713419
144,6241.869885
145,6223.935756
146,6252.658023
147,6239.432107
148,6231.788945
149,6234.223939
150,6255.700172
151,6244.008244
152,6247.280957
153,6239.734488
154,6215.855466
155,6218.163717
156,6228.404264
157,6225.547016
158,6234.832822
159,6232.673020
160,6256.416517
161,6258.046695
162,6251.396303
163,6254.119622
164,6266.864880
165,6269.306216
166,6271.257388
167,6277.616845
168,6270.267589
169,6253.412169
170,6256.071124
171,6249.364615
172,6253.054845
173,6250.937412
174,6283.260826
175,6269.710727
176,6269.640763
177,6270.520298
178,6274.848493
179,6275.674412
180,6293.473109
181,6266.041345
182,6277.012160
183,6282.046834
184,6282.891298
185,6270.696005
186,6269.439740
187,6256.622029
188,6243.431545
189,6270.619136
190,6276.717017
191,6272.587514
192,6272.437608
193,6277.180688
194,6264.571726
195,6273.462163
196,6282.495749
197,6267.221028
198,6258.866928
199,6258.814298
200,6266.776329
201,6257.374895
202,6261.434423
203,6286.686971
204,6291.995134
205,6279.277238
206,6276.850912
207,6293.262696
208,6277.650086
209,6276.818048
210,6283.861228
211,6268.309360
212,6251.310499
213,6280.968616
214,6271.010713
215,6292.752006
216,6290.156799
217,6282.289466
218,6291.449797
219,6283.421318
220,6273.168849
221,6281.440614
222,6282.949111
223,6293.140493
224,6279.785980
225,6279.163965
226,6255.763792
227,6261.084337
228,6237.574786
229,6272.567972
230,6279.034755
231,6273.487082
232,6262.353906
233,6270.200060
234,6273.826413
235,6289.747702
236,6273.034951
237,6251.520056
238,6278.152001
239,6268.694572
240,6277.785088
241,6293.145847
242,6283.548661
243,6293.032171
244,6280.621653
245,6287.336516
246,6276.353261
247,6290.140120
248,6293.317870
249,6264.756954
250,6279.383155
251,6281.184480
252,6282.853762
253,6288.679552
254,6279.561851
255,6277.472570
256,6282.200842
257,6279.429788
258,6296.320647
259,6301.642011
260,6270.250568
261,6248.902762
262,6292.309608
263,6264.452834
264,6268.095135
265,6264.018178
266,6269.374030
267,6275.906053
268,6274.225114
269,6266.098609
270,6255.804223
271,6276.263300
272,6290.964885
273,6299.206502
274,6292.907215
275,6258.255959
276,6282.464954
277,6283.451111
278,6262.716603
279,6265.009734
280,6280.655899
281,6261.899650
282,6274.007003
283,6279.008495
284,6268.085564
285,6277.885966
286,6277.554935
287,6259.514668
288,6286.306156
289,6270.741000
290,6261.799835
291,6257.456952
292,6267.021842
293,6267.024329
294,6260.116483
295,6282.752337
296,6287.312521
297,6261.556189
298,6269.886836
299,6264.913610
300,6282.935679
301,6268.659853
302,6277.588681
303,6284.453933
304,6284.526512
305,6292.348322
306,6304.215251
307,6297.356317
308,6286.709514
309,6292.762282
310,6300.907518
311,6303.192697
312,6299.557430
313,6302.588984
314,6294.843828
315,6245.731248
316,6277.154458
317,6289.314639
318,6284.095575
319,6298.822497
320,6310.278951
321,6310.522698
322,6303.520718
323,6306.562603
324,6267.219629
325,6275.551212
326,6303.166030
327,6298.983833
328,6290.975269
329,6303.747139
330,6289.824819
331,6319.357773
332,6305.843982
333,6280.160668
334,6267.512657
335,6283.348551
336,6265.508606
337,6285.836547
338,6296.921600
339,6302.027718
340,6276.091048
341,6303.250757
342,6302.388362
343,6295.677793
344,6298.016037
345,6305.376840
346,6310.861395
347,6307.074775
348,6291.428004
349,6278.648908
350,6304.647102
351,6307.470459
352,6313.528032
353,6293.227448
354,6298.454923
355,6299.844198
356,6280.139134
357,6273.027893
358,6280.497370
359,6306.634990
360,6275.504191
361,6282.122300
362,6286.364967
363,6302.893402
364,6304.593697
365,6301.168017
366,6301.878074
367,6295.848972
368,6289.721939
369,6297.503350
370,6295.520666
371,6305.644591
372,6292.057747
373,6265.238853
374,6298.394882
375,6300.731139
376,6290.586275
377,6305.241713
378,6302.677501
379,6301.230274
380,6292.536522
381,6303.635334
382,6315.284921
383,6278.429357
384,6306.891547
385,6313.923071
386,6287.973510
387,6302.543327
388,6297.079322
389,6300.041123
390,6303.283556
391,6286.385514
392,6302.927286
393,6305.637849
394,6282.880235
395,6268.865305
396,6298.163074
397,6293.745569
398,6318.858584
399,6309.201622
400,6310.823534
401,6298.876764
402,6305.672898
403,6285.424009
404,6267.989433
405,6268.783046
406,6283.351736
407,6293.152634
408,6320.511535
409,6310.641298
410,6295.653400
411,6316.568174
412,6307.862232
413,6335.695588
414,6358.987661
415,6353.592685
416,6351.853072
417,6370.678394
418,6364.459473
419,6354.983460
420,6353.315692
421,6381.240810
422,6360.089049
423,6357.966201
424,6376.213824
425,6370.486244
426,6373.188745
427,6379.970565
428,6385.219816
429,6391.099482
430,6392.774921
431,6393.717290
432,6391.327751
433,6422.857144
434,6413.880954
435,6401.952227
436,6395.506708
437,6401.647493
438,6403.983676
439,6427.999002
440,6412.056171
441,6407.868960
442,6417.280180
443,6417.483389
444,6412.373967
445,6418.749950
446,6410.142654
447,6402.990057
448,6429.764661
449,6407.732858
450,6391.573494
451,6390.736333
452,6398.117757
453,6410.081504
454,6418.871767
455,6417.401358
456,6395.680838
457,6426.069749
458,6418.050288
459,6414.112196
460,6394.053616
461,6400.676281
462,6395.935397
463,6411.731194
464,6406.947408
465,6413.376869
466,6415.433129
467,6417.904060
468,6405.753817
469,6405.223127
470,6384.997815
471,6403.185505
472,6408.552226
473,6416.674161
474,6425.512740
475,6416.352865
476,6397.718444
477,6404.119460
478,6404.028039
479,6403.362803
480,6434.982699
481,6427.250975
482,6414.478546
483,6431.860957
484,6428.238067
485,6417.399733
486,6447.786759
487,6432.007150
488,6416.948469
489,6443.533301
490,6437.592466
491,6417.334635
492,6438.244160
493,6413.367508
494,6427.731253
495,6417.501150
496,6412.635167
497,6442.634927
498,6426.902252
499,6426.968434
