0,3362.355963
1,3335.791532
2,3356.825527
3,3346.360370
4,3318.619775
5,3321.279458
6,3300.245557
7,3276.079476
8,3302.620023
9,3323.350258
10,3313.425489
11,3337.836837
12,3343.641473
13,3352.287614
14,3380.313079
15,3399.733388
16,3373.648568
17,3407.251780
18,3380.694057
19,3407.647678
20,3411.208464
21,3376.809302
22,3381.216333
23,3368.958004
24,3400.293805
25,3395.552835
26,3456.972601
27,3440.497106
28,3420.567346
29,3366.309759
30,3392.488983
31,3370.209431
32,3385.464131
33,3380.854281
34,3425.220426
35,3439.473200
36,3446.740455
37,3468.504564
38,3467.838002
39,3437.303064
40,3419.910424
41,3416.778035
42,3406.220068
43,3413.441343
44,3411.346973
45,3401.459307
46,3432.305856
47,3396.263510
48,3360.380696
49,3394.181249
50,3414.440833
51,3384.620086
52,3360.856066
53,3355.308805
54,3328.580413
55,3324.508350
56,3323.588720
57,3327.098949
58,3365.362176
59,3371.092646
60,3366.295747
61,3354.759972
62,3344.064015
63,3383.388326
64,3379.185093
65,3389.148376
66,3412.699226
67,3450.627820
68,3473.460156
69,3495.682158
70,3509.260959
71,3527.529977
72,3533.421491
73,3508.856477
74,3509.353255
75,3538.905282
76,3523.419276
77,3530.400856
78,3512.514385
79,3512.945392
80,3549.711559
81,3533.745775
82,3592.253405
83,3535.579708
84,3561.293028
85,3571.876238
86,3603.116308
87,3627.141485
88,3588.498722
89,3561.005987
90,3545.849986
91,3569.444760
92,3571.071269
93,3582.472423
94,3591.971791
95,3623.002190
96,3632.246632
97,3603.779517
98,3571.164240
99,3566.434118
100,3551.324477
101,3555.626905
102,3532.361326
103,3550.212889
104,3523.315790
105,3514.694494
106,3540.490045
107,3567.644956
108,3554.221590
109,3580.166624
110,3574.674596
111,3549.767179
112,3586.710342
113,3624.721879
114,3676.154264
115,3675.557224
116,3630.945721
117,3637.840621
118,3658.665011
119,3690.768517
120,3710.143851
121,3765.004127
122,3788.929862
123,3785.123778
124,3784.253503
125,3778.091160
126,3769.380502
127,3775.766067
128,3788.384142
129,3806.681612
130,3771.400268
131,3774.394539
132,3806.116992
133,3824.462543
134,3823.589637
135,3879.255001
136,3916.310049
137,3951.718166
138,3911.765354
139,3910.400887
140,3961.888157
141,3956.289994
142,3903.839803
143,3949.889254
144,4002.857755
145,3980.814016
146,4019.047248
147,4037.212884
148,4076.183286
149,4084.633523
150,4087.338022
151,4180.134008
152,4210.057781
153,4265.586114
154,4287.131434
155,4345.880017
156,4375.779547
157,4477.593756
158,4539.718850
159,4629.609225
160,4647.504881
161,4791.650479
162,4854.886193
163,4904.616469
164,5005.885933
165,5032.121484
166,5104.132913
167,5235.650538
168,5297.157337
169,5324.401091
170,5374.878047
171,5414.195139
172,5447.425114
173,5503.152634
174,5544.175499
175,5611.884151
176,5691.893165
177,5707.723098
178,5684.391840
179,5717.625019
180,5803.294109
181,5878.619485
182,5907.773125
183,5942.555829
184,5936.761064
185,5967.003434
186,5939.671198
187,6016.770723
188,6035.102281
189,6038.639994
190,6045.704742
191,6066.089035
192,6129.156911
193,6108.072668
194,6109.465413
195,6141.896275
196,6150.352666
197,6162.230006
198,6199.236286
199,6245.486186
200,6282.301404
201,6292.164914
202,6322.640239
203,6323.006690
204,6325.482241
205,6361.331318
206,6382.337899
207,6389.944927
208,6398.284048
209,6411.338181
210,6394.981840
211,6415.354404
212,6424.895005
213,6435.389936
214,6436.692398
215,6442.115073
216,6438.399574
217,6431.203117
218,6439.890250
219,6443.869236
220,6440.964742
221,6436.995387
222,6438.926626
223,6439.384595
224,6446.391773
225,6448.865543
226,6453.228568
227,6448.357453
228,6443.600331
229,6440.728956
230,6433.477736
231,6422.589820
232,6450.650708
233,6453.104083
234,6449.974063
235,6447.719176
236,6443.091132
237,6449.577594
238,6447.678809
239,6438.559491
240,6439.368783
241,6443.579966
242,6442.604880
243,6445.376140
244,6450.736175
245,6447.917166
246,6429.118785
247,6444.877412
248,6446.005541
249,6443.063130
250,6444.448569
251,6444.862115
252,6439.189309
253,6446.640164
254,6444.638077
255,6450.149265
256,6453.709053
257,6447.003397
258,6445.841408
259,6448.248952
260,6451.954144
261,6453.352668
262,6457.190976
263,6455.027142
264,6443.972909
265,6447.112088
266,6447.744070
267,6449.511595
268,6454.369264
269,6441.131814
270,6426.539134
271,6436.393111
272,6440.734616
273,6436.976745
274,6431.582103
275,6438.648714
276,6445.667126
277,6445.905704
278,6449.021068
279,6452.733499
280,6453.917814
281,6456.187830
282,6457.784307
283,6457.158799
284,6452.573477
285,6454.093162
286,6457.785797
287,6454.007970
288,6451.168476
289,6457.728109
290,6448.844157
291,6452.341735
292,6442.528870
293,6445.053384
294,6445.211755
295,6441.129154
296,6442.220933
297,6441.003202
298,6439.484751
299,6432.748034
300,6447.336713
301,6447.210494
302,6446.906332
303,6445.404716
304,6441.119918
305,6447.161115
306,6446.685727
307,6442.970965
308,6448.643248
309,6448.760658
310,6452.734555
311,6462.952558
312,6456.679456
313,6456.462279
314,6455.261016
315,6453.015089
316,6457.122120
317,6451.267208
318,6458.101660
319,6461.221411
320,6464.351417
321,6465.290611
322,6459.156110
323,6459.763262
324,6462.519260
325,6462.163567
326,6456.654161
327,6457.671895
328,6468.802218
329,6469.101887
330,6469.764598
331,6466.752868
332,6468.626757
333,6477.100442
334,6466.903907
335,6477.218345
336,6475.230267
337,6482.970761
338,6472.378995
339,6489.490184
340,6485.477780
341,6491.002847
342,6495.228615
343,6495.523177
344,6501.434424
345,6510.897921
346,6514.334256
347,6522.363502
348,6539.178205
349,6541.417745
350,6549.969706
351,6560.040909
352,6555.182070
353,6542.887319
354,6557.633091
355,6556.174721
356,6559.939474
357,6572.109763
358,6573.878035
359,6580.482020
360,6587.135141
361,6590.281795
362,6589.777876
363,6596.567287
364,6596.407155
365,6589.989258
366,6589.319535
367,6583.388015
368,6583.628319
369,6585.460780
370,6589.095143
371,6588.713436
372,6592.842764
373,6596.330418
374,6598.775508
375,6598.701822
376,6590.881098
377,6594.108818
378,6588.834554
379,6596.968415
380,6604.293059
381,6599.280298
382,6592.652059
383,6586.014224
384,6580.490210
385,6586.756772
386,6587.735679
387,6593.655358
388,6597.249241
389,6592.033280
390,6595.308646
391,6596.602822
392,6591.758909
393,6595.506836
394,6596.882189
395,6593.822986
396,6593.237377
397,6589.220668
398,6581.392278
399,6593.695508
400,6590.192792
401,6600.511311
402,6601.723691
403,6601.344214
404,6598.810869
405,6590.344832
406,6594.762547
407,6602.347212
408,6603.755117
409,6604.170896
410,6601.900572
411,6601.117555
412,6598.327466
413,6598.172095
414,6594.123131
415,6598.572461
416,6598.661820
417,6593.382219
418,6600.212836
419,6601.212321
420,6598.213595
421,6591.698139
422,6594.816094
423,6592.711987
424,6600.622151
425,6596.827768
426,6582.695186
427,6585.539040
428,6598.098506
429,6596.460660
430,6595.867219
431,6600.219890
432,6599.636141
433,6600.726536
434,6596.651307
435,6594.904360
436,6594.893632
437,6585.012248
438,6591.300905
439,6597.563490
440,6591.177735
441,6591.015342
442,6591.181232
443,6598.260588
444,6598.138743
445,6596.287228
446,6602.110152
447,6597.989675
448,6598.861721
449,6596.397367
450,6592.516650
451,6597.226145
452,6593.855018
453,6595.720303
454,6597.719884
455,6599.759106
456,6599.005924
457,6599.005924
458,6595.651538
459,6598.483405
460,6594.846909
461,6596.668318
462,6595.301667
463,6594.966602
464,6599.286369
465,6601.255932
466,6598.152518
467,6595.937628
468,6597.494842
469,6598.313500
470,6595.806888
471,6594.255769
472,6591.941782
473,6589.998678
474,6593.330604
475,6596.120013
476,6594.721235
477,6584.834685
478,6588.190964
479,6590.285570
480,6584.898446
481,6587.606297
482,6587.391583
483,6589.988384
484,6591.556902
485,6598.789186
486,6594.450586
487,6577.654441
488,6585.548798
489,6597.612343
490,6599.955648
491,6599.327888
492,6596.915756
493,6590.766467
494,6592.673657
495,6583.692439
496,6574.291784
497,6581.786345
498,6584.970259
499,6598.028509
