0,3371.826300
1,6699.866700
2,6989.447154
3,7210.867126
4,7400.077657
5,7516.112012
6,7679.781896
7,7800.146528
8,7905.562354
9,8001.507737
10,8049.978265
11,8177.477170
12,8225.591303
13,8240.291604
14,8356.844449
15,8431.689387
16,8473.584210
17,8534.663727
18,8612.143853
19,8633.461774
20,8724.049070
21,8782.360793
22,8863.317162
23,9022.108852
24,9093.593325
25,9171.013340
26,9239.480895
27,9361.246639
28,9452.635326
29,9597.664462
30,9662.859922
31,9768.153688
32,9815.547575
33,9980.891560
34,9966.510940
35,10026.852312
36,10089.139578
37,10120.517567
38,10129.292235
39,10230.529033
40,10239.296077
41,10266.921237
42,10346.086428
43,10421.919199
44,10419.326246
45,10400.775040
46,10525.754239
47,10465.482663
48,10558.108156
49,10586.537394
50,10706.159129
51,10589.461460
52,10564.508907
53,10640.297442
54,10696.712983
55,10765.244009
56,10871.192987
57,10840.521389
58,10854.008690
59,10825.231738
60,10816.880302
61,10840.323964
62,10900.663892
63,10916.717639
64,10968.759970
65,11006.613680
66,10983.820661
67,10914.971171
68,10959.112283
69,11007.462309
70,10969.817057
71,11088.155055
72,10986.981624
73,11033.069268
74,11007.345828
75,11145.411582
76,11036.996322
77,11142.168289
78,11106.125224
79,11118.324293
80,11080.159580
81,10996.350120
82,11031.392476
83,11096.485550
84,11111.548341
85,11062.203686
86,11109.835826
87,11152.289178
88,11143.679343
89,11141.830230
90,11047.938094
91,11096.205135
92,11209.348534
93,11150.849988
94,11199.343024
95,11127.893066
96,11087.327101
97,11102.094255
98,11121.917788
99,11155.057541
100,11116.137833
101,11152.545692
102,11143.358377
103,11190.618221
104,11167.110462
105,11148.226289
106,11255.564755
107,11277.638423
108,11251.980535
109,11138.242860
110,11066.725472
111,11193.805512
112,11143.177616
113,11189.245103
114,11139.464519
115,11084.697696
116,11052.882943
117,11044.310296
118,11071.868947
119,11047.380938
120,11069.868472
121,11080.435734
122,11055.622196
123,11049.160398
124,11072.249689
125,11032.265398
126,11150.681284
127,11072.145307
128,11193.865955
129,11287.894878
130,11153.333643
131,11076.337444
132,11101.755445
133,11208.709784
134,11198.932756
135,11068.278995
136,11085.741434
137,10962.158502
138,11104.862365
139,11176.528385
140,11168.602386
141,11142.764584
142,11097.541760
143,11053.817248
144,11147.743386
145,11168.025949
146,11122.022687
147,11235.967742
148,11062.223408
149,11044.979321
150,11075.901957
151,11150.517957
152,11121.817883
153,11110.745169
154,11123.013681
155,11103.525820
156,11009.769654
157,11164.627444
158,11172.675402
159,11169.737069
160,11141.652808
161,11177.995409
162,11190.108715
163,11172.969143
164,11101.796335
165,11082.322903
166,11191.038983
167,11121.381609
168,11115.557459
169,11040.659079
170,11017.599887
171,11126.961224
172,11182.714697
173,11136.134688
174,11079.371591
175,11031.875796
176,11058.700422
177,11155.912351
178,11189.960942
179,11176.902187
180,11254.650308
181,11224.176997
182,11187.713142
183,11117.980085
184,11179.373395
185,11253.770676
186,11233.026247
187,11220.683614
188,11252.598143
189,11166.232689
190,11196.666801
191,11192.938395
192,11234.378050
193,11189.551765
194,11169.137655
195,11238.562346
196,11298.859037
197,11369.906852
198,11368.086625
199,11224.248259
200,11273.356677
201,11342.765378
202,11183.975019
203,11364.078266
204,11470.942137
205,11428.345402
206,11312.096413
207,11394.784692
208,11353.673205
209,11340.823959
210,11256.824132
211,11211.286677
212,11230.403293
213,11293.960646
214,11221.772185
215,11272.997436
216,11383.117809
217,11346.261781
218,11355.693707
219,11401.457648
220,11377.513991
221,11365.491255
222,11313.919574
223,11417.529494
224,11545.816548
225,11382.519961
226,11312.448669
227,11246.161567
228,11330.708685
229,11344.866682
230,11292.980362
231,11304.838955
232,11484.514864
233,11443.947955
234,11398.532409
235,11338.236967
236,11348.593933
237,11368.501519
238,11435.913326
239,11306.368708
240,11203.813857
241,11276.928695
242,11347.602572
243,11247.684470
244,11407.776489
245,11436.462501
246,11393.917292
247,11344.105259
248,11331.575623
249,11398.442211
250,11419.924500
251,11355.875557
252,11329.935970
253,11251.578360
254,11305.650031
255,11315.106712
256,11373.269544
257,11358.069319
258,11162.651546
259,11401.188724
260,11459.668348
261,11377.472589
262,11350.047415
263,11301.313437
264,11394.551521
265,11372.212765
266,11381.672254
267,11338.446096
268,11350.078175
269,11374.050236
270,11391.354561
271,11332.973617
272,11302.275672
273,11379.759219
274,11424.213959
275,11316.313939
276,11303.316369
277,11301.112256
278,11354.435131
279,11340.630635
280,11329.521865
281,11326.257987
282,11253.450123
283,11321.976328
284,11299.255135
285,11367.162368
286,11294.595964
287,11296.154085
288,11192.289051
289,11258.154778
290,11265.316985
291,11395.467363
292,11273.847308
293,11291.762807
294,11342.535944
295,11358.801754
296,11420.310841
297,11373.210452
298,11370.553289
299,11352.760330
300,11367.393708
301,11430.797871
302,11357.354200
303,11354.952129
304,11354.213277
305,11386.565933
306,11391.759552
307,11443.982902
308,11377.314856
309,11382.345413
310,11313.353446
311,11290.912003
312,11349.080986
313,11383.190376
314,11456.045613
315,11414.740574
316,11370.439511
317,11345.400347
318,11462.404782
319,11492.575869
320,11481.676755
321,11429.290664
322,11426.912812
323,11309.091560
324,11418.900730
325,11552.331131
326,11590.624784
327,11438.642195
328,11475.870216
329,11326.385518
330,11392.639632
331,11446.329563
332,11388.201114
333,11345.417645
334,11440.127911
335,11518.731829
336,11484.514809
337,11526.904680
338,11455.953511
339,11485.450731
340,11495.634413
341,11537.925053
342,11421.234754
343,11411.606559
344,11411.030927
345,11401.421628
346,11507.883279
347,11467.645397
348,11419.488885
349,11442.113059
350,11453.697503
351,11485.619985
352,11434.045080
353,11471.087418
354,11548.259800
355,11401.751504
356,11513.188147
357,11503.622945
358,11543.637125
359,11537.153173
360,11599.025970
361,11474.879653
362,11431.410842
363,11492.907523
364,11425.509274
365,11469.977193
366,11516.023703
367,11527.332865
368,11605.137576
369,11652.743996
370,11545.875583
371,11476.017263
372,11509.141307
373,11639.394014
374,11631.835758
375,11527.065060
376,11400.847828
377,11566.842739
378,11431.736268
379,11432.506903
380,11417.471568
381,11482.667726
382,11427.981237
383,11449.467967
384,11497.441131
385,11429.646551
386,11523.254592
387,11552.754126
388,11531.855254
389,11536.022091
390,11463.955278
391,11473.673387
392,11520.104280
393,11429.720484
394,11314.791429
395,11411.498869
396,11501.684169
397,11517.228411
398,11579.429656
399,11528.272118
400,11567.699102
401,11619.323591
402,11578.882559
403,11534.587106
404,11588.954845
405,11535.880102
406,11524.117776
407,11586.467081
408,11631.962515
409,11592.236577
410,11604.534713
411,11599.253876
412,11584.256860
413,11507.838409
414,11369.834552
415,11462.999469
416,11385.615067
417,11476.501147
418,11506.847947
419,11509.194194
420,11524.507815
421,11570.756023
422,11642.176352
423,11545.537514
424,11509.670050
425,11486.637882
426,11502.097275
427,11506.983748
428,11508.510219
429,11430.163513
430,11562.256678
431,11510.804430
432,11532.552249
433,11436.071161
434,11513.479950
435,11537.129890
436,11513.925300
437,11508.243948
438,11547.809097
439,11479.053255
440,11497.359017
441,11494.909673
442,11580.161395
443,11589.795373
444,11475.951819
445,11524.661485
446,11423.435107
447,11553.475165
448,11503.140484
449,11636.157090
450,11559.715665
451,11679.863857
452,11686.622784
453,11620.514672
454,11595.472013
455,11504.777454
456,11476.826025
457,11558.804526
458,11579.562906
459,11593.006549
460,11550.613275
461,11486.835007
462,11488.689317
463,11398.101642
464,11479.833031
465,11515.935659
466,11566.385104
467,11567.051070
468,11523.921200
469,11532.903385
470,11473.286861
471,11550.785038
472,11562.224767
473,11554.356578
474,11492.341908
475,11599.267062
476,11585.183813
477,11643.835673
478,11634.443801
479,11578.335494
480,11551.339231
481,11579.108418
482,11538.517598
483,11608.845985
484,11494.862294
485,11428.418896
486,11525.745095
487,11539.067768
488,11534.204660
489,11566.636923
490,11546.634579
491,11532.271960
492,11565.929533
493,11534.949053
494,11419.227738
495,11551.237812
496,11607.577626
497,11497.236401
498,11484.474819
499,11510.891183
