0,3381.404939
1,3583.877133
2,3705.388360
3,3812.006838
4,3894.631347
5,3933.980674
6,3962.700482
7,4009.030410
8,4016.060977
9,4058.862231
10,4088.658824
11,4074.231252
12,4086.555426
13,4090.755996
14,4102.706093
15,4129.948852
16,4105.616269
17,4122.770596
18,4164.242335
19,4161.996910
20,4192.701839
21,4201.691728
22,4214.793223
23,4262.498379
24,4272.999524
25,4326.697056
26,4303.875405
27,4353.921864
28,4363.328626
29,4369.167273
30,4417.084427
31,4466.361669
32,4440.545798
33,4407.996899
34,4453.071480
35,4500.574289
36,4460.452346
37,4499.112147
38,4501.116491
39,4521.254320
40,4503.307189
41,4500.751586
42,4532.635917
43,4511.539933
44,4535.903726
45,4531.653525
46,4557.306883
47,4550.519336
48,4566.458583
49,4582.840298
50,4560.031774
51,4575.460408
52,4610.656174
53,4590.231036
54,4601.655108
55,4596.800726
56,4574.527261
57,4599.952424
58,4568.849410
59,4592.772130
60,4582.582350
61,4586.158243
62,4593.192375
63,4585.591383
64,4581.443021
65,4601.176605
66,4576.191485
67,4640.673725
68,4611.097473
69,4613.313611
70,4616.813636
71,4600.559657
72,4589.098580
73,4591.000537
74,4570.007123
75,4613.981325
76,4628.706850
77,4630.308593
78,4639.176207
79,4679.733705
80,4682.068583
81,4638.236538
82,4646.378759
83,4629.222571
84,4615.469816
85,4613.586346
86,4625.181605
87,4628.829433
88,4632.104301
89,4582.813031
90,4590.583880
91,4571.067944
92,4611.586922
93,4652.087737
94,4658.310896
95,4626.138922
96,4622.190523
97,4651.738623
98,4653.520592
99,4633.261700
100,4600.736959
101,4630.264712
102,4645.952163
103,4618.035381
104,4665.254484
105,4665.200097
106,4646.503438
107,4660.867710
108,4660.483421
109,4642.146148
110,4638.788053
111,4619.527282
112,4580.596722
113,4609.926910
114,4623.492946
115,4606.361146
116,4571.299288
117,4639.470126
118,4627.000090
119,4602.866877
120,4592.818475
121,4628.718570
122,4677.464362
123,4654.353496
124,4655.817964
125,4665.691045
126,4688.526813
127,4661.376707
128,4678.038381
129,4676.137722
130,4707.527308
131,4678.063463
132,4665.854329
133,4636.904550
134,4601.659856
135,4623.216346
136,4615.920832
137,4640.567940
138,4663.629237
139,4685.512944
140,4735.785783
141,4704.307336
142,4696.975571
143,4646.793866
144,4685.974774
145,4705.525033
146,4701.188727
147,4677.397196
148,4660.107210
149,4661.522212
150,4680.128000
151,4691.811884
152,4674.884819
153,4731.169066
154,4690.572947
155,4670.292105
156,4701.310684
157,4700.455912
158,4708.650146
159,4670.195439
160,4705.385650
161,4751.260830
162,4758.017225
163,4720.249357
164,4717.750828
165,4692.603769
166,4720.742380
167,4694.141054
168,4702.760991
169,4758.991715
170,4767.918954
171,4775.026022
172,4773.255618
173,4710.151565
174,4699.716805
175,4671.483037
176,4689.063206
177,4699.641043
178,4688.530084
179,4679.970684
180,4712.968775
181,4663.488918
182,4684.414286
183,4705.656204
184,4724.703693
185,4730.660286
186,4739.415805
187,4770.214593
188,4758.174869
189,4740.023890
190,4746.594022
191,4700.514062
192,4692.439255
193,4689.952000
194,4732.379415
195,4759.076166
196,4751.799510
197,4724.661153
198,4754.512517
199,4766.605359
200,4715.947628
201,4723.250449
202,4712.021802
203,4710.942319
204,4686.733075
205,4718.360571
206,4726.649834
207,4723.957759
208,4730.706601
209,4759.198822
210,4735.390293
211,4765.165723
212,4771.649801
213,4750.787216
214,4797.624013
215,4791.240673
216,4742.648634
217,4740.657714
218,4745.708925
219,4764.588683
220,4762.052300
221,4776.229848
222,4762.832619
223,4789.192132
224,4728.047548
225,4714.078671
226,4680.721457
227,4673.637584
228,4680.677492
229,4663.135704
230,4727.248159
231,4731.939800
232,4723.038008
233,4719.149680
234,4736.047410
235,4755.146218
236,4754.410189
237,4730.259207
238,4739.699977
239,4728.723368
240,4738.293478
241,4782.739061
242,4766.768232
243,4773.802516
244,4771.798093
245,4730.212665
246,4756.045890
247,4773.702004
248,4781.495666
249,4815.704810
250,4786.484580
251,4775.181024
252,4804.361611
253,4742.729165
254,4780.382380
255,4728.126910
256,4740.437079
257,4697.465766
258,4694.913605
259,4730.978813
260,4762.801853
261,4789.511231
262,4799.971187
263,4750.563371
264,4753.265466
265,4805.717769
266,4747.028452
267,4786.249675
268,4705.723221
269,4695.909801
270,4718.754096
271,4711.131200
272,4681.118223
273,4659.702290
274,4671.793966
275,4667.689616
276,4677.174783
277,4698.853377
278,4690.903151
279,4691.428161
280,4737.981378
281,4768.089810
282,4724.137572
283,4700.552278
284,4733.107866
285,4713.492428
286,4732.364845
287,4774.966717
288,4773.009297
289,4782.811074
290,4821.070119
291,4812.214692
292,4776.084390
293,4787.071733
294,4789.937942
295,4790.535854
296,4781.020956
297,4761.300753
298,4802.491622
299,4747.353270
300,4723.116773
301,4740.796219
302,4755.990217
303,4734.513190
304,4697.710845
305,4759.006628
306,4715.278938
307,4764.246633
308,4754.893245
309,4760.141938
310,4791.865613
311,4806.006268
312,4817.382326
313,4800.041883
314,4742.762402
315,4762.957329
316,4775.530440
317,4793.678401
318,4776.248633
319,4765.304355
320,4719.937577
321,4800.084529
322,4755.204375
323,4784.618625
324,4789.844173
325,4822.932231
326,4780.913669
327,4749.377503
328,4746.669677
329,4798.979090
330,4814.681175
331,4790.540536
332,4776.728971
333,4720.051518
334,4765.904238
335,4772.835344
336,4781.457634
337,4763.587543
338,4779.770723
339,4755.575517
340,4755.032024
341,4760.293266
342,4710.920261
343,4703.077469
344,4747.443489
345,4751.886524
346,4728.326375
347,4751.109409
348,4733.270930
349,4761.509176
350,4749.447580
351,4756.897519
352,4813.920153
353,4768.394440
354,4782.997205
355,4760.434292
356,4778.779667
357,4748.502498
358,4720.189991
359,4763.775294
360,4721.193630
361,4743.050480
362,4708.207628
363,4716.458364
364,4675.403399
365,4694.288631
366,4742.452439
367,4669.708725
368,4674.974642
369,4669.304373
370,4706.079349
371,4737.586991
372,4751.719011
373,4751.837807
374,4744.612479
375,4773.405361
376,4789.060317
377,4815.737178
378,4773.690669
379,4772.007688
380,4777.577246
381,4779.892325
382,4829.943732
383,4819.266116
384,4823.679017
385,4784.730348
386,4758.453049
387,4788.601113
388,4767.327433
389,4768.551553
390,4776.210751
391,4741.858830
392,4708.239646
393,4742.030058
394,4784.230372
395,4810.504751
396,4820.050202
397,4721.445571
398,4752.415410
399,4749.527485
400,4775.109966
401,4782.897195
402,4790.775811
403,4752.167089
404,4794.662618
405,4807.858418
406,4847.611196
407,4791.868972
408,4780.113101
409,4803.541670
410,4723.603515
411,4674.110552
412,4741.181559
413,4695.440024
414,4765.604697
415,4768.914235
416,4748.754028
417,4743.207330
418,4712.496145
419,4753.584478
420,4740.424307
421,4787.233171
422,4792.921472
423,4760.694287
424,4767.009598
425,4742.608148
426,4739.908935
427,4700.715492
428,4745.399013
429,4758.487181
430,4791.417830
431,4762.075544
432,4773.929016
433,4739.475724
434,4795.738222
435,4762.763279
436,4756.518959
437,4807.931820
438,4777.979627
439,4759.957871
440,4765.327372
441,4724.755075
442,4745.693619
443,4790.258040
444,4787.038818
445,4788.218412
446,4789.160747
447,4790.716509
448,4779.728180
449,4758.648233
450,4765.429578
451,4749.336912
452,4733.309764
453,4744.498806
454,4744.402623
455,4751.410118
456,4740.161430
457,4751.542845
458,4731.936037
459,4751.395242
460,4759.210871
461,4725.770687
462,4741.514206
463,4723.783508
464,4720.411891
465,4717.500608
466,4689.088164
467,4664.537825
468,4706.569392
469,4786.368985
470,4769.090430
471,4735.755651
472,4761.537141
473,4806.883234
474,4812.909155
475,4818.648401
476,4783.719721
477,4803.710605
478,4776.884285
479,4738.811567
480,4750.929736
481,4769.573911
482,4815.198910
483,4793.215301
484,4797.543147
485,4781.436681
486,4808.989597
487,4794.713435
488,4790.757614
489,4791.026613
490,4797.405586
491,4805.915343
492,4765.299902
493,4773.694975
494,4757.391550
495,4724.441457
496,4672.394931
497,4695.048122
498,4761.059757
499,4727.146666
