0,3382.505737
1,6718.030077
2,6992.779704
3,7243.181112
4,7459.259165
5,7645.878905
6,7786.717865
7,7911.568438
8,8052.623754
9,8158.849838
10,8224.235764
11,8316.585791
12,8441.137933
13,8497.128654
14,8589.603930
15,8651.436930
16,8757.433180
17,8832.429485
18,8872.660625
19,8920.095807
20,9012.631398
21,9075.826324
22,9100.444216
23,9125.910729
24,9210.864191
25,9249.267549
26,9266.799078
27,9348.003761
28,9373.358560
29,9467.442093
30,9508.114087
31,9541.119462
32,9578.536915
33,9651.447571
34,9629.485145
35,9696.749530
36,9743.707251
37,9805.548476
38,9879.245344
39,9951.033974
40,10021.606484
41,10022.923994
42,10023.369016
43,10067.228388
44,10131.446148
45,10145.763140
46,10196.752096
47,10295.067630
48,10320.240516
49,10357.543993
50,10354.956094
51,10412.633127
52,10353.003466
53,10409.393255
54,10482.187717
55,10539.342849
56,10492.747643
57,10486.345862
58,10550.000467
59,10575.116474
60,10607.766632
61,10639.370773
62,10647.692153
63,10612.102800
64,10629.001342
65,10690.386896
66,10650.664807
67,10641.285380
68,10699.222343
69,10768.455678
70,10849.912160
71,10800.638342
72,10759.029488
73,10822.392262
74,10854.563405
75,10920.126456
76,10857.349305
77,10812.155502
78,10861.729309
79,10840.880112
80,10860.336672
81,10894.812488
82,10875.665518
83,10892.276694
84,10897.695317
85,10894.360859
86,10835.591157
87,10911.897342
88,10948.526736
89,10920.574778
90,10948.084820
91,10951.030624
92,10820.124540
93,10843.269475
94,10882.777709
95,10951.875491
96,10935.113273
97,10940.933950
98,10926.366822
99,10960.259079
100,10934.374174
101,10903.229724
102,10827.293952
103,10887.348368
104,10929.741204
105,10967.776336
106,10866.484725
107,10933.580051
108,10889.395538
109,10963.046290
110,10956.054132
111,10916.181969
112,10900.775129
113,10872.105590
114,10825.593900
115,10946.793682
116,10913.387135
117,10893.924559
118,10944.189428
119,11014.499244
120,10903.967113
121,10890.615005
122,10826.222437
123,10862.723392
124,10931.182387
125,10833.618633
126,10898.822011
127,10928.266844
128,10915.774392
129,10938.197593
130,10950.069175
131,10871.657637
132,10869.598396
133,10889.549888
134,10908.836078
135,10915.175069
136,10935.349329
137,10908.493062
138,10890.592163
139,10890.259265
140,11011.364652
141,10972.290608
142,10877.242181
143,10860.260401
144,10975.431035
145,10937.183550
146,10919.414634
147,10939.619466
148,10948.530794
149,10880.741643
150,10877.245033
151,10970.837468
152,10925.615793
153,10936.798184
154,10904.272687
155,10879.294059
156,10868.337611
157,10912.232271
158,10952.299314
159,10942.365084
160,10932.984125
161,10890.850655
162,10965.122227
163,10888.422255
164,10931.836144
165,10909.872053
166,10945.675420
167,10907.461285
168,10890.936740
169,10891.961017
170,10947.433145
171,10939.997116
172,10824.248812
173,10945.895562
174,10990.594228
175,10941.482619
176,10943.498181
177,10875.169195
178,10982.438606
179,10899.187062
180,10893.867114
181,10904.446582
182,10942.120585
183,10938.650354
184,10966.012948
185,11019.692988
186,10933.896573
187,10960.182466
188,10961.499437
189,10963.184810
190,10965.115900
191,10928.891426
192,10938.672375
193,10885.654483
194,10975.275442
195,10991.970423
196,10956.903483
197,10956.364105
198,10988.053361
199,10943.909503
200,10958.002475
201,10924.519855
202,10956.324621
203,10986.920946
204,10974.038355
205,10990.842833
206,11008.602135
207,10944.449305
208,10945.201972
209,10943.691659
210,10904.617324
211,10961.960741
212,10892.150880
213,10890.316318
214,10935.490751
215,10931.769106
216,10915.298227
217,10940.657460
218,10937.297925
219,10890.968127
220,10897.648033
221,10922.800333
222,10860.223139
223,10918.134692
224,10912.150134
225,10932.941474
226,10960.031952
227,10908.183587
228,10920.738383
229,10917.761744
230,10837.836498
231,11016.074875
232,10909.773634
233,10916.609087
234,10926.502543
235,10882.214088
236,10830.227689
237,10912.012918
238,10862.660403
239,10883.981025
240,10940.287767
241,10983.506137
242,10998.913587
243,10837.085948
244,10845.775368
245,10997.350508
246,10885.868559
247,10974.456690
248,10965.246209
249,10956.809352
250,10926.091303
251,10920.657689
252,10913.671832
253,10941.693426
254,10871.586505
255,10913.153893
256,10969.652288
257,10963.326785
258,10948.837651
259,10959.854254
260,11010.399489
261,10944.292494
262,10932.288301
263,10917.358529
264,10930.331651
265,10922.048937
266,10883.343737
267,10858.064706
268,10914.602663
269,10902.351338
270,10869.359886
271,10965.017513
272,10906.292554
273,10900.251120
274,10918.500554
275,10959.176644
276,10865.108624
277,11018.178724
278,10975.913788
279,10940.156906
280,10876.948957
281,10992.561120
282,10924.520080
283,10859.836129
284,10885.441769
285,10866.382770
286,10895.052050
287,10984.035390
288,10934.125995
289,10939.787828
290,10944.418992
291,10876.529724
292,10955.065726
293,10961.422997
294,10906.529740
295,10914.223187
296,10935.191902
297,10937.931130
298,10907.485339
299,10939.498716
300,10895.121218
301,10981.664537
302,10946.848789
303,10906.440457
304,10927.384788
305,10945.281007
306,10952.908747
307,10906.367912
308,10931.490803
309,10960.576838
310,10924.261324
311,10945.269075
312,10961.554066
313,10962.771413
314,10891.912046
315,10871.210516
316,10928.069609
317,10904.159728
318,10877.119717
319,10884.095305
320,10891.461261
321,10931.814204
322,11017.705923
323,10934.068700
324,10949.523321
325,10926.454833
326,10968.023168
327,10928.427951
328,10902.446038
329,10910.501563
330,10895.643714
331,10916.493195
332,10963.988351
333,10953.336914
334,10931.840979
335,10986.211664
336,10941.476388
337,10946.215608
338,10923.056018
339,10911.236890
340,10941.129525
341,10864.115119
342,10862.042153
343,10813.917848
344,10953.004222
345,10894.027198
346,10926.253923
347,10848.129958
348,10917.591104
349,10888.584530
350,10980.440177
351,10932.924849
352,10981.183792
353,10962.278018
354,10920.560702
355,10960.621748
356,10908.863877
357,10884.130461
358,10919.653302
359,10950.300810
360,11016.044521
361,10871.273460
362,10841.285804
363,10861.105832
364,10931.717797
365,10916.072322
366,10875.271292
367,10958.066100
368,10966.522809
369,10940.078634
370,10952.382456
371,10958.740186
372,10950.106970
373,10912.761687
374,11019.634230
375,10874.215683
376,10889.984080
377,10886.842440
378,10888.490621
379,10890.194840
380,10951.645027
381,10986.627070
382,10936.912385
383,10929.582859
384,10980.956607
385,10937.560350
386,10900.113091
387,10959.817017
388,10893.923468
389,10961.384304
390,10927.659024
391,10912.765039
392,10879.312685
393,10924.700586
394,10933.336325
395,10871.485416
396,10856.074828
397,10884.148562
398,10850.420447
399,10955.019053
400,10984.836467
401,10901.424052
402,10950.181773
403,10977.717957
404,10949.114081
405,10972.339911
406,11009.342905
407,10941.510260
408,10999.827911
409,10984.969725
410,10965.873261
411,10948.824617
412,10895.715806
413,10927.047056
414,10876.880407
415,10907.074673
416,10895.617172
417,10960.904444
418,10919.720923
419,10893.504889
420,10875.834993
421,10914.484457
422,10894.667146
423,10922.904673
424,10989.310532
425,10985.000908
426,10931.808714
427,10865.146995
428,10894.198286
429,10938.168627
430,10904.297637
431,10819.040241
432,10871.240491
433,10960.585187
434,10912.425603
435,10930.056919
436,10930.571902
437,10877.005115
438,10816.827990
439,10968.598402
440,10962.616312
441,10971.159230
442,10939.153496
443,10838.117338
444,10931.206240
445,10868.173082
446,10934.364023
447,10884.120731
448,10871.648992
449,10943.055156
450,10900.097338
451,10918.648910
452,10852.877895
453,11006.743464
454,10971.642700
455,10963.029535
456,10953.358425
457,10987.988062
458,10910.271887
459,10953.309919
460,10930.499382
461,10940.850508
462,10853.935889
463,10918.739297
464,10957.476846
465,10957.976430
466,10946.543034
467,10946.450244
468,10968.063648
469,10959.147038
470,10984.721669
471,10955.765993
472,10915.286752
473,10986.453238
474,10954.133941
475,10958.370332
476,10953.071458
477,11030.141346
478,10983.987321
479,10961.413571
480,10931.799829
481,10909.389553
482,10934.827303
483,10908.054279
484,10915.162127
485,10889.350442
486,10935.440349
487,10899.041374
488,10894.120752
489,10901.556431
490,10940.650493
491,10906.919688
492,10890.387188
493,10934.000855
494,10885.268972
495,10911.572054
496,10908.107793
497,10876.010632
498,10911.791920
499,10943.024582
