0,3369.975002
1,3370.683166
2,3382.455590
3,3358.912357
4,3360.107998
5,3375.614750
6,3380.382280
7,3364.471662
8,3353.435228
9,3361.151074
10,3352.029834
11,3354.465475
12,3348.773501
13,3334.873795
14,3306.566610
15,3306.230505
16,3291.996662
17,3326.242105
18,3328.598157
19,3324.323227
20,3334.070480
21,3337.894199
22,3312.055200
23,3337.615712
24,3361.766410
25,3371.651819
26,3413.945399
27,3328.714951
28,3316.024215
29,3356.523719
30,3366.303510
31,3285.821090
32,3314.089439
33,3335.245196
34,3305.122554
35,3328.608210
36,3319.220489
37,3250.016572
38,3234.722551
39,3230.441561
40,3244.462107
41,3263.801809
42,3246.756775
43,3273.463500
44,3256.696591
45,3228.945372
46,3263.760981
47,3276.658485
48,3249.342489
49,3249.245537
50,3260.077558
51,3236.473108
52,3256.903299
53,3224.347635
54,3257.349693
55,3256.998929
56,3258.458708
57,3324.309315
58,3302.696649
59,3269.998119
60,3275.134933
61,3287.689956
62,3277.692893
63,3313.310436
64,3265.093936
65,3293.479142
66,3275.949934
67,3261.865309
68,3234.978680
69,3233.278685
70,3203.297483
71,3237.245912
72,3223.693161
73,3220.304218
74,3229.170998
75,3280.807773
76,3243.214816
77,3201.349778
78,3191.079955
79,3199.497060
80,3151.645934
81,3193.464273
82,3167.224188
83,3218.331457
84,3244.159090
85,3252.060968
86,3259.832909
87,3224.406881
88,3221.647366
89,3172.215309
90,3144.219768
91,3200.639867
92,3222.327389
93,3179.203532
94,3221.671129
95,3265.467447
96,3261.558195
97,3334.832562
98,3328.746490
99,3310.738411
100,3357.634940
101,3341.920662
102,3330.701622
103,3319.646841
104,3431.525564
105,3406.715780
106,3378.448207
107,3340.184880
108,3344.144550
109,3373.409547
110,3351.998598
111,3379.442863
112,3409.510838
113,3393.884163
114,3401.406102
115,3373.587814
116,3357.058689
117,3311.094932
118,3275.108714
119,3312.445363
120,3292.039473
121,3275.322428
122,3318.525394
123,3297.070061
124,3342.381841
125,3324.099198
126,3277.616031
127,3231.476966
128,3225.707745
129,3267.975427
130,3273.069724
131,3301.318769
132,3343.735959
133,3309.867763
134,3254.678138
135,3291.967399
136,3264.971954
137,3295.725796
138,3289.865761
139,3292.221999
140,3304.009600
141,3286.543418
142,3314.393142
143,3311.448057
144,3320.233984
145,3334.852644
146,3336.756165
147,3359.249860
148,3319.547127
149,3304.549389
150,3337.792440
151,3351.846999
152,3392.110795
153,3387.074749
154,3363.037105
155,3326.693934
156,3351.244464
157,3345.539850
158,3319.933759
159,3302.740942
160,3325.762281
161,3314.664373
162,3330.899587
163,3358.128546
164,3364.305469
165,3346.045259
166,3303.468207
167,3274.654953
168,3340.382905
169,3332.982583
170,3329.034621
171,3313.621823
172,3343.306716
173,3372.016386
174,3289.982260
175,3292.685865
176,3292.458060
177,3251.831231
178,3245.881620
179,3289.312027
180,3244.214317
181,3278.697867
182,3329.440870
183,3328.942726
184,3349.269007
185,3334.608245
186,3319.688440
187,3304.643459
188,3324.258354
189,3283.031805
190,3286.522433
191,3255.334108
192,3193.465949
193,3198.920360
194,3133.707791
195,3162.184144
196,3202.839249
197,3201.398475
198,3178.129543
199,3102.466008
200,3163.603382
201,3190.707956
202,3220.396099
203,3189.514316
204,3160.741131
205,3192.246747
206,3198.932551
207,3244.895510
208,3220.634631
209,3207.401230
210,3127.348679
211,3129.446984
212,3136.957774
213,3166.159983
214,3198.724640
215,3176.901231
216,3183.657961
217,3138.180726
218,3149.388360
219,3141.485241
220,3135.572046
221,3200.143788
222,3223.214413
223,3205.586674
224,3177.481637
225,3233.410739
226,3230.217956
227,3253.743956
228,3271.925901
229,3269.241131
230,3268.023163
231,3282.110874
232,3304.169613
233,3317.369324
234,3280.122014
235,3231.203868
236,3239.022293
237,3190.829108
238,3235.880887
239,3240.448211
240,3181.666928
241,3144.884407
242,3177.302225
243,3204.286974
244,3175.288400
245,3207.192892
246,3174.348566
247,3211.670543
248,3220.693052
249,3263.598391
250,3270.904548
251,3238.169694
252,3196.678438
253,3178.055791
254,3189.401582
255,3171.500748
256,3220.406594
257,3214.468627
258,3192.505349
259,3234.505236
260,3313.366237
261,3341.210649
262,3317.710118
263,3278.650223
264,3246.345037
265,3241.429443
266,3240.113791
267,3246.574345
268,3295.557375
269,3309.849887
270,3327.506785
271,3333.434157
272,3334.267628
273,3341.000131
274,3327.895643
275,3317.265104
276,3253.545716
277,3246.135900
278,3247.867541
279,3285.617276
280,3251.388406
281,3254.505390
282,3272.167445
283,3225.549725
284,3241.840858
285,3193.852061
286,3188.081447
287,3235.634718
288,3248.556620
289,3280.271475
290,3286.533448
291,3291.482560
292,3286.870584
293,3232.956229
294,3233.411870
295,3229.854549
296,3218.285426
297,3204.440137
298,3269.064291
299,3248.246073
300,3279.612346
301,3275.319978
302,3285.908918
303,3298.134704
304,3295.390011
305,3299.812559
306,3284.613405
307,3283.588850
308,3280.436758
309,3279.294054
310,3267.799293
311,3233.286371
312,3203.586903
313,3195.916005
314,3197.663523
315,3179.777817
316,3168.954076
317,3132.374372
318,3181.522964
319,3154.520872
320,3175.378938
321,3176.104815
322,3215.581806
323,3218.591450
324,3259.707451
325,3256.326225
326,3240.822174
327,3237.775817
328,3230.927439
329,3255.344241
330,3246.710776
331,3276.630772
332,3263.126754
333,3276.393289
334,3281.409069
335,3285.445410
336,3315.628818
337,3329.646592
338,3352.796445
339,3300.385494
340,3251.991598
341,3270.681708
342,3317.017380
343,3311.650105
344,3322.001797
345,3335.312357
346,3317.591945
347,3313.773791
348,3291.691737
349,3255.262717
350,3278.433831
351,3263.870325
352,3243.680834
353,3219.093314
354,3222.479553
355,3264.345183
356,3241.505361
357,3261.873125
358,3271.367638
359,3222.514915
360,3226.549318
361,3232.423436
362,3200.246024
363,3211.916983
364,3153.738759
365,3119.571540
366,3165.728784
367,3209.995837
368,3219.301748
369,3202.915225
370,3246.751209
371,3236.535461
372,3281.855997
373,3250.385850
374,3217.429914
375,3234.718035
376,3289.531154
377,3319.586366
378,3294.619383
379,3261.335642
380,3234.739602
381,3246.751856
382,3219.372896
383,3242.586356
384,3227.270691
385,3176.480530
386,3148.316039
387,3176.402364
388,3227.805164
389,3264.695053
390,3301.446801
391,3293.179458
392,3279.111360
393,3273.011784
394,3287.094848
395,3260.276295
396,3285.312634
397,3315.668735
398,3341.641853
399,3364.802826
400,3320.817474
401,3317.577014
402,3299.864749
403,3250.037068
404,3295.776376
405,3278.206643
406,3286.548483
407,3251.567188
408,3250.894220
409,3263.656818
410,3287.678885
411,3272.884833
412,3310.824758
413,3301.347637
414,3356.019700
415,3324.909236
416,3325.565732
417,3341.782914
418,3350.211797
419,3358.670524
420,3391.827775
421,3377.508043
422,3381.418650
423,3368.462918
424,3371.886416
425,3323.686263
426,3257.239678
427,3275.198166
428,3323.880862
429,3348.754014
430,3377.767499
431,3340.867710
432,3354.103631
433,3359.254122
434,3371.312383
435,3336.098360
436,3341.277293
437,3331.937351
438,3339.185649
439,3362.166553
440,3298.354116
441,3229.459841
442,3179.979809
443,3194.519572
444,3180.344135
445,3203.518106
446,3177.971355
447,3166.044887
448,3116.076510
449,3159.302340
450,3106.892577
451,3127.452976
452,3175.625076
453,3161.452491
454,3149.169496
455,3174.656501
456,3205.456874
457,3198.137681
458,3232.102526
459,3257.079605
460,3217.466068
461,3238.639753
462,3249.868929
463,3263.285268
464,3301.517594
465,3229.832066
466,3219.340229
467,3222.908291
468,3162.875039
469,3180.471051
470,3219.349351
471,3203.081561
472,3182.356713
473,3182.548821
474,3199.907735
475,3191.417267
476,3182.132826
477,3206.257166
478,3202.599262
479,3216.881542
480,3185.802651
481,3164.255754
482,3223.711431
483,3222.205577
484,3263.824720
485,3297.809481
486,3343.310746
487,3274.454811
488,3271.913638
489,3261.724531
490,3187.391304
491,3225.280368
492,3202.676051
493,3203.288415
494,3198.071091
495,3180.855563
496,3197.799825
497,3252.294251
498,3206.547503
499,3229.185443
