0,3344.057587
1,3453.480695
2,3569.767817
3,3668.517749
4,3745.959840
5,3812.358841
6,3858.765675
7,3911.969713
8,3970.103268
9,4011.479712
10,4042.602675
11,4088.274663
12,4132.637749
13,4168.986349
14,4195.321804
15,4229.114164
16,4274.176758
17,4289.090766
18,4318.817838
19,4358.640794
20,4399.595336
21,4407.824775
22,4447.039320
23,4464.863095
24,4495.520369
25,4501.957988
26,4548.212219
27,4572.184969
28,4601.224222
29,4636.074318
30,4669.463199
31,4687.147895
32,4727.432899
33,4758.248520
34,4802.658401
35,4826.561633
36,4861.274166
37,4920.620993
38,4960.052337
39,4983.103860
40,5003.440152
41,5023.037255
42,5060.094891
43,5047.877879
44,5076.063578
45,5103.884840
46,5109.530436
47,5095.892930
48,5126.279985
49,5144.962813
50,5173.795747
51,5184.286187
52,5180.526496
53,5188.967365
54,5172.989134
55,5186.850077
56,5223.227194
57,5248.262704
58,5255.421246
59,5250.036386
60,5260.263025
61,5295.325776
62,5291.411979
63,5318.166495
64,5330.074729
65,5325.617969
66,5326.492766
67,5318.874452
68,5304.675900
69,5317.932994
70,5324.250731
71,5330.630404
72,5346.051867
73,5360.649683
74,5364.531401
75,5363.304894
76,5363.153748
77,5352.241610
78,5367.281539
79,5348.347608
80,5364.209810
81,5371.266258
82,5387.288873
83,5389.760432
84,5412.788997
85,5442.923282
86,5425.522752
87,5440.538197
88,5494.369543
89,5508.150995
90,5527.901880
91,5549.055483
92,5563.615333
93,5597.662613
94,5599.744592
95,5610.691896
96,5609.664926
97,5619.830758
98,5651.235303
99,5668.562560
100,5663.379409
101,5686.707764
102,5684.839738
103,5713.892159
104,5726.524761
105,5746.629399
106,5749.916525
107,5744.756682
108,5735.878387
109,5760.633370
110,5764.316577
111,5799.173600
112,5807.270564
113,5835.608870
114,5838.639838
115,5860.719001
116,5863.692949
117,5817.165311
118,5847.914690
119,5832.400093
120,5842.356081
121,5849.900127
122,5840.051827
123,5861.668976
124,5863.755480
125,5877.362908
126,5886.478707
127,5880.022062
128,5914.192721
129,5896.227642
130,5899.725274
131,5899.724483
132,5908.516000
133,5906.041874
134,5888.589188
135,5924.123020
136,5969.472192
137,5997.929738
138,6015.421761
139,6049.903215
140,6059.566401
141,6086.913516
142,6090.639584
143,6078.982166
144,6111.610525
145,6111.463804
146,6109.180838
147,6147.836630
148,6140.478731
149,6168.128357
150,6162.856950
151,6170.080643
152,6137.689333
153,6125.002200
154,6138.971668
155,6115.621651
156,6148.002430
157,6190.271379
158,6181.210371
159,6182.449499
160,6225.319436
161,6225.866609
162,6221.631117
163,6219.283293
164,6244.212973
165,6239.735311
166,6241.976683
167,6246.025208
168,6246.245916
169,6249.567936
170,6259.499681
171,6287.422910
172,6283.152557
173,6251.279547
174,6268.249318
175,6256.777067
176,6238.699925
177,6258.582500
178,6233.897406
179,6228.601835
180,6301.955884
181,6311.969580
182,6304.261498
183,6270.213852
184,6279.254295
185,6273.742473
186,6259.625289
187,6257.925619
188,6255.271345
189,6293.920202
190,6284.334292
191,6321.043448
192,6295.375834
193,6315.336421
194,6315.127917
195,6294.571803
196,6308.975269
197,6257.698476
198,6245.450069
199,6278.611153
200,6260.433822
201,6294.125738
202,6331.466377
203,6300.261005
204,6287.508282
205,6264.990788
206,6255.845928
207,6293.365992
208,6283.483078
209,6288.085465
210,6307.706265
211,6324.131449
212,6312.790413
213,6277.560486
214,6308.082724
215,6300.783387
216,6269.447462
217,6271.832623
218,6253.796194
219,6278.891237
220,6305.642016
221,6338.103510
222,6331.684789
223,6329.830192
224,6317.910801
225,6285.159213
226,6270.989792
227,6291.937408
228,6323.287205
229,6295.917368
230,6285.610208
231,6310.402521
232,6272.775309
233,6294.642547
234,6266.834324
235,6239.941830
236,6233.260562
237,6253.099451
238,6238.046940
239,6206.149229
240,6246.566240
241,6249.046768
242,6289.398454
243,6282.349122
244,6285.915211
245,6293.119987
246,6281.219527
247,6283.515963
248,6278.193414
249,6279.930488
250,6298.273329
251,6313.830524
252,6317.062964
253,6291.864649
254,6330.314388
255,6290.178736
256,6293.732046
257,6294.197316
258,6301.007813
259,6309.041199
260,6330.752395
261,6293.560025
262,6280.283948
263,6275.952740
264,6276.690832
265,6315.678870
266,6321.384152
267,6343.529348
268,6332.540821
269,6347.025701
270,6340.166048
271,6307.358444
272,6300.664181
273,6323.176035
274,6320.476836
275,6292.738580
276,6293.477795
277,6352.843412
278,6352.990568
279,6351.902968
280,6403.753847
281,6399.678544
282,6406.978468
283,6381.793272
284,6412.327256
285,6385.407881
286,6412.575658
287,6406.883874
288,6401.323657
289,6394.430142
290,6460.440010
291,6446.770799
292,6440.830628
293,6437.598817
294,6408.779469
295,6432.529501
296,6443.342021
297,6415.670777
298,6431.477011
299,6442.722845
300,6408.463806
301,6378.720705
302,6392.947548
303,6440.633389
304,6418.497215
305,6444.549917
306,6467.293689
307,6441.998471
308,6449.089116
309,6438.577751
310,6422.136148
311,6432.251264
312,6439.083968
313,6401.353252
314,6386.909703
315,6410.119174
316,6449.910718
317,6454.366286
318,6439.411935
319,6454.066606
320,6437.912151
321,6453.578506
322,6472.692603
323,6479.201663
324,6423.881157
325,6425.187289
326,6416.138832
327,6431.244947
328,6483.058504
329,6479.387416
330,6455.419189
331,6455.385017
332,6436.511176
333,6442.173447
334,6470.909314
335,6460.528813
336,6493.127036
337,6486.273135
338,6483.127414
339,6401.480899
340,6404.247649
341,6428.219984
342,6402.174907
343,6419.607128
344,6422.244588
345,6429.808784
346,6428.859715
347,6410.837019
348,6395.002310
349,6427.089495
350,6424.677644
351,6450.283349
352,6445.821161
353,6458.517517
354,6448.349163
355,6428.209315
356,6442.384480
357,6445.005738
358,6447.747672
359,6455.762130
360,6437.721766
361,6456.540598
362,6462.799923
363,6456.274552
364,6478.959251
365,6517.105277
366,6503.412377
367,6519.255836
368,6493.767711
369,6454.451698
370,6463.307955
371,6484.151770
372,6478.275839
373,6486.958727
374,6464.932886
375,6456.813722
376,6449.515492
377,6458.820964
378,6501.444727
379,6475.441863
380,6470.133505
381,6451.181314
382,6440.194324
383,6470.787646
384,6459.300992
385,6430.982474
386,6447.897868
387,6448.454615
388,6442.871761
389,6455.852243
390,6422.836992
391,6407.635962
392,6454.427967
393,6472.914763
394,6453.901045
395,6430.121756
396,6438.436058
397,6437.375133
398,6476.882582
399,6471.016438
400,6478.164570
401,6439.570945
402,6442.921706
403,6411.925420
404,6435.746487
405,6411.528617
406,6432.546581
407,6456.408701
408,6465.834492
409,6430.603678
410,6459.589216
411,6439.264710
412,6422.385755
413,6420.300607
414,6414.330987
415,6436.923221
416,6423.416621
417,6432.509364
418,6394.577519
419,6372.988723
420,6394.132897
421,6403.272776
422,6407.270331
423,6368.065504
424,6419.103742
425,6413.704309
426,6430.327289
427,6421.927363
428,6458.387840
429,6461.337348
430,6444.236575
431,6432.968656
432,6449.861129
433,6444.269427
434,6465.319061
435,6419.592335
436,6450.936066
437,6476.510204
438,6487.835373
439,6479.309820
440,6459.305970
441,6462.521963
442,6486.681354
443,6468.699284
444,6429.318941
445,6476.635487
446,6462.163351
447,6480.757122
448,6486.302242
449,6502.789341
450,6512.250437
451,6509.307619
452,6483.356648
453,6441.955120
454,6405.431784
455,6454.513431
456,6473.265330
457,6476.311776
458,6476.201452
459,6452.656727
460,6420.989342
461,6404.250989
462,6411.091499
463,6407.745320
464,6420.015640
465,6470.000674
466,6454.391670
467,6439.759837
468,6437.388565
469,6441.476458
470,6450.060977
471,6459.872935
472,6432.505296
473,6433.403943
474,6448.581207
475,6461.618415
476,6460.382507
477,6457.506904
478,6465.832144
479,6428.938995
480,6451.608252
481,6460.855305
482,6481.242032
483,6473.727096
484,6463.871282
485,6497.370525
486,6452.740070
487,6440.019645
488,6415.940220
489,6399.395266
490,6443.465348
491,6426.692026
492,6417.655512
493,6403.693968
494,6433.182327
495,6433.450954
496,6442.751843
497,6419.496305
498,6428.791708
499,6441.317367
