0,3320.177534
1,3290.139173
2,3271.230329
3,3235.356315
4,3249.607140
5,3255.161873
6,3231.906021
7,3217.200916
8,3258.023491
9,3238.698729
10,3221.932910
11,3187.313185
12,3205.489379
13,3179.241480
14,3179.704842
15,3235.733382
16,3217.995206
17,3211.559748
18,3215.973599
19,3283.037695
20,3279.041976
21,3277.738108
22,3315.621078
23,3356.854759
24,3296.544979
25,3287.314966
26,3253.042906
27,3227.262184
28,3177.593179
29,3213.443915
30,3229.086962
31,3276.820481
32,3292.527580
33,3288.072652
34,3273.860375
35,3299.036616
36,3307.157269
37,3390.045088
38,3315.584777
39,3302.954073
40,3318.301533
41,3367.656250
42,3322.052759
43,3309.200159
44,3299.151668
45,3285.119442
46,3296.753204
47,3324.193172
48,3280.194418
49,3321.727180
50,3276.836375
51,3230.678458
52,3248.041986
53,3205.603617
54,3239.586015
55,3241.302532
56,3256.136483
57,3277.955475
58,3246.965604
59,3268.970725
60,3239.776735
61,3260.991382
62,3248.707305
63,3228.597004
64,3156.379731
65,3115.386281
66,3143.250180
67,3123.984970
68,3201.262105
69,3167.570647
70,3161.925298
71,3172.711928
72,3151.392045
73,3150.878282
74,3200.359870
75,3209.309946
76,3175.862469
77,3194.819975
78,3204.129907
79,3205.404587
80,3228.176405
81,3163.587022
82,3207.422740
83,3188.711254
84,3173.071017
85,3214.047552
86,3262.188251
87,3193.257871
88,3198.332601
89,3203.846286
90,3173.067550
91,3141.601994
92,3164.930094
93,3169.832717
94,3158.366464
95,3198.764166
96,3230.688634
97,3141.984360
98,3176.743073
99,3135.351846
100,3107.880217
101,3108.547756
102,3128.207316
103,3127.988170
104,3164.044152
105,3185.154984
106,3195.761263
107,3196.996355
108,3212.436221
109,3207.271189
110,3205.698281
111,3222.182463
112,3219.075754
113,3205.740053
114,3198.527401
115,3246.066664
116,3218.399914
117,3187.331712
118,3154.302862
119,3103.350669
120,3109.944332
121,3101.858627
122,3094.191958
123,3068.159330
124,3103.521523
125,3123.354822
126,3058.111444
127,3046.237524
128,3053.061217
129,3075.885609
130,3063.010845
131,3070.491263
132,3061.903298
133,3086.963127
134,3085.097240
135,3048.065687
136,3112.360575
137,3093.911667
138,3071.159758
139,3000.401804
140,3011.108462
141,2992.214537
142,2989.116966
143,3038.119746
144,3042.448435
145,3006.560680
146,2987.517774
147,2962.221096
148,2967.317123
149,2997.455950
150,2999.595926
151,3007.536041
152,3004.923192
153,2987.010559
154,2985.408072
155,2973.364496
156,3008.097535
157,3039.544655
158,3054.755642
159,3054.008886
160,3026.069469
161,3110.702668
162,3092.400005
163,3107.052151
164,3065.284944
165,3076.595413
166,3008.990149
167,3050.426813
168,3114.491015
169,3111.532230
170,3106.630421
171,3117.592300
172,3060.967747
173,3021.412086
174,2987.993422
175,2978.895981
176,2970.123970
177,2955.453941
178,2996.754705
179,3014.000923
180,3065.267305
181,3069.951812
182,3036.189714
183,3013.331196
184,3066.578428
185,3047.985163
186,3045.883742
187,3085.593151
188,3104.596526
189,3082.720254
190,3032.490350
191,3050.594408
192,3037.312405
193,3015.326113
194,2976.575712
195,2999.019305
196,3007.206326
197,2988.799935
198,2950.249204
199,3017.588958
200,3031.032705
201,3031.044069
202,3027.001390
203,3038.141951
204,3015.777710
205,3006.883430
206,3031.517679
207,3066.213390
208,3037.964742
209,3074.721060
210,3092.077802
211,3062.758479
212,3026.688860
213,2996.042805
214,2991.723112
215,3013.440930
216,2977.384501
217,3001.117739
218,2978.271844
219,2977.252153
220,2962.031159
221,2987.833359
222,2962.986251
223,2962.687578
224,2932.779829
225,2952.122848
226,2944.203295
227,2965.788028
228,2957.715443
229,2928.237509
230,2967.064202
231,2956.995407
232,3004.439325
233,3002.419839
234,2978.661973
235,3000.849443
236,2964.277870
237,2941.280155
238,2943.007585
239,2958.591933
240,2991.538481
241,2944.800338
242,2872.697481
243,2836.162428
244,2877.399435
245,2911.236058
246,2877.478079
247,2909.965536
248,2981.772311
249,2964.843233
250,2958.664340
251,2902.410938
252,2876.242392
253,2848.560991
254,2844.792749
255,2837.330146
256,2882.217006
257,2826.864577
258,2782.687619
259,2755.598843
260,2804.599637
261,2822.155711
262,2857.608648
263,2822.372464
264,2820.359075
265,2857.735390
266,2841.832309
267,2854.619079
268,2836.177941
269,2897.269496
270,2930.891841
271,2876.144169
272,2849.568339
273,2818.863031
274,2853.276575
275,2840.583796
276,2869.833903
277,2869.647219
278,2888.664983
279,2880.881122
280,2917.761213
281,2953.311955
282,2985.029811
283,2972.579557
284,2988.385493
285,3021.509355
286,2995.460299
287,2971.570830
288,2989.430155
289,2974.121785
290,3020.165844
291,3030.595772
292,3036.746615
293,3032.668381
294,3095.812864
295,3086.616243
296,3050.434478
297,3018.492363
298,3054.052442
299,3022.027970
300,3023.491264
301,3015.459603
302,2976.002640
303,2989.694900
304,2994.893861
305,3006.256902
306,2923.327573
307,2938.227588
308,2989.135086
309,3000.878178
310,2977.453412
311,2981.806905
312,2989.808225
313,3053.580748
314,3064.214895
315,3108.500767
316,3069.203424
317,3042.409671
318,3072.090220
319,3036.557845
320,3084.967424
321,3111.604423
322,3096.599669
323,3082.965263
324,3035.163150
325,3059.577743
326,3047.036899
327,3070.366444
328,3067.072154
329,3028.094173
330,3097.377075
331,3137.067400
332,3136.946966
333,3113.743671
334,3127.128010
335,3084.825186
336,3033.047046
337,3032.154783
338,3031.788465
339,3066.610296
340,3025.207751
341,2997.987433
342,2994.425699
343,3016.446963
344,3013.116842
345,3043.255724
346,3035.880592
347,3064.882320
348,3061.190584
349,3012.055744
350,3053.717670
351,3028.088710
352,3057.632120
353,3046.904824
354,3102.482552
355,3051.496107
356,3100.866834
357,3065.321456
358,3093.679325
359,3129.928814
360,3147.218507
361,3116.514321
362,3096.908654
363,3126.174591
364,3117.528110
365,3129.454382
366,3137.278991
367,3167.171647
368,3191.134675
369,3204.255460
370,3173.693080
371,3150.006782
372,3148.241640
373,3102.573089
374,3047.138215
375,3057.268370
376,3074.425203
377,3076.605247
378,3091.477439
379,3091.910994
380,3091.193032
381,3089.325215
382,3100.840478
383,3110.437322
384,3079.967092
385,3076.759908
386,3084.081163
387,3072.919907
388,3088.703935
389,3092.020694
390,3087.861727
391,3095.391827
392,3084.884522
393,3123.369139
394,3113.967221
395,3150.555272
396,3111.074539
397,3055.809996
398,3074.149911
399,3067.603828
400,3023.980937
401,3026.684900
402,3047.971399
403,3023.857800
404,3004.439497
405,3000.942306
406,3052.400262
407,3041.982319
408,3061.701373
409,3089.654447
410,3100.360857
411,3104.184689
412,3105.789635
413,3116.802996
414,3058.009587
415,3060.321321
416,3085.125205
417,3079.245812
418,3096.883568
419,3119.274505
420,3092.734520
421,3130.799010
422,3166.264089
423,3153.159081
424,3158.109723
425,3178.453578
426,3160.430496
427,3184.576393
428,3182.956277
429,3210.961785
430,3207.074371
431,3199.904251
432,3228.121587
433,3231.455048
434,3203.541169
435,3227.743442
436,3213.008125
437,3142.726009
438,3134.141012
439,3168.010021
440,3142.958428
441,3161.024140
442,3158.099729
443,3138.692745
444,3127.683418
445,3139.568814
446,3174.345540
447,3173.145197
448,3149.669691
449,3149.778128
450,3153.887781
451,3153.563972
452,3147.480632
453,3146.104551
454,3121.402647
455,3141.150801
456,3171.193545
457,3180.670125
458,3182.071269
459,3219.600149
460,3202.521737
461,3150.712050
462,3139.266044
463,3133.279563
464,3114.264892
465,3125.627235
466,3119.271424
467,3108.090715
468,3140.997999
469,3165.440417
470,3237.111628
471,3194.711741
472,3190.673612
473,3182.694386
474,3161.360316
475,3160.697422
476,3153.782992
477,3190.130506
478,3198.238623
479,3166.030761
480,3179.758883
481,3167.250358
482,3113.520368
483,3128.651008
484,3127.252303
485,3162.325602
486,3110.340211
487,3146.311974
488,3136.948878
489,3128.091456
490,3141.209342
491,3154.328588
492,3147.009282
493,3124.417370
494,3158.827222
495,3156.054638
496,3172.232112
497,3131.076428
498,3110.045583
499,3124.618742
