0,3375.467198
1,7024.114984
2,7534.375031
3,7824.316511
4,8092.543349
5,8234.894472
6,8429.298172
7,8536.867531
8,8665.075724
9,8777.761764
10,8844.774252
11,8909.223823
12,8992.110516
13,9056.072365
14,9099.543179
15,9202.298179
16,9257.681126
17,9276.080368
18,9328.186853
19,9347.372445
20,9395.804054
21,9452.452254
22,9501.720967
23,9554.286710
24,9698.105645
25,9709.993926
26,9769.655052
27,9892.807317
28,9944.948534
29,10014.568506
30,10091.000694
31,10156.140180
32,10191.988439
33,10180.744470
34,10287.412804
35,10301.832253
36,10391.340556
37,10379.001288
38,10408.315226
39,10494.492492
40,10467.603560
41,10458.845540
42,10532.094842
43,10533.934652
44,10512.663271
45,10533.025377
46,10590.275965
47,10629.952559
48,10647.070942
49,10664.726450
50,10659.268632
51,10595.491418
52,10637.748065
53,10670.617696
54,10743.265269
55,10743.150191
56,10761.390328
57,10749.420517
58,10739.808356
59,10758.919840
60,10729.030618
61,10744.575668
62,10773.578547
63,10776.197955
64,10750.602569
65,10768.647219
66,10760.494074
67,10800.003973
68,10813.561720
69,10768.463321
70,10749.934154
71,10760.252759
72,10812.819391
73,10724.389045
74,10755.435828
75,10699.688635
76,10773.149521
77,10800.882396
78,10737.480711
79,10748.296831
80,10858.818872
81,10810.259389
82,10835.798530
83,10840.246975
84,10830.110215
85,10822.020832
86,10762.147464
87,10761.522361
88,10732.265122
89,10784.382250
90,10897.071125
91,10845.541875
92,10903.472533
93,10840.074746
94,10862.728948
95,10831.626122
96,10889.017983
97,10892.780573
98,10833.824504
99,10890.236995
100,10839.152298
101,10856.385945
102,10800.319122
103,10877.305846
104,10833.413179
105,10877.008050
106,10912.574289
107,10865.481400
108,10880.319081
109,10896.565743
110,10823.861517
111,10879.476587
112,10892.763243
113,10909.292502
114,10856.636585
115,10863.336075
116,10877.830785
117,10897.553990
118,10818.861345
119,10881.692864
120,10846.046772
121,10884.476497
122,10903.830357
123,10891.253622
124,10856.327267
125,10924.175026
126,10873.647328
127,10938.935945
128,10921.848612
129,10903.414337
130,10843.472625
131,10947.890817
132,10862.404377
133,10876.580466
134,10885.865390
135,10917.552777
136,10868.565436
137,10900.203796
138,10881.586404
139,10851.033063
140,10908.584964
141,10879.165538
142,10875.884393
143,10878.968935
144,10920.052758
145,10917.205597
146,10925.640567
147,10811.223912
148,10854.928361
149,10856.270539
150,10906.969683
151,10970.714832
152,10911.804092
153,10872.358112
154,10879.463949
155,10943.348323
156,10879.513043
157,10858.975337
158,10939.423026
159,10915.192549
160,10964.518725
161,10897.933801
162,10904.948277
163,10849.005009
164,10856.123545
165,10947.023987
166,10951.953542
167,10923.550020
168,10930.118560
169,10998.023706
170,10945.270759
171,10897.479855
172,10879.980025
173,10855.922896
174,10937.178563
175,10915.610943
176,10851.825008
177,10935.426367
178,10869.669109
179,10861.457556
180,10891.072436
181,11010.684495
182,11037.725415
183,10989.965705
184,10948.735441
185,10937.577481
186,10925.626629
187,10921.110346
188,10957.385578
189,10953.367693
190,10971.005286
191,10935.282715
192,10980.416693
193,10970.081104
194,10923.074055
195,10948.277949
196,10937.328867
197,10937.340108
198,10932.281962
199,11081.457631
200,10959.216545
201,11026.727527
202,10989.143330
203,10971.940005
204,11010.975108
205,11000.408125
206,10974.925016
207,11023.207320
208,10936.230442
209,10946.404296
210,10916.422517
211,10946.425950
212,10971.003691
213,10963.672547
214,10972.631383
215,10938.017411
216,10963.473840
217,10976.875565
218,11012.121308
219,10947.482275
220,10957.603067
221,10984.876520
222,10957.406690
223,10947.516044
224,10916.664002
225,10977.451745
226,11000.467351
227,10992.819798
228,11081.597197
229,10972.386914
230,10970.900403
231,10921.797404
232,10947.842303
233,10976.339642
234,10997.851844
235,10947.486671
236,10918.957461
237,10991.937562
238,11025.734290
239,10978.105943
240,10974.718000
241,10972.184813
242,11022.721778
243,11010.999637
244,10975.180541
245,11027.250380
246,10959.185352
247,10884.266305
248,10973.415346
249,10934.443866
250,10950.847523
251,10960.749807
252,10932.503884
253,10952.982855
254,10922.187961
255,11000.744705
256,10993.390122
257,10996.892647
258,10934.982098
259,11017.498605
260,11028.388013
261,10963.304663
262,10978.458409
263,10946.322261
264,10928.529260
265,10965.913530
266,10939.180738
267,10924.930993
268,10977.046029
269,11018.345143
270,11010.524156
271,10917.133237
272,11008.533623
273,10933.573107
274,11002.696890
275,11029.389079
276,10966.269517
277,11042.392381
278,10980.963050
279,10994.921522
280,11013.305923
281,10980.822786
282,10935.716245
283,10996.431915
284,11047.245588
285,11044.051370
286,10966.655862
287,10984.910157
288,10962.968306
289,10915.523994
290,10967.665023
291,11031.590174
292,10933.612852
293,10969.515575
294,11110.691512
295,11012.390420
296,10971.680356
297,10972.038852
298,11051.307016
299,10922.764010
300,10935.713567
301,10958.445439
302,10964.744184
303,11024.041416
304,10928.558544
305,10936.109403
306,10975.461003
307,10945.008984
308,10943.206892
309,11041.289915
310,10993.770965
311,11020.385254
312,11021.258376
313,10952.727240
314,10979.043329
315,10966.303498
316,10984.431958
317,11025.112428
318,10972.882516
319,10991.687608
320,10899.933755
321,10972.723969
322,11027.061496
323,10937.099779
324,10968.948673
325,10954.145115
326,10967.696706
327,11021.388007
328,11056.153349
329,11040.641132
330,11012.592164
331,11011.683782
332,10968.740468
333,11006.421523
334,11070.341250
335,10992.886299
336,10947.760809
337,10976.022880
338,11022.431811
339,11037.422163
340,11075.137634
341,11028.654262
342,10996.212355
343,11080.721637
344,11044.289968
345,11046.069203
346,11093.795992
347,10978.677766
348,11004.147068
349,10998.970589
350,11054.962969
351,10988.128191
352,11003.165714
353,11054.132736
354,11021.341705
355,10923.108948
356,11013.749224
357,11031.667259
358,10975.658064
359,11029.707971
360,10989.044486
361,10962.360255
362,10971.619536
363,11035.326858
364,10992.104310
365,11026.679805
366,10979.770160
367,11031.433443
368,11002.890752
369,10995.096427
370,11029.601597
371,11064.369890
372,11031.252048
373,10987.259220
374,10978.836556
375,11067.738000
376,10887.490322
377,11066.129994
378,11062.711090
379,11080.254531
380,11038.519016
381,11033.913566
382,10965.822856
383,11035.757782
384,11026.762520
385,11012.443045
386,11048.203507
387,11074.166202
388,11005.201570
389,11040.805321
390,11040.275649
391,11034.263736
392,11032.418301
393,10962.096978
394,11029.305879
395,10995.182794
396,10948.512566
397,10990.068803
398,10942.757142
399,10952.869168
400,11006.771924
401,11054.354966
402,11029.862663
403,11054.197943
404,11030.271759
405,10994.045339
406,11009.262514
407,10959.094194
408,11008.048348
409,11032.065417
410,11056.456249
411,11003.926439
412,11059.388858
413,11061.795684
414,11065.590784
415,11005.482338
416,11037.098019
417,10986.753579
418,10927.820578
419,11030.371011
420,11011.938485
421,10993.907665
422,11014.725105
423,10931.659411
424,11056.069162
425,10973.491689
426,11013.166825
427,11038.407578
428,11055.623323
429,11082.778527
430,11055.067501
431,11006.811663
432,10992.931264
433,11000.565778
434,10976.482286
435,11016.563494
436,10954.929340
437,11036.957354
438,10967.574511
439,11002.280709
440,11001.150612
441,11029.899988
442,11027.850679
443,10974.728980
444,10977.063773
445,10955.819500
446,11012.615120
447,10996.792743
448,10955.921380
449,10988.024507
450,11047.405212
451,11039.562116
452,10957.769812
453,11066.918708
454,11042.464988
455,11055.176306
456,11096.948795
457,10980.571937
458,10950.477448
459,10982.987101
460,11039.512480
461,11109.947690
462,11050.481254
463,10962.427374
464,11011.999345
465,11026.707767
466,11031.911695
467,11017.489201
468,11021.246562
469,10996.615252
470,11003.249545
471,10976.955664
472,11037.407385
473,11028.221606
474,11014.502244
475,11038.498697
476,11074.780615
477,11032.121631
478,11023.211985
479,11030.566960
480,10995.430094
481,11061.161354
482,11088.214602
483,11037.179057
484,10969.167885
485,10973.415467
486,10996.024049
487,11025.282500
488,10949.118826
489,10975.119841
490,10998.031968
491,11016.953656
492,11068.214244
493,10985.884709
494,11004.246580
495,10973.693006
496,10913.015752
497,11040.586942
498,11038.609026
499,11037.549182
