0,3352.971916
1,6667.423940
2,7037.467168
3,7314.535534
4,7550.310899
5,7818.174225
6,8004.747700
7,8231.328813
8,8362.416546
9,8511.136839
10,8686.763911
11,8865.319480
12,8947.015137
13,9090.601658
14,9181.387002
15,9265.567792
16,9422.767938
17,9556.912540
18,9682.381321
19,9895.043747
20,10022.078294
21,10139.787678
22,10341.120928
23,10464.129992
24,10621.145151
25,10697.562634
26,10760.142522
27,10901.406600
28,11006.786277
29,11110.774892
30,11142.667907
31,11255.873935
32,11349.645611
33,11389.505502
34,11443.784486
35,11448.725663
36,11457.382318
37,11479.816020
38,11548.222535
39,11628.710278
40,11604.940303
41,11663.455568
42,11730.458562
43,11688.553036
44,11687.558885
45,11750.629558
46,11785.758158
47,11758.838933
48,11772.218018
49,11776.098158
50,11783.929382
51,11815.578200
52,11813.743583
53,11779.147389
54,11780.852026
55,11829.777225
56,11905.535488
57,11852.801508
58,11912.010000
59,11790.535266
60,11827.864053
61,11824.395606
62,11849.878175
63,11824.490406
64,11795.053833
65,11847.925889
66,11806.952724
67,11820.343959
68,11882.830024
69,11906.818086
70,11935.301891
71,11867.939557
72,11802.107567
73,11785.064753
74,11875.306986
75,11890.585092
76,11908.139385
77,11923.877100
78,11863.711398
79,11858.518567
80,11917.783908
81,11914.507093
82,11886.014544
83,11805.335909
84,11868.180259
85,11827.938710
86,11832.878087
87,11868.821637
88,11870.539717
89,11910.894393
90,11916.535503
91,11817.907874
92,11927.028392
93,11914.129955
94,11877.546671
95,11925.567485
96,11921.999386
97,11922.150177
98,11910.965613
99,11931.006285
100,11853.797147
101,11926.404540
102,11875.701406
103,11948.515353
104,11927.390579
105,11940.599299
106,11954.437265
107,11863.971287
108,11941.496567
109,11936.979957
110,11939.916809
111,11882.935337
112,11885.560478
113,11872.130289
114,11899.741175
115,11901.127078
116,11893.966476
117,11879.946864
118,11932.006656
119,11940.333262
120,11882.006756
121,11930.311289
122,11920.465984
123,12001.157148
124,11997.322974
125,11912.567477
126,11948.051149
127,11974.918154
128,12016.748384
129,11961.235250
130,11925.890493
131,11990.675469
132,12003.244396
133,11942.092734
134,11982.189610
135,12057.390062
136,11971.439131
137,11986.110652
138,11903.521626
139,11946.685224
140,12001.863112
141,11992.264703
142,12024.997145
143,11986.404641
144,11972.102109
145,11981.614112
146,11999.325278
147,11988.634920
148,12006.034637
149,11999.695028
150,11987.323367
151,12010.663957
152,11997.040225
153,12001.694294
154,12023.532463
155,11999.889693
156,11943.988584
157,12031.133703
158,12031.145095
159,11984.258089
160,11981.022860
161,12014.086399
162,12081.519527
163,12030.695686
164,12020.079001
165,11939.954969
166,12030.806951
167,12054.714959
168,12049.826385
169,12085.199749
170,12041.612068
171,12051.273349
172,12049.235444
173,12062.479051
174,12054.938037
175,12069.085280
176,12052.369565
177,12070.698772
178,12096.614425
179,12098.818604
180,12096.210958
181,12074.394778
182,12089.714670
183,12110.679395
184,12114.850985
185,12103.254007
186,12136.103620
187,12125.976415
188,12151.298154
189,12154.216632
190,12139.332922
191,12096.804036
192,12085.338896
193,12141.270845
194,12148.036098
195,12127.551798
196,12115.907070
197,12149.873983
198,12132.777873
199,12116.444769
200,12148.141702
201,12134.243901
202,12160.441164
203,12154.355424
204,12183.880938
205,12146.426756
206,12135.207239
207,12159.958933
208,12121.932490
209,12107.622809
210,12142.076238
211,12152.516288
212,12116.573015
213,12158.757019
214,12172.733491
215,12159.128839
216,12184.520156
217,12164.126962
218,12173.377128
219,12188.272533
220,12187.145817
221,12198.302829
222,12186.929579
223,12207.172021
224,12192.220169
225,12208.219871
226,12203.809632
227,12207.032048
228,12206.627260
229,12194.276404
230,12196.863413
231,12204.137980
232,12200.523963
233,12208.894404
234,12211.563435
235,12211.722432
236,12193.123460
237,12202.029978
238,12190.214808
239,12205.054655
240,12197.106610
241,12206.850155
242,12186.639557
243,12195.118009
244,12195.329594
245,12216.732660
246,12198.679012
247,12204.300243
248,12200.432725
249,12193.887609
250,12185.744945
251,12211.913642
252,12201.689603
253,12192.740092
254,12183.474531
255,12193.374685
256,12211.476493
257,12212.013070
258,12219.344261
259,12205.440734
260,12206.602224
261,12185.605133
262,12198.980440
263,12197.133029
264,12200.916788
265,12193.992663
266,12183.252670
267,12196.737864
268,12185.458397
269,12214.679241
270,12208.692711
271,12204.273163
272,12203.172874
273,12193.496657
274,12189.214838
275,12199.964341
276,12203.590116
277,12192.312236
278,12218.046227
279,12205.171921
280,12196.308208
281,12202.987041
282,12210.956585
283,12185.171983
284,12198.123938
285,12188.341187
286,12212.988377
287,12205.134905
288,12219.692993
289,12203.868812
290,12212.729945
291,12198.135241
292,12207.676391
293,12208.422311
294,12216.246296
295,12195.521552
296,12185.179807
297,12195.497802
298,12186.208207
299,12202.666170
300,12189.545611
301,12211.095419
302,12208.906851
303,12218.515011
304,12207.674784
305,12186.864063
306,12196.608499
307,12200.159771
308,12204.894117
309,12197.369596
310,12214.453661
311,12207.845609
312,12179.846040
313,12188.899607
314,12195.753374
315,12195.287916
316,12205.698519
317,12197.594826
318,12208.494212
319,12197.976719
320,12183.647293
321,12196.937618
322,12197.289844
323,12206.364352
324,12203.651816
325,12193.803599
326,12210.545478
327,12215.155280
328,12187.448936
329,12212.838738
330,12219.725656
331,12194.855640
332,12189.780050
333,12208.343951
334,12210.012912
335,12204.150298
336,12214.079620
337,12182.931533
338,12206.721975
339,12210.970874
340,12206.882262
341,12196.117147
342,12209.503594
343,12203.264809
344,12206.348121
345,12200.573131
346,12192.949762
347,12205.996964
348,12191.319421
349,12205.148132
350,12211.604276
351,12207.642641
352,12208.051743
353,12206.591906
354,12208.780361
355,12203.442119
356,12210.156396
357,12187.576048
358,12208.390314
359,12201.356697
360,12212.061892
361,12213.841661
362,12215.005844
363,12195.019866
364,12210.259932
365,12199.721387
366,12204.588425
367,12196.899120
368,12192.271042
369,12205.369911
370,12202.013587
371,12203.978900
372,12199.317945
373,12210.278998
374,12197.751761
375,12189.723233
376,12191.032676
377,12209.408745
378,12206.239729
379,12206.686800
380,12224.073058
381,12214.847124
382,12198.622190
383,12202.999665
384,12188.079086
385,12185.782423
386,12193.840261
387,12194.371323
388,12201.143037
389,12206.641602
390,12188.633031
391,12192.426084
392,12217.482305
393,12201.089028
394,12202.161180
395,12212.842746
396,12197.578997
397,12221.880867
398,12213.560797
399,12204.672549
400,12197.675579
401,12200.185985
402,12199.464482
403,12182.533009
404,12199.164302
405,12214.436337
406,12209.163349
407,12216.939365
408,12209.477202
409,12215.583248
410,12189.232159
411,12198.436801
412,12210.775701
413,12211.308126
414,12196.669744
415,12204.033890
416,12191.853669
417,12195.153466
418,12204.326825
419,12194.431338
420,12214.254223
421,12212.899461
422,12203.081147
423,12198.543853
424,12208.458639
425,12208.209581
426,12192.988258
427,12193.813642
428,12195.968505
429,12210.397133
430,12197.908937
431,12192.013652
432,12199.137113
433,12200.290960
434,12203.141419
435,12170.822989
436,12181.428117
437,12201.870140
438,12206.868134
439,12196.385147
440,12199.946390
441,12201.787821
442,12209.476987
443,12211.003068
444,12204.883985
445,12174.867229
446,12194.372824
447,12192.941609
448,12207.807112
449,12198.182360
450,12207.232944
451,12193.035959
452,12208.008713
453,12211.575459
454,12195.967308
455,12207.726354
456,12210.686486
457,12225.877193
458,12216.143136
459,12204.917399
460,12189.946131
461,12214.017194
462,12193.744023
463,12201.943632
464,12212.793038
465,12221.986129
466,12170.005409
467,12209.726990
468,12205.319764
469,12185.013007
470,12197.028049
471,12196.931073
472,12214.931535
473,12221.223930
474,12185.328295
475,12185.470886
476,12222.961355
477,12209.320582
478,12196.866793
479,12203.483319
480,12186.677463
481,12193.635137
482,12183.471023
483,12207.278598
484,12195.850215
485,12214.303618
486,12200.310685
487,12203.399862
488,12202.892457
489,12196.715887
490,12190.950281
491,12191.315702
492,12209.024598
493,12183.123311
494,12192.171247
495,12198.657486
496,12206.503263
497,12210.490796
498,12207.690985
499,12209.561470
