0,3438.113415
1,3563.674279
2,3727.004459
3,3861.745445
4,3955.525790
5,4005.012743
6,4110.728386
7,4184.163507
8,4286.034469
9,4350.294625
10,4391.539621
11,4448.685949
12,4532.320641
13,4589.374937
14,4662.007135
15,4727.714455
16,4773.555581
17,4828.785492
18,4865.374814
19,4970.401247
20,5056.502782
21,5127.485018
22,5167.648561
23,5209.881042
24,5288.728313
25,5405.828748
26,5429.882090
27,5444.686659
28,5451.843056
29,5574.177640
30,5587.010215
31,5653.107195
32,5714.891670
33,5733.626547
34,5788.145276
35,5874.020771
36,5865.109728
37,5836.379582
38,5897.168456
39,5907.279990
40,5969.764326
41,5982.695885
42,6004.060178
43,6023.134233
44,6009.431109
45,6015.290911
46,5980.698757
47,6031.296686
48,6103.534319
49,6050.568456
50,6051.607492
51,6078.856872
52,6017.724398
53,6001.900205
54,6047.843405
55,6049.792780
56,6054.649058
57,6038.484303
58,6013.979852
59,6034.754862
60,5995.015067
61,5973.217448
62,6042.579647
63,5960.475773
64,5924.291445
65,5936.051476
66,5930.766974
67,6028.399577
68,6059.312533
69,6084.547841
70,6000.490494
71,5928.204731
72,5959.978768
73,6041.693355
74,5969.078857
75,6060.486321
76,6081.559072
77,6044.297559
78,6026.462693
79,6024.812961
80,6110.843988
81,6034.572615
82,5990.395358
83,5969.189835
84,6065.646852
85,6065.502775
86,6012.059677
87,6073.427565
88,6106.938980
89,6161.608819
90,6152.277968
91,6066.772177
92,6058.316471
93,6088.529138
94,6058.622933
95,6044.295996
96,6028.086858
97,6035.652514
98,6003.718880
99,6022.823122
100,6036.943320
101,6015.309382
102,6040.343659
103,6089.043077
104,6047.586761
105,5984.329971
106,5997.552613
107,5980.965561
108,5979.989547
109,5960.281717
110,6057.298355
111,6051.392742
112,6015.581421
113,6017.775134
114,6084.889574
115,6076.959480
116,6092.197736
117,6111.435628
118,6067.026510
119,6078.347518
120,6046.983219
121,6096.426304
122,6060.695667
123,6028.414601
124,6045.462931
125,6055.638671
126,6052.358242
127,6077.206490
128,6148.496905
129,6086.659989
130,6078.135778
131,6092.027226
132,6094.565083
133,6092.444333
134,6030.636688
135,6013.972595
136,5993.578067
137,6039.753699
138,6078.814378
139,6061.529062
140,5992.675776
141,6070.116091
142,6085.410173
143,6122.816372
144,6101.716852
145,6053.553748
146,6061.979922
147,6014.147546
148,6004.650495
149,6058.370957
150,6092.108359
151,6081.665406
152,6067.623354
153,6035.286861
154,6063.401930
155,6103.296157
156,6002.243520
157,5996.874931
158,6018.155553
159,6032.952187
160,5988.864612
161,6011.609206
162,6093.861809
163,6045.347174
164,6008.524589
165,6071.451056
166,6100.928520
167,6041.949467
168,6067.711213
169,6072.753951
170,6042.893913
171,6048.323085
172,6001.111929
173,6014.222190
174,6038.880411
175,5964.778730
176,6005.262200
177,5969.001188
178,6041.930362
179,6002.457252
180,6008.663323
181,6069.812202
182,6034.839035
183,6037.846304
184,6127.642374
185,6151.813898
186,6111.801556
187,6102.066613
188,6081.211965
189,6036.984649
190,6047.736110
191,5991.489705
192,6012.806947
193,6002.058585
194,5974.322500
195,6043.785086
196,6011.557993
197,6073.715850
198,6071.276112
199,5998.201522
200,6050.634520
201,6102.881222
202,6028.324297
203,5984.938103
204,5928.929968
205,5954.911293
206,6014.711554
207,5978.387988
208,5995.805633
209,5962.501598
210,5903.145012
211,5948.861233
212,5992.844582
213,6070.967831
214,6076.127029
215,6114.728187
216,5979.531682
217,6060.790792
218,6034.643250
219,6026.137279
220,6066.579973
221,6147.307020
222,5969.394372
223,6036.986720
224,6044.505036
225,6056.919638
226,6130.909240
227,6130.287484
228,6007.668355
229,6050.677421
230,6090.831367
231,6083.372770
232,5982.828804
233,6001.229632
234,6003.518027
235,5966.408794
236,5976.156776
237,5975.486410
238,6016.596789
239,6011.038622
240,6043.313255
241,6059.501872
242,6034.434504
243,6031.882401
244,6084.061923
245,6113.575892
246,6038.059118
247,5976.496978
248,5902.869457
249,5940.103852
250,6012.877496
251,5952.776171
252,5973.401854
253,6015.793198
254,6057.867003
255,6089.577518
256,6074.474223
257,5979.507003
258,6069.526659
259,5993.934140
260,6008.323062
261,6032.839605
262,6049.562740
263,6055.051864
264,6067.781833
265,5982.210676
266,6069.849668
267,6058.073474
268,6066.138993
269,5921.459887
270,6021.792736
271,6036.365465
272,6033.618207
273,6090.805116
274,6039.272896
275,6067.849155
276,6078.477729
277,6094.196159
278,6065.248130
279,6075.603521
280,6026.454793
281,6067.059108
282,6133.819763
283,6046.178013
284,6019.255579
285,6062.871466
286,5986.679700
287,5969.078148
288,6020.458276
289,6046.519765
290,5993.133281
291,6046.497514
292,6017.759866
293,6033.648434
294,5980.764825
295,6021.295971
296,6072.945675
297,6119.390681
298,6082.006593
299,6003.854854
300,6006.724971
301,5921.563635
302,5955.549171
303,5959.544136
304,6039.655935
305,5973.621122
306,6021.608880
307,6062.188455
308,6018.624977
309,5996.158260
310,5893.820101
311,6009.706071
312,6049.901962
313,5990.559410
314,6011.873840
315,5938.183584
316,6012.893174
317,6026.412650
318,6008.043561
319,6046.571813
320,5960.336047
321,6059.817201
322,6052.958759
323,6052.762755
324,6029.222256
325,5996.088597
326,5928.723898
327,5938.876023
328,6086.252812
329,6076.992584
330,6015.359332
331,6016.452826
332,5924.473105
333,6024.787383
334,6016.939314
335,5977.164941
336,5965.830871
337,5939.167409
338,5788.631480
339,5913.760789
340,5933.629420
341,5992.131091
342,6086.619068
343,6067.831819
344,6047.963283
345,6100.526193
346,6081.052594
347,6052.030928
348,6038.189152
349,5948.428546
350,5965.446390
351,5969.077944
352,6009.316641
353,5997.687725
354,6036.538352
355,6050.322164
356,6013.476645
357,6021.452061
358,6064.609389
359,6018.740987
360,6002.391958
361,6016.549848
362,6032.612412
363,6000.335107
364,5868.383992
365,5855.077246
366,5944.671506
367,6000.495410
368,6037.710857
369,6038.650206
370,6070.550208
371,6051.273397
372,6002.643704
373,6076.230728
374,6068.976689
375,6035.513516
376,6070.867900
377,6021.303599
378,5936.566255
379,5909.969113
380,5945.987160
381,6019.195483
382,6069.654891
383,5970.837213
384,6041.393298
385,6055.713803
386,6027.505794
387,6086.506507
388,6095.798514
389,6040.955496
390,5999.282311
391,6050.023634
392,6021.102672
393,5990.955427
394,5906.513492
395,6056.247103
396,6038.274886
397,6025.451599
398,6005.581270
399,5986.525195
400,5956.966520
401,5991.232945
402,5985.949418
403,6055.737923
404,6031.325558
405,6002.467139
406,6063.548018
407,6138.308304
408,6061.337050
409,6087.802695
410,6050.732973
411,6050.459181
412,6063.385716
413,6054.822602
414,6046.913314
415,6008.696030
416,5999.022362
417,6141.993484
418,6051.814825
419,6111.710949
420,6095.552147
421,6059.057220
422,5980.871173
423,5970.664832
424,6008.449563
425,5952.182029
426,5966.072144
427,5933.949515
428,5992.531459
429,6025.236336
430,5982.034628
431,5999.812524
432,6020.772012
433,5968.591621
434,6032.438636
435,6063.790560
436,6035.262003
437,6042.916896
438,6025.632549
439,6087.657954
440,5998.778417
441,6112.096739
442,6109.665472
443,6042.393479
444,6057.268382
445,6017.329052
446,5987.827323
447,5955.499327
448,5930.991854
449,5945.552840
450,5910.792023
451,5962.472292
452,6023.843605
453,5962.102865
454,5985.163243
455,6036.064976
456,6043.605846
457,6103.175344
458,6067.709167
459,6080.115006
460,6013.135874
461,6026.067745
462,6058.287246
463,5998.507111
464,5977.313754
465,5997.437150
466,6014.502742
467,6107.597429
468,5971.052884
469,5948.625352
470,5953.110011
471,5945.607665
472,5948.868400
473,5967.708478
474,5970.085732
475,6060.670747
476,6031.112376
477,6064.284582
478,6070.141324
479,6059.810992
480,6085.555161
481,6087.065282
482,6081.543366
483,6054.267421
484,6021.748615
485,6029.180181
486,6018.122124
487,6051.551639
488,6105.745075
489,6127.726962
490,6116.573903
491,6122.214286
492,6073.887877
493,6055.277966
494,6073.609003
495,6039.829264
496,5967.333591
497,5976.747773
498,6064.052602
499,6045.549548
