0,3373.557158
1,6843.671468
2,7226.794431
3,7623.628488
4,7840.207401
5,8033.216279
6,8240.567071
7,8404.223228
8,8532.564903
9,8699.827838
10,8817.362979
11,8919.163390
12,9042.518083
13,9074.968637
14,9189.995312
15,9288.459832
16,9353.436569
17,9423.231840
18,9449.535595
19,9566.771919
20,9606.218648
21,9694.789024
22,9780.500881
23,9930.388654
24,10083.112048
25,10215.196895
26,10336.908333
27,10396.583805
28,10493.302006
29,10574.287846
30,10623.953271
31,10700.398144
32,10724.898830
33,10783.376545
34,10896.145146
35,10888.675553
36,10992.816568
37,10945.886941
38,11109.402011
39,11120.360871
40,11166.627770
41,11160.869179
42,11105.013822
43,11254.228301
44,11273.859731
45,11259.819462
46,11218.490830
47,11146.067040
48,11223.043806
49,11280.206491
50,11296.771503
51,11292.844575
52,11275.039976
53,11327.085511
54,11268.611258
55,11271.251957
56,11255.117175
57,11301.551605
58,11259.893505
59,11298.151277
60,11300.295465
61,11295.746430
62,11337.813275
63,11306.149014
64,11318.155409
65,11339.765512
66,11358.958640
67,11360.476834
68,11320.729410
69,11286.839366
70,11280.126346
71,11293.066746
72,11381.169166
73,11364.225626
74,11402.566863
75,11275.904453
76,11277.011056
77,11390.706274
78,11348.566155
79,11351.628619
80,11347.644468
81,11331.860638
82,11264.664337
83,11297.384172
84,11287.199619
85,11278.692770
86,11406.866077
87,11380.625736
88,11324.181496
89,11360.672591
90,11285.841020
91,11298.294403
92,11374.363682
93,11333.924359
94,11335.734186
95,11302.803615
96,11401.962777
97,11327.607819
98,11300.612941
99,11249.597455
100,11232.156585
101,11326.424552
102,11308.958014
103,11262.218626
104,11258.040060
105,11265.778148
106,11352.984420
107,11281.464998
108,11281.052238
109,11238.799526
110,11267.183887
111,11358.334206
112,11329.581040
113,11343.525279
114,11328.948617
115,11342.057699
116,11272.467958
117,11348.294351
118,11394.360837
119,11313.418647
120,11332.799713
121,11318.629609
122,11237.556296
123,11259.481380
124,11320.058845
125,11349.516024
126,11275.911797
127,11382.835440
128,11334.633985
129,11329.885281
130,11329.857594
131,11292.524167
132,11242.780609
133,11335.834746
134,11331.352026
135,11327.792150
136,11295.878350
137,11274.246040
138,11326.923651
139,11320.694110
140,11278.635304
141,11289.087068
142,11296.516280
143,11182.870557
144,11261.537826
145,11345.917629
146,11367.151155
147,11334.987402
148,11239.304107
149,11327.161840
150,11319.413566
151,11323.563439
152,11385.722041
153,11385.251750
154,11320.985369
155,11353.863158
156,11292.786388
157,11293.834924
158,11344.965287
159,11315.887157
160,11401.719240
161,11298.685459
162,11299.085823
163,11281.398470
164,11259.868678
165,11303.824786
166,11341.537253
167,11325.793084
168,11306.408086
169,11224.641567
170,11215.695030
171,11246.519308
172,11326.990490
173,11330.903218
174,11284.353957
175,11298.696674
176,11358.467384
177,11360.960208
178,11321.574307
179,11285.687287
180,11307.553478
181,11304.204351
182,11426.043726
183,11329.841736
184,11316.810492
185,11242.798949
186,11336.420177
187,11328.158261
188,11335.104873
189,11294.132157
190,11307.363570
191,11264.191137
192,11292.938810
193,11296.339609
194,11264.477045
195,11312.669105
196,11295.458070
197,11295.870487
198,11342.780977
199,11376.192462
200,11310.210120
201,11326.966226
202,11341.540875
203,11328.555956
204,11287.775110
205,11289.716283
206,11300.631611
207,11226.015200
208,11326.215857
209,11305.108930
210,11260.666044
211,11347.714233
212,11346.870677
213,11360.722499
214,11379.134602
215,11366.220217
216,11348.557026
217,11286.469814
218,11323.822857
219,11275.203504
220,11320.957181
221,11307.361591
222,11317.635670
223,11298.798339
224,11278.944560
225,11347.442693
226,11371.658386
227,11345.400945
228,11330.629029
229,11310.518921
230,11354.995468
231,11322.796320
232,11361.807206
233,11372.260585
234,11312.461989
235,11304.440453
236,11276.170975
237,11299.469000
238,11251.297466
239,11264.630138
240,11303.497393
241,11283.359526
242,11313.020194
243,11284.418693
244,11300.780258
245,11327.807318
246,11315.133096
247,11301.209152
248,11351.806236
249,11323.759580
250,11292.647972
251,11336.959880
252,11316.601154
253,11318.251663
254,11348.511758
255,11310.719688
256,11379.093676
257,11359.569157
258,11315.284754
259,11293.508174
260,11348.168850
261,11307.621377
262,11322.900015
263,11294.321754
264,11276.467561
265,11286.140016
266,11305.484466
267,11321.005106
268,11340.292901
269,11372.466380
270,11293.328896
271,11336.480403
272,11326.938075
273,11380.066704
274,11294.632291
275,11309.691385
276,11329.507124
277,11277.755278
278,11363.631242
279,11353.339475
280,11331.803564
281,11345.640847
282,11311.004471
283,11326.376930
284,11318.146280
285,11265.443995
286,11331.027738
287,11272.936789
288,11331.582855
289,11283.327040
290,11368.853489
291,11377.441879
292,11391.222106
293,11311.990057
294,11233.659070
295,11225.212755
296,11287.690394
297,11301.439035
298,11305.071255
299,11342.438358
300,11345.921930
301,11333.043520
302,11267.651026
303,11302.864548
304,11351.125953
305,11327.751285
306,11360.189528
307,11333.542754
308,11329.340248
309,11296.548505
310,11313.494363
311,11238.329521
312,11313.993479
313,11349.820912
314,11290.252275
315,11286.910101
316,11284.567733
317,11310.148586
318,11282.625916
319,11309.030485
320,11271.112142
321,11324.930094
322,11376.929108
323,11338.309142
324,11333.351584
325,11317.862782
326,11330.316389
327,11306.467777
328,11317.854793
329,11327.625312
330,11348.535951
331,11373.238307
332,11319.641269
333,11318.502203
334,11297.567086
335,11393.456297
336,11339.985302
337,11349.756393
338,11308.158922
339,11313.408280
340,11274.548307
341,11323.144658
342,11280.645687
343,11302.360364
344,11320.749370
345,11258.918113
346,11246.529092
347,11270.633506
348,11346.722718
349,11384.526703
350,11353.326839
351,11286.808665
352,11313.688664
353,11366.315930
354,11265.676184
355,11266.406018
356,11304.581212
357,11351.921771
358,11305.551633
359,11351.984639
360,11329.999583
361,11345.175445
362,11286.409829
363,11372.913674
364,11343.387845
365,11320.082076
366,11350.984368
367,11219.841296
368,11341.727755
369,11399.959947
370,11329.081300
371,11240.932945
372,11324.885986
373,11256.093423
374,11357.791612
375,11287.262477
376,11323.463269
377,11322.288023
378,11277.141401
379,11371.314082
380,11313.066067
381,11260.240598
382,11342.788885
383,11242.366603
384,11230.630528
385,11241.301307
386,11229.004934
387,11231.671859
388,11243.593289
389,11300.397340
390,11283.456519
391,11315.806869
392,11264.413975
393,11230.861072
394,11294.992611
395,11342.903887
396,11333.560503
397,11332.565413
398,11248.932742
399,11243.256178
400,11293.991280
401,11293.275891
402,11325.039931
403,11287.119287
404,11280.776310
405,11295.649243
406,11275.342069
407,11269.058467
408,11273.487976
409,11360.402482
410,11356.445286
411,11371.897915
412,11302.119732
413,11350.830731
414,11314.152831
415,11341.646305
416,11295.986270
417,11309.419433
418,11320.659570
419,11333.748570
420,11335.324129
421,11364.167680
422,11265.680561
423,11303.634380
424,11243.139053
425,11301.530131
426,11310.929357
427,11380.328694
428,11368.950181
429,11305.933039
430,11289.651403
431,11308.445590
432,11331.936559
433,11303.141926
434,11364.352944
435,11382.738458
436,11322.220395
437,11325.394820
438,11205.457210
439,11290.763374
440,11345.425903
441,11280.785600
442,11355.431458
443,11303.869890
444,11337.873479
445,11369.098832
446,11361.217371
447,11319.184966
448,11305.474767
449,11308.335855
450,11327.209728
451,11309.890647
452,11299.942481
453,11318.863738
454,11282.951872
455,11324.965287
456,11329.781804
457,11320.074275
458,11266.853631
459,11318.743318
460,11374.280862
461,11324.139729
462,11334.751185
463,11350.158787
464,11329.898361
465,11281.562076
466,11329.348597
467,11329.008273
468,11307.129899
469,11344.454126
470,11323.762410
471,11309.975226
472,11297.176190
473,11339.523450
474,11336.460395
475,11335.694333
476,11254.520003
477,11273.148490
478,11345.652566
479,11363.193831
480,11333.836606
481,11321.605384
482,11319.887609
483,11358.555900
484,11338.245781
485,11361.827022
486,11297.803575
487,11324.071969
488,11290.820272
489,11322.920565
490,11316.784481
491,11310.203134
492,11369.520436
493,11401.530308
494,11346.154403
495,11331.625034
496,11345.231589
497,11294.792175
498,11283.745113
499,11363.820357
