0,3360.755845
1,6706.485468
2,7015.398603
3,7255.892916
4,7462.894155
5,7668.594717
6,7846.912983
7,7971.835729
8,8099.890660
9,8219.949329
10,8315.651403
11,8414.306128
12,8485.622508
13,8541.016084
14,8612.611908
15,8678.692416
16,8732.118756
17,8765.176424
18,8846.752099
19,8900.598741
20,8925.882098
21,8999.019244
22,9029.682179
23,9056.605698
24,9136.074862
25,9209.317892
26,9293.642805
27,9351.177872
28,9417.741262
29,9503.849138
30,9598.870385
31,9698.774246
32,9766.541874
33,9910.512696
34,10007.203633
35,10038.759202
36,10165.218010
37,10261.743861
38,10325.101858
39,10394.373448
40,10475.209760
41,10548.244127
42,10573.883885
43,10622.426704
44,10607.246471
45,10679.386431
46,10776.916220
47,10739.490335
48,10790.942732
49,10861.003154
50,10844.002636
51,10882.786647
52,10959.207663
53,10968.075808
54,11057.448191
55,11016.534783
56,11057.798021
57,11062.396471
58,11156.256084
59,11223.822613
60,11248.089469
61,11325.892809
62,11397.859046
63,11474.755836
64,11472.124198
65,11504.739398
66,11484.553670
67,11510.197341
68,11520.931777
69,11549.222948
70,11597.331256
71,11580.318482
72,11611.398704
73,11630.747905
74,11658.753626
75,11632.232782
76,11633.758528
77,11668.657842
78,11612.278676
79,11619.842452
80,11647.184159
81,11719.756693
82,11704.243480
83,11758.892305
84,11767.806473
85,11843.788281
86,11847.888805
87,11834.741870
88,11934.163795
89,11894.375514
90,11843.060834
91,11928.713423
92,11965.353168
93,11957.426870
94,11952.461918
95,12017.997316
96,12086.546033
97,12114.962360
98,12190.649501
99,12204.860995
100,12200.576113
101,12210.657851
102,12239.361617
103,12149.271132
104,12178.759846
105,12201.622071
106,12199.088701
107,12284.868045
108,12285.344011
109,12215.758786
110,12235.658776
111,12310.750369
112,12260.236912
113,12217.323600
114,12193.190277
115,12188.294746
116,12233.175788
117,12268.146600
118,12283.434881
119,12318.035659
120,12359.354415
121,12339.448273
122,12273.227640
123,12324.501922
124,12244.056021
125,12190.951610
126,12323.337016
127,12321.077381
128,12329.795805
129,12314.987321
130,12351.551680
131,12317.233809
132,12307.193553
133,12291.687431
134,12332.180518
135,12315.274580
136,12273.184291
137,12249.693972
138,12273.146351
139,12272.985536
140,12325.043246
141,12263.813121
142,12261.923691
143,12368.957599
144,12381.861768
145,12395.950429
146,12296.916822
147,12275.150792
148,12316.931547
149,12324.802409
150,12301.149324
151,12318.819927
152,12339.463782
153,12296.287592
154,12292.880345
155,12250.723308
156,12292.318838
157,12366.637389
158,12401.753554
159,12394.312749
160,12387.263112
161,12269.390065
162,12343.558559
163,12320.738810
164,12295.691577
165,12287.059875
166,12305.459545
167,12254.039507
168,12349.942728
169,12410.973180
170,12353.675076
171,12312.028530
172,12365.182873
173,12326.023413
174,12392.949614
175,12448.169171
176,12361.342849
177,12439.384803
178,12436.223396
179,12400.662415
180,12443.084325
181,12406.417210
182,12359.154932
183,12420.849678
184,12507.716685
185,12412.244454
186,12369.736239
187,12369.761363
188,12396.897399
189,12384.557162
190,12405.594181
191,12332.356969
192,12357.351143
193,12354.016430
194,12353.656883
195,12283.294855
196,12300.480945
197,12307.894355
198,12392.077123
199,12443.360629
200,12422.631944
201,12367.168219
202,12412.650345
203,12411.204395
204,12411.852682
205,12409.509427
206,12408.682767
207,12327.761680
208,12392.832487
209,12390.296925
210,12435.236590
211,12411.070163
212,12433.428896
213,12450.093003
214,12440.613648
215,12466.999239
216,12523.608008
217,12436.984036
218,12295.154342
219,12403.447944
220,12441.394357
221,12402.612403
222,12465.248351
223,12384.082870
224,12359.950503
225,12328.246809
226,12419.805782
227,12411.238040
228,12382.533744
229,12400.005524
230,12366.518726
231,12387.676941
232,12345.899322
233,12448.542917
234,12439.031912
235,12390.621728
236,12437.142721
237,12376.036608
238,12439.082570
239,12385.080035
240,12371.385755
241,12353.702754
242,12279.568690
243,12340.098019
244,12340.566683
245,12388.771806
246,12415.120469
247,12415.105680
248,12393.238525
249,12402.495889
250,12424.752862
251,12453.930246
252,12388.098913
253,12457.644173
254,12474.344297
255,12449.691695
256,12362.565974
257,12431.483036
258,12354.666652
259,12413.910183
260,12391.663281
261,12395.498234
262,12364.723631
263,12363.742679
264,12383.967539
265,12324.019788
266,12396.978975
267,12375.850607
268,12412.099419
269,12373.158548
270,12383.291620
271,12360.845712
272,12294.903829
273,12342.229316
274,12382.115817
275,12325.670867
276,12340.606350
277,12335.206419
278,12397.148376
279,12368.156098
280,12336.737262
281,12376.215054
282,12355.383784
283,12400.556462
284,12416.389674
285,12412.205697
286,12404.771296
287,12413.013028
288,12393.504201
289,12393.986405
290,12398.345823
291,12339.875197
292,12341.715089
293,12370.146133
294,12371.597911
295,12413.140623
296,12423.456298
297,12348.632358
298,12323.858432
299,12377.494177
300,12317.523767
301,12332.210699
302,12367.316692
303,12434.203916
304,12405.893637
305,12452.561674
306,12443.405646
307,12410.267825
308,12439.987508
309,12404.743566
310,12365.391665
311,12413.373702
312,12403.567438
313,12391.851068
314,12347.911971
315,12342.022671
316,12352.797130
317,12323.605090
318,12408.558513
319,12382.318613
320,12437.886453
321,12362.875249
322,12381.286344
323,12369.459001
324,12327.241012
325,12391.320516
326,12357.098357
327,12378.296381
328,12405.778581
329,12359.852421
330,12443.179420
331,12396.566281
332,12392.701582
333,12435.361706
334,12474.918707
335,12483.622436
336,12487.232497
337,12527.061962
338,12564.702775
339,12663.788566
340,12707.439388
341,12779.807406
342,12788.728270
343,12845.372519
344,12966.584213
345,13019.204392
346,12993.364264
347,12952.625947
348,13000.783902
349,13038.409856
350,13034.694002
351,13037.377416
352,13029.779007
353,13021.772120
354,12980.272075
355,12970.995999
356,12913.084064
357,12958.962253
358,12968.339364
359,12959.344788
360,13029.197154
361,13010.509877
362,12978.949018
363,12890.674309
364,12902.636646
365,12981.629277
366,12961.302860
367,12958.462326
368,13002.455694
369,12992.273431
370,13053.370330
371,13022.561580
372,12997.973045
373,12988.382675
374,12968.219191
375,13000.861864
376,12920.845096
377,12967.987891
378,12920.605360
379,12972.893473
380,12911.019643
381,12889.745534
382,13038.652277
383,13009.891432
384,12940.887785
385,12967.901653
386,12965.984805
387,12916.099067
388,13040.149549
389,12955.993058
390,12992.817643
391,13079.331142
392,13033.022353
393,12947.965885
394,12963.532372
395,12999.444453
396,12934.192204
397,12903.483596
398,12981.944864
399,12906.974842
400,12955.982320
401,12944.918297
402,13030.121299
403,12903.713905
404,12910.037900
405,12981.873451
406,12952.778297
407,12989.918510
408,12946.309219
409,12988.834942
410,12945.318366
411,12898.093439
412,12878.807639
413,12915.540496
414,13050.838048
415,13017.837008
416,13009.018754
417,12931.737018
418,12997.197021
419,13004.688253
420,12975.734991
421,12969.295177
422,12930.152913
423,12972.202430
424,12945.981825
425,12997.185325
426,12992.788008
427,12974.002419
428,13059.058279
429,12991.241269
430,13057.563311
431,12978.742206
432,12977.884382
433,13018.235974
434,12989.748796
435,13011.620450
436,12961.989610
437,12992.090482
438,12940.513026
439,13085.335777
440,12975.906834
441,13072.480601
442,13090.131539
443,13052.018289
444,13066.114119
445,12934.330097
446,12954.260551
447,13057.926609
448,13025.882616
449,13020.519329
450,13011.489469
451,13061.555485
452,13032.473673
453,13012.976432
454,13021.277299
455,13009.099560
456,13019.674327
457,13046.447538
458,12927.083891
459,12985.816492
460,13024.774747
461,12995.337266
462,12977.789351
463,13046.252275
464,13007.726586
465,13049.229070
466,13056.683870
467,13024.363460
468,13075.865691
469,13049.260522
470,13020.847576
471,13076.092552
472,12977.624411
473,13024.910724
474,13073.708794
475,13051.578521
476,13022.100496
477,13050.656300
478,13091.179858
479,13036.017335
480,13011.742390
481,13002.068799
482,13019.144792
483,12959.670758
484,13004.889836
485,13019.192195
486,12981.402753
487,13047.108312
488,13100.473016
489,13084.304527
490,12993.011297
491,13073.978339
492,13028.857349
493,13092.636743
494,13057.165987
495,12929.798367
496,13041.084908
497,13036.567939
498,13028.508692
499,12994.846133
