0,3381.185870
1,3367.210011
2,3320.555278
3,3297.852484
4,3317.694177
5,3320.599412
6,3339.273629
7,3361.039234
8,3289.047507
9,3271.586677
10,3279.648352
11,3245.521524
12,3257.673387
13,3312.139308
14,3366.201339
15,3302.802443
16,3308.900688
17,3347.475324
18,3375.981072
19,3403.210829
20,3373.097383
21,3324.512268
22,3311.482787
23,3293.510842
24,3307.738116
25,3335.611101
26,3299.126531
27,3287.797441
28,3315.145722
29,3292.851247
30,3289.695068
31,3287.875593
32,3308.662142
33,3287.313654
34,3364.294809
35,3372.056999
36,3347.796493
37,3341.803243
38,3316.703653
39,3353.937422
40,3365.033194
41,3382.097539
42,3351.691256
43,3375.643993
44,3395.859789
45,3405.240550
46,3342.173484
47,3328.831755
48,3333.693517
49,3329.223131
50,3299.772373
51,3299.636239
52,3304.378838
53,3312.193310
54,3347.158540
55,3352.980182
56,3372.105211
57,3393.128127
58,3404.125798
59,3329.621195
60,3406.247077
61,3404.860640
62,3407.067430
63,3370.759709
64,3337.104899
65,3340.064887
66,3355.950603
67,3439.943548
68,3469.177970
69,3516.547908
70,3514.400740
71,3532.667224
72,3478.491237
73,3463.293765
74,3392.485809
75,3433.995043
76,3483.966232
77,3467.494133
78,3469.599809
79,3449.777832
80,3437.699938
81,3475.951443
82,3456.915962
83,3448.061187
84,3445.898220
85,3428.602024
86,3439.016220
87,3374.171864
88,3438.033456
89,3486.716888
90,3489.053189
91,3454.551882
92,3487.279888
93,3526.350337
94,3540.162035
95,3553.238091
96,3577.554931
97,3510.119392
98,3498.843435
99,3489.472675
100,3487.755820
101,3484.396787
102,3447.671776
103,3424.130917
104,3440.038045
105,3468.806385
106,3508.594365
107,3498.416368
108,3514.051297
109,3539.562181
110,3626.983003
111,3661.109693
112,3663.668054
113,3641.047057
114,3596.660972
115,3581.423292
116,3579.345733
117,3600.454507
118,3590.063358
119,3599.702002
120,3560.949780
121,3568.705906
122,3623.226729
123,3657.371583
124,3670.370603
125,3639.219831
126,3617.387744
127,3596.635640
128,3624.431110
129,3667.796625
130,3734.197081
131,3737.493113
132,3758.870985
133,3731.772696
134,3771.344724
135,3817.831151
136,3870.440516
137,3887.768931
138,3890.578355
139,3904.804272
140,3951.157340
141,3955.066783
142,3942.739878
143,3985.861503
144,4007.266073
145,3994.757262
146,4040.506290
147,4154.657711
148,4270.337134
149,4275.111499
150,4318.313725
151,4385.404016
152,4468.725793
153,4460.491996
154,4488.360217
155,4520.037006
156,4564.552973
157,4589.761817
158,4707.116392
159,4743.572568
160,4776.335557
161,4820.090895
162,4801.552532
163,4844.165025
164,4811.958378
165,4791.675202
166,4812.092323
167,4865.793829
168,4895.670636
169,4879.931514
170,4874.241182
171,4939.733966
172,4888.103356
173,4975.839009
174,4969.554401
175,4971.046633
176,5007.032296
177,4979.700943
178,5038.871497
179,5003.289734
180,5057.134824
181,5070.964001
182,5105.770420
183,5112.282072
184,5161.788396
185,5142.305799
186,5095.054416
187,5114.800792
188,5172.643557
189,5220.064879
190,5231.041934
191,5194.509261
192,5209.832755
193,5232.000924
194,5241.379776
195,5301.419476
196,5312.873736
197,5340.102400
198,5404.939613
199,5412.158735
200,5409.312211
201,5392.268593
202,5433.572271
203,5450.190734
204,5463.649849
205,5486.250166
206,5468.855687
207,5496.367966
208,5500.711873
209,5499.062479
210,5476.834009
211,5462.785286
212,5508.071726
213,5501.858761
214,5488.785190
215,5523.550937
216,5525.675984
217,5527.615261
218,5514.334945
219,5531.733149
220,5511.577696
221,5526.836268
222,5538.540969
223,5529.973486
224,5532.578658
225,5543.910952
226,5538.385847
227,5546.810461
228,5543.751568
229,5556.102735
230,5567.499310
231,5551.596650
232,5562.360336
233,5563.196217
234,5579.882356
235,5604.096258
236,5602.259749
237,5607.897200
238,5621.875081
239,5624.443719
240,5637.832502
241,5645.991988
242,5650.327400
243,5646.059921
244,5655.264220
245,5652.830500
246,5636.273024
247,5638.017902
248,5648.883857
249,5645.905819
250,5654.589185
251,5653.440056
252,5653.279045
253,5668.223271
254,5658.962101
255,5673.594231
256,5677.125882
257,5690.510535
258,5700.966927
259,5701.813602
260,5712.447745
261,5715.986580
262,5725.361627
263,5720.271269
264,5736.336416
265,5740.763335
266,5739.406154
267,5731.974542
268,5748.240033
269,5749.983303
270,5766.428459
271,5785.354743
272,5802.682180
273,5807.749778
274,5813.717034
275,5844.091453
276,5861.413351
277,5857.214593
278,5867.774607
279,5866.987723
280,5861.879381
281,5865.696696
282,5874.165147
283,5879.745129
284,5878.438768
285,5876.785089
286,5873.924370
287,5874.665050
288,5893.745315
289,5900.000691
290,5911.492993
291,5904.649794
292,5921.829112
293,5939.659555
294,5950.751446
295,5954.484954
296,5982.170405
297,6005.524533
298,6013.221466
299,6011.251547
300,6023.820806
301,6025.909990
302,6012.893530
303,6028.469787
304,6033.041421
305,6038.712295
306,6022.695201
307,6031.976220
308,6028.798184
309,6035.764022
310,6039.630363
311,6033.412711
312,6033.789662
313,6032.367878
314,6036.279698
315,6039.789057
316,6041.126253
317,6036.987485
318,6035.837354
319,6035.692272
320,6035.039096
321,6037.118354
322,6039.557613
323,6043.016750
324,6032.258687
325,6031.188452
326,6046.075878
327,6035.543899
328,6044.708287
329,6042.947996
330,6030.865003
331,6044.566891
332,6040.727321
333,6044.875886
334,6042.730602
335,6045.063119
336,6030.678888
337,6039.167083
338,6051.637927
339,6047.804060
340,6043.285722
341,6055.786959
342,6050.439005
343,6058.518036
344,6050.184785
345,6056.555093
346,6061.716243
347,6055.409254
348,6063.434956
349,6061.673789
350,6065.136008
351,6077.142729
352,6075.228308
353,6075.488730
354,6066.820946
355,6074.359489
356,6071.931255
357,6070.208879
358,6077.070342
359,6076.752014
360,6078.164982
361,6086.528934
362,6089.191874
363,6077.634786
364,6084.931126
365,6091.420813
366,6087.243128
367,6091.567009
368,6089.865869
369,6095.627492
370,6091.488319
371,6088.682240
372,6081.050747
373,6082.269373
374,6083.747043
375,6079.541993
376,6085.265536
377,6082.613973
378,6095.654503
379,6089.792560
380,6087.900852
381,6083.159401
382,6072.245707
383,6084.415956
384,6090.535320
385,6085.390323
386,6090.098709
387,6079.324349
388,6083.788179
389,6088.681883
390,6089.305754
391,6080.471108
392,6086.422720
393,6089.007753
394,6079.021625
395,6073.513438
396,6091.975409
397,6095.111511
398,6090.309320
399,6088.590953
400,6084.697902
401,6095.445756
402,6099.722023
403,6099.355117
404,6103.304567
405,6115.271965
406,6111.759198
407,6113.244045
408,6114.846375
409,6122.457784
410,6117.778741
411,6123.681096
412,6119.485127
413,6126.439794
414,6111.681685
415,6135.142513
416,6124.748360
417,6132.151504
418,6134.984774
419,6136.692780
420,6137.976915
421,6141.637372
422,6125.309091
423,6137.986496
424,6137.839649
425,6130.502807
426,6136.810373
427,6142.744162
428,6144.772571
429,6139.450666
430,6149.859091
431,6155.118805
432,6160.084333
433,6159.224223
434,6152.372533
435,6166.306706
436,6174.113522
437,6173.660704
438,6180.977202
439,6178.673610
440,6179.663283
441,6180.261331
442,6189.397620
443,6195.034234
444,6195.947483
445,6196.550914
446,6196.332982
447,6200.855967
448,6198.768725
449,6193.815521
450,6200.411733
451,6206.813752
452,6210.547882
453,6216.065782
454,6204.729401
455,6210.703762
456,6208.071793
457,6224.865108
458,6222.802347
459,6221.389934
460,6222.857955
461,6224.694533
462,6213.416595
463,6216.206791
464,6222.973230
465,6224.681001
466,6231.089592
467,6226.530889
468,6234.169063
469,6232.047489
470,6231.940215
471,6230.748933
472,6235.908061
473,6231.895174
474,6241.679853
475,6249.710852
476,6246.698440
477,6238.646451
478,6245.697538
479,6254.441734
480,6253.640736
481,6252.479817
482,6242.957277
483,6247.578385
484,6245.369583
485,6242.705545
486,6241.959221
487,6250.189624
488,6256.250188
489,6254.022829
490,6250.523615
491,6244.467774
492,6244.923322
493,6254.063846
494,6255.316354
495,6256.166223
496,6254.672540
497,6259.979266
498,6260.152618
499,6250.149562
