0,3385.171141
1,3466.464984
2,3525.623174
3,3595.378085
4,3651.810793
5,3636.142591
6,3696.704077
7,3668.695851
8,3679.279651
9,3690.978098
10,3748.182534
11,3752.954930
12,3741.131286
13,3707.499673
14,3760.696775
15,3828.263034
16,3776.365312
17,3759.851675
18,3794.858651
19,3807.885074
20,3771.963969
21,3829.207016
22,3832.177752
23,3786.639071
24,3759.474698
25,3774.997283
26,3722.327141
27,3715.544314
28,3740.710086
29,3725.932695
30,3775.499608
31,3816.800715
32,3776.000561
33,3797.180463
34,3783.978077
35,3794.574058
36,3825.115991
37,3785.088083
38,3791.621765
39,3761.424040
40,3757.747781
41,3736.131120
42,3734.970892
43,3736.634669
44,3758.662381
45,3740.329620
46,3660.387208
47,3680.507621
48,3663.625528
49,3689.400330
50,3699.053066
51,3733.861875
52,3739.804122
53,3740.631161
54,3792.611995
55,3807.768138
56,3797.238414
57,3739.735030
58,3675.501638
59,3682.948876
60,3672.905676
61,3698.060029
62,3721.019281
63,3736.967723
64,3720.081437
65,3756.961750
66,3741.515963
67,3774.418499
68,3791.329897
69,3849.026131
70,3856.336909
71,3827.589973
72,3811.640624
73,3803.383835
74,3806.613063
75,3802.411025
76,3791.346302
77,3795.712739
78,3755.204385
79,3726.490287
80,3721.002061
81,3739.952839
82,3687.406493
83,3667.440207
84,3651.670216
85,3703.223754
86,3728.189794
87,3694.782329
88,3736.232122
89,3713.893840
90,3733.415295
91,3698.067680
92,3690.270154
93,3721.163212
94,3697.559470
95,3702.938355
96,3725.408899
97,3757.634807
98,3832.608210
99,3819.056302
100,3791.826448
101,3747.958510
102,3734.035800
103,3703.161508
104,3733.075345
105,3728.322942
106,3702.934195
107,3663.253020
108,3693.686763
109,3715.867995
110,3719.566120
111,3694.802871
112,3731.829249
113,3736.711682
114,3691.711918
115,3700.241795
116,3721.516409
117,3731.860872
118,3772.171233
119,3786.131073
120,3812.821563
121,3829.930223
122,3833.863437
123,3781.753449
124,3726.668168
125,3779.429136
126,3745.488418
127,3708.954424
128,3725.888201
129,3737.517371
130,3754.464630
131,3765.442192
132,3736.072424
133,3726.229259
134,3766.417767
135,3774.215536
136,3788.696469
137,3756.437468
138,3834.417300
139,3816.996297
140,3793.863281
141,3751.683650
142,3732.411120
143,3757.526181
144,3687.301277
145,3704.752313
146,3744.333328
147,3708.151782
148,3716.854495
149,3769.276353
150,3776.155469
151,3773.187999
152,3803.017703
153,3808.630139
154,3804.137952
155,3784.387182
156,3779.883274
157,3802.049269
158,3801.192026
159,3757.563996
160,3786.704913
161,3774.297589
162,3768.826683
163,3705.402429
164,3733.699511
165,3783.171188
166,3767.723599
167,3789.341584
168,3768.040982
169,3801.006121
170,3793.377456
171,3789.705072
172,3820.862116
173,3804.748703
174,3755.560491
175,3781.341926
176,3777.015905
177,3827.020178
178,3842.036947
179,3822.058081
180,3817.894604
181,3827.167006
182,3799.133697
183,3788.600901
184,3776.830341
185,3798.299454
186,3816.697863
187,3841.875145
188,3852.150489
189,3813.312662
190,3810.454219
191,3802.632400
192,3812.082652
193,3820.759432
194,3820.054772
195,3781.815459
196,3812.229550
197,3820.255070
198,3794.448507
199,3784.975879
200,3769.963762
201,3752.253358
202,3760.478642
203,3762.920032
204,3733.494403
205,3770.748508
206,3731.493387
207,3736.398631
208,3735.842823
209,3763.562502
210,3753.332379
211,3769.484830
212,3743.721172
213,3745.059424
214,3778.445140
215,3785.942235
216,3761.161920
217,3760.118634
218,3705.863643
219,3724.177493
220,3769.183809
221,3772.952837
222,3718.460903
223,3740.433180
224,3788.356999
225,3784.549339
226,3767.548960
227,3761.256550
228,3826.003234
229,3795.672056
230,3770.678895
231,3761.377875
232,3792.948732
233,3813.373897
234,3821.800394
235,3765.635486
236,3786.376119
237,3811.052499
238,3812.969038
239,3827.575677
240,3806.873120
241,3809.084934
242,3757.829115
243,3770.950104
244,3809.857026
245,3763.092118
246,3713.274070
247,3766.866077
248,3710.187693
249,3764.749713
250,3705.551958
251,3717.537871
252,3730.336935
253,3707.834041
254,3707.101243
255,3718.755452
256,3715.614055
257,3723.405250
258,3775.172627
259,3765.286145
260,3766.222829
261,3749.557371
262,3746.721912
263,3757.161448
264,3674.715982
265,3684.443419
266,3681.596268
267,3655.271459
268,3696.816520
269,3695.331611
270,3727.308380
271,3750.996259
272,3738.156148
273,3698.756947
274,3725.337540
275,3695.998250
276,3706.486317
277,3709.299744
278,3724.141424
279,3754.177291
280,3753.812369
281,3759.720525
282,3754.926071
283,3719.322762
284,3770.683376
285,3724.080899
286,3772.233247
287,3776.883997
288,3755.152700
289,3740.029159
290,3760.344542
291,3790.976404
292,3776.200720
293,3744.809819
294,3731.017774
295,3737.800673
296,3731.728241
297,3761.401263
298,3776.624531
299,3775.375506
300,3769.663867
301,3792.908277
302,3772.427896
303,3774.929677
304,3758.028280
305,3759.249570
306,3773.815094
307,3772.263942
308,3785.091419
309,3783.499879
310,3748.687288
311,3738.179713
312,3786.950017
313,3827.263174
314,3813.265123
315,3792.405151
316,3784.404347
317,3782.086822
318,3734.667386
319,3721.359442
320,3733.359510
321,3693.649196
322,3696.869065
323,3697.940897
324,3696.156062
325,3700.061355
326,3704.095345
327,3727.118220
328,3717.050316
329,3766.381625
330,3798.706996
331,3775.508122
332,3754.001705
333,3773.030958
334,3742.413167
335,3757.751241
336,3785.517685
337,3784.732007
338,3779.092710
339,3787.534002
340,3771.517893
341,3795.388591
342,3797.553875
343,3785.820327
344,3761.824729
345,3785.107366
346,3757.787589
347,3798.085846
348,3803.320404
349,3785.054869
350,3805.341111
351,3785.580857
352,3793.844727
353,3762.393621
354,3802.508423
355,3789.119247
356,3805.660135
357,3777.577203
358,3795.724217
359,3764.968562
360,3759.567009
361,3755.279346
362,3752.645002
363,3782.896665
364,3808.753865
365,3763.240361
366,3780.206833
367,3742.909581
368,3749.494516
369,3775.935525
370,3809.295508
371,3805.177422
372,3839.460888
373,3828.060998
374,3862.753903
375,3820.683874
376,3815.450388
377,3779.436971
378,3841.394876
379,3826.762367
380,3896.573423
381,3829.729621
382,3860.308707
383,3849.007643
384,3840.424944
385,3805.383995
386,3880.297001
387,3858.777575
388,3872.801344
389,3852.107143
390,3865.032661
391,3856.783326
392,3878.033662
393,3889.883047
394,3891.523694
395,3906.004007
396,3872.954266
397,3868.793412
398,3929.553175
399,3924.550341
400,3903.430295
401,3909.552853
402,3944.500170
403,4006.507047
404,3962.148235
405,3908.245395
406,3897.396301
407,3853.827096
408,3855.554026
409,3876.463057
410,3881.255893
411,3823.922814
412,3802.271297
413,3754.039926
414,3749.628790
415,3774.007194
416,3824.840312
417,3811.551763
418,3814.147749
419,3784.533493
420,3844.505592
421,3807.586660
422,3815.486761
423,3800.333264
424,3777.808957
425,3784.349957
426,3793.506678
427,3808.491230
428,3802.564743
429,3817.356599
430,3735.696786
431,3768.042129
432,3799.921013
433,3827.038209
434,3796.047805
435,3800.550239
436,3756.441217
437,3730.818956
438,3774.149836
439,3788.144010
440,3766.038766
441,3811.350545
442,3818.220485
443,3757.152955
444,3807.132516
445,3817.114963
446,3817.221224
447,3824.542732
448,3821.899827
449,3802.594615
450,3824.930020
451,3853.864334
452,3827.433854
453,3793.129147
454,3836.191286
455,3815.632648
456,3812.522973
457,3876.097902
458,3935.076549
459,3964.110010
460,3972.107671
461,4017.323517
462,3970.977835
463,3986.270650
464,3953.742948
465,3958.450353
466,3945.121628
467,3929.539655
468,3898.249492
469,3900.509752
470,3812.301867
471,3753.815775
472,3785.704395
473,3813.590770
474,3851.724385
475,3773.609159
476,3790.277318
477,3815.755767
478,3818.718301
479,3868.273559
480,3873.486931
481,3840.481967
482,3852.436947
483,3824.026119
484,3873.768865
485,3908.316165
486,3863.995800
487,3881.784309
488,3873.548974
489,3856.039038
490,3888.207606
491,3883.848458
492,3883.177496
493,3889.324133
494,3880.700257
495,3882.137549
496,3872.412974
497,3830.026708
498,3834.556885
499,3837.493190
