0,3341.533545
1,6683.027916
2,6985.837408
3,7213.355331
4,7430.340567
5,7603.837783
6,7788.866990
7,7928.102061
8,8062.858160
9,8173.817018
10,8272.139763
11,8329.823806
12,8380.581797
13,8459.476450
14,8516.125385
15,8585.432790
16,8644.951035
17,8688.084454
18,8745.058811
19,8811.041311
20,8870.500947
21,8912.785520
22,8960.253175
23,8972.886815
24,8997.380588
25,9044.011140
26,9080.278838
27,9121.485451
28,9162.758202
29,9180.092722
30,9223.023887
31,9248.186404
32,9276.774346
33,9325.148933
34,9311.309934
35,9353.248446
36,9415.384202
37,9457.666336
38,9540.010394
39,9601.325202
40,9536.846719
41,9607.577075
42,9715.067094
43,9745.730183
44,9831.013666
45,9862.512339
46,9873.652041
47,9881.762471
48,9998.845016
49,9946.445328
50,9995.437439
51,10063.074331
52,10138.909241
53,10140.262028
54,10158.261174
55,10262.715094
56,10334.874174
57,10355.755665
58,10335.159282
59,10350.313151
60,10400.888030
61,10429.863497
62,10426.260938
63,10496.353404
64,10540.958615
65,10547.510314
66,10519.669356
67,10571.467932
68,10617.294315
69,10585.376306
70,10662.539792
71,10707.087700
72,10715.734851
73,10782.411186
74,10775.757306
75,10831.501588
76,10849.156988
77,10874.266033
78,10878.815895
79,10989.101165
80,11039.556267
81,11075.607529
82,11152.136254
83,11161.971485
84,11167.215861
85,11244.670497
86,11327.274285
87,11353.156689
88,11344.760450
89,11408.614933
90,11521.198296
91,11504.337149
92,11591.147662
93,11617.689890
94,11733.448321
95,11757.180832
96,11699.292050
97,11781.477594
98,11801.183766
99,11723.225724
100,11749.598738
101,11755.011668
102,11767.508830
103,11771.030190
104,11738.403031
105,11721.765842
106,11825.380764
107,11801.556883
108,11838.060913
109,11747.623540
110,11730.768975
111,11746.817228
112,11773.326664
113,11845.051213
114,11855.271661
115,11878.934480
116,11891.125694
117,11898.721720
118,11925.520488
119,11908.708331
120,11907.413326
121,11928.699989
122,11987.626488
123,12009.807697
124,12108.149374
125,11990.102001
126,11968.592854
127,11914.084182
128,12054.242672
129,11958.692670
130,12031.575434
131,12062.057653
132,12036.135320
133,11978.025349
134,12085.940607
135,12083.181296
136,12037.071061
137,12064.715658
138,12041.536317
139,12089.360769
140,12118.141172
141,12110.330540
142,12075.940233
143,12071.393420
144,12034.391775
145,12154.408232
146,12164.857832
147,12126.768451
148,12076.593572
149,12094.730971
150,12064.491293
151,12098.438960
152,12092.842707
153,12141.413844
154,12128.742616
155,12110.184706
156,12050.925420
157,12041.116342
158,12144.641855
159,12084.815050
160,12040.177642
161,12050.519305
162,12055.612829
163,12050.372716
164,12104.600893
165,12183.091376
166,12131.601600
167,12195.472673
168,12194.795541
169,12201.340644
170,12182.036790
171,12159.253205
172,12071.894389
173,12083.647957
174,12124.009914
175,12048.841976
176,12178.018359
177,12114.720513
178,12112.106630
179,12122.668896
180,12135.355564
181,12085.218076
182,12081.482756
183,12163.688231
184,12124.111962
185,12158.806858
186,12101.697984
187,12166.951371
188,12142.504859
189,12187.600296
190,12120.522160
191,12156.599150
192,12180.857073
193,12210.146434
194,12213.299562
195,12195.814410
196,12134.407405
197,12162.837405
198,12250.341423
199,12254.369370
200,12170.229946
201,12151.905144
202,12151.890546
203,12148.700146
204,12208.288621
205,12169.487412
206,12188.863544
207,12183.615152
208,12167.895711
209,12192.578100
210,12221.392888
211,12243.085700
212,12191.853632
213,12178.341461
214,12181.012052
215,12196.721533
216,12164.959827
217,12297.674973
218,12320.772321
219,12282.070255
220,12321.274817
221,12382.366600
222,12413.894815
223,12445.897618
224,12443.621460
225,12502.512739
226,12482.303235
227,12537.862119
228,12580.900907
229,12569.581667
230,12578.231083
231,12520.339135
232,12548.386078
233,12546.505952
234,12611.022592
235,12594.298575
236,12712.474134
237,12663.852344
238,12609.733472
239,12649.825124
240,12626.367387
241,12694.194103
242,12687.449247
243,12648.650661
244,12647.045775
245,12672.876296
246,12602.127827
247,12598.774050
248,12617.226372
249,12693.432118
250,12637.346659
251,12731.090465
252,12634.788261
253,12687.529315
254,12640.735118
255,12697.379425
256,12722.155787
257,12659.784814
258,12659.594280
259,12693.343792
260,12702.047933
261,12718.008129
262,12676.078536
263,12658.246916
264,12641.847769
265,12741.768495
266,12678.805349
267,12702.524586
268,12670.909215
269,12648.721018
270,12637.197583
271,12566.875199
272,12620.868815
273,12611.086119
274,12567.888777
275,12592.230072
276,12613.005113
277,12662.892647
278,12641.109089
279,12709.279071
280,12645.748224
281,12614.785312
282,12642.264024
283,12669.949073
284,12683.322914
285,12635.098996
286,12595.508084
287,12660.389400
288,12656.800866
289,12625.191862
290,12633.293793
291,12616.135171
292,12663.417158
293,12626.965695
294,12656.519811
295,12612.387385
296,12592.679194
297,12604.325579
298,12694.875344
299,12769.086798
300,12759.538917
301,12768.401224
302,12789.709130
303,12807.206350
304,12808.105272
305,12743.512102
306,12710.174793
307,12731.615660
308,12792.582652
309,12776.841137
310,12823.612824
311,12775.196232
312,12787.597548
313,12829.728719
314,12857.634635
315,12813.648294
316,12811.382632
317,12780.506005
318,12785.728007
319,12788.972521
320,12794.274444
321,12757.957876
322,12756.478098
323,12728.975335
324,12707.499550
325,12729.146829
326,12781.152826
327,12852.288007
328,12784.984327
329,12827.523357
330,12795.615269
331,12763.763383
332,12792.137618
333,12817.487495
334,12806.287135
335,12833.419645
336,12789.780607
337,12790.914481
338,12782.934105
339,12831.343288
340,12821.971751
341,12798.659273
342,12794.702430
343,12808.374838
344,12782.826500
345,12769.355516
346,12839.365467
347,12873.803529
348,12797.429779
349,12786.874564
350,12834.096532
351,12812.031040
352,12833.405544
353,12685.853579
354,12750.843271
355,12827.555817
356,12787.978661
357,12810.942311
358,12841.958296
359,12835.602643
360,12829.094545
361,12713.833136
362,12767.239220
363,12775.995310
364,12751.668822
365,12745.948760
366,12760.262527
367,12819.842094
368,12839.027746
369,12817.083178
370,12772.500742
371,12731.395396
372,12742.038515
373,12829.414966
374,12801.808134
375,12784.632510
376,12769.885158
377,12818.398902
378,12809.910551
379,12783.365952
380,12786.139857
381,12845.047652
382,12792.920379
383,12800.146023
384,12819.039670
385,12921.436115
386,12847.224021
387,12851.456959
388,12831.943128
389,12907.407459
390,12853.304803
391,12825.608848
392,12869.601251
393,12977.983257
394,12947.613384
395,12986.049433
396,12975.443787
397,13033.218713
398,12989.276798
399,13029.550866
400,13041.018298
401,13044.335828
402,13022.070835
403,13041.328317
404,13010.673310
405,12998.665334
406,13016.512380
407,13071.822367
408,13012.685816
409,13002.705134
410,13027.745308
411,12962.223535
412,12957.956791
413,12951.252518
414,12964.397443
415,13049.060852
416,13085.657874
417,13079.954353
418,13117.687503
419,13044.329020
420,12999.670953
421,12943.319524
422,13014.431419
423,12993.898435
424,13087.541811
425,13021.587426
426,13068.997386
427,12973.096930
428,12975.521761
429,12922.936875
430,12878.309021
431,13002.916815
432,13098.059964
433,12985.490474
434,13050.651884
435,13047.257045
436,12967.346934
437,12996.875098
438,13013.303263
439,13097.850851
440,13023.304406
441,13105.687848
442,13034.378285
443,13031.057902
444,13028.371573
445,12990.109649
446,12998.495094
447,13004.034120
448,13033.242011
449,13003.423299
450,12939.510946
451,13006.441415
452,13001.105563
453,13043.703174
454,13048.911535
455,12959.082518
456,12996.494139
457,12997.140001
458,13074.547703
459,13100.010328
460,13028.046544
461,12950.147384
462,13020.959940
463,13076.355150
464,13041.370674
465,13080.406359
466,13004.684165
467,12985.639881
468,12993.145575
469,12975.855104
470,13068.395648
471,13034.623112
472,13026.225869
473,12993.514019
474,12952.515146
475,13047.557328
476,13055.827489
477,13023.708402
478,13000.752533
479,13009.514353
480,12987.497265
481,13076.952448
482,12959.504103
483,12914.246681
484,12894.516240
485,12985.378481
486,13062.184594
487,13104.604267
488,13076.943904
489,12995.365205
490,12908.976945
491,12960.829157
492,12955.573945
493,12897.859237
494,12866.831550
495,12902.953474
496,12952.585093
497,13022.566828
498,12994.888683
499,13012.770492
