0,3377.070600
1,3570.386393
2,3702.099753
3,3821.383631
4,3889.107196
5,3963.321220
6,4020.298587
7,4081.276610
8,4144.799095
9,4160.876017
10,4204.845724
11,4222.292781
12,4271.374458
13,4293.704098
14,4318.316113
15,4335.732902
16,4357.490428
17,4357.676688
18,4420.464566
19,4426.772433
20,4427.125978
21,4442.370165
22,4507.518790
23,4511.016484
24,4571.586879
25,4581.801376
26,4597.972466
27,4634.328566
28,4648.978762
29,4695.194419
30,4726.897595
31,4795.431832
32,4833.612061
33,4816.600291
34,4836.494998
35,4813.161362
36,4904.151736
37,4934.555333
38,4958.988099
39,5010.621956
40,5060.406396
41,5081.967659
42,5097.663961
43,5107.318199
44,5148.564359
45,5143.699487
46,5195.211983
47,5157.447361
48,5152.770664
49,5160.141728
50,5168.999461
51,5186.860993
52,5168.945699
53,5215.095724
54,5212.037970
55,5276.828189
56,5252.227402
57,5209.304428
58,5232.303510
59,5282.049840
60,5296.309776
61,5389.621244
62,5330.786414
63,5221.575941
64,5274.758234
65,5188.760419
66,5232.438945
67,5234.398775
68,5315.161243
69,5279.435502
70,5309.329396
71,5246.417240
72,5329.555041
73,5333.797301
74,5439.181495
75,5375.308710
76,5371.979764
77,5416.344834
78,5477.931611
79,5521.094599
80,5460.222792
81,5474.707606
82,5411.118272
83,5469.287787
84,5526.556429
85,5462.315967
86,5535.233730
87,5521.824117
88,5535.958874
89,5477.967262
90,5586.203319
91,5576.989179
92,5607.503303
93,5549.240765
94,5587.616038
95,5567.541232
96,5626.984036
97,5631.889379
98,5621.564623
99,5536.895485
100,5512.696515
101,5446.170324
102,5512.492674
103,5582.319814
104,5620.247990
105,5653.453628
106,5646.075279
107,5659.170154
108,5727.624706
109,5719.720545
110,5665.761961
111,5606.792761
112,5617.973329
113,5609.095577
114,5612.190300
115,5596.775475
116,5621.101167
117,5695.680906
118,5701.073379
119,5726.691284
120,5676.382542
121,5710.703359
122,5687.837292
123,5688.283736
124,5676.060411
125,5608.641424
126,5650.203253
127,5662.573715
128,5634.214771
129,5765.273734
130,5766.796474
131,5720.869147
132,5714.418715
133,5717.586016
134,5690.573770
135,5576.175077
136,5573.210753
137,5609.091456
138,5586.657221
139,5532.416362
140,5645.101649
141,5604.522551
142,5620.475048
143,5568.924061
144,5601.856858
145,5668.151969
146,5599.308796
147,5591.602353
148,5549.140528
149,5639.569840
150,5608.287598
151,5654.894333
152,5643.016101
153,5622.466470
154,5591.385023
155,5565.344549
156,5606.533584
157,5626.481803
158,5585.512472
159,5560.324931
160,5495.690569
161,5545.268590
162,5599.026140
163,5626.459687
164,5636.756683
165,5607.568684
166,5702.411868
167,5695.485848
168,5668.804999
169,5684.106899
170,5753.345553
171,5637.177914
172,5560.221938
173,5580.039219
174,5599.553973
175,5575.194138
176,5659.591753
177,5702.066612
178,5585.792584
179,5555.203203
180,5539.763512
181,5607.807468
182,5578.143843
183,5514.976389
184,5587.314184
185,5621.961168
186,5657.231071
187,5633.243306
188,5621.631845
189,5579.818190
190,5608.236254
191,5541.391375
192,5589.414296
193,5600.575888
194,5539.165110
195,5546.842251
196,5681.952545
197,5676.266098
198,5677.495024
199,5663.061504
200,5635.446720
201,5680.165410
202,5662.928855
203,5665.187356
204,5609.236319
205,5576.973909
206,5481.138047
207,5550.552858
208,5552.385670
209,5557.684302
210,5543.956995
211,5521.095853
212,5672.979140
213,5663.824249
214,5677.511787
215,5761.093849
216,5654.969802
217,5702.501911
218,5585.925280
219,5546.391251
220,5633.645021
221,5620.639947
222,5611.786436
223,5609.708250
224,5704.688282
225,5624.365655
226,5518.752600
227,5570.665543
228,5586.079186
229,5616.603696
230,5589.634278
231,5528.747405
232,5583.713668
233,5625.548130
234,5605.747484
235,5658.657966
236,5684.721757
237,5607.848135
238,5644.351101
239,5619.631163
240,5633.541797
241,5632.599897
242,5662.704169
243,5654.826135
244,5768.059847
245,5667.589896
246,5649.752798
247,5556.535988
248,5595.108680
249,5611.907882
250,5653.219195
251,5678.757379
252,5736.612671
253,5772.793227
254,5634.692630
255,5708.821913
256,5657.399851
257,5690.541575
258,5699.073027
259,5733.724059
260,5634.969092
261,5675.702359
262,5679.675682
263,5665.244800
264,5699.796143
265,5638.794769
266,5622.269027
267,5689.096964
268,5662.615507
269,5636.178604
270,5606.928858
271,5706.841296
272,5728.367665
273,5661.340645
274,5593.891976
275,5636.432999
276,5484.567643
277,5515.424170
278,5485.609326
279,5484.752443
280,5479.335337
281,5486.041255
282,5600.489980
283,5652.908218
284,5628.151542
285,5666.459975
286,5642.185222
287,5635.695994
288,5643.397578
289,5687.248603
290,5685.038966
291,5616.008278
292,5623.444958
293,5533.792654
294,5563.770411
295,5704.006452
296,5651.090008
297,5636.673546
298,5553.570215
299,5671.071063
300,5622.973479
301,5597.055604
302,5659.786613
303,5711.448031
304,5714.373174
305,5646.796252
306,5693.262565
307,5773.051385
308,5685.092751
309,5773.506900
310,5735.678360
311,5694.727426
312,5660.901608
313,5705.573267
314,5713.857107
315,5659.960112
316,5746.760287
317,5720.273324
318,5697.448584
319,5715.093340
320,5683.281763
321,5639.505504
322,5676.797167
323,5643.583547
324,5683.866451
325,5642.281737
326,5650.797531
327,5681.287647
328,5730.638788
329,5703.823576
330,5696.581367
331,5648.135097
332,5684.382830
333,5657.281811
334,5662.862001
335,5669.338882
336,5618.142753
337,5562.323939
338,5555.994974
339,5547.900761
340,5555.486310
341,5611.358838
342,5691.056404
343,5612.148932
344,5725.105758
345,5750.443116
346,5728.634542
347,5779.833725
348,5801.100419
349,5757.691301
350,5740.659346
351,5756.154191
352,5776.934915
353,5709.087023
354,5718.162154
355,5711.248304
356,5699.747868
357,5688.598320
358,5691.957933
359,5675.961279
360,5659.256498
361,5680.009004
362,5742.494959
363,5669.170645
364,5797.113251
365,5786.238320
366,5727.136474
367,5740.327104
368,5752.594819
369,5773.847332
370,5774.956617
371,5700.913017
372,5718.544180
373,5728.962718
374,5747.712907
375,5779.968087
376,5641.658051
377,5665.668805
378,5646.695467
379,5635.629225
380,5682.184037
381,5585.112763
382,5642.743201
383,5613.602319
384,5578.869685
385,5526.481328
386,5571.555823
387,5603.285492
388,5621.864875
389,5705.298296
390,5656.801361
391,5763.470707
392,5735.912582
393,5711.337582
394,5633.717140
395,5635.306559
396,5648.248514
397,5673.537693
398,5618.380774
399,5553.564250
400,5631.528573
401,5754.338965
402,5656.887537
403,5628.108614
404,5630.285018
405,5610.269224
406,5535.997523
407,5624.275596
408,5715.265677
409,5665.410720
410,5714.846540
411,5779.921336
412,5732.537970
413,5787.477416
414,5681.678063
415,5681.703718
416,5667.503658
417,5595.570922
418,5558.031986
419,5658.092368
420,5680.941807
421,5600.878344
422,5564.844388
423,5596.173402
424,5630.079572
425,5672.451514
426,5694.259802
427,5619.921249
428,5632.350750
429,5628.065197
430,5584.510088
431,5663.612393
432,5586.493787
433,5662.034352
434,5545.259663
435,5594.255840
436,5528.047434
437,5521.669036
438,5547.375261
439,5588.695961
440,5640.518644
441,5601.306741
442,5666.467026
443,5668.326477
444,5689.136016
445,5763.650722
446,5652.088435
447,5725.217738
448,5736.748976
449,5723.415497
450,5710.496427
451,5719.496013
452,5745.983386
453,5731.831173
454,5686.882282
455,5708.101079
456,5624.643050
457,5613.319925
458,5623.347963
459,5638.156238
460,5709.165345
461,5700.447780
462,5677.225057
463,5618.542585
464,5524.489682
465,5559.544655
466,5599.967368
467,5576.151862
468,5681.391225
469,5746.764831
470,5698.347807
471,5679.961105
472,5713.751224
473,5650.689804
474,5635.033269
475,5691.675999
476,5690.739689
477,5689.317926
478,5649.525434
479,5639.466299
480,5675.225740
481,5659.651500
482,5697.764355
483,5676.608868
484,5693.974349
485,5777.720778
486,5739.419055
487,5710.340371
488,5751.110746
489,5697.898747
490,5671.363735
491,5633.011888
492,5684.855006
493,5659.076851
494,5623.654798
495,5627.825102
496,5657.200745
497,5695.352661
498,5644.662971
499,5617.013564
