0,3365.698450
1,3609.595987
2,3790.975809
3,3963.556343
4,4094.749974
5,4185.386317
6,4285.113349
7,4389.443951
8,4497.743407
9,4587.187419
10,4659.393313
11,4738.880822
12,4784.976384
13,4864.161786
14,4893.644290
15,4951.044756
16,5012.037650
17,5080.423083
18,5190.309333
19,5286.041387
20,5376.170714
21,5519.236170
22,5634.367746
23,5719.572879
24,5806.769761
25,5884.068043
26,5946.922047
27,6000.839699
28,6039.506011
29,6089.653164
30,6118.570955
31,6132.109552
32,6155.312901
33,6172.523778
34,6191.990675
35,6187.168049
36,6210.275031
37,6215.003184
38,6224.654653
39,6234.586898
40,6244.409646
41,6222.358075
42,6239.027442
43,6235.924220
44,6237.080160
45,6229.614711
46,6227.696560
47,6216.733625
48,6234.340370
49,6220.882353
50,6221.174051
51,6235.102336
52,6233.461365
53,6220.683999
54,6240.336421
55,6225.995958
56,6248.086313
57,6241.654111
58,6251.745795
59,6229.734484
60,6236.852592
61,6245.572082
62,6237.728627
63,6243.927441
64,6239.256594
65,6225.955908
66,6239.751255
67,6252.442862
68,6259.679301
69,6258.202599
70,6238.254585
71,6247.173149
72,6252.194712
73,6241.720384
74,6250.000209
75,6248.099110
76,6239.592162
77,6251.662189
78,6236.027348
79,6252.284637
80,6236.532704
81,6236.923950
82,6230.039514
83,6244.132995
84,6236.802445
85,6248.082251
86,6246.410758
87,6249.031681
88,6245.922135
89,6249.071283
90,6254.932456
91,6241.767220
92,6238.329808
93,6257.604248
94,6243.427712
95,6254.882078
96,6266.685248
97,6257.961667
98,6256.288033
99,6250.803462
100,6255.829583
101,6227.935661
102,6231.182231
103,6235.893285
104,6237.909759
105,6246.958010
106,6235.056163
107,6239.106732
108,6247.392534
109,6248.640748
110,6251.777267
111,6247.552265
112,6257.445621
113,6246.836364
114,6240.663404
115,6239.629554
116,6236.959173
117,6259.248962
118,6255.928316
119,6249.182391
120,6255.758053
121,6258.420849
122,6257.076702
123,6258.214594
124,6256.142838
125,6260.399396
126,6252.160641
127,6243.852862
128,6250.955018
129,6253.962573
130,6254.186068
131,6245.434939
132,6248.215077
133,6256.411232
134,6241.621998
135,6254.391499
136,6267.680658
137,6261.834787
138,6251.478269
139,6259.458343
140,6258.258675
141,6261.872590
142,6251.960808
143,6252.824956
144,6258.851346
145,6256.168789
146,6248.981114
147,6259.002915
148,6265.290822
149,6268.625366
150,6258.905249
151,6263.885336
152,6255.925266
153,6254.989775
154,6262.113510
155,6266.799478
156,6261.659542
157,6268.230886
158,6273.748049
159,6267.231352
160,6265.726905
161,6261.264413
162,6268.309943
163,6272.595225
164,6263.251385
165,6267.813625
166,6261.818983
167,6266.403366
168,6272.386848
169,6263.907537
170,6268.567256
171,6269.121068
172,6267.897229
173,6272.451348
174,6273.067326
175,6273.994366
176,6272.694642
177,6269.624156
178,6274.181074
179,6269.223546
180,6279.204241
181,6275.633509
182,6274.367601
183,6271.662888
184,6270.041210
185,6273.339668
186,6266.438356
187,6274.679707
188,6278.514208
189,6280.633688
190,6270.041509
191,6274.108888
192,6271.979185
193,6275.999255
194,6269.452500
195,6267.556899
196,6273.988512
197,6281.449284
198,6272.374487
199,6273.593030
200,6275.090486
201,6276.521686
202,6275.367700
203,6270.435099
204,6275.928917
205,6272.976352
206,6274.351309
207,6272.368245
208,6279.337494
209,6278.249330
210,6277.399451
211,6281.884340
212,6280.913900
213,6278.993666
214,6280.274182
215,6279.945384
216,6281.825003
217,6278.497012
218,6282.654080
219,6280.831815
220,6280.944084
221,6277.557833
222,6280.478237
223,6281.291105
224,6283.159380
225,6280.118769
226,6281.483932
227,6282.930419
228,6279.568119
229,6281.570611
230,6280.408600
231,6281.552790
232,6283.359584
233,6283.582595
234,6281.984710
235,6283.923666
236,6279.251283
237,6280.755679
238,6282.036669
239,6282.343134
240,6283.712059
241,6279.116307
242,6278.750109
243,6278.673974
244,6284.070542
245,6279.855921
246,6282.589348
247,6283.500510
248,6277.024152
249,6280.126807
250,6282.383690
251,6282.718871
252,6283.224112
253,6282.589348
254,6283.353634
255,6284.346881
256,6284.346881
257,6281.954584
258,6281.114104
259,6282.166133
260,6281.678186
261,6282.312950
262,6279.140541
263,6282.654080
264,6283.159380
265,6278.628360
266,6282.736165
267,6280.467878
268,6281.259097
269,6282.302759
270,6281.613454
271,6280.066142
272,6282.524557
273,6281.790456
274,6283.776849
275,6280.837764
276,6284.558489
277,6283.712059
278,6280.803158
279,6280.574256
280,6280.404178
281,6281.578848
282,6282.459825
283,6282.383690
284,6282.084048
285,6281.953481
286,6276.408642
287,6279.442782
288,6277.562666
289,6280.412726
290,6281.527329
291,6277.152141
292,6282.736165
293,6281.813599
294,6277.951216
295,6281.519966
296,6282.654080
297,6284.346881
298,6281.496763
299,6282.252344
300,6282.800956
301,6278.557678
302,6282.865687
303,6281.026069
304,6281.895743
305,6282.654080
306,6282.930478
307,6282.671433
308,6280.119033
309,6280.624333
310,6278.343815
311,6278.344247
312,6284.135274
313,6277.869923
314,6278.297865
315,6282.089998
316,6282.724761
317,6282.230865
318,6281.341182
319,6281.401788
320,6281.678127
321,6280.015510
322,6283.012504
323,6280.332464
324,6282.865687
325,6282.442472
326,6283.565242
327,6281.034896
328,6281.455234
329,6280.984581
330,6281.889794
331,6281.112280
332,6281.772730
333,6281.976005
334,6281.954525
335,6280.690889
336,6279.812847
337,6282.175019
338,6281.466578
339,6279.851499
340,6281.237677
341,6280.538222
342,6282.589348
343,6280.620207
344,6276.616467
345,6280.149554
346,6279.572186
347,6281.617521
348,6282.736165
349,6283.858934
350,6279.104903
351,6282.951899
352,6281.855187
353,6280.741262
354,6280.973178
355,6282.554742
356,6279.864114
357,6280.820411
358,6282.524616
359,6279.239879
360,6280.967228
361,6282.789552
362,6283.647327
363,6283.776849
364,6279.684515
365,6283.565242
366,6283.647327
367,6280.183865
368,6279.674498
369,6280.796836
370,6278.669789
371,6279.768323
372,6281.355837
373,6283.500451
374,6281.373090
375,6281.813658
376,6283.858934
377,6281.590647
378,6281.584698
379,6280.949934
380,6281.172886
381,6281.725565
382,6279.827164
383,6279.974040
384,6280.001410
385,6283.582595
386,6283.370987
387,6282.783602
388,6282.040737
389,6280.356326
390,6280.991463
391,6279.562666
392,6282.187612
393,6282.497072
394,6282.154730
395,6283.012563
396,6279.550446
397,6280.162445
398,6282.312950
399,6280.403146
400,6279.656772
401,6279.457623
402,6283.012563
403,6280.803058
404,6281.308358
405,6280.837764
406,6281.472528
407,6282.883041
408,6282.800897
409,6282.301605
410,6283.370987
411,6281.371367
412,6283.077295
413,6277.652366
414,6281.237677
415,6281.943122
416,6282.442472
417,6281.678186
418,6282.459825
419,6282.947772
420,6279.368970
421,6281.813658
422,6281.461125
423,6280.991522
424,6279.691313
425,6278.289532
426,6279.622166
427,6283.923666
428,6277.529784
429,6280.397196
430,6282.367138
431,6278.438131
432,6282.343134
433,6282.783602
434,6281.747044
435,6282.025207
436,6283.712059
437,6283.224112
438,6283.370987
439,6282.301546
440,6282.448422
441,6280.062016
442,6281.958652
443,6280.385793
444,6280.168294
445,6280.902496
446,6284.346881
447,6282.160679
448,6280.961337
449,6281.172945
450,6277.905561
451,6282.236815
452,6281.026069
453,6280.461987
454,6280.568307
455,6283.565242
456,6282.183486
457,6282.800897
458,6278.611007
459,6281.825003
460,6279.256860
461,6281.813658
462,6282.002063
463,6281.161541
464,6281.696594
465,6280.336591
466,6282.783602
467,6279.415411
468,6281.779052
469,6280.542248
470,6280.913900
471,6277.430014
472,6282.236815
473,6281.855187
474,6282.724761
475,6283.988457
476,6280.971354
477,6282.230924
478,6279.674066
479,6280.479281
480,6283.056914
481,6282.248218
482,6284.558489
483,6282.301605
484,6281.760271
485,6278.717285
486,6282.783602
487,6282.724761
488,6281.155633
489,6279.345167
490,6281.049313
491,6282.236815
492,6283.582595
493,6283.647327
494,6284.346881
495,6281.291105
496,6281.855187
497,6279.949793
498,6280.974210
499,6281.043363
