0,3360.502174
1,6684.498046
2,6954.321848
3,7223.544539
4,7375.711582
5,7556.959179
6,7682.013526
7,7775.217100
8,7884.810150
9,8058.974842
10,8139.741913
11,8222.674096
12,8355.834113
13,8389.026955
14,8537.695825
15,8576.411929
16,8680.456183
17,8686.665008
18,8787.993624
19,8832.335427
20,8869.747078
21,8892.889780
22,8923.317101
23,8961.620764
24,9049.688346
25,9063.535646
26,9140.102414
27,9143.146232
28,9198.599135
29,9241.270363
30,9262.431001
31,9314.414118
32,9403.800735
33,9457.875045
34,9399.941238
35,9505.931807
36,9502.558538
37,9534.880299
38,9588.819846
39,9553.275972
40,9664.440441
41,9612.451134
42,9721.317885
43,9709.549948
44,9760.674607
45,9743.192994
46,9922.610672
47,9821.392940
48,9813.703126
49,9845.536859
50,9949.104659
51,9926.015545
52,9991.998469
53,10049.655379
54,10136.977484
55,10124.231507
56,10255.438752
57,10240.727358
58,10060.082609
59,10264.193399
60,10353.003361
61,10372.416198
62,10407.161317
63,10360.772366
64,10400.264947
65,10521.043223
66,10517.699517
67,10482.440314
68,10729.631412
69,10614.539488
70,10551.473525
71,10632.090114
72,10798.276295
73,10727.167073
74,10810.675910
75,10705.677789
76,10879.062946
77,10974.905101
78,10909.389897
79,11007.244300
80,10933.117382
81,11042.884899
82,11073.533280
83,11030.089606
84,11010.440120
85,11000.474803
86,10981.410674
87,10929.167605
88,11109.794567
89,11100.264168
90,11021.164494
91,11219.893652
92,11132.688571
93,11118.937582
94,11089.728632
95,11124.977280
96,11198.922211
97,11011.642748
98,11055.751510
99,11195.132358
100,11238.094531
101,11247.943366
102,11125.802246
103,11123.275107
104,11100.659330
105,11141.445594
106,11187.241783
107,11192.514397
108,11285.341193
109,11291.239015
110,11213.157548
111,11124.973655
112,11218.336478
113,11368.155697
114,11170.516232
115,11102.175222
116,11203.347891
117,11135.064249
118,11322.054373
119,11249.403697
120,11167.907363
121,11193.644178
122,11269.854859
123,11247.318617
124,11384.250669
125,11279.294001
126,11204.328715
127,11274.632439
128,11227.859092
129,11233.533039
130,11235.666236
131,11072.346781
132,11236.634242
133,11251.944123
134,11199.671252
135,11259.740016
136,11311.896714
137,11148.860998
138,11228.715987
139,11315.670868
140,11272.704618
141,11178.931360
142,11061.655635
143,11136.231554
144,11158.168043
145,11235.386144
146,11233.217369
147,11345.454851
148,11211.378711
149,11062.523792
150,11300.771259
151,11318.832453
152,11177.615692
153,11263.182635
154,11216.163020
155,11207.494729
156,11191.723969
157,11145.113622
158,10977.545693
159,11164.489650
160,11301.533932
161,11176.086658
162,11175.850686
163,11221.713096
164,11116.378057
165,11242.018784
166,11381.549071
167,11235.172290
168,11072.579794
169,10994.029315
170,11172.582815
171,11207.951979
172,11343.576570
173,11181.189787
174,11191.572234
175,11297.945403
176,11174.218685
177,11203.961916
178,11151.425606
179,11231.286524
180,11142.627103
181,11362.219559
182,11282.837881
183,11334.275378
184,11313.656636
185,11259.664985
186,11214.463844
187,11173.134034
188,11098.654087
189,11193.328549
190,11363.505488
191,11277.726203
192,11259.473455
193,11164.207198
194,11212.858504
195,11151.406359
196,11132.309346
197,11161.683614
198,11074.731081
199,11023.158946
200,11238.489179
201,11138.375508
202,11013.608229
203,11140.638527
204,11196.233828
205,11257.676882
206,11088.837718
207,11212.054404
208,11354.550291
209,11101.042165
210,11189.307349
211,11324.292235
212,11289.724937
213,11276.269525
214,11291.110743
215,11209.963657
216,11292.848820
217,11152.751621
218,11148.414019
219,11390.286160
220,11305.262285
221,11094.965886
222,11071.400520
223,11175.779033
224,11240.192521
225,11213.516731
226,11250.253226
227,11182.831662
228,11256.699550
229,11262.589585
230,11202.012864
231,11030.286091
232,11238.013022
233,11111.630557
234,11218.035946
235,11244.835665
236,11254.826493
237,11251.916719
238,11152.814302
239,11299.163494
240,11306.730793
241,11368.212108
242,11201.635066
243,11208.780305
244,11206.510542
245,11221.264708
246,11405.759082
247,11220.163272
248,11302.439546
249,11270.908038
250,11100.485694
251,11213.340392
252,11143.295203
253,11072.760514
254,11134.354179
255,11339.992958
256,11207.241412
257,11094.753518
258,11183.831719
259,11189.314552
260,11397.046335
261,11216.700319
262,11226.150988
263,11298.597165
264,11295.499695
265,11135.997798
266,11337.527176
267,11216.860395
268,11243.289931
269,11123.903230
270,11296.383194
271,11152.190212
272,11134.230022
273,11239.069188
274,11295.945453
275,11429.061708
276,11298.725255
277,11152.726039
278,11056.567122
279,11209.111003
280,11165.448985
281,11178.146946
282,11246.975644
283,11155.075143
284,11208.342448
285,11185.994528
286,11227.552114
287,11290.410931
288,11281.327267
289,11182.662640
290,11157.900014
291,11099.258546
292,11168.818254
293,11025.558667
294,11289.669605
295,11175.227069
296,11190.476627
297,11347.796624
298,11082.490540
299,11051.840207
300,11071.481024
301,11159.669046
302,11183.181470
303,11236.138446
304,11309.682392
305,11166.686264
306,11116.632718
307,11161.008067
308,11209.342700
309,11266.180424
310,11275.303091
311,11165.754894
312,11081.957130
313,11307.604836
314,11093.897117
315,11018.059688
316,10951.622113
317,11287.795176
318,11172.187072
319,10989.711603
320,11166.159683
321,11198.301913
322,11218.986024
323,11185.602815
324,11152.934236
325,11168.487945
326,11221.511447
327,11155.987015
328,11288.959392
329,11253.608884
330,11285.055653
331,11175.341573
332,11165.956394
333,11211.928395
334,11181.776541
335,11100.494534
336,11223.659550
337,11337.338702
338,11327.005772
339,11053.708068
340,11152.177935
341,11192.382200
342,11220.015255
343,11155.757123
344,11123.728227
345,11210.508979
346,11178.443000
347,11108.000344
348,11266.680498
349,11250.247576
350,11238.297706
351,11179.790563
352,11119.360287
353,11153.491151
354,11072.123685
355,11226.899497
356,11198.606221
357,11122.992210
358,11244.685679
359,11227.904900
360,11248.666494
361,11230.922249
362,11220.983245
363,11261.817033
364,11181.392597
365,11248.090307
366,11179.441492
367,11333.575323
368,11361.843388
369,11095.286893
370,11056.350560
371,11197.470905
372,11066.516449
373,11216.577801
374,11291.571913
375,11204.349122
376,11328.693480
377,11336.571376
378,11051.581642
379,11042.585744
380,11202.624976
381,11151.274485
382,11032.740862
383,11232.616950
384,11141.023700
385,11219.965274
386,11177.002705
387,11017.414454
388,11194.740121
389,11183.258913
390,11125.908968
391,11239.775120
392,11337.814806
393,11380.042139
394,11133.605896
395,11175.847343
396,11199.954892
397,11208.079591
398,11075.649117
399,11131.981884
400,11241.376825
401,11113.222824
402,11222.377581
403,11308.913617
404,11146.084248
405,11188.656796
406,11266.431442
407,11222.799652
408,11338.393478
409,11353.528479
410,11149.691895
411,11162.458698
412,11261.503621
413,11201.671296
414,11121.126985
415,11154.652910
416,11196.509972
417,11338.916759
418,11266.021750
419,11222.924541
420,11165.154292
421,11163.153673
422,11232.928251
423,11361.403173
424,11191.013400
425,11260.734784
426,11089.900107
427,11215.121594
428,11183.962980
429,11152.947582
430,11119.595483
431,11188.789193
432,11115.024077
433,11241.473163
434,11173.717422
435,11327.727800
436,11271.983983
437,11079.343738
438,11096.712705
439,11155.372645
440,11237.079939
441,11166.471140
442,11163.357399
443,11088.880371
444,11057.099365
445,11230.264843
446,11214.737825
447,11360.090363
448,11247.963117
449,11178.343281
450,11205.548152
451,11229.935776
452,11301.898079
453,11185.062647
454,11132.512442
455,11292.578878
456,11230.171093
457,11266.585387
458,11182.577580
459,11217.913493
460,11257.014893
461,11277.236007
462,11299.831875
463,11267.217813
464,11114.832838
465,11102.614942
466,11271.785990
467,11262.666717
468,11162.921189
469,11087.959178
470,11081.282327
471,11067.025550
472,11264.630123
473,11225.064752
474,11054.613334
475,11083.440688
476,11178.199117
477,11099.395784
478,11222.384074
479,11158.000906
480,11140.547516
481,11211.897043
482,11284.173761
483,11263.225038
484,11154.622619
485,11238.537688
486,11193.727068
487,11246.081742
488,11230.245787
489,11259.215298
490,11273.208034
491,11143.531520
492,11245.322142
493,11112.497260
494,11236.146148
495,11165.544358
496,11353.527792
497,11256.252162
498,11204.551937
499,11144.922635
