0,3360.316837
1,3664.400202
2,3826.568585
3,3948.801763
4,4045.714424
5,4127.189780
6,4203.651657
7,4272.128381
8,4329.113702
9,4384.425022
10,4442.555264
11,4507.342850
12,4563.008365
13,4618.086519
14,4668.980531
15,4712.450149
16,4748.580337
17,4784.989848
18,4819.222777
19,4853.862323
20,4896.379357
21,4930.603676
22,4972.425288
23,5029.344731
24,5082.741060
25,5143.356020
26,5196.316294
27,5247.625989
28,5308.998609
29,5358.468529
30,5414.408987
31,5471.451659
32,5524.255070
33,5577.647711
34,5626.202871
35,5665.350122
36,5684.325752
37,5689.825484
38,5693.561835
39,5698.647558
40,5702.697524
41,5707.178878
42,5712.622211
43,5717.566978
44,5721.163173
45,5721.163173
46,5721.163173
47,5721.163173
48,5721.163173
49,5721.163173
50,5721.163173
51,5721.163173
52,5721.163173
53,5721.163173
54,5721.163173
55,5721.163173
56,5721.163173
57,5721.163173
58,5721.163173
59,5721.163173
60,5721.163173
61,5721.163173
62,5721.163173
63,5721.163173
64,5721.163173
65,5721.163173
66,5721.163173
67,5721.163173
68,5721.163173
69,5721.163173
70,5721.163173
71,5721.163173
72,5721.163173
73,5721.163173
74,5721.163173
75,5721.163173
76,5721.163173
77,5721.163173
78,5721.163173
79,5721.163173
80,5721.163173
81,5721.163173
82,5721.163173
83,5721.163173
84,5721.163173
85,5721.163173
86,5721.163173
87,5721.163173
88,5721.163173
89,5721.163173
90,5721.163173
91,5721.163173
92,5721.163173
93,5721.163173
94,5721.163173
95,5721.163173
96,5721.163173
97,5721.163173
98,5721.163173
99,5721.163173
100,5721.163173
101,5721.163173
102,5721.163173
103,5721.163173
104,5721.163173
105,5721.163173
106,5721.163173
107,5721.163173
108,5721.163173
109,5721.163173
110,5721.163173
111,5721.163173
112,5721.163173
113,5721.163173
114,5721.163173
115,5721.163173
116,5721.163173
117,5721.163173
118,5721.163173
119,5721.163173
120,5721.163173
121,5721.163173
122,5721.163173
123,5721.163173
124,5721.163173
125,5721.163173
126,5721.163173
127,5721.163173
128,5721.163173
129,5721.163173
130,5721.163173
131,5721.163173
132,5721.163173
133,5721.163173
134,5721.163173
135,5721.163173
136,5721.163173
137,5721.163173
138,5721.163173
139,5721.163173
140,5721.163173
141,5721.163173
142,5721.163173
143,5721.163173
144,5721.163173
145,5721.163173
146,5721.163173
147,5721.163173
148,5721.163173
149,5721.163173
150,5721.163173
151,5721.163173
152,5721.163173
153,5721.163173
154,5721.163173
155,5721.163173
156,5721.163173
157,5721.163173
158,5721.163173
159,5721.163173
160,5721.163173
161,5721.163173
162,5721.163173
163,5721.163173
164,5721.163173
165,5721.163173
166,5721.163173
167,5721.163173
168,5721.163173
169,5721.163173
170,5721.163173
171,5721.163173
172,5721.163173
173,5721.163173
174,5721.163173
175,5721.163173
176,5721.163173
177,5721.163173
178,5721.163173
179,5721.163173
180,5721.163173
181,5721.163173
182,5721.163173
183,5721.163173
184,5721.163173
185,5721.163173
186,5721.163173
187,5721.163173
188,5721.163173
189,5721.163173
190,5721.163173
191,5721.163173
192,5721.163173
193,5721.163173
194,5721.163173
195,5721.163173
196,5721.163173
197,5721.163173
198,5721.163173
199,5721.163173
200,5721.163173
201,5721.163173
202,5721.163173
203,5721.163173
204,5721.163173
205,5721.163173
206,5721.163173
207,5721.163173
208,5721.163173
209,5721.163173
210,5721.163173
211,5721.163173
212,5721.163173
213,5721.163173
214,5721.163173
215,5721.163173
216,5721.163173
217,5721.163173
218,5721.163173
219,5721.163173
220,5721.163173
221,5721.163173
222,5721.163173
223,5721.163173
224,5721.163173
225,5721.163173
226,5721.163173
227,5721.163173
228,5721.163173
229,5721.163173
230,5721.163173
231,5721.163173
232,5721.163173
233,5721.163173
234,5721.163173
235,5721.163173
236,5721.163173
237,5721.163173
238,5721.163173
239,5721.163173
240,5721.163173
241,5721.163173
242,5721.163173
243,5721.163173
244,5721.163173
245,5721.163173
246,5721.163173
247,5721.163173
248,5721.163173
249,5721.163173
250,5721.163173
251,5721.163173
252,5721.163173
253,5721.163173
254,5721.163173
255,5721.163173
256,5721.163173
257,5721.163173
258,5721.163173
259,5721.163173
260,5721.163173
261,5721.163173
262,5721.163173
263,5721.163173
264,5721.163173
265,5721.163173
266,5721.163173
267,5721.163173
268,5721.163173
269,5721.163173
270,5721.163173
271,5721.163173
272,5721.163173
273,5721.163173
274,5721.163173
275,5721.163173
276,5721.163173
277,5721.163173
278,5721.163173
279,5721.163173
280,5721.163173
281,5721.163173
282,5721.163173
283,5721.163173
284,5721.163173
285,5721.163173
286,5721.163173
287,5721.163173
288,5721.163173
289,5721.163173
290,5721.163173
291,5721.163173
292,5721.163173
293,5721.163173
294,5721.163173
295,5721.163173
296,5721.163173
297,5721.163173
298,5721.163173
299,5721.163173
300,5721.163173
301,5721.163173
302,5721.163173
303,5721.163173
304,5721.163173
305,5721.163173
306,5721.163173
307,5721.163173
308,5721.163173
309,5721.163173
310,5721.163173
311,5721.163173
312,5721.163173
313,5721.163173
314,5721.163173
315,5721.163173
316,5721.163173
317,5721.163173
318,5721.163173
319,5721.163173
320,5721.163173
321,5721.163173
322,5721.163173
323,5721.163173
324,5721.163173
325,5721.163173
326,5721.163173
327,5721.163173
328,5721.163173
329,5721.163173
330,5721.163173
331,5721.163173
332,5721.163173
333,5721.163173
334,5721.163173
335,5721.163173
336,5721.163173
337,5721.163173
338,5721.163173
339,5721.163173
340,5721.163173
341,5721.163173
342,5721.163173
343,5721.163173
344,5721.163173
345,5721.163173
346,5721.163173
347,5721.163173
348,5721.163173
349,5721.163173
350,5721.163173
351,5721.163173
352,5721.163173
353,5721.163173
354,5721.163173
355,5721.163173
356,5721.163173
357,5721.163173
358,5721.163173
359,5721.163173
360,5721.163173
361,5721.163173
362,5721.163173
363,5721.163173
364,5721.163173
365,5721.163173
366,5721.163173
367,5721.163173
368,5721.163173
369,5721.163173
370,5721.163173
371,5721.163173
372,5721.163173
373,5721.163173
374,5721.163173
375,5721.163173
376,5721.163173
377,5721.163173
378,5721.163173
379,5721.163173
380,5721.163173
381,5721.163173
382,5721.163173
383,5721.163173
384,5721.163173
385,5721.163173
386,5721.163173
387,5721.163173
388,5721.163173
389,5721.163173
390,5721.163173
391,5721.163173
392,5721.163173
393,5721.163173
394,5721.163173
395,5721.163173
396,5721.163173
397,5721.163173
398,5721.163173
399,5721.163173
400,5721.163173
401,5721.163173
402,5721.163173
403,5721.163173
404,5721.163173
405,5721.163173
406,5721.163173
407,5721.163173
408,5721.163173
409,5721.163173
410,5721.163173
411,5721.163173
412,5721.163173
413,5721.163173
414,5721.163173
415,5721.163173
416,5721.163173
417,5721.163173
418,5721.163173
419,5721.163173
420,5721.163173
421,5721.163173
422,5721.163173
423,5721.163173
424,5721.163173
425,5721.163173
426,5721.163173
427,5721.163173
428,5721.163173
429,5721.163173
430,5721.163173
431,5721.163173
432,5721.163173
433,5721.163173
434,5721.163173
435,5721.163173
436,5721.163173
437,5721.163173
438,5721.163173
439,5721.163173
440,5721.163173
441,5721.163173
442,5721.163173
443,5721.163173
444,5721.163173
445,5721.163173
446,5721.163173
447,5721.163173
448,5721.163173
449,5721.163173
450,5721.163173
451,5721.163173
452,5721.163173
453,5721.163173
454,5721.163173
455,5721.163173
456,5721.163173
457,5721.163173
458,5721.163173
459,5721.163173
460,5721.163173
461,5721.163173
462,5721.163173
463,5721.163173
464,5721.163173
465,5721.163173
466,5721.163173
467,5721.163173
468,5721.163173
469,5721.163173
470,5721.163173
471,5721.163173
472,5721.163173
473,5721.163173
474,5721.163173
475,5721.163173
476,5721.163173
477,5721.163173
478,5721.163173
479,5721.163173
480,5721.163173
481,5721.163173
482,5721.163173
483,5721.163173
484,5721.163173
485,5721.163173
486,5721.163173
487,5721.163173
488,5721.163173
489,5721.163173
490,5721.163173
491,5721.163173
492,5721.163173
493,5721.163173
494,5721.163173
495,5721.163173
496,5721.163173
497,5721.163173
498,5721.163173
499,5721.163173
