0,3345.333933
1,6649.811542
2,6960.311843
3,7178.070449
4,7312.193008
5,7435.893479
6,7469.898954
7,7502.716331
8,7552.412393
9,7612.896709
10,7683.298418
11,7770.884075
12,7791.502630
13,7811.575201
14,7975.328945
15,7976.069622
16,7982.865409
17,8015.654291
18,8015.427375
19,8100.605481
20,8125.945091
21,8183.613099
22,8172.884288
23,8071.120295
24,8081.547473
25,8223.739871
26,8249.922587
27,8165.548374
28,8253.847755
29,8414.072520
30,8404.120495
31,8395.233445
32,8522.337932
33,8510.499540
34,8448.607188
35,8463.145173
36,8401.599993
37,8498.171786
38,8555.024908
39,8504.627378
40,8554.713980
41,8688.729166
42,8748.073644
43,8712.345542
44,8645.021973
45,8708.697881
46,8715.750384
47,8731.674731
48,8750.358190
49,8828.794513
50,8787.440073
51,8890.953930
52,8962.464547
53,9065.049886
54,9028.979194
55,9098.197005
56,9030.247470
57,9208.945524
58,9104.653371
59,9172.326849
60,9281.020000
61,9273.406324
62,9381.944828
63,9231.033388
64,9338.574710
65,9532.670305
66,9507.426638
67,9487.595215
68,9522.395330
69,9438.470115
70,9420.310822
71,9572.896687
72,9534.580986
73,9461.834441
74,9471.305541
75,9606.871961
76,9594.013689
77,9590.280047
78,9583.819777
79,9657.028909
80,9631.116875
81,9656.232483
82,9816.972822
83,9894.855982
84,9704.209399
85,9775.501387
86,9715.173066
87,9778.247055
88,9949.639192
89,9784.130850
90,9797.812780
91,9780.195705
92,9783.267911
93,9819.871414
94,10087.784103
95,9941.459405
96,9807.120394
97,9945.582472
98,9815.914587
99,9967.717865
100,9936.561397
101,9895.836097
102,9944.597788
103,9867.424895
104,9939.010546
105,9984.814305
106,10052.651929
107,9854.712437
108,9935.504222
109,9998.814880
110,10073.084431
111,10077.437357
112,9995.028282
113,9992.412047
114,9931.926680
115,10023.233152
116,10226.590155
117,10025.269472
118,9979.612008
119,10049.900736
120,9925.955109
121,9908.722732
122,9760.934218
123,10044.862200
124,9879.854720
125,9819.686990
126,9865.770324
127,10012.873102
128,10057.186199
129,9997.908853
130,9894.015920
131,9776.727484
132,10068.126227
133,10060.865467
134,10002.401252
135,9961.723389
136,9913.707825
137,9794.228181
138,10068.940678
139,10102.789628
140,10033.902361
141,9964.744085
142,9977.134596
143,9890.255891
144,9998.106681
145,9814.219647
146,9879.336768
147,9947.946367
148,9904.031005
149,9917.304846
150,9944.178107
151,10089.965117
152,9990.063686
153,10003.692592
154,10105.642705
155,9990.048374
156,9896.183802
157,9822.135525
158,9785.438056
159,9906.036822
160,9944.689592
161,10161.974747
162,10090.045979
163,9972.086322
164,9881.190005
165,9982.165925
166,9950.534223
167,9751.098615
168,9871.928454
169,9859.728432
170,9930.624324
171,9998.672616
172,10243.773833
173,9955.511841
174,10030.071014
175,10054.556840
176,9950.614625
177,9778.699968
178,10197.726303
179,10140.541942
180,10025.286878
181,9960.863796
182,10020.642659
183,10025.213472
184,10062.852602
185,10026.397516
186,10211.002149
187,9903.784091
188,9975.345778
189,9988.730044
190,10063.142461
191,10038.499899
192,9953.501833
193,9904.401959
194,10016.275479
195,9855.565621
196,9954.359526
197,9893.620064
198,9987.732729
199,9974.709151
200,9884.803215
201,9919.829934
202,9937.251169
203,9667.312173
204,9867.863613
205,9774.420403
206,9940.559561
207,10086.906236
208,9885.139621
209,10132.834466
210,10125.438493
211,9962.680006
212,9760.185131
213,9944.561350
214,9836.266693
215,9867.808059
216,9897.966880
217,9929.594586
218,9796.793246
219,9994.817700
220,9952.998200
221,9821.985770
222,9971.870930
223,9967.256921
224,9938.116322
225,9848.643710
226,9919.927249
227,10024.276402
228,10127.689367
229,10069.706049
230,9953.136124
231,9913.859088
232,9987.567113
233,10057.120617
234,9964.754821
235,10183.939756
236,9892.904189
237,10026.564471
238,10058.462967
239,10031.112767
240,10125.074125
241,9967.244840
242,9843.800303
243,10013.989133
244,10112.089906
245,9898.088579
246,9949.711940
247,10014.757780
248,9916.456757
249,9888.992144
250,9876.645997
251,10163.136616
252,10216.667193
253,9927.521735
254,10073.614529
255,9962.104750
256,9830.624184
257,9890.825913
258,9813.550393
259,10042.622984
260,10024.619322
261,10031.603788
262,10231.694780
263,10055.288454
264,10072.784441
265,9966.652028
266,9979.116902
267,10078.555707
268,9892.470677
269,10148.751441
270,10080.330896
271,9994.576241
272,9870.877794
273,9939.508841
274,10045.119994
275,10022.838217
276,10019.775571
277,10128.824841
278,9993.645064
279,9945.917792
280,9902.499574
281,10030.537285
282,10136.471231
283,10117.183804
284,9793.507465
285,9980.809158
286,9828.794377
287,9901.967756
288,10111.393459
289,10045.171694
290,10095.766495
291,9892.173562
292,9999.437995
293,9986.607385
294,10005.972705
295,9982.197907
296,10255.265719
297,10140.208898
298,10075.158829
299,10166.384597
300,10067.712998
301,10037.184986
302,10147.294514
303,10194.124209
304,9937.130815
305,9929.049925
306,9998.111612
307,9934.972778
308,9909.379638
309,9886.414683
310,10255.468559
311,10118.781312
312,10073.585475
313,10026.622500
314,9937.991144
315,10037.269902
316,9951.083873
317,9891.926004
318,9812.945523
319,9917.363163
320,10104.280544
321,10265.971048
322,10041.351611
323,9994.170238
324,9797.907565
325,9946.396597
326,9883.564370
327,9980.239162
328,10030.871461
329,10013.914704
330,10168.136730
331,10002.418874
332,9995.735429
333,9899.719777
334,9977.988944
335,9918.111251
336,10100.996590
337,10232.406360
338,10077.010783
339,10015.153547
340,10000.643504
341,9824.348328
342,9818.988438
343,9980.903878
344,10029.883238
345,10167.589099
346,9954.286094
347,9864.094944
348,9926.070976
349,10021.377133
350,10044.859613
351,10018.607094
352,10043.959450
353,10028.035298
354,10108.858539
355,10012.013451
356,9899.767275
357,9914.540707
358,9759.792979
359,9920.443211
360,10072.675809
361,10013.510953
362,10138.654536
363,9915.391167
364,9928.560769
365,9870.665605
366,10007.528864
367,9888.625030
368,9924.350101
369,10007.468407
370,10097.868339
371,10117.633634
372,10102.896135
373,9898.238495
374,10039.998069
375,10086.543050
376,10030.928946
377,9979.403098
378,9993.433371
379,10157.376744
380,10121.732826
381,10041.145025
382,9877.051270
383,10080.705516
384,10200.643102
385,10179.520036
386,10116.412524
387,10290.692269
388,10158.064046
389,9964.225142
390,10065.069952
391,9864.442438
392,9929.260060
393,10135.665657
394,10315.107911
395,10227.760057
396,10065.692537
397,9888.858708
398,10038.455386
399,10124.841521
400,10156.900305
401,10279.524730
402,10108.507530
403,9933.827822
404,10039.628289
405,10133.058308
406,9907.333276
407,9984.314346
408,10124.884345
409,9932.326795
410,10031.617574
411,10058.813668
412,10160.370744
413,9973.904273
414,9929.452733
415,10119.195839
416,10158.642837
417,10125.123287
418,10065.990020
419,10166.129646
420,10138.847074
421,10072.390603
422,10161.459136
423,10215.477712
424,10159.401727
425,9964.980751
426,10073.558181
427,9836.927468
428,9953.608892
429,9981.871225
430,9804.409600
431,9895.717737
432,9957.751904
433,10208.463559
434,10255.561680
435,10227.070539
436,10217.839292
437,10088.144321
438,10060.422423
439,10061.191429
440,10318.279158
441,10173.363786
442,10213.585489
443,10241.307266
444,10164.674558
445,10228.191048
446,10142.453021
447,10201.613805
448,10087.919274
449,10211.310061
450,10361.588978
451,10149.467205
452,10284.843653
453,10210.611281
454,10214.894099
455,10206.925443
456,10218.732691
457,10047.398507
458,10073.266191
459,10257.652038
460,10153.556562
461,10013.103084
462,10088.934638
463,9936.258273
464,10116.818102
465,10007.046807
466,10075.513830
467,10184.194628
468,10077.402745
469,10244.025986
470,10143.384827
471,10124.873112
472,10061.688036
473,10097.509766
474,10059.481217
475,10107.109446
476,10309.816523
477,10018.565157
478,10050.266435
479,10036.665469
480,10046.369237
481,10065.698921
482,10042.187683
483,10133.802918
484,10216.158508
485,10112.656056
486,10155.605012
487,10175.560821
488,10131.027209
489,10297.350360
490,10185.890369
491,10009.307338
492,10141.716653
493,10274.990084
494,10246.075616
495,10420.015568
496,10089.624875
497,10231.692016
498,10144.108423
499,10420.701087
