0,3359.193950
1,6718.019660
2,6969.733333
3,7136.286750
4,7284.365081
5,7393.994713
6,7494.668341
7,7504.509441
8,7632.625192
9,7643.089598
10,7678.309458
11,7774.611515
12,7831.104335
13,7896.313460
14,7892.465497
15,7987.712832
16,7952.852941
17,7999.254084
18,7995.383679
19,8095.775304
20,8129.740664
21,8217.986017
22,8210.385990
23,8303.461427
24,8245.556307
25,8367.186438
26,8278.724145
27,8354.729816
28,8356.363608
29,8455.160609
30,8506.307161
31,8460.796975
32,8482.890312
33,8568.514871
34,8617.658888
35,8637.945284
36,8666.940818
37,8642.460380
38,8755.596814
39,8757.395840
40,8789.015623
41,8883.240524
42,8883.728204
43,8890.263055
44,8888.694650
45,8969.875467
46,8981.854318
47,8991.366777
48,8997.507745
49,9065.336633
50,9159.274970
51,9162.658210
52,9183.088513
53,9297.368177
54,9251.046042
55,9272.847540
56,9323.150567
57,9284.578869
58,9325.769706
59,9409.261620
60,9500.636876
61,9479.614785
62,9452.629119
63,9418.662266
64,9533.349040
65,9649.345710
66,9652.406451
67,9605.392119
68,9473.919417
69,9636.096121
70,9662.638106
71,9788.426708
72,9743.249013
73,9673.561473
74,9780.158904
75,9779.354267
76,9897.718275
77,9763.856664
78,9846.684376
79,9741.915479
80,9795.867776
81,9757.850091
82,9807.053959
83,9791.100661
84,9903.783858
85,9932.488268
86,10081.001627
87,10067.401161
88,10058.331640
89,10004.014331
90,10045.117034
91,9984.570561
92,10117.732670
93,10075.355858
94,10086.362615
95,10118.404997
96,10056.052351
97,10041.773354
98,10179.232564
99,10203.425517
100,10241.404380
101,10312.019365
102,10251.731586
103,10333.485104
104,10347.531723
105,10322.165266
106,10321.932730
107,10254.749102
108,10234.721628
109,10306.701130
110,10288.761634
111,10418.907276
112,10387.167753
113,10273.255362
114,10336.778194
115,10504.031285
116,10550.003478
117,10571.672867
118,10515.744649
119,10394.073757
120,10604.392518
121,10486.021320
122,10582.906219
123,10531.296281
124,10349.168989
125,10489.186299
126,10477.872703
127,10583.337045
128,10565.410510
129,10489.362669
130,10480.563919
131,10422.894435
132,10527.019452
133,10552.996591
134,10510.456834
135,10621.816697
136,10457.324911
137,10467.903146
138,10463.257823
139,10551.024214
140,10452.744263
141,10425.278827
142,10552.119362
143,10539.004216
144,10214.014587
145,10417.118035
146,10524.878477
147,10407.271476
148,10451.840420
149,10580.635782
150,10384.897069
151,10431.169701
152,10414.473389
153,10485.543600
154,10611.309409
155,10528.145563
156,10483.131251
157,10502.246156
158,10558.168105
159,10516.552912
160,10553.110557
161,10599.175412
162,10593.894970
163,10633.656668
164,10598.610407
165,10582.223849
166,10508.742471
167,10537.333047
168,10483.654432
169,10404.715671
170,10619.074688
171,10558.846021
172,10447.825795
173,10397.333315
174,10506.895352
175,10685.763936
176,10530.843238
177,10457.918800
178,10578.153789
179,10637.760539
180,10571.317440
181,10431.226392
182,10455.720959
183,10483.714211
184,10419.488405
185,10598.281509
186,10555.194642
187,10504.089552
188,10551.071842
189,10454.294596
190,10399.630853
191,10580.667940
192,10438.818288
193,10578.319184
194,10329.311772
195,10507.738135
196,10532.994677
197,10449.030059
198,10327.165961
199,10482.724249
200,10519.371918
201,10519.268140
202,10530.616938
203,10583.504303
204,10471.304449
205,10499.465855
206,10367.782319
207,10568.827426
208,10590.436808
209,10699.160329
210,10517.829978
211,10398.057898
212,10372.468273
213,10407.656916
214,10611.695744
215,10649.547051
216,10565.846574
217,10669.900573
218,10554.839708
219,10481.473574
220,10456.897137
221,10627.008640
222,10515.717281
223,10618.744633
224,10648.972128
225,10375.504318
226,10443.053587
227,10467.848992
228,10559.350171
229,10402.742546
230,10447.496924
231,10553.484762
232,10539.541875
233,10702.623342
234,10491.663619
235,10513.135289
236,10589.750496
237,10531.073069
238,10585.977854
239,10480.141556
240,10517.206678
241,10578.356137
242,10479.491934
243,10539.372099
244,10596.564031
245,10520.391677
246,10419.441643
247,10396.749387
248,10482.880993
249,10556.827637
250,10573.725066
251,10624.871766
252,10540.762511
253,10413.188219
254,10582.106541
255,10604.934701
256,10587.070571
257,10516.694438
258,10498.571213
259,10469.235262
260,10527.315867
261,10538.014432
262,10560.500799
263,10525.920605
264,10449.142704
265,10528.429474
266,10559.657490
267,10597.988799
268,10622.559654
269,10517.912438
270,10546.986400
271,10438.898943
272,10486.471742
273,10549.812077
274,10605.274442
275,10561.430238
276,10498.076766
277,10639.072099
278,10534.115561
279,10602.493632
280,10564.424720
281,10486.512503
282,10537.125020
283,10458.155583
284,10609.023026
285,10458.687665
286,10626.071098
287,10672.793160
288,10509.542513
289,10538.482185
290,10466.789227
291,10460.511786
292,10529.789155
293,10556.267812
294,10499.680314
295,10433.891619
296,10687.874380
297,10657.876163
298,10582.651859
299,10525.780889
300,10393.338271
301,10464.625128
302,10513.849269
303,10560.562680
304,10693.103571
305,10707.589779
306,10602.303118
307,10564.781455
308,10575.546258
309,10536.824093
310,10437.834796
311,10388.443410
312,10529.164856
313,10411.852962
314,10644.082909
315,10736.167879
316,10495.327737
317,10398.796609
318,10537.795278
319,10490.414817
320,10477.340919
321,10509.305170
322,10378.953512
323,10534.093586
324,10476.858697
325,10468.407244
326,10350.091329
327,10408.140152
328,10546.048981
329,10540.224860
330,10557.554003
331,10562.866209
332,10560.224830
333,10631.052748
334,10441.301884
335,10568.782609
336,10466.904957
337,10573.613212
338,10628.773970
339,10421.912204
340,10526.128435
341,10441.385527
342,10558.289119
343,10395.578492
344,10565.220161
345,10553.392489
346,10439.790500
347,10382.269344
348,10466.651122
349,10470.440394
350,10462.439117
351,10600.172674
352,10534.912934
353,10545.062098
354,10502.169783
355,10509.682258
356,10552.289746
357,10461.927797
358,10550.753918
359,10514.583978
360,10650.272911
361,10683.495174
362,10463.696266
363,10584.516577
364,10618.361727
365,10581.503095
366,10563.355727
367,10474.260241
368,10564.578407
369,10475.326153
370,10595.577544
371,10519.221406
372,10591.232525
373,10641.089353
374,10773.565168
375,10504.751604
376,10551.050418
377,10474.156753
378,10574.375870
379,10553.809717
380,10476.330004
381,10442.850939
382,10543.549798
383,10485.191254
384,10610.798261
385,10499.912782
386,10631.764876
387,10443.941558
388,10525.451732
389,10610.047085
390,10483.762358
391,10562.864719
392,10567.240296
393,10693.133272
394,10519.188287
395,10553.135825
396,10532.159971
397,10328.629675
398,10509.831882
399,10541.851983
400,10686.978369
401,10634.731481
402,10611.342262
403,10499.466703
404,10596.122899
405,10506.484396
406,10546.238719
407,10439.616272
408,10416.522188
409,10609.415549
410,10511.566220
411,10480.620235
412,10650.473648
413,10628.348615
414,10560.008716
415,10414.376992
416,10403.424448
417,10470.404251
418,10426.506107
419,10409.803600
420,10564.630252
421,10421.949349
422,10564.602442
423,10511.793025
424,10527.209370
425,10441.596386
426,10633.603387
427,10622.862084
428,10630.588440
429,10467.453026
430,10604.618033
431,10533.315834
432,10587.175119
433,10637.980136
434,10509.370955
435,10627.338320
436,10631.424767
437,10592.210260
438,10635.743669
439,10558.898119
440,10590.927059
441,10513.276479
442,10670.707494
443,10622.171281
444,10488.850689
445,10436.707563
446,10409.577090
447,10440.186573
448,10547.099843
449,10441.404331
450,10495.967283
451,10544.264073
452,10516.355260
453,10356.426323
454,10473.946746
455,10567.559485
456,10650.270094
457,10548.668717
458,10574.732204
459,10546.327283
460,10610.926335
461,10663.579726
462,10632.556076
463,10646.557463
464,10615.002671
465,10551.815185
466,10432.268114
467,10743.179606
468,10544.294756
469,10477.055169
470,10492.117546
471,10463.319172
472,10484.314798
473,10483.915548
474,10542.322964
475,10530.117770
476,10470.642478
477,10528.839585
478,10412.639058
479,10536.477397
480,10604.636928
481,10473.660584
482,10535.853541
483,10647.944043
484,10676.134635
485,10507.634133
486,10501.732888
487,10549.171950
488,10440.112976
489,10403.470295
490,10428.586353
491,10570.380568
492,10470.170277
493,10550.089835
494,10410.062256
495,10530.058625
496,10445.111822
497,10469.770600
498,10524.773679
499,10669.383337
