0,3394.200764
1,6812.804156
2,7175.936578
3,7387.080705
4,7543.751780
5,7620.608720
6,7695.111120
7,7773.845124
8,7880.875051
9,7870.907441
10,7958.488441
11,7940.984582
12,7957.356985
13,8031.245875
14,8057.174793
15,8157.616915
16,8154.119285
17,8141.492357
18,8157.274751
19,8211.507302
20,8209.216244
21,8289.524229
22,8292.648735
23,8231.364364
24,8333.614595
25,8326.491360
26,8373.423350
27,8349.737898
28,8348.817410
29,8328.750252
30,8369.274636
31,8389.422853
32,8509.375254
33,8467.815073
34,8475.232726
35,8522.457905
36,8517.714969
37,8559.520389
38,8594.208994
39,8551.793479
40,8572.305649
41,8609.278890
42,8660.833043
43,8548.930590
44,8591.564342
45,8615.495771
46,8735.310751
47,8718.984175
48,8742.282223
49,8730.609829
50,8767.816987
51,8748.805070
52,8786.214273
53,8848.470281
54,8859.026592
55,8914.988644
56,8915.746917
57,8947.264856
58,8977.452375
59,9027.975419
60,9110.474144
61,9070.198460
62,9127.415753
63,9182.370253
64,9111.422885
65,9175.690129
66,9123.793027
67,9246.666644
68,9212.806310
69,9271.357854
70,9215.289540
71,9323.262277
72,9256.672856
73,9286.955403
74,9248.517384
75,9244.355896
76,9439.664284
77,9472.809706
78,9437.728825
79,9412.711889
80,9499.146706
81,9452.283398
82,9481.759782
83,9462.754843
84,9573.399579
85,9543.137095
86,9547.650706
87,9541.162439
88,9529.985698
89,9595.382027
90,9488.732998
91,9597.538400
92,9542.616934
93,9570.021340
94,9565.008803
95,9619.033157
96,9605.698701
97,9625.986179
98,9568.101037
99,9693.617536
100,9723.658165
101,9803.366119
102,9742.213701
103,9731.099405
104,9626.819287
105,9688.432583
106,9633.808773
107,9770.105318
108,9663.504751
109,9658.847824
110,9783.893095
111,9718.329007
112,9766.017441
113,9779.209864
114,9694.139562
115,9811.139694
116,9817.466070
117,9819.604038
118,9834.541110
119,9884.062434
120,9905.141327
121,9936.390551
122,9861.761869
123,9876.708008
124,9936.993476
125,9841.333482
126,9963.382913
127,9915.976971
128,10026.064999
129,9988.355113
130,9980.771367
131,10074.427435
132,10032.808839
133,10034.643202
134,10087.005715
135,10006.901608
136,10035.620131
137,9989.819757
138,10056.080364
139,10128.782080
140,10129.510733
141,10104.722471
142,10092.719049
143,10105.525162
144,10144.291558
145,10092.248312
146,10111.724290
147,10165.518197
148,10111.863159
149,10244.711055
150,10145.425440
151,10293.969754
152,10329.881371
153,10280.680538
154,10346.246155
155,10176.494771
156,10210.203142
157,10249.247397
158,10243.531719
159,10357.967322
160,10249.432238
161,10292.861749
162,10227.272743
163,10466.263033
164,10384.992050
165,10248.085319
166,10319.041616
167,10354.872007
168,10402.939188
169,10554.237617
170,10603.863764
171,10486.130526
172,10399.211761
173,10427.232389
174,10398.513788
175,10415.427024
176,10509.681453
177,10466.896553
178,10345.168600
179,10489.649874
180,10447.768714
181,10667.183565
182,10489.656817
183,10587.863729
184,10459.915261
185,10551.924542
186,10525.005454
187,10519.230482
188,10499.240379
189,10458.581338
190,10559.477224
191,10648.959637
192,10573.457220
193,10563.749110
194,10550.407344
195,10513.082770
196,10539.808541
197,10671.951776
198,10479.394219
199,10610.505461
200,10687.641078
201,10676.177436
202,10582.610784
203,10700.158842
204,10592.189895
205,10578.307250
206,10650.448538
207,10616.395810
208,10537.619452
209,10538.151667
210,10622.543432
211,10664.306408
212,10701.142601
213,10661.745954
214,10507.456454
215,10522.952542
216,10561.274349
217,10567.461705
218,10599.866767
219,10794.058217
220,10682.533531
221,10703.232986
222,10688.772888
223,10697.903240
224,10565.890383
225,10765.439784
226,10857.737378
227,10766.863549
228,10772.481933
229,10843.897206
230,10841.010659
231,10723.442945
232,10706.670419
233,10692.231128
234,10773.597736
235,10762.335784
236,10680.913676
237,10629.242942
238,10745.805819
239,10815.622164
240,10655.231747
241,10665.267390
242,10775.553044
243,10890.602090
244,10800.772178
245,10843.808602
246,10875.694385
247,10833.937998
248,10827.836073
249,10818.712818
250,10770.717542
251,10823.778313
252,10790.424849
253,10803.843318
254,10700.489789
255,10693.893809
256,10643.713126
257,10714.204662
258,10697.932019
259,10829.812189
260,10768.624380
261,10728.664217
262,10862.429686
263,10834.301460
264,10814.549348
265,10653.557288
266,10762.746410
267,10855.207611
268,10885.424622
269,10898.069593
270,10750.640456
271,10747.705169
272,10776.075031
273,10757.292696
274,10816.190604
275,10821.666603
276,10755.525505
277,11040.850476
278,10878.669599
279,10773.489100
280,10776.474580
281,10648.964479
282,10708.681419
283,10753.823673
284,10650.409501
285,10715.336822
286,10710.536671
287,10688.278110
288,10713.481814
289,10843.198420
290,10933.309080
291,10850.127002
292,10963.161155
293,10858.045741
294,10842.784652
295,10859.475560
296,10822.813765
297,10846.953733
298,10761.079498
299,10760.751471
300,10817.446668
301,10844.989433
302,10679.703308
303,10819.754832
304,10841.548704
305,10733.765528
306,10720.616943
307,10760.300983
308,10787.943793
309,10817.057267
310,10894.464976
311,10846.612288
312,10843.188341
313,10848.401582
314,10812.266204
315,10856.456209
316,10746.180523
317,10848.890341
318,10775.878394
319,10788.037679
320,10769.538556
321,11054.207606
322,10789.477910
323,10849.538096
324,10945.919689
325,11048.375459
326,10916.800495
327,10853.977241
328,10940.463999
329,10924.289782
330,10977.257236
331,10809.735167
332,10885.363171
333,10910.887318
334,11013.687167
335,10980.484564
336,10853.525262
337,10928.574866
338,10846.867665
339,10876.057104
340,10884.849841
341,10874.299474
342,10966.422923
343,10942.533869
344,10955.731094
345,10827.093353
346,10980.067922
347,10913.322427
348,10896.573714
349,10863.792499
350,11013.217684
351,10783.776380
352,10978.669563
353,11069.988027
354,11065.196109
355,11017.933879
356,10860.665485
357,10832.255674
358,10823.445551
359,10862.383431
360,10961.722461
361,11025.995931
362,10895.979089
363,11021.334721
364,10855.327211
365,11018.146772
366,11062.854917
367,10921.146499
368,10784.403876
369,10883.798038
370,10952.765254
371,10950.137532
372,10877.364052
373,10881.097459
374,10990.876216
375,10995.131185
376,10874.008935
377,10839.203649
378,10873.824649
379,10824.148859
380,10898.182149
381,10984.986874
382,10997.309855
383,10809.508145
384,10980.236543
385,10875.753271
386,10918.691280
387,10888.567014
388,11021.783786
389,10885.820129
390,10869.442040
391,10912.897362
392,10867.007793
393,10925.953763
394,11009.679384
395,11016.070498
396,11111.007008
397,11019.380580
398,10937.933882
399,10835.333032
400,10894.108691
401,10908.046502
402,10882.487699
403,11038.829470
404,11009.138320
405,10872.195428
406,10971.179483
407,11013.786804
408,10917.913372
409,11040.570807
410,10989.031365
411,10928.904995
412,10832.519126
413,10841.718716
414,10936.062887
415,10891.939074
416,10921.242187
417,10955.951505
418,10973.030449
419,11047.169555
420,10887.609403
421,10843.697173
422,10930.512167
423,10896.451666
424,10884.038231
425,10865.352663
426,11061.451905
427,10921.176362
428,10886.123286
429,10977.129513
430,10838.935499
431,10979.553345
432,11054.358268
433,11036.661840
434,10908.449169
435,10931.123006
436,10955.634769
437,10782.184687
438,10808.688064
439,10803.074429
440,11006.643426
441,10954.732391
442,10948.625865
443,10869.708258
444,10908.073348
445,10874.831282
446,10911.949860
447,11049.294807
448,11107.308074
449,10956.438518
450,10952.931240
451,11067.034878
452,10833.960639
453,10870.698394
454,10975.660054
455,10927.338465
456,10923.298606
457,11051.797135
458,10890.636920
459,10920.533945
460,11048.451914
461,10901.082402
462,10905.872161
463,11010.890635
464,11016.657953
465,11048.131572
466,11131.123416
467,11139.512263
468,10994.183051
469,11125.193153
470,11046.414828
471,11024.376814
472,10991.565632
473,10910.902182
474,10946.999386
475,11184.808247
476,11123.134764
477,11158.650019
478,11066.325840
479,10982.789280
480,10988.589437
481,11011.960665
482,10920.486052
483,10941.787734
484,11029.937132
485,11059.350152
486,11223.795252
487,11078.891971
488,11031.286292
489,11074.299664
490,11099.032106
491,11012.257034
492,11074.074421
493,10954.079873
494,10933.821010
495,11063.993979
496,11084.309894
497,11015.201896
498,11099.512845
499,10996.697350
