0,3359.686323
1,3605.123086
2,3771.055900
3,3919.095617
4,4028.402476
5,4137.527524
6,4203.373243
7,4268.483410
8,4307.750397
9,4369.511623
10,4397.112876
11,4404.214354
12,4441.889085
13,4461.354644
14,4478.159806
15,4512.247567
16,4525.927365
17,4532.477566
18,4571.336851
19,4559.803829
20,4554.883905
21,4584.874379
22,4614.094574
23,4615.919805
24,4619.086649
25,4655.493632
26,4674.772515
27,4702.649331
28,4712.481296
29,4770.769236
30,4815.751584
31,4791.704722
32,4817.462802
33,4827.774523
34,4892.787693
35,4914.082378
36,4919.500737
37,4951.038259
38,4991.025850
39,4985.800333
40,5058.614987
41,5046.017816
42,5102.942166
43,5088.298648
44,5097.983784
45,5037.394665
46,5072.029814
47,5071.992496
48,5084.010169
49,5125.129124
50,5111.784003
51,5148.426075
52,5140.007107
53,5180.995361
54,5190.473386
55,5169.167638
56,5202.577790
57,5189.959450
58,5213.194915
59,5154.792342
60,5137.415536
61,5173.708848
62,5140.817140
63,5137.878608
64,5159.168449
65,5198.519922
66,5185.026721
67,5169.674639
68,5207.338878
69,5185.887821
70,5189.172941
71,5210.195506
72,5179.106986
73,5183.119657
74,5167.981822
75,5172.192301
76,5176.360687
77,5189.987314
78,5202.202308
79,5160.003591
80,5155.486171
81,5163.463852
82,5151.940739
83,5165.761243
84,5190.215737
85,5217.961440
86,5182.187124
87,5168.954524
88,5189.502878
89,5234.478134
90,5208.578243
91,5276.883571
92,5252.577376
93,5169.883265
94,5209.243731
95,5190.310264
96,5182.278924
97,5172.757657
98,5177.187670
99,5211.719365
100,5223.386056
101,5273.801241
102,5253.224928
103,5259.639362
104,5255.292112
105,5246.059146
106,5215.776845
107,5237.505905
108,5280.862233
109,5249.963062
110,5248.717501
111,5283.747621
112,5304.637442
113,5323.739668
114,5277.018280
115,5260.247070
116,5249.582990
117,5256.317022
118,5272.049815
119,5256.473672
120,5290.203483
121,5285.742083
122,5304.089160
123,5301.843134
124,5313.059176
125,5309.276264
126,5313.985556
127,5306.516410
128,5331.557845
129,5282.950585
130,5319.449530
131,5323.232111
132,5383.890604
133,5351.475236
134,5349.846838
135,5387.694308
136,5370.987384
137,5359.978295
138,5358.779064
139,5383.497672
140,5383.035573
141,5377.816345
142,5395.999476
143,5379.177927
144,5432.441920
145,5394.636944
146,5384.914928
147,5386.744233
148,5348.530066
149,5355.476887
150,5375.018116
151,5348.086865
152,5391.938340
153,5412.687079
154,5402.044241
155,5422.570036
156,5412.538485
157,5434.434461
158,5437.806900
159,5429.257941
160,5427.254654
161,5423.426724
162,5430.073660
163,5444.864382
164,5443.700923
165,5402.773966
166,5460.144103
167,5463.374236
168,5448.257198
169,5447.206276
170,5424.276755
171,5454.878794
172,5465.751553
173,5486.409709
174,5476.398410
175,5511.367923
176,5500.502839
177,5514.772727
178,5531.877282
179,5566.859705
180,5581.852431
181,5609.784134
182,5586.207638
183,5511.762249
184,5577.039789
185,5597.864365
186,5597.498134
187,5563.495861
188,5666.799300
189,5662.588757
190,5665.520018
191,5615.905840
192,5682.382449
193,5657.155707
194,5662.963351
195,5607.786216
196,5668.460831
197,5683.744847
198,5604.232819
199,5671.838262
200,5737.455541
201,5714.991446
202,5698.593578
203,5670.030297
204,5666.666111
205,5723.941915
206,5689.751163
207,5715.301954
208,5740.231553
209,5674.445885
210,5669.818969
211,5723.760344
212,5781.177201
213,5768.460945
214,5809.925652
215,5764.166247
216,5778.469264
217,5758.073281
218,5725.315956
219,5769.508922
220,5789.601831
221,5794.484726
222,5842.894725
223,5848.169667
224,5834.069987
225,5839.219713
226,5822.270523
227,5809.990984
228,5800.455372
229,5749.528978
230,5796.811479
231,5808.281124
232,5827.264944
233,5810.739827
234,5773.334818
235,5797.826296
236,5817.564995
237,5836.113441
238,5835.844025
239,5852.044669
240,5829.082861
241,5836.639878
242,5833.644102
243,5840.754629
244,5858.738838
245,5881.458291
246,5805.380474
247,5823.561268
248,5860.249036
249,5855.432258
250,5833.331891
251,5837.231369
252,5773.725780
253,5809.811006
254,5824.362412
255,5815.543585
256,5818.681801
257,5848.962080
258,5857.172373
259,5798.230490
260,5845.952949
261,5795.609508
262,5802.061738
263,5861.362924
264,5881.270645
265,5824.354130
266,5767.398975
267,5788.779913
268,5863.647423
269,5822.160226
270,5801.860089
271,5810.387917
272,5809.416437
273,5838.477878
274,5803.037657
275,5826.865765
276,5825.012195
277,5863.187477
278,5875.073371
279,5822.005587
280,5816.947528
281,5862.516742
282,5842.888019
283,5848.487831
284,5818.264936
285,5773.601766
286,5842.730131
287,5829.740340
288,5811.934320
289,5799.828990
290,5800.938108
291,5820.505681
292,5874.543008
293,5856.550536
294,5809.887185
295,5883.411921
296,5871.060868
297,5806.716874
298,5865.450537
299,5804.487508
300,5812.429564
301,5828.711624
302,5865.018662
303,5811.930090
304,5815.762610
305,5845.228480
306,5850.304482
307,5854.191283
308,5832.512943
309,5847.551703
310,5816.236893
311,5847.517148
312,5849.644495
313,5816.523503
314,5846.153191
315,5859.926240
316,5839.682973
317,5860.587677
318,5865.293089
319,5850.181379
320,5794.203205
321,5852.549611
322,5877.021990
323,5883.453578
324,5808.607592
325,5819.239076
326,5822.836125
327,5840.269077
328,5847.704895
329,5848.574577
330,5831.833289
331,5820.847219
332,5842.730524
333,5872.687742
334,5845.931711
335,5830.019632
336,5815.628214
337,5849.861605
338,5832.756640
339,5818.126431
340,5824.391796
341,5769.129995
342,5814.770751
343,5842.939721
344,5820.170202
345,5871.502737
346,5832.607765
347,5867.666243
348,5828.529351
349,5862.565184
350,5883.484702
351,5850.466724
352,5820.270780
353,5832.837522
354,5846.668985
355,5823.432015
356,5809.956805
357,5811.964746
358,5831.937111
359,5775.356071
360,5789.898306
361,5825.740392
362,5852.843322
363,5870.185588
364,5869.804052
365,5861.363950
366,5846.742572
367,5850.336741
368,5826.484359
369,5844.180517
370,5853.509985
371,5874.904372
372,5828.839237
373,5831.296810
374,5808.980990
375,5834.595170
376,5864.951550
377,5847.981969
378,5813.103220
379,5806.541945
380,5845.259956
381,5807.175862
382,5871.388858
383,5904.825626
384,5891.556343
385,5860.982665
386,5866.194287
387,5876.718988
388,5844.024764
389,5882.743086
390,5780.233164
391,5813.845916
392,5787.898638
393,5823.483697
394,5843.307742
395,5842.587585
396,5872.926332
397,5823.606995
398,5806.294496
399,5809.714275
400,5814.745339
401,5819.214875
402,5889.665309
403,5822.920143
404,5848.843607
405,5784.633375
406,5755.322905
407,5834.866132
408,5833.001845
409,5812.141823
410,5839.755353
411,5818.646497
412,5834.251066
413,5883.123404
414,5846.748566
415,5872.765912
416,5844.211120
417,5876.050867
418,5852.360887
419,5807.209246
420,5785.790913
421,5755.486577
422,5804.225959
423,5847.102067
424,5828.981149
425,5853.381511
426,5796.555493
427,5875.095245
428,5861.358795
429,5844.702820
430,5799.593350
431,5815.251419
432,5816.236526
433,5886.177242
434,5873.836407
435,5814.875605
436,5794.161830
437,5815.341049
438,5835.008305
439,5852.578428
440,5770.311718
441,5775.176376
442,5838.903996
443,5851.598787
444,5806.254146
445,5798.573650
446,5828.979995
447,5857.538773
448,5860.857826
449,5849.565927
450,5805.637970
451,5853.655961
452,5840.644965
453,5825.453144
454,5837.841687
455,5829.226626
456,5821.024233
457,5839.160077
458,5819.991623
459,5853.996996
460,5870.735292
461,5823.524625
462,5769.982381
463,5799.244286
464,5822.173439
465,5796.185625
466,5834.376202
467,5816.564507
468,5850.482872
469,5832.826632
470,5840.476605
471,5845.454095
472,5874.661663
473,5836.769763
474,5808.799685
475,5813.819080
476,5716.919639
477,5784.178231
478,5821.707214
479,5855.117545
480,5865.511515
481,5854.862438
482,5842.271304
483,5843.317700
484,5845.877916
485,5797.292013
486,5848.780967
487,5818.659009
488,5862.510955
489,5853.018814
490,5865.802161
491,5849.325423
492,5860.483025
493,5868.979233
494,5837.990294
495,5855.679309
496,5856.391947
497,5866.753089
498,5845.322480
499,5861.008259
