0,2809.426424
1,2854.853793
2,2811.346210
3,2759.523783
4,2724.422413
5,2781.662697
6,2713.940780
7,2746.164749
8,2790.244521
9,2743.329152
10,2768.355120
11,2769.139605
12,2730.629720
13,2691.438577
14,2629.720489
15,2664.787982
16,2683.682486
17,2640.876753
18,2683.137513
19,2740.705647
20,2771.942474
21,2772.938564
22,2761.207757
23,2728.783709
24,2629.549930
25,2636.942915
26,2643.930527
27,2714.414879
28,2680.099455
29,2710.346041
30,2557.294969
31,2576.729233
32,2532.136714
33,2528.529266
34,2577.276133
35,2586.206380
36,2560.732215
37,2485.709783
38,2567.661642
39,2559.483779
40,2601.113339
41,2694.874130
42,2658.432954
43,2655.397698
44,2643.145211
45,2579.749936
46,2535.995021
47,2621.210730
48,2652.836571
49,2657.700639
50,2670.592030
51,2582.844140
52,2609.565514
53,2634.729427
54,2656.053820
55,2659.192344
56,2625.091082
57,2655.869933
58,2660.343990
59,2644.870716
60,2670.027335
61,2678.870696
62,2731.439155
63,2680.663102
64,2677.996463
65,2695.131468
66,2644.706861
67,2619.323059
68,2597.711410
69,2635.231446
70,2615.671722
71,2624.852802
72,2620.536001
73,2596.006262
74,2531.418333
75,2491.458784
76,2469.472392
77,2426.908384
78,2472.032210
79,2415.108636
80,2461.782443
81,2461.109759
82,2338.260453
83,2384.787012
84,2434.506564
85,2435.747354
86,2381.949690
87,2416.355735
88,2386.698003
89,2353.326370
90,2443.269109
91,2534.842981
92,2492.516717
93,2536.726604
94,2479.096105
95,2434.093758
96,2394.709799
97,2386.420169
98,2466.742078
99,2468.301462
100,2449.384224
101,2462.613148
102,2445.648308
103,2486.999662
104,2539.571997
105,2557.183603
106,2714.578464
107,2624.688140
108,2562.988306
109,2558.127935
110,2540.007111
111,2578.310721
112,2603.355190
113,2614.514964
114,2719.896162
115,2675.554252
116,2690.393088
117,2690.401654
118,2693.072912
119,2637.674415
120,2615.439372
121,2587.954208
122,2572.725179
123,2651.208027
124,2661.410131
125,2576.110243
126,2513.617075
127,2589.897227
128,2615.470065
129,2579.370498
130,2574.933493
131,2575.482862
132,2530.969506
133,2513.414357
134,2483.223867
135,2549.637605
136,2592.286142
137,2591.462277
138,2554.654582
139,2558.591718
140,2528.250794
141,2556.986421
142,2562.032432
143,2517.298690
144,2585.047993
145,2635.821675
146,2654.112787
147,2628.187551
148,2590.634494
149,2641.941247
150,2649.056251
151,2621.634389
152,2623.552480
153,2596.376947
154,2592.278911
155,2617.389580
156,2568.615607
157,2457.032689
158,2504.186391
159,2418.766966
160,2430.670384
161,2361.371455
162,2416.947186
163,2429.124778
164,2506.510789
165,2454.749969
166,2472.006935
167,2599.854927
168,2592.618072
169,2602.964068
170,2641.990770
171,2647.527543
172,2643.521344
173,2603.504809
174,2505.117293
175,2542.661047
176,2646.243598
177,2603.041129
178,2527.754414
179,2497.670753
180,2553.049385
181,2535.561075
182,2521.057384
183,2624.080624
184,2614.940275
185,2573.344379
186,2499.274779
187,2533.475990
188,2656.909887
189,2521.542141
190,2465.970279
191,2501.781346
192,2521.739265
193,2540.422208
194,2583.065942
195,2504.125510
196,2570.705304
197,2531.887889
198,2498.596821
199,2487.109208
200,2478.110554
201,2546.904842
202,2564.405045
203,2505.078395
204,2514.035723
205,2489.245833
206,2481.130333
207,2491.801475
208,2605.245937
209,2597.093455
210,2568.170666
211,2524.799135
212,2483.533038
213,2513.751085
214,2586.870804
215,2660.656414
216,2622.346378
217,2644.869353
218,2694.995775
219,2607.794976
220,2564.874406
221,2643.557416
222,2693.382954
223,2678.381496
224,2695.880853
225,2687.431974
226,2619.409015
227,2561.000806
228,2644.990730
229,2722.874466
230,2624.434157
231,2604.331728
232,2595.672910
233,2546.330355
234,2439.284821
235,2449.559921
236,2420.657428
237,2396.140924
238,2390.490250
239,2568.746934
240,2522.902416
241,2463.118682
242,2496.908122
243,2427.003165
244,2609.953803
245,2671.053602
246,2504.623402
247,2604.954685
248,2725.716361
249,2729.783450
250,2729.836892
251,2708.061987
252,2710.848180
253,2676.748437
254,2603.460124
255,2682.243944
256,2639.022830
257,2613.503234
258,2579.804044
259,2575.979828
260,2480.986983
261,2519.210051
262,2538.720620
263,2552.877924
264,2512.780723
265,2558.068884
266,2568.151210
267,2526.861344
268,2517.163593
269,2480.013717
270,2532.693147
271,2555.972832
272,2592.791121
273,2686.771953
274,2604.266052
275,2545.252193
276,2536.009949
277,2505.589296
278,2545.636522
279,2563.527175
280,2618.477511
281,2587.993442
282,2503.565982
283,2705.920563
284,2660.593374
285,2620.452597
286,2611.506471
287,2588.354425
288,2526.654150
289,2549.716850
290,2438.917410
291,2498.225177
292,2479.033572
293,2501.089283
294,2527.603545
295,2545.954366
296,2529.368672
297,2537.350626
298,2580.635157
299,2541.387943
300,2608.630518
301,2564.358782
302,2695.016202
303,2658.724014
304,2688.855158
305,2654.963749
306,2677.733638
307,2649.869834
308,2632.532475
309,2582.844320
310,2611.785815
311,2681.365221
312,2637.658341
313,2618.844498
314,2667.970550
315,2716.168215
316,2665.886762
317,2659.101938
318,2556.540284
319,2667.701588
320,2642.117544
321,2619.746825
322,2582.696278
323,2672.116500
324,2627.004342
325,2574.283729
326,2605.847214
327,2615.707165
328,2501.826941
329,2628.694529
330,2640.610107
331,2554.637922
332,2556.290508
333,2599.871281
334,2540.473090
335,2558.774154
336,2561.998328
337,2485.311784
338,2599.396540
339,2598.146421
340,2595.616400
341,2610.367620
342,2617.068406
343,2551.713459
344,2557.285449
345,2544.667155
346,2555.967796
347,2502.951807
348,2509.264898
349,2505.939227
350,2579.137985
351,2607.973805
352,2581.452634
353,2657.514076
354,2647.008390
355,2657.679790
356,2559.230463
357,2649.911652
358,2631.326098
359,2609.023925
360,2604.750792
361,2620.937691
362,2692.891669
363,2722.786345
364,2768.421160
365,2715.011427
366,2689.618797
367,2716.398593
368,2695.450834
369,2607.546838
370,2559.051830
371,2634.098874
372,2692.730092
373,2565.279775
374,2661.387382
375,2608.526440
376,2604.878800
377,2655.424696
378,2677.563494
379,2698.622109
380,2703.772254
381,2633.004614
382,2648.520621
383,2647.150192
384,2602.696034
385,2519.859103
386,2591.536631
387,2651.810813
388,2606.967139
389,2617.268823
390,2672.870343
391,2645.180832
392,2572.230184
393,2581.778708
394,2570.773715
395,2557.093348
396,2593.782204
397,2605.543861
398,2620.475386
399,2694.547018
400,2665.464078
401,2755.577003
402,2811.145174
403,2734.280398
404,2759.875243
405,2672.913118
406,2682.893116
407,2683.444499
408,2705.659666
409,2699.030059
410,2753.397938
411,2817.426867
412,2806.583933
413,2679.914621
414,2596.427359
415,2761.020867
416,2706.752342
417,2612.355127
418,2599.185486
419,2580.600328
420,2505.424922
421,2483.603478
422,2481.608778
423,2479.907896
424,2505.400779
425,2462.664300
426,2513.038615
427,2544.045884
428,2538.089687
429,2625.806500
430,2588.163209
431,2685.835450
432,2750.590334
433,2764.232586
434,2667.483715
435,2540.636945
436,2533.017403
437,2594.333622
438,2500.341131
439,2624.856441
440,2568.016485
441,2673.239665
442,2552.415308
443,2535.392009
444,2511.188856
445,2506.219616
446,2474.610256
447,2554.448845
448,2542.732308
449,2485.486791
450,2532.698453
451,2591.173160
452,2560.679752
453,2592.087142
454,2600.352665
455,2558.275755
456,2639.953029
457,2698.802158
458,2733.839894
459,2753.116986
460,2675.256815
461,2724.098981
462,2695.830048
463,2716.666076
464,2681.639610
465,2746.291875
466,2674.758993
467,2745.025475
468,2745.974583
469,2656.526936
470,2689.040389
471,2476.488627
472,2564.372354
473,2537.722464
474,2512.699820
475,2495.406466
476,2630.318923
477,2551.685160
478,2567.873898
479,2597.080245
480,2610.536961
481,2575.569541
482,2491.534352
483,2550.561576
484,2536.946012
485,2569.236263
486,2502.503186
487,2518.473912
488,2478.273579
489,2476.876714
490,2519.231438
491,2552.570401
492,2519.132727
493,2572.434478
494,2636.875058
495,2694.065790
496,2662.373868
497,2726.798515
498,2693.292728
499,2705.786156
