0,2734.382134
1,5933.819372
2,6921.142266
3,7414.691548
4,7813.349286
5,8120.618913
6,8456.375636
7,8954.428559
8,9134.386794
9,9417.553191
10,9936.055020
11,10257.866388
12,10410.302190
13,10708.295241
14,11302.941049
15,11349.184426
16,11378.432144
17,11586.389182
18,11757.385137
19,12217.795038
20,12424.688167
21,12636.826375
22,12860.597557
23,12948.592313
24,13090.973184
25,13070.601620
26,12918.552821
27,13069.959311
28,13351.538716
29,13864.852074
30,13383.218426
31,13609.325683
32,13827.217885
33,13956.464553
34,14542.644629
35,13902.770218
36,14055.058802
37,13955.022234
38,14296.883458
39,14576.887965
40,14569.135877
41,14507.245336
42,14581.176475
43,14302.919176
44,14396.550410
45,14389.060948
46,14616.581407
47,14565.347001
48,15054.382489
49,15085.055150
50,15198.691510
51,15173.224019
52,15042.947248
53,15033.465744
54,14680.289961
55,14714.163549
56,14766.240239
57,14946.306769
58,15101.694472
59,15110.625240
60,15667.765645
61,15421.012374
62,15074.309886
63,14768.615141
64,14942.602341
65,15378.949423
66,15243.959306
67,14846.829660
68,15168.906120
69,15039.800297
70,15206.014879
71,15311.734462
72,14927.204722
73,14961.021820
74,15149.893218
75,15359.655099
76,15129.147859
77,15189.604332
78,14905.762843
79,15334.875622
80,15227.844057
81,15133.120965
82,15606.141925
83,15065.688033
84,14842.021320
85,15188.543652
86,15190.962358
87,15667.450758
88,15607.922869
89,15176.521343
90,14687.477370
91,14795.856858
92,14844.315336
93,14643.755380
94,15137.487306
95,15514.470428
96,15349.754478
97,15413.341570
98,15439.775935
99,15075.875060
100,14552.589985
101,15119.753706
102,15109.275386
103,15350.576246
104,15426.944156
105,14880.563220
106,14997.681200
107,15029.127089
108,14814.552634
109,15246.409366
110,14984.566142
111,15165.779877
112,15513.784964
113,15274.755544
114,14790.246795
115,15368.018131
116,15386.332911
117,15312.048535
118,15861.089659
119,16097.510904
120,15972.434221
121,16240.208034
122,15848.876302
123,15743.939817
124,15532.329679
125,15800.863312
126,16282.781663
127,16711.066760
128,16518.982895
129,16830.148542
130,16444.557869
131,17049.247829
132,16966.166143
133,16436.810781
134,16788.128991
135,17218.693319
136,16750.521075
137,16654.180061
138,16524.411006
139,16668.220463
140,16680.458515
141,16439.529288
142,16223.742976
143,16940.734982
144,16737.403917
145,16925.482355
146,16618.661517
147,16295.362540
148,15814.964432
149,16496.693453
150,16494.148650
151,16771.017338
152,15839.749017
153,15980.065795
154,16151.308518
155,16220.678463
156,16705.147291
157,16105.211140
158,15638.837272
159,16754.895336
160,16642.544863
161,16946.660945
162,16079.055943
163,16450.116098
164,16675.336362
165,16603.592173
166,16642.946917
167,16939.593631
168,16510.531249
169,16346.790486
170,16885.509667
171,16438.065292
172,16298.145673
173,15954.326740
174,16412.941334
175,16585.243416
176,16690.844863
177,16641.124420
178,16471.405204
179,16076.513291
180,16568.953112
181,16905.580902
182,16520.539035
183,16502.565759
184,16975.587025
185,16871.745955
186,16840.202548
187,16942.165498
188,16501.129121
189,16458.826313
190,16322.074937
191,16158.377517
192,16350.579537
193,16448.076803
194,16741.651969
195,16717.327741
196,16380.258379
197,16738.864292
198,16869.793040
199,16778.791297
200,16522.872396
201,16567.740557
202,16463.366872
203,16687.054905
204,16818.987688
205,16870.492422
206,16549.770378
207,15927.270501
208,16239.218261
209,16000.486335
210,16049.929304
211,16367.950913
212,16023.102562
213,16810.635677
214,16736.689923
215,17081.286712
216,16248.039735
217,16666.093531
218,16864.144668
219,16603.943251
220,16424.073404
221,16804.424740
222,16902.884248
223,16456.087684
224,16365.638097
225,16893.499269
226,16331.226372
227,16133.933233
228,16239.200384
229,16588.754019
230,16072.158252
231,15394.549070
232,16402.867163
233,16426.604903
234,16993.057178
235,16574.621435
236,16319.194390
237,16011.431106
238,16643.720632
239,16425.769477
240,16351.628393
241,16721.121036
242,16862.191345
243,16577.111527
244,16141.015573
245,16410.318772
246,16380.367308
247,15752.139628
248,16144.506497
249,16579.633921
250,15978.154657
251,16511.447934
252,16495.533652
253,16513.335147
254,16551.738219
255,16593.938680
256,16533.252070
257,16309.334797
258,16059.547607
259,16337.546002
260,16686.093455
261,17028.774975
262,16873.295682
263,16435.296512
264,16637.577053
265,16353.204494
266,16511.772569
267,16326.117921
268,16396.972235
269,16337.573744
270,16158.878071
271,16812.519052
272,16448.595714
273,16956.784746
274,16519.397066
275,16434.979000
276,16681.310225
277,16144.721565
278,16195.307624
279,16703.364856
280,16825.893721
281,16769.293726
282,16410.188721
283,16385.107414
284,16552.755885
285,16361.720323
286,16214.276536
287,16616.037485
288,16250.697239
289,16449.218315
290,16486.912268
291,16678.743116
292,17050.713482
293,16549.354825
294,16947.011070
295,16558.992880
296,16295.081660
297,16081.644921
298,15845.730666
299,16348.094788
300,16533.406196
301,16120.522724
302,16692.877308
303,16637.030609
304,15982.459847
305,16188.744883
306,16146.472786
307,16457.245381
308,16074.308800
309,16475.310544
310,15973.207739
311,16387.438605
312,16598.413642
313,16523.510714
314,16651.896203
315,16857.582173
316,16716.420614
317,16634.283297
318,16754.896537
319,16930.132356
320,16902.123482
321,16406.454153
322,16321.310493
323,16300.596894
324,15893.491278
325,16528.024806
326,15902.076157
327,16308.453057
328,16091.213146
329,16699.140573
330,15794.646164
331,16313.812862
332,16319.071515
333,16547.383530
334,15990.625031
335,16444.066042
336,16565.831522
337,16557.062229
338,17080.199574
339,16528.137144
340,16368.030285
341,16524.687238
342,16804.256301
343,17158.784225
344,16853.635311
345,16572.758389
346,16372.711732
347,16689.940568
348,16464.171010
349,16957.595972
350,16158.092590
351,16592.671868
352,16271.462497
353,16679.755517
354,17032.067695
355,16345.696088
356,16641.148814
357,16646.636623
358,17161.719285
359,17044.859291
360,16596.473636
361,16793.266863
362,16858.929794
363,17039.111759
364,16452.975944
365,16371.250961
366,16411.198596
367,16472.053499
368,16892.447466
369,16850.613433
370,16627.874023
371,16521.243241
372,16671.208297
373,16376.732053
374,16702.599232
375,16893.198550
376,16763.246269
377,16892.085786
378,16860.642600
379,16364.727996
380,16864.087800
381,16391.044097
382,16303.572106
383,16421.248432
384,16833.199267
385,16764.740046
386,16660.112403
387,16981.284718
388,16891.928432
389,16592.429484
390,16561.333127
391,16709.838020
392,16333.372091
393,16768.963895
394,17055.630187
395,16863.517982
396,16659.815688
397,16924.725913
398,17108.681110
399,16534.534354
400,16513.473642
401,17031.881901
402,16874.997583
403,16481.434262
404,16378.933953
405,16656.477390
406,16538.077154
407,16230.191610
408,16455.172862
409,16600.416698
410,16315.759994
411,16275.496108
412,16535.127314
413,16729.466258
414,16017.783567
415,16907.686626
416,16537.643142
417,16473.051051
418,16771.862805
419,16959.083325
420,16656.597764
421,16322.211706
422,16760.656753
423,16288.876699
424,16733.966005
425,16503.027517
426,17200.063922
427,16814.061949
428,16625.168304
429,16629.693867
430,16408.200170
431,16520.975870
432,16763.788982
433,16742.827048
434,15926.418731
435,16070.298051
436,16767.611502
437,16578.788014
438,16816.842494
439,16910.080455
440,17063.671376
441,16370.752877
442,16334.039252
443,16642.193933
444,16988.274050
445,16725.387259
446,16571.821516
447,16038.630342
448,16975.579051
449,16843.309631
450,17253.565927
451,17108.834614
452,17003.306944
453,16671.324648
454,17171.359758
455,16616.089117
456,16230.560976
457,16470.137522
458,16952.470737
459,16844.556350
460,15997.148492
461,15900.597860
462,16028.524636
463,16046.593154
464,16389.987238
465,16422.828213
466,16767.229004
467,16293.128196
468,16886.994925
469,16798.798361
470,16611.968216
471,16582.387400
472,16665.704352
473,17017.363247
474,17134.079446
475,16649.273878
476,16645.696205
477,16819.513761
478,16491.179092
479,16721.958925
480,17063.733513
481,17205.644608
482,16887.981806
483,16494.222610
484,16588.206017
485,16552.528038
486,16885.359100
487,16588.672826
488,16592.951299
489,16848.864260
490,16932.388340
491,16612.683623
492,16745.151380
493,16660.443517
494,17159.685557
495,17110.564413
496,16994.072502
497,16737.704288
498,16377.417137
499,16952.666277
