0,2699.420703
1,3193.218840
2,3554.289017
3,3839.088909
4,4093.467101
5,4365.243685
6,4590.875339
7,4844.509952
8,5174.428584
9,5387.668115
10,5617.381311
11,5889.616308
12,6220.845539
13,6458.150366
14,6668.576327
15,6875.523156
16,7078.796874
17,7216.781468
18,7353.108464
19,7464.848955
20,7539.815231
21,7609.252369
22,7663.401898
23,7728.717499
24,7806.108471
25,7894.042749
26,7990.434558
27,8070.989929
28,8146.350154
29,8215.471537
30,8270.166424
31,8327.546884
32,8359.480157
33,8359.480157
34,8360.180782
35,8361.370064
36,8363.238398
37,8366.741524
38,8370.011108
39,8377.250901
40,8388.292914
41,8409.574530
42,8423.115697
43,8427.464923
44,8441.738400
45,8456.182818
46,8484.652486
47,8519.553492
48,8574.537684
49,8634.823958
50,8653.100577
51,8653.100577
52,8653.100577
53,8653.100577
54,8653.100577
55,8653.100577
56,8653.100577
57,8653.100577
58,8653.100577
59,8653.100577
60,8653.100577
61,8653.100577
62,8653.100577
63,8653.100577
64,8653.100577
65,8653.100577
66,8653.100577
67,8653.100577
68,8653.100577
69,8653.100577
70,8653.100577
71,8653.100577
72,8653.452182
73,8653.452182
74,8653.452182
75,8653.803788
76,8654.507000
77,8654.858606
78,8655.210212
79,8656.616635
80,8659.429482
81,8662.945541
82,8669.274447
83,8676.658170
84,8693.886858
85,8714.279998
86,8741.002045
87,8741.002045
88,8741.002045
89,8741.002045
90,8741.002045
91,8741.002045
92,8741.002045
93,8741.002045
94,8741.002045
95,8741.002045
96,8741.002045
97,8741.002045
98,8741.002045
99,8741.002045
100,8741.002045
101,8741.002045
102,8741.002045
103,8741.002045
104,8741.002045
105,8741.002045
106,8741.002045
107,8741.002045
108,8741.002045
109,8741.002045
110,8741.002045
111,8741.002045
112,8741.002045
113,8741.002045
114,8741.002045
115,8741.002045
116,8741.002045
117,8741.002045
118,8741.002045
119,8741.002045
120,8741.002045
121,8741.002045
122,8741.002045
123,8741.002045
124,8741.169622
125,8741.169622
126,8741.169622
127,8741.337199
128,8741.504776
129,8741.504776
130,8741.504776
131,8741.504776
132,8741.504776
133,8742.416368
134,8744.239553
135,8746.753209
136,8748.911548
137,8753.322096
138,8758.738107
139,8768.305159
140,8787.063270
141,8788.550123
142,8791.846542
143,8796.683843
144,8804.532269
145,8809.809322
146,8816.754455
147,8825.873391
148,8841.059043
149,8845.464357
150,8847.716278
151,8851.375650
152,8858.272159
153,8869.391020
154,8875.583803
155,8875.583803
156,8875.583803
157,8875.583803
158,8875.583803
159,8875.583803
160,8875.583803
161,8875.583803
162,8875.583803
163,8875.583803
164,8875.583803
165,8875.583803
166,8875.583803
167,8875.583803
168,8875.583803
169,8875.583803
170,8875.583803
171,8875.583803
172,8875.583803
173,8875.583803
174,8875.583803
175,8875.583803
176,8875.583803
177,8875.583803
178,8875.583803
179,8875.583803
180,8875.583803
181,8875.583803
182,8875.583803
183,8875.583803
184,8875.583803
185,8875.583803
186,8875.583803
187,8875.583803
188,8875.583803
189,8875.583803
190,8875.583803
191,8875.583803
192,8875.583803
193,8875.914885
194,8876.245968
195,8876.577050
196,8877.239215
197,8880.016740
198,8881.239961
199,8884.348568
200,8885.672898
201,8887.227201
202,8892.883359
203,8902.209182
204,8920.658610
205,8944.901972
206,8989.609016
207,9041.508638
208,9086.685481
209,9111.489838
210,9117.741602
211,9126.567621
212,9142.748657
213,9167.020212
214,9190.556264
215,9190.556264
216,9190.556264
217,9190.556264
218,9190.556264
219,9190.556264
220,9190.556264
221,9190.556264
222,9190.556264
223,9190.556264
224,9190.556264
225,9190.556264
226,9190.556264
227,9190.556264
228,9190.556264
229,9190.556264
230,9190.556264
231,9190.556264
232,9190.556264
233,9190.556264
234,9190.556264
235,9190.556264
236,9190.556264
237,9190.556264
238,9190.556264
239,9190.556264
240,9190.556264
241,9190.556264
242,9190.556264
243,9190.556264
244,9190.556264
245,9190.556264
246,9190.556264
247,9190.556264
248,9190.556264
249,9190.556264
250,9190.556264
251,9190.556264
252,9190.556264
253,9190.556264
254,9190.556264
255,9190.556264
256,9190.556264
257,9190.556264
258,9190.556264
259,9190.556264
260,9190.556264
261,9190.556264
262,9190.556264
263,9190.556264
264,9190.556264
265,9190.556264
266,9190.556264
267,9190.556264
268,9190.556264
269,9190.556264
270,9190.556264
271,9190.556264
272,9190.556264
273,9190.556264
274,9190.556264
275,9190.556264
276,9190.556264
277,9190.556264
278,9190.556264
279,9190.556264
280,9190.556264
281,9190.556264
282,9190.556264
283,9190.556264
284,9190.556264
285,9190.556264
286,9190.556264
287,9190.556264
288,9190.556264
289,9190.556264
290,9190.556264
291,9190.556264
292,9190.556264
293,9190.556264
294,9190.556264
295,9190.556264
296,9190.556264
297,9190.556264
298,9190.556264
299,9190.556264
300,9190.556264
301,9190.556264
302,9190.556264
303,9190.556264
304,9190.556264
305,9192.873363
306,9194.031912
307,9196.349010
308,9200.983207
309,9205.617404
310,9207.934503
311,9224.154192
312,9235.739685
313,9260.069219
314,9309.886836
315,9377.082692
316,9465.132435
317,9480.193575
318,9480.193575
319,9480.193575
320,9480.193575
321,9480.193575
322,9480.193575
323,9480.193575
324,9480.193575
325,9480.193575
326,9480.193575
327,9480.193575
328,9480.193575
329,9480.193575
330,9480.193575
331,9480.193575
332,9480.193575
333,9480.193575
334,9480.193575
335,9480.193575
336,9480.193575
337,9480.193575
338,9480.193575
339,9480.193575
340,9480.193575
341,9480.193575
342,9480.193575
343,9480.193575
344,9480.193575
345,9480.193575
346,9480.193575
347,9480.193575
348,9480.193575
349,9480.193575
350,9480.193575
351,9480.193575
352,9480.193575
353,9480.193575
354,9480.193575
355,9480.193575
356,9480.193575
357,9480.193575
358,9480.193575
359,9480.193575
360,9480.193575
361,9480.193575
362,9480.193575
363,9480.193575
364,9480.193575
365,9480.193575
366,9480.193575
367,9480.193575
368,9480.193575
369,9480.193575
370,9480.193575
371,9480.193575
372,9480.193575
373,9480.193575
374,9480.193575
375,9480.193575
376,9480.193575
377,9480.193575
378,9480.193575
379,9480.193575
380,9480.193575
381,9480.193575
382,9480.193575
383,9480.193575
384,9480.193575
385,9480.193575
386,9480.193575
387,9480.193575
388,9480.193575
389,9480.193575
390,9480.193575
391,9480.193575
392,9480.193575
393,9480.193575
394,9480.193575
395,9480.193575
396,9480.193575
397,9480.193575
398,9480.193575
399,9480.193575
400,9480.193575
401,9480.193575
402,9480.193575
403,9480.193575
404,9480.193575
405,9480.193575
406,9480.193575
407,9480.193575
408,9480.193575
409,9480.193575
410,9480.193575
411,9480.193575
412,9480.193575
413,9480.193575
414,9480.193575
415,9480.193575
416,9480.193575
417,9480.193575
418,9480.193575
419,9480.193575
420,9480.193575
421,9480.193575
422,9480.193575
423,9480.193575
424,9480.193575
425,9480.193575
426,9480.193575
427,9480.193575
428,9480.193575
429,9480.193575
430,9480.193575
431,9480.193575
432,9480.193575
433,9480.193575
434,9480.193575
435,9480.193575
436,9480.193575
437,9480.193575
438,9480.193575
439,9480.193575
440,9480.193575
441,9480.193575
442,9480.193575
443,9480.193575
444,9480.193575
445,9480.193575
446,9480.193575
447,9480.193575
448,9480.193575
449,9480.227820
450,9480.227820
451,9480.296310
452,9480.296310
453,9480.296310
454,9480.296310
455,9480.330555
456,9480.433289
457,9480.604513
458,9480.878472
459,9481.289410
460,9481.700349
461,9482.556470
462,9483.892019
463,9485.706996
464,9488.754788
465,9488.754788
466,9488.754788
467,9489.148600
468,9489.148600
469,9489.411142
470,9490.067497
471,9490.198768
472,9490.723851
473,9491.248935
474,9492.824186
475,9495.449604
476,9498.206293
477,9505.557463
478,9515.271510
479,9521.572513
480,9521.572513
481,9521.572513
482,9521.572513
483,9521.572513
484,9521.572513
485,9521.572513
486,9521.572513
487,9521.572513
488,9521.572513
489,9521.572513
490,9521.572513
491,9521.572513
492,9521.572513
493,9521.572513
494,9521.572513
495,9521.572513
496,9521.572513
497,9521.572513
498,9521.572513
499,9521.572513
