0,2666.112804
1,2888.376309
2,3050.994150
3,3199.443596
4,3336.220162
5,3414.856059
6,3549.363968
7,3589.887392
8,3699.969372
9,3774.968646
10,3876.943322
11,3944.640580
12,4057.474930
13,4237.634503
14,4261.426635
15,4357.982261
16,4426.517723
17,4416.185825
18,4471.406788
19,4530.365027
20,4585.542859
21,4632.211483
22,4752.337737
23,4695.758910
24,4679.183063
25,4701.178229
26,4766.176506
27,4707.648482
28,4720.913451
29,4882.027601
30,4922.988217
31,4972.832372
32,4945.097202
33,4968.384898
34,4999.411401
35,5056.250441
36,5193.561272
37,5092.666354
38,5189.996431
39,5150.506731
40,5204.112173
41,5192.891122
42,5339.915601
43,5526.995607
44,5555.091790
45,5531.081091
46,5524.891035
47,5590.562632
48,5789.249261
49,5685.104254
50,5726.597062
51,5639.434980
52,5638.758203
53,5739.074427
54,5755.675783
55,5726.116224
56,5780.961720
57,5824.762458
58,5960.078274
59,5935.723218
60,5924.168836
61,5808.443088
62,5715.989376
63,5860.240706
64,5847.971935
65,5976.402100
66,5966.909764
67,5992.672465
68,5995.161606
69,6044.221185
70,5994.932357
71,6103.582366
72,6094.960649
73,6008.645430
74,5958.771936
75,5997.435063
76,6005.776144
77,6112.001567
78,6033.357073
79,5973.296023
80,6105.187002
81,5977.462338
82,6097.996853
83,6030.322594
84,5967.768747
85,6046.671944
86,6125.424313
87,6073.055620
88,6177.452841
89,6206.689582
90,6145.163516
91,6220.163541
92,6292.245495
93,6334.230791
94,6156.919081
95,6094.745782
96,6244.400037
97,6129.266404
98,6041.507622
99,6210.080266
100,6247.313201
101,6200.460844
102,6240.008896
103,6337.245428
104,6264.673032
105,6279.952402
106,6272.079872
107,6198.810419
108,6177.548847
109,6254.327996
110,6095.117978
111,6158.152340
112,6169.679027
113,6345.246823
114,6427.704576
115,6349.884528
116,6319.716227
117,6248.833526
118,6417.848539
119,6381.582324
120,6386.250260
121,6248.825442
122,6360.914510
123,6306.783029
124,6351.106144
125,6410.602556
126,6344.268297
127,6292.181095
128,6267.258595
129,6253.055578
130,6334.119909
131,6258.716746
132,6167.070444
133,6088.931717
134,6176.475187
135,6063.407159
136,6144.804366
137,6144.788747
138,6228.823565
139,6124.711650
140,6118.225004
141,6132.821480
142,6090.312085
143,6035.397430
144,6161.807517
145,6274.609105
146,6199.248857
147,6422.934110
148,6194.879390
149,6194.542930
150,6200.526588
151,6183.979295
152,6216.491386
153,6199.429315
154,6213.675102
155,6260.527403
156,6146.690801
157,6152.566737
158,6120.086643
159,6123.020180
160,6085.556612
161,6213.909099
162,6208.467726
163,5936.751684
164,6103.709786
165,6293.751024
166,6100.621705
167,6048.128237
168,5999.247895
169,6245.807655
170,6256.401026
171,6412.348617
172,6226.316140
173,6230.764625
174,6465.164817
175,6366.923514
176,6409.274923
177,6312.758318
178,6214.527613
179,6398.930780
180,6318.953355
181,6349.045659
182,6546.281923
183,6506.576600
184,6510.489792
185,6339.059209
186,6496.534398
187,6286.725298
188,6130.951145
189,6074.820271
190,6067.521323
191,6116.177848
192,6056.557603
193,6149.428759
194,6097.468953
195,6244.434170
196,6365.268121
197,6291.288621
198,6456.879313
199,6327.719762
200,6143.654415
201,6338.822282
202,6373.532323
203,6507.402181
204,6380.689260
205,6426.235749
206,6275.047581
207,6316.897233
208,6229.075312
209,6228.272966
210,6255.060554
211,6166.644508
212,6178.320414
213,6298.674299
214,6308.432557
215,6196.253604
216,6051.222881
217,6134.246833
218,6140.634273
219,6204.567766
220,6210.843457
221,6187.322975
222,6150.954344
223,6183.634732
224,6285.012268
225,6347.845384
226,6294.811042
227,6297.671599
228,6199.786225
229,6366.366918
230,6212.061482
231,6222.459295
232,6213.659866
233,6201.193241
234,6301.343970
235,6398.360586
236,6543.292463
237,6378.642424
238,6271.068446
239,6294.681890
240,6224.182834
241,6322.937669
242,6330.153524
243,6302.136792
244,6338.300748
245,6391.704841
246,6352.855879
247,6241.218294
248,6192.538021
249,6167.186841
250,6319.624312
251,6236.480717
252,6363.727858
253,6097.269812
254,6238.984395
255,6237.394332
256,6238.852732
257,6249.205895
258,6167.230312
259,6261.186241
260,6383.174734
261,6152.608255
262,6156.932211
263,6226.646451
264,6393.105798
265,6320.792502
266,6408.437496
267,6341.025360
268,6269.200382
269,6262.774376
270,6228.737210
271,6331.981213
272,6160.075973
273,6257.277140
274,6206.168239
275,6230.423014
276,6309.207234
277,6254.594932
278,6185.829197
279,6098.367471
280,6149.608474
281,6249.956458
282,6016.358626
283,6094.900303
284,6135.272351
285,6156.805331
286,6077.733912
287,6148.247327
288,6066.877552
289,6020.567312
290,6080.587675
291,6196.388152
292,6296.341202
293,6255.003988
294,6199.783162
295,6144.348128
296,6208.884195
297,6116.130316
298,6219.136479
299,6350.060834
300,6194.749445
301,6201.110224
302,6262.322979
303,6202.751516
304,6107.627603
305,6328.748479
306,6259.082672
307,6301.909668
308,6276.318511
309,6232.299878
310,6336.862193
311,6390.127353
312,6384.905393
313,6312.130404
314,6330.694993
315,6225.283501
316,6287.330570
317,6253.708544
318,6282.554939
319,6285.819004
320,6364.715178
321,6309.462207
322,6146.954024
323,6106.111272
324,6160.552555
325,6292.682330
326,6250.942141
327,6314.748600
328,6285.161751
329,6242.185173
330,6339.821197
331,6247.099610
332,6097.307552
333,6066.801366
334,6150.874903
335,6275.594372
336,6158.130902
337,6136.593818
338,6166.005884
339,6234.519951
340,6126.098712
341,6206.566093
342,6254.571086
343,6143.848473
344,6248.523578
345,6264.718276
346,6411.269730
347,6336.202520
348,6250.326988
349,6307.325904
350,6126.762015
351,6262.381056
352,6174.482968
353,6131.512201
354,6189.443129
355,6149.572914
356,6178.906332
357,6071.491402
358,6112.156070
359,6087.594585
360,6216.190910
361,6177.906763
362,6148.175698
363,6168.828476
364,6135.881040
365,6137.920119
366,6116.068064
367,6163.690202
368,6248.173063
369,6328.775559
370,6244.219556
371,6306.118964
372,6259.442631
373,6256.089088
374,6142.665096
375,6291.062575
376,6299.586133
377,6119.187397
378,6235.234942
379,6120.482662
380,6128.580703
381,6215.438123
382,6216.012926
383,6252.246283
384,6320.409485
385,6252.011889
386,6339.066217
387,6230.163718
388,6277.027591
389,6234.070710
390,6156.774289
391,5981.159729
392,6278.237097
393,6256.496307
394,6279.879973
395,6049.630318
396,6232.039198
397,6117.424680
398,6256.805337
399,6281.564869
400,6223.681681
401,6112.766598
402,6073.153043
403,6092.964391
404,6149.071511
405,6172.111433
406,6211.092110
407,6026.503216
408,5899.029101
409,5956.246587
410,6173.072019
411,6213.005698
412,6150.119113
413,6297.730188
414,6321.551507
415,6144.499485
416,6257.797707
417,6131.386126
418,6070.317767
419,6053.234671
420,6027.909618
421,6055.293928
422,6222.261624
423,6176.760121
424,6283.820067
425,6337.627675
426,6302.284453
427,6363.541979
428,6295.525019
429,6217.929697
430,6210.280291
431,6137.288443
432,6236.084911
433,6212.535140
434,6226.508181
435,6289.736329
436,6216.581593
437,6314.082494
438,6110.550025
439,6054.991128
440,5966.957113
441,6103.511081
442,6132.639361
443,6176.211699
444,6129.962682
445,6192.788862
446,6267.241765
447,6223.332764
448,6194.397610
449,6280.490133
450,6324.020758
451,6278.693091
452,6199.012499
453,6168.202994
454,6334.091756
455,6275.749831
456,6245.883612
457,6217.171184
458,6209.395895
459,6130.847455
460,6029.287327
461,6081.445363
462,6199.901416
463,6249.744130
464,6110.572761
465,6166.866471
466,6132.945316
467,6145.389940
468,6029.028900
469,6074.507206
470,6045.896087
471,6032.795860
472,6089.732765
473,6150.078570
474,6276.191386
475,6222.496890
476,6257.041247
477,6294.914305
478,6273.336850
479,6233.788795
480,6254.366381
481,6203.824206
482,6283.718086
483,6286.869898
484,6218.858202
485,6238.106565
486,6488.467545
487,6279.701905
488,6322.387633
489,6306.910906
490,6299.202975
491,6211.835690
492,6314.125832
493,6421.117271
494,6461.144531
495,6267.044897
496,6445.619823
497,6193.999333
498,6382.553128
499,6330.516935
