0,2766.636737
1,2895.788502
2,2972.198865
3,3056.324631
4,3156.078466
5,3194.977683
6,3232.291969
7,3270.535257
8,3333.719141
9,3377.482002
10,3408.324474
11,3414.766227
12,3477.567980
13,3502.601555
14,3499.274735
15,3555.811678
16,3559.417936
17,3599.542834
18,3607.287198
19,3693.066270
20,3719.182663
21,3674.716787
22,3680.741688
23,3631.090666
24,3614.060961
25,3594.914412
26,3644.782467
27,3680.049335
28,3726.070744
29,3698.244458
30,3712.563880
31,3730.946472
32,3860.941223
33,3856.542756
34,3889.241777
35,3908.179447
36,3983.850545
37,4031.896065
38,4031.060888
39,3990.856290
40,4034.230403
41,4069.922672
42,4079.629993
43,4177.224206
44,4129.335672
45,4155.826787
46,4182.013055
47,4226.523595
48,4231.728654
49,4232.088113
50,4213.690622
51,4243.911032
52,4146.033775
53,4140.859492
54,4156.358391
55,4140.088828
56,4237.215346
57,4211.685984
58,4279.143335
59,4289.950609
60,4290.742345
61,4272.311404
62,4216.510094
63,4199.266548
64,4176.921729
65,4195.939629
66,4218.200111
67,4246.716499
68,4284.802046
69,4375.845182
70,4348.745945
71,4339.641112
72,4336.243443
73,4268.161424
74,4350.369561
75,4261.243316
76,4341.381099
77,4469.510947
78,4445.200846
79,4447.589281
80,4376.279487
81,4435.362048
82,4473.908285
83,4474.058165
84,4470.978574
85,4511.331372
86,4424.869817
87,4401.077672
88,4463.005544
89,4470.141712
90,4458.275506
91,4496.367763
92,4423.161285
93,4480.978858
94,4457.857081
95,4445.103886
96,4497.825446
97,4347.110583
98,4218.108823
99,4279.179009
100,4318.671440
101,4277.852882
102,4313.259878
103,4396.985080
104,4402.116638
105,4368.507160
106,4249.335744
107,4279.036231
108,4255.587374
109,4230.445071
110,4235.752628
111,4319.969873
112,4403.656020
113,4453.308065
114,4356.345773
115,4410.047540
116,4445.173575
117,4407.097932
118,4319.522144
119,4371.804594
120,4328.012140
121,4318.422243
122,4284.226376
123,4247.867752
124,4353.137526
125,4408.552005
126,4437.236975
127,4422.669625
128,4350.667181
129,4262.643544
130,4274.085464
131,4308.084863
132,4346.676494
133,4377.210805
134,4404.030302
135,4371.718991
136,4337.183986
137,4412.421659
138,4453.340036
139,4423.342754
140,4320.993869
141,4290.556246
142,4324.717044
143,4237.872738
144,4219.531610
145,4280.051558
146,4316.634755
147,4205.775577
148,4154.237360
149,4135.830311
150,4102.549846
151,4057.163109
152,4124.154074
153,4123.717086
154,4175.846156
155,4150.834542
156,4138.360391
157,4106.752350
158,4114.968876
159,4090.071823
160,4218.962095
161,4241.712967
162,4314.824048
163,4256.226932
164,4268.998210
165,4180.211533
166,4147.743903
167,4178.683367
168,4190.129039
169,4155.257020
170,4099.497728
171,4062.087211
172,4102.496525
173,4075.169129
174,4069.740319
175,4059.427460
176,3976.118071
177,4049.619612
178,4048.101640
179,4144.958779
180,4167.013909
181,4273.025600
182,4224.742631
183,4242.520742
184,4272.193839
185,4220.228222
186,4268.632615
187,4241.394463
188,4332.920408
189,4340.571627
190,4337.785407
191,4357.531932
192,4285.362997
193,4265.255372
194,4218.809036
195,4246.501406
196,4191.227266
197,4245.341615
198,4256.627536
199,4221.877578
200,4212.413045
201,4284.725948
202,4305.377183
203,4349.861747
204,4364.186783
205,4355.143818
206,4410.357251
207,4386.991887
208,4436.932759
209,4472.315733
210,4585.085276
211,4607.248980
212,4607.252161
213,4585.964237
214,4635.735964
215,4676.060297
216,4700.217687
217,4663.337795
218,4627.189057
219,4734.267512
220,4752.398524
221,4782.951101
222,4738.741770
223,4712.591464
224,4715.322354
225,4623.909069
226,4593.410336
227,4608.361973
228,4634.256068
229,4671.637338
230,4610.718451
231,4713.997746
232,4742.984854
233,4803.342023
234,4800.916728
235,4723.594552
236,4710.611280
237,4696.303261
238,4705.268800
239,4749.652928
240,4752.698889
241,4751.091851
242,4800.504242
243,4719.330683
244,4725.331000
245,4611.791584
246,4649.929259
247,4736.849922
248,4736.912520
249,4733.418440
250,4767.068954
251,4834.524315
252,4776.011748
253,4839.727223
254,4876.899119
255,4891.002999
256,4917.633527
257,4977.588429
258,4927.858431
259,4840.851928
260,4828.765993
261,4852.630582
262,4852.051513
263,4658.631421
264,4680.906395
265,4714.708641
266,4663.772777
267,4619.741792
268,4531.154038
269,4562.873246
270,4579.167105
271,4546.243854
272,4509.482954
273,4340.904596
274,4401.724556
275,4403.005922
276,4482.029924
277,4477.173072
278,4465.031346
279,4524.271325
280,4561.047591
281,4567.376426
282,4537.328492
283,4616.288659
284,4604.899836
285,4605.712663
286,4543.291846
287,4513.030539
288,4444.505008
289,4427.335745
290,4478.261183
291,4459.421396
292,4434.326798
293,4351.636542
294,4341.104243
295,4346.808075
296,4376.768122
297,4369.637084
298,4316.300078
299,4359.454646
300,4357.904404
301,4293.689087
302,4279.825213
303,4358.078639
304,4410.525037
305,4389.431322
306,4460.212425
307,4460.396037
308,4566.313881
309,4623.744945
310,4641.042570
311,4658.735267
312,4609.471535
313,4572.591405
314,4531.759887
315,4594.813371
316,4539.693549
317,4548.007150
318,4649.748579
319,4635.770793
320,4646.286129
321,4585.210966
322,4659.974168
323,4709.376761
324,4684.054587
325,4651.535405
326,4701.996203
327,4634.243313
328,4724.296008
329,4778.477099
330,4759.579840
331,4754.572121
332,4829.378257
333,4825.584008
334,4801.928943
335,4788.514260
336,4801.421551
337,4812.532925
338,4858.090945
339,4890.062776
340,4807.840453
341,4840.444597
342,4903.427858
343,4867.079065
344,4847.476301
345,4949.927858
346,4962.784584
347,4923.256768
348,4886.240786
349,4881.017918
350,4787.831561
351,4690.532973
352,4718.846532
353,4759.373670
354,4817.159899
355,4859.707369
356,4908.069725
357,4880.855883
358,4854.887917
359,4941.993326
360,4913.192604
361,4917.503785
362,4880.974359
363,4852.829437
364,4957.552537
365,5034.306702
366,4997.110448
367,4871.439442
368,4952.807887
369,5002.764637
370,5109.521264
371,5139.331862
372,5102.717566
373,5002.367112
374,5029.527997
375,5011.209414
376,5002.203166
377,5061.037691
378,5047.337976
379,5056.659006
380,5097.279177
381,5223.994135
382,5185.383972
383,5136.512483
384,5177.026440
385,5173.513459
386,5151.235646
387,5204.608546
388,5256.395798
389,5325.976746
390,5241.456497
391,5259.479469
392,5183.607432
393,5183.274756
394,5265.505931
395,5255.750619
396,5267.099202
397,5304.368134
398,5284.671300
399,5182.806794
400,5032.703362
401,5007.685353
402,4950.391080
403,5048.337776
404,5092.220739
405,5044.454393
406,5093.978912
407,5046.313947
408,5134.821218
409,5136.578529
410,5060.767796
411,4954.729434
412,4908.416651
413,4963.321770
414,4875.546735
415,4954.728833
416,4990.926856
417,4990.756281
418,4954.197458
419,4959.388838
420,5095.765717
421,5083.359739
422,5124.425921
423,5055.018789
424,5053.627415
425,5005.613404
426,5013.943120
427,5025.438794
428,4983.623134
429,5037.924852
430,5063.774496
431,5028.230905
432,5059.819968
433,4997.830079
434,4903.287928
435,4993.154881
436,5049.835053
437,4997.727428
438,4951.252622
439,4978.803123
440,4949.448386
441,4952.069292
442,4958.456511
443,4942.129839
444,5069.500632
445,5047.090851
446,5043.581434
447,5036.843876
448,5022.812782
449,4999.275600
450,5051.633301
451,4910.956234
452,4906.039265
453,5056.782235
454,5065.265996
455,5179.492833
456,5041.263888
457,5041.780388
458,4969.869151
459,4936.368177
460,4947.496159
461,4878.696487
462,4831.949505
463,4800.179076
464,4760.063829
465,4779.506021
466,4857.631035
467,4873.452642
468,4859.175318
469,4886.779183
470,4861.150936
471,4793.262123
472,4903.342137
473,5026.801194
474,4953.021909
475,4871.358161
476,4905.990475
477,4826.739687
478,4908.332908
479,4941.020725
480,4921.866417
481,4813.713796
482,4913.856107
483,4980.283634
484,4976.970463
485,5070.319621
486,4981.907576
487,5070.450104
488,5025.786679
489,4971.059122
490,4991.410015
491,4943.088344
492,4996.214509
493,4926.967965
494,4903.001425
495,4906.232757
496,4916.508556
497,4962.211671
498,4910.479994
499,4927.251035
