0,2802.481065
1,5654.367319
2,6171.062773
3,6746.783475
4,7263.132205
5,7563.626873
6,7986.958748
7,8336.933902
8,8788.769797
9,9041.396515
10,9446.607567
11,9747.880787
12,10149.799013
13,10603.660528
14,10909.971364
15,11244.886815
16,11552.810952
17,11893.389655
18,12202.058799
19,12476.106158
20,12698.028375
21,12897.318102
22,12982.180739
23,13165.384628
24,13418.303410
25,13693.489330
26,13800.335266
27,13995.414321
28,14121.485486
29,14375.144525
30,14483.690435
31,14726.392319
32,14729.997870
33,14774.104447
34,14936.170582
35,14934.100948
36,15088.014885
37,15015.740838
38,15254.263076
39,15334.883570
40,15611.290619
41,15632.567987
42,15655.198520
43,15531.532895
44,15717.537137
45,15724.050428
46,15858.066013
47,15937.003005
48,15857.798373
49,15909.583888
50,15925.842377
51,15899.602802
52,15960.751181
53,16096.793677
54,16009.204056
55,16181.255701
56,16190.415504
57,15964.353974
58,16018.907806
59,16146.005125
60,16476.750121
61,16486.789371
62,16246.998946
63,16438.978360
64,16378.384957
65,16491.567427
66,16419.601805
67,16394.729805
68,16447.004804
69,16541.286770
70,16513.053588
71,16678.192900
72,16636.363902
73,16652.768166
74,16680.636720
75,16876.435714
76,16934.264957
77,16906.887033
78,16931.119575
79,16959.287010
80,17011.284598
81,16941.761468
82,16920.975094
83,16881.322957
84,16936.927126
85,17024.757536
86,16921.244580
87,17128.563358
88,17015.506965
89,16989.199552
90,17051.458524
91,17000.769017
92,16896.452764
93,16945.641874
94,17032.064386
95,16973.179351
96,17015.552334
97,17123.931078
98,17088.662094
99,17047.411994
100,17266.066791
101,17151.319374
102,17270.614831
103,17301.435944
104,17037.229482
105,17115.831671
106,17257.252346
107,17228.653550
108,17309.028943
109,17379.811246
110,17171.939238
111,17267.923941
112,17281.732015
113,17397.329495
114,17344.518776
115,17440.099838
116,17373.936071
117,17138.448832
118,17162.466802
119,17172.943870
120,17383.692531
121,17393.212203
122,17397.150723
123,17362.020149
124,17547.537364
125,17521.930702
126,17432.091019
127,17578.947749
128,17620.895245
129,17687.896891
130,17786.571643
131,17725.022678
132,17616.822404
133,17730.473834
134,17737.178979
135,17673.405832
136,17601.525552
137,17728.967514
138,17893.540621
139,17834.758155
140,17732.046643
141,17681.079464
142,17664.922882
143,17647.886909
144,17752.320318
145,17885.696181
146,17709.200000
147,17794.238277
148,17654.811319
149,17681.777953
150,17720.439546
151,17726.343717
152,17856.156955
153,17750.212218
154,17846.422378
155,17714.095492
156,17585.789627
157,17586.437003
158,17705.664281
159,17817.999893
160,17781.450846
161,17796.236355
162,17811.235938
163,17843.278430
164,17770.537997
165,17719.910966
166,17849.053508
167,17896.621548
168,17808.565222
169,18027.615035
170,17951.780446
171,17891.179214
172,17905.860317
173,17963.897451
174,18051.454343
175,17978.709816
176,17858.412164
177,17865.127027
178,18075.045648
179,17944.042663
180,17837.171134
181,17850.564377
182,18028.709326
183,17883.868430
184,17914.792588
185,17766.456064
186,17763.704642
187,17872.052246
188,18010.278623
189,18008.071518
190,17936.844519
191,18104.125751
192,18093.476320
193,17956.257481
194,17749.195268
195,17841.571637
196,17830.584626
197,17782.390315
198,17752.055133
199,17890.274430
200,17912.348971
201,17761.833826
202,17812.878574
203,17945.396228
204,17720.797857
205,17897.262106
206,17750.171001
207,17907.907091
208,17808.058308
209,18002.247296
210,17908.404329
211,17894.682345
212,17869.236672
213,17912.315032
214,17964.134446
215,17913.592974
216,18025.907050
217,18124.414853
218,18148.315428
219,17940.009001
220,17873.871646
221,17894.000319
222,17988.912011
223,17961.348918
224,17889.474621
225,17950.155812
226,17827.309332
227,17931.826657
228,17914.306286
229,17889.166813
230,17925.897984
231,17954.522323
232,17880.799881
233,17971.853858
234,17928.396329
235,17850.960252
236,17763.743306
237,17855.817370
238,17974.025278
239,17836.950477
240,17915.192576
241,17856.816100
242,17867.428507
243,17927.639586
244,17900.356705
245,17995.630939
246,17903.753349
247,17863.716609
248,17998.356145
249,17981.942000
250,17946.756374
251,17893.843643
252,17849.421893
253,17877.989877
254,17840.118311
255,17892.944940
256,17970.475111
257,18002.392054
258,17889.201946
259,17950.932989
260,17939.533479
261,17797.799943
262,17949.587725
263,17930.379446
264,18056.370053
265,17824.325576
266,17756.478746
267,17724.272525
268,17783.224679
269,17790.043012
270,17892.658038
271,17851.092444
272,17922.278145
273,17849.775109
274,17884.425459
275,17952.909778
276,17663.972338
277,17603.883220
278,17917.020338
279,17900.913614
280,17925.736742
281,18009.912632
282,17835.885940
283,17817.554285
284,17845.553876
285,17841.444830
286,17949.307967
287,17987.080962
288,17875.191593
289,17916.237849
290,18000.937500
291,17975.365452
292,17916.940840
293,17956.609252
294,17866.163961
295,17840.394737
296,17872.611426
297,17889.644014
298,18013.786783
299,18047.811960
300,17886.154097
301,17873.755617
302,17815.717882
303,18019.427081
304,17909.097398
305,18123.151725
306,18085.872252
307,17860.588940
308,18125.045790
309,18192.850146
310,17942.950772
311,17920.011234
312,18039.347472
313,17919.066543
314,17905.435105
315,17933.538364
316,18024.667039
317,17992.345116
318,18017.394289
319,18053.450667
320,17999.635736
321,17997.353266
322,18036.387225
323,18037.370599
324,18102.394853
325,17845.297187
326,18109.130273
327,17983.764159
328,17995.333171
329,18052.119944
330,18057.664356
331,17956.065084
332,18110.014791
333,17917.625876
334,18052.757983
335,18004.111976
336,18045.381337
337,18066.026391
338,18004.459186
339,18100.170134
340,17979.646969
341,17917.626527
342,18022.116069
343,18019.895123
344,17954.319662
345,18033.132725
346,17911.789647
347,17908.967080
348,17710.298364
349,17758.594520
350,17993.139870
351,17938.956096
352,18029.313000
353,18339.039532
354,18223.343871
355,18047.664146
356,18105.220807
357,18176.235372
358,18295.131459
359,18172.980899
360,18123.943298
361,18158.713028
362,18094.431257
363,18028.399460
364,18165.602568
365,18257.705183
366,18199.088766
367,18319.605909
368,18235.268231
369,18194.723729
370,18271.521606
371,18188.982429
372,18095.297765
373,18021.119462
374,18241.996063
375,18300.902265
376,18314.541972
377,18260.672511
378,18307.121578
379,18161.612006
380,18148.594459
381,18366.359706
382,18161.254862
383,18321.710366
384,18287.041389
385,18331.404815
386,18370.193307
387,18441.091279
388,18329.074485
389,18378.652275
390,18313.475973
391,18357.174688
392,18317.743243
393,18295.986786
394,18191.066506
395,18186.521041
396,18240.017562
397,18347.375501
398,18239.551007
399,18336.941659
400,18339.344497
401,18511.097843
402,18296.291868
403,18431.195142
404,18534.883712
405,18498.601294
406,18655.580230
407,18611.785694
408,18795.751387
409,18915.464664
410,18619.054185
411,18664.093594
412,18834.456872
413,18845.068046
414,18821.566293
415,18783.819206
416,18604.001498
417,18734.886089
418,18672.508551
419,18833.003845
420,18684.034279
421,18660.359199
422,18788.341645
423,18678.354554
424,18752.382983
425,18765.518220
426,18858.008613
427,18949.986803
428,18989.744609
429,18851.905889
430,18801.913974
431,18741.271403
432,18700.135837
433,18672.005921
434,18700.419666
435,18834.412417
436,18768.245587
437,18804.238139
438,18731.254805
439,18719.707455
440,18934.910675
441,18879.941447
442,18728.078826
443,18616.234079
444,18669.359127
445,18689.633334
446,18812.136207
447,18690.663083
448,18704.569456
449,18793.295803
450,18690.533340
451,18914.694779
452,18709.372010
453,18980.317713
454,18784.050837
455,18911.875090
456,19069.947636
457,18816.679333
458,18768.591520
459,18644.691705
460,18677.267987
461,18688.250093
462,18802.175299
463,18781.125973
464,18595.371355
465,18563.575972
466,18656.483298
467,18733.901783
468,18632.078439
469,18801.167886
470,18746.921617
471,18758.702910
472,18812.323988
473,18992.827096
474,18906.248046
475,18677.985301
476,18693.526476
477,18679.747666
478,18596.271809
479,18716.153588
480,18780.296291
481,18836.626230
482,18773.213408
483,18621.686286
484,18662.941986
485,18669.973827
486,18354.679684
487,18599.484295
488,18617.736719
489,18769.660577
490,18808.763391
491,18898.717268
492,18897.803388
493,18827.809531
494,18717.150361
495,18803.251789
496,18841.351066
497,18949.876042
498,19093.343613
499,19111.154400
