0,2778.962689
1,5520.749257
2,5962.843722
3,6284.218529
4,6643.197335
5,6855.420322
6,7153.795452
7,7336.290354
8,7492.875758
9,7686.010719
10,7941.954396
11,8066.142847
12,8181.877858
13,8456.912834
14,8440.091740
15,8599.583745
16,8871.370967
17,9027.481044
18,9057.564050
19,9247.385620
20,9394.740790
21,9577.321765
22,9588.415617
23,9704.828344
24,9808.213819
25,9842.557972
26,10046.155102
27,10032.550846
28,10233.547125
29,10197.762819
30,10285.536523
31,10538.910791
32,10615.898333
33,10638.189154
34,10714.547667
35,10757.493218
36,10845.651245
37,10894.145793
38,11086.988661
39,11074.095974
40,11214.081791
41,11102.403518
42,11243.289082
43,11337.707348
44,11356.934940
45,11422.899372
46,11397.854550
47,11489.950481
48,11507.063703
49,11544.101396
50,11665.984937
51,11619.478471
52,11613.148262
53,11774.044520
54,11741.568462
55,11930.307301
56,11980.665763
57,11793.353454
58,11940.502459
59,12059.488313
60,12015.523406
61,12195.985910
62,12039.819951
63,12148.144253
64,12138.613175
65,12072.575811
66,12144.819682
67,12162.523096
68,12257.981839
69,12259.427139
70,12274.029682
71,12308.283571
72,12373.980298
73,12561.893966
74,12326.564109
75,12488.516575
76,12517.143916
77,12479.622055
78,12404.800530
79,12646.380489
80,12502.763123
81,12651.535994
82,12740.890117
83,12723.817097
84,12662.108620
85,12760.012965
86,12799.360738
87,12806.538250
88,12735.836641
89,12735.889318
90,12887.365643
91,12771.872200
92,12765.788414
93,12770.078901
94,13078.319360
95,13034.196528
96,12835.802436
97,12956.879376
98,12881.389198
99,13129.220661
100,13116.371030
101,12998.792326
102,13039.905092
103,13048.288306
104,13111.478225
105,13188.397417
106,13180.073549
107,13152.822082
108,13205.686266
109,13176.110571
110,13145.064682
111,13343.222964
112,13238.730288
113,13249.526795
114,13156.059661
115,13356.037303
116,13316.026354
117,13388.307153
118,13426.376442
119,13352.796439
120,13406.924651
121,13508.987553
122,13536.348933
123,13354.545156
124,13468.917365
125,13614.493069
126,13527.056799
127,13475.527314
128,13473.372315
129,13215.569100
130,13503.453789
131,13411.564767
132,13482.079380
133,13657.523525
134,13752.532423
135,13712.756390
136,13815.874040
137,13551.632211
138,13664.378090
139,13654.868042
140,13819.174536
141,13442.350046
142,13667.551814
143,13701.642633
144,13684.062257
145,13698.678023
146,13660.062197
147,13791.900927
148,13718.707641
149,13731.112765
150,13767.853262
151,13646.717878
152,13712.726702
153,13663.477595
154,13820.796528
155,13825.160302
156,13653.279569
157,13806.503236
158,13806.466348
159,13818.294844
160,13940.727382
161,13857.053709
162,13868.101453
163,13797.954548
164,14002.032086
165,13831.682810
166,13765.487059
167,13839.750442
168,13697.536790
169,13614.419388
170,13773.291906
171,13839.249161
172,13967.404896
173,13908.793821
174,14160.040144
175,14005.258512
176,13799.269921
177,14049.834491
178,13994.264695
179,14176.987815
180,13939.764050
181,14013.319973
182,13886.531541
183,13973.962928
184,13949.371686
185,13957.727484
186,13979.696782
187,14118.505450
188,14112.149754
189,14019.015708
190,14036.493869
191,13862.890159
192,14129.072652
193,14022.589439
194,13906.875524
195,14105.858214
196,14034.148349
197,14001.308227
198,14161.001474
199,14054.938202
200,13949.731131
201,13893.885757
202,14141.453260
203,14022.300944
204,14076.883821
205,14112.610174
206,14168.822930
207,14131.074115
208,14050.182269
209,13904.395476
210,14041.856316
211,14006.939635
212,14017.566923
213,14049.930444
214,13860.906333
215,13904.748704
216,14254.019279
217,14152.425494
218,14037.950789
219,14184.631161
220,14214.845130
221,14119.107482
222,14256.219032
223,14176.748814
224,14017.011940
225,14209.565393
226,14265.475869
227,14211.316263
228,14128.707365
229,14265.647965
230,14152.740217
231,13997.400756
232,14070.448956
233,14045.623940
234,14240.868979
235,14140.827779
236,14080.030601
237,14138.852016
238,14259.960969
239,14339.112656
240,14127.387943
241,14158.998007
242,14200.519437
243,14153.526652
244,14222.098717
245,14403.635145
246,14194.596610
247,14270.612971
248,14168.609731
249,14207.207945
250,14233.794131
251,14251.001437
252,14303.968095
253,14188.524378
254,14281.864482
255,14245.097543
256,14258.965289
257,14285.757893
258,14111.999729
259,14234.656499
260,14359.533108
261,14229.371540
262,14200.559153
263,14199.767030
264,14318.853163
265,14432.371194
266,14204.470648
267,14227.062611
268,14335.472538
269,14351.942569
270,14367.756157
271,14381.398060
272,14228.275343
273,14309.775365
274,14245.874900
275,14310.838363
276,14274.062431
277,14236.651535
278,14225.463637
279,14376.615678
280,14318.601842
281,14246.227096
282,14322.612592
283,14361.066945
284,14255.690377
285,14312.079362
286,14385.061291
287,14350.662090
288,14554.502250
289,14490.712575
290,14254.128124
291,14398.854692
292,14474.865962
293,14388.671142
294,14289.130963
295,14508.577428
296,14481.544664
297,14587.262387
298,14378.518086
299,14367.793609
300,14513.253620
301,14414.555389
302,14404.312766
303,14533.648771
304,14459.753424
305,14398.702867
306,14489.155220
307,14388.883682
308,14583.535585
309,14437.946405
310,14213.680196
311,14345.013054
312,14376.097077
313,14355.625549
314,14450.871825
315,14540.733513
316,14401.359432
317,14313.115138
318,14364.105403
319,14411.199869
320,14429.393305
321,14402.433478
322,14499.973280
323,14510.262326
324,14526.987021
325,14439.005520
326,14427.621648
327,14472.535965
328,14439.883958
329,14339.951220
330,14651.852305
331,14493.373407
332,14453.777344
333,14419.792664
334,14477.657511
335,14410.658485
336,14615.314769
337,14433.653782
338,14573.035566
339,14644.653383
340,14442.135567
341,14552.744943
342,14430.169389
343,14323.333335
344,14501.020310
345,14657.251029
346,14440.221400
347,14524.113273
348,14657.034720
349,14577.941691
350,14469.276594
351,14480.982378
352,14482.311661
353,14592.550336
354,14554.041640
355,14617.550070
356,14658.325144
357,14637.615472
358,14422.143573
359,14368.560040
360,14507.705537
361,14685.179421
362,14543.027230
363,14647.540649
364,14432.506858
365,14390.099543
366,14637.879992
367,14740.112577
368,14460.345767
369,14497.717082
370,14463.473131
371,14493.537439
372,14541.681657
373,14536.008792
374,14380.334690
375,14475.508367
376,14795.008163
377,14646.402643
378,14594.358371
379,14471.905688
380,14695.281491
381,14636.327669
382,14592.697763
383,14662.430617
384,14599.481618
385,14384.839145
386,14426.504549
387,14627.221174
388,14678.294463
389,14525.580328
390,14603.925902
391,14581.171652
392,14279.789216
393,14700.494637
394,14681.564852
395,14720.141429
396,14618.589551
397,14516.704142
398,14679.282143
399,14639.785857
400,14507.356984
401,14664.588380
402,14542.184655
403,14581.288097
404,14522.043575
405,14613.684029
406,14494.502449
407,14660.228459
408,14658.308596
409,14717.826945
410,14645.216274
411,14416.035767
412,14640.493205
413,14475.703917
414,14648.552886
415,14607.394487
416,14536.966545
417,14438.508762
418,14674.384781
419,14778.911951
420,14800.136064
421,14705.241782
422,14691.870388
423,14710.577920
424,14541.898319
425,14494.192319
426,14717.024050
427,14589.260540
428,14440.090818
429,14579.048619
430,14465.707129
431,14516.955769
432,14686.574117
433,14583.454444
434,14551.854905
435,14684.589871
436,14621.112706
437,14602.911408
438,14510.270161
439,14712.212514
440,14609.930761
441,14602.637246
442,14569.396525
443,14650.124909
444,14647.052581
445,14665.084114
446,14595.554910
447,14606.041539
448,14690.682424
449,14734.672107
450,14723.169931
451,14645.739685
452,14567.046126
453,14656.000251
454,14651.510896
455,14607.899799
456,14638.232175
457,14637.056519
458,14771.347689
459,14562.494234
460,14524.155067
461,14590.254102
462,14539.286931
463,14664.082012
464,14659.804148
465,14801.261202
466,14662.688833
467,14474.768778
468,14428.678383
469,14486.087755
470,14701.213884
471,14627.475822
472,14758.953581
473,14785.956352
474,14708.451686
475,14738.973284
476,14617.809824
477,14778.130608
478,14674.859908
479,14733.654802
480,14714.766554
481,14803.940144
482,14776.543236
483,14824.058886
484,14670.529708
485,14666.657020
486,14595.001493
487,14687.535409
488,14668.841737
489,14744.880357
490,14674.252316
491,14589.408294
492,14841.993457
493,14662.099149
494,14525.091066
495,14623.848332
496,14785.088907
497,14750.625398
498,14513.797443
499,14555.077949
