0,2791.190976
1,3165.322952
2,3469.926957
3,3695.459559
4,3858.276882
5,4025.579567
6,4177.410670
7,4245.224624
8,4454.983214
9,4576.412398
10,4719.289724
11,4844.208364
12,4974.746841
13,5041.818521
14,5175.214049
15,5283.269634
16,5362.332373
17,5401.451595
18,5483.256519
19,5559.240265
20,5574.800275
21,5639.340143
22,5831.214745
23,5831.936965
24,5812.431525
25,5892.588286
26,5816.739214
27,5946.519120
28,5902.147268
29,6003.270165
30,5903.410653
31,5971.931533
32,5930.870458
33,6003.381033
34,5967.962876
35,6056.039495
36,6047.463827
37,6148.997003
38,6007.500245
39,5969.295472
40,6069.885118
41,6175.219129
42,6223.007224
43,6224.804534
44,6144.320510
45,6294.174765
46,6227.536138
47,6105.999707
48,6048.528559
49,6161.825393
50,6138.678314
51,6169.656039
52,6084.968758
53,6184.536549
54,6216.955453
55,6234.300188
56,6397.063351
57,6296.134436
58,6391.918219
59,6439.226368
60,6441.456674
61,6430.796070
62,6425.282696
63,6522.105024
64,6455.674336
65,6450.094914
66,6412.919297
67,6476.079894
68,6428.212377
69,6390.883359
70,6607.232517
71,6715.246139
72,6661.856534
73,6704.288937
74,6506.655947
75,6479.861506
76,6395.344367
77,6630.911704
78,6703.296521
79,6662.812059
80,6943.385333
81,7036.341151
82,7105.579919
83,6816.507907
84,6968.288883
85,6878.066483
86,6894.379812
87,6894.812336
88,6923.751682
89,7025.197853
90,7140.979843
91,7069.054355
92,7249.079196
93,7066.398433
94,7180.397526
95,7044.547093
96,7165.921921
97,7261.159669
98,7442.934855
99,7366.073279
100,7502.988711
101,7457.732835
102,7453.604601
103,7544.369191
104,7601.364151
105,7538.708194
106,7591.060495
107,7360.121296
108,7584.777983
109,7588.737990
110,7789.005510
111,7683.222579
112,7721.229136
113,7679.159895
114,7730.338092
115,7692.805562
116,7733.340854
117,7686.693087
118,7584.485264
119,7732.764532
120,7632.941302
121,7722.020318
122,7992.717670
123,7834.422501
124,7902.571796
125,7887.237286
126,7770.306834
127,7900.188300
128,7945.914336
129,8177.768434
130,8110.733636
131,8137.765897
132,8180.435163
133,7995.216926
134,8189.883648
135,8171.910465
136,8186.735650
137,8204.030852
138,8089.801820
139,7988.346475
140,8321.439115
141,8540.766528
142,8500.561021
143,8622.108666
144,8624.289795
145,8802.674561
146,8613.656098
147,8689.000745
148,8732.556733
149,8762.215827
150,8802.658585
151,8761.587503
152,8697.723647
153,8707.816589
154,8802.521436
155,8919.601753
156,9019.941073
157,9054.183921
158,8878.564618
159,9077.290938
160,8971.538600
161,8918.075645
162,9022.867047
163,9075.940144
164,9141.240514
165,9088.327460
166,9111.740908
167,9100.466982
168,9167.497516
169,9194.786667
170,9268.673226
171,9165.062175
172,9185.063931
173,9119.707780
174,9150.996851
175,9251.267558
176,9358.270661
177,9328.040507
178,9298.967950
179,9285.798121
180,9358.006282
181,9292.902154
182,9372.184952
183,9354.722965
184,9363.763111
185,9348.953439
186,9355.533237
187,9396.797855
188,9390.701710
189,9338.389461
190,9355.740871
191,9427.379780
192,9308.861755
193,9332.046082
194,9346.289088
195,9389.431784
196,9383.637598
197,9407.656363
198,9410.207166
199,9373.388744
200,9393.268150
201,9409.710160
202,9463.933244
203,9436.082087
204,9449.033554
205,9450.693294
206,9435.054467
207,9387.259059
208,9462.604897
209,9425.898988
210,9434.625655
211,9419.034569
212,9458.652102
213,9448.574079
214,9452.382246
215,9457.545239
216,9462.722778
217,9441.833651
218,9386.902341
219,9451.342441
220,9443.912088
221,9468.106314
222,9473.805918
223,9417.365828
224,9449.621254
225,9457.087843
226,9433.207778
227,9468.318797
228,9456.228907
229,9456.093635
230,9472.412458
231,9472.697277
232,9470.272808
233,9461.727983
234,9467.574790
235,9489.713131
236,9482.327209
237,9491.599131
238,9470.196895
239,9323.808764
240,9473.227347
241,9523.137638
242,9507.738619
243,9523.071611
244,9496.637018
245,9513.667031
246,9521.713292
247,9480.700165
248,9476.250336
249,9520.366304
250,9528.454959
251,9495.421302
252,9520.491774
253,9527.242509
254,9504.249183
255,9338.856508
256,9463.180443
257,9516.284008
258,9521.136769
259,9527.646072
260,9521.246881
261,9401.834518
262,9522.705236
263,9307.464216
264,9490.315022
265,9544.317494
266,9574.723589
267,9565.990453
268,9574.956082
269,9569.075926
270,9572.525711
271,9572.501477
272,9589.095197
273,9571.318385
274,9577.629115
275,9589.095197
276,9569.566950
277,9550.705764
278,9532.258430
279,9567.464829
280,9584.233268
281,9579.474219
282,9566.625677
283,9588.401588
284,9573.011652
285,9583.154090
286,9539.017631
287,9587.242519
288,9584.886995
289,9571.856897
290,9543.439692
291,9601.422544
292,9608.767514
293,9610.239997
294,9598.085847
295,9589.073145
296,9582.450938
297,9612.325427
298,9645.291788
299,9672.865904
300,9654.926747
301,9675.704456
302,9691.992304
303,9686.395541
304,9689.193754
305,9689.590821
306,9684.134679
307,9687.419819
308,9699.013991
309,9685.093701
310,9698.983410
311,9692.566647
312,9684.859512
313,9697.459532
314,9699.013991
315,9677.318407
316,9695.210247
317,9696.981068
318,9697.535619
319,9691.104475
320,9668.305354
321,9688.757966
322,9699.013991
323,9683.250443
324,9699.013991
325,9693.770907
326,9681.165888
327,9691.059290
328,9688.784498
329,9695.758563
330,9651.628039
331,9659.085969
332,9689.452352
333,9667.408511
334,9697.968948
335,9696.767672
336,9601.323929
337,9675.088998
338,9691.880144
339,9691.662934
340,9684.178403
341,9692.016681
342,9666.629061
343,9681.707708
344,9686.005325
345,9690.230845
346,9687.200230
347,9683.182481
348,9681.259220
349,9686.140563
350,9690.892095
351,9684.054065
352,9686.720738
353,9687.119645
354,9674.653039
355,9681.533420
356,9668.032835
357,9688.865539
358,9695.183424
359,9682.074074
360,9670.941023
361,9542.789374
362,9517.541446
363,9614.069686
364,9675.408959
365,9689.314550
366,9690.096216
367,9693.782567
368,9675.442972
369,9673.421507
370,9695.409298
371,9691.370827
372,9693.748131
373,9690.251172
374,9694.383836
375,9696.691104
376,9660.939972
377,9692.588275
378,9697.016508
379,9677.753406
380,9689.268637
381,9693.940210
382,9685.457281
383,9690.958754
384,9690.172042
385,9696.681986
386,9695.901029
387,9686.329555
388,9692.242479
389,9685.688929
390,9696.124351
391,9690.338700
392,9674.850537
393,9687.119159
394,9685.497282
395,9663.699733
396,9694.230941
397,9699.013991
398,9689.191325
399,9683.729465
400,9698.074408
401,9671.155904
402,9699.013991
403,9694.926899
404,9692.458959
405,9695.154553
406,9693.044359
407,9687.298188
408,9695.057297
409,9648.963577
410,9689.128316
411,9672.683889
412,9675.013805
413,9690.636407
414,9527.544713
415,9634.949127
416,9692.104329
417,9672.074654
418,9674.349485
419,9693.574818
420,9692.326474
421,9686.012928
422,9682.981014
423,9684.794726
424,9684.732482
425,9671.521257
426,9693.767479
427,9697.305254
428,9690.049274
429,9696.293535
430,9694.916914
431,9682.101152
432,9682.425067
433,9661.820697
434,9699.013991
435,9664.241499
436,9691.144248
437,9675.292103
438,9645.847299
439,9688.292884
440,9687.948451
441,9679.813777
442,9687.429053
443,9692.428036
444,9689.304510
445,9692.730639
446,9655.835899
447,9663.335086
448,9689.805138
449,9692.357537
450,9680.519019
451,9692.313796
452,9689.755919
453,9699.013991
454,9690.605697
455,9693.776208
456,9698.380866
457,9692.601988
458,9655.942820
459,9694.895895
460,9678.524293
461,9688.970766
462,9690.050614
463,9694.016881
464,9682.749388
465,9692.856409
466,9694.814247
467,9621.096232
468,9684.878706
469,9694.927852
470,9699.013991
471,9661.016065
472,9686.787224
473,9665.842418
474,9687.632272
475,9686.600688
476,9665.311003
477,9696.854780
478,9697.482571
479,9682.139619
480,9699.013991
481,9694.274321
482,9696.449325
483,9699.013991
484,9670.267275
485,9685.695253
486,9686.372651
487,9685.355923
488,9683.646214
489,9683.952502
490,9659.121099
491,9692.613007
492,9693.131547
493,9694.924205
494,9694.353214
495,9652.298551
496,9651.335850
497,9693.252221
498,9692.974128
499,9682.191578
