0,2768.652287
1,2831.463332
2,2802.873048
3,2889.217922
4,2822.355582
5,2864.224912
6,2772.321001
7,2750.816502
8,2796.015865
9,2720.048053
10,2742.897535
11,2687.925942
12,2687.084903
13,2769.528311
14,2789.689387
15,2725.266873
16,2766.995900
17,2878.100525
18,2884.757553
19,2857.226734
20,2802.437947
21,2650.122288
22,2705.736160
23,2698.313160
24,2676.964271
25,2772.186105
26,2741.459650
27,2728.858094
28,2749.783359
29,2893.217587
30,2848.619027
31,2850.988725
32,2791.007462
33,2774.971175
34,2839.884002
35,2763.747974
36,2763.830962
37,2671.428336
38,2736.803901
39,2763.852087
40,2698.401651
41,2632.973509
42,2598.003769
43,2489.029352
44,2377.699431
45,2396.945911
46,2349.611257
47,2339.527578
48,2305.394969
49,2178.325715
50,2165.235356
51,2217.251097
52,2190.815102
53,2217.906902
54,2192.217790
55,2226.949707
56,2261.795191
57,2186.259326
58,2191.519083
59,2112.612659
60,2169.188972
61,2194.163201
62,2195.367113
63,2240.027922
64,2221.125581
65,2193.546763
66,2247.699747
67,2248.581997
68,2322.523693
69,2252.382322
70,2241.996593
71,2338.288039
72,2369.682383
73,2344.572977
74,2360.087496
75,2369.184512
76,2322.576712
77,2273.435116
78,2206.767195
79,2285.735229
80,2303.252678
81,2344.594813
82,2370.765406
83,2412.097497
84,2446.903281
85,2496.614998
86,2514.933297
87,2481.371307
88,2416.678810
89,2441.182463
90,2486.952231
91,2536.476791
92,2418.999213
93,2385.500168
94,2383.800642
95,2422.253224
96,2433.778850
97,2452.579523
98,2378.428903
99,2422.753616
100,2446.643846
101,2414.994072
102,2522.084948
103,2545.935635
104,2590.451704
105,2604.178248
106,2662.155192
107,2723.147155
108,2676.005399
109,2578.964577
110,2592.005080
111,2643.788302
112,2612.237744
113,2613.629746
114,2628.730368
115,2564.600089
116,2636.615467
117,2706.125242
118,2696.658430
119,2687.901539
120,2659.863019
121,2714.090397
122,2737.324988
123,2677.851201
124,2653.620724
125,2754.055182
126,2742.537445
127,2789.968161
128,2772.422801
129,2685.225969
130,2576.864875
131,2557.021412
132,2592.528624
133,2698.762647
134,2735.402540
135,2697.698690
136,2655.358209
137,2666.270357
138,2585.945703
139,2572.063898
140,2570.343864
141,2510.272455
142,2563.715719
143,2516.122461
144,2528.501934
145,2590.020283
146,2544.222108
147,2565.068386
148,2549.688180
149,2509.301818
150,2480.349667
151,2517.835882
152,2451.753904
153,2457.148514
154,2410.115916
155,2406.125807
156,2423.321926
157,2459.487526
158,2452.897861
159,2430.609209
160,2313.319408
161,2326.177348
162,2398.970959
163,2366.849115
164,2394.269977
165,2343.913831
166,2338.288993
167,2354.133198
168,2409.130973
169,2405.524823
170,2404.563219
171,2431.696902
172,2411.530009
173,2419.326542
174,2389.006574
175,2337.096226
176,2277.707009
177,2224.119408
178,2224.561009
179,2202.566569
180,2240.896864
181,2138.076891
182,2144.152125
183,2233.052684
184,2242.467525
185,2149.550999
186,2094.198353
187,2111.101495
188,2122.761386
189,2156.255079
190,2206.306139
191,2165.198733
192,2207.166484
193,2207.743575
194,2212.527680
195,2227.359409
196,2224.974351
197,2194.254774
198,2108.047318
199,2130.957849
200,2102.435518
201,2147.142417
202,2103.903445
203,2213.465563
204,2122.997375
205,2113.462785
206,2204.458315
207,2215.873110
208,2199.856078
209,2197.995528
210,2246.788363
211,2236.415134
212,2447.072496
213,2418.743613
214,2262.547742
215,2195.428606
216,2232.608548
217,2279.727536
218,2289.309039
219,2310.755458
220,2325.528331
221,2279.709018
222,2283.906816
223,2288.433539
224,2293.745688
225,2339.829890
226,2340.079119
227,2347.907490
228,2339.829518
229,2267.632757
230,2235.726320
231,2262.541933
232,2345.126213
233,2257.130933
234,2269.418457
235,2282.238709
236,2244.521187
237,2267.155317
238,2224.677474
239,2271.679202
240,2325.360718
241,2293.491442
242,2227.814020
243,2135.584835
244,2104.798370
245,2013.141343
246,1953.768003
247,1950.469043
248,1870.820850
249,1873.670456
250,1839.154293
251,1870.747734
252,1907.879166
253,1872.719947
254,1892.264320
255,1791.351061
256,1827.461299
257,1802.745001
258,1794.480322
259,1888.604684
260,1847.696903
261,1824.821289
262,1859.605940
263,1814.942631
264,1874.756254
265,1919.982352
266,1935.364001
267,1942.826308
268,1916.972708
269,1972.222101
270,1954.279416
271,1936.585048
272,2035.654225
273,2017.587750
274,2046.448028
275,2045.238635
276,2062.917999
277,2055.236800
278,2104.663601
279,2125.919697
280,2189.724765
281,2125.132108
282,2138.746345
283,2128.867899
284,2117.937584
285,2114.120766
286,2057.592188
287,2171.408609
288,2152.030072
289,2099.644045
290,2112.408407
291,2193.169805
292,2250.723847
293,2331.180456
294,2374.717012
295,2365.500939
296,2354.440083
297,2445.670238
298,2491.801431
299,2325.842513
300,2292.187898
301,2265.149363
302,2386.065503
303,2441.141395
304,2357.771569
305,2346.684968
306,2380.867006
307,2430.984564
308,2356.678506
309,2374.002834
310,2481.785088
311,2448.460977
312,2502.806498
313,2512.948271
314,2484.278812
315,2531.655671
316,2607.704734
317,2628.578288
318,2607.243687
319,2588.509712
320,2581.174080
321,2494.261882
322,2470.522451
323,2437.196266
324,2553.703593
325,2557.731423
326,2549.327143
327,2502.277887
328,2492.297635
329,2466.618122
330,2469.635487
331,2465.723137
332,2553.642328
333,2551.700337
334,2683.722070
335,2726.930023
336,2664.549274
337,2707.858899
338,2775.854757
339,2813.597851
340,2821.385755
341,2758.107457
342,2689.749244
343,2653.776015
344,2636.231663
345,2735.982373
346,2705.545490
347,2699.118682
348,2692.073691
349,2698.311352
350,2689.858650
351,2753.427214
352,2695.915551
353,2639.979340
354,2628.021816
355,2646.129322
356,2675.261416
357,2686.649112
358,2683.050212
359,2741.833087
360,2815.251091
361,2827.036042
362,2783.608582
363,2813.130319
364,2854.896502
365,2794.270532
366,2775.723705
367,2765.451932
368,2775.280404
369,2821.688512
370,2812.018081
371,2816.956020
372,2833.345396
373,2818.203409
374,2727.933861
375,2787.170573
376,2757.809867
377,2698.583647
378,2657.099040
379,2699.731914
380,2724.543935
381,2589.810891
382,2590.971402
383,2537.042270
384,2607.860898
385,2600.764198
386,2631.374364
387,2657.602182
388,2693.756940
389,2629.523563
390,2673.462453
391,2675.137834
392,2636.154894
393,2718.532941
394,2694.969166
395,2799.390995
396,2728.986571
397,2695.807811
398,2655.669489
399,2678.433944
400,2711.610876
401,2723.772319
402,2767.881620
403,2751.843094
404,2745.531375
405,2679.171748
406,2611.184731
407,2603.727773
408,2583.737897
409,2647.066456
410,2556.066082
411,2502.877872
412,2477.115023
413,2480.562625
414,2471.201560
415,2505.010651
416,2497.431211
417,2523.520259
418,2551.594840
419,2490.061873
420,2453.123658
421,2510.985493
422,2530.967540
423,2579.609462
424,2618.851509
425,2553.610190
426,2466.379863
427,2449.064634
428,2364.944243
429,2443.337030
430,2464.076558
431,2452.951747
432,2467.058364
433,2422.841664
434,2438.427593
435,2417.596518
436,2423.541030
437,2465.402344
438,2413.772561
439,2394.271377
440,2401.991515
441,2381.041198
442,2347.904922
443,2357.602102
444,2397.886330
445,2400.106418
446,2392.907372
447,2395.419645
448,2384.580185
449,2379.432347
450,2379.814801
451,2396.134121
452,2313.331184
453,2354.951340
454,2356.690153
455,2340.920878
456,2295.214357
457,2351.861100
458,2398.968973
459,2432.038852
460,2403.863782
461,2460.601634
462,2454.570365
463,2468.044953
464,2522.118914
465,2448.071624
466,2455.967460
467,2467.766542
468,2451.607731
469,2450.140742
470,2371.764555
471,2340.078826
472,2355.354815
473,2323.000714
474,2369.443053
475,2321.915813
476,2274.089259
477,2311.671363
478,2263.813079
479,2322.573064
480,2296.331466
481,2285.967073
482,2314.049114
483,2348.502185
484,2379.985942
485,2353.046099
486,2322.488006
487,2277.127283
488,2246.605273
489,2193.512972
490,2314.713297
491,2243.036570
492,2189.516564
493,2233.514062
494,2304.573847
495,2310.599281
496,2288.874993
497,2240.521368
498,2268.411594
499,2248.144259
