0,2841.718648
1,6110.459937
2,7047.935524
3,7742.016445
4,8396.372435
5,9020.064663
6,9664.544456
7,10337.244649
8,10804.880292
9,11262.968835
10,11561.983773
11,11823.918866
12,12130.558356
13,12422.523469
14,12754.926757
15,12949.969299
16,13169.160001
17,13353.779419
18,13605.554198
19,13648.398879
20,13855.758072
21,13949.463549
22,14055.698069
23,14199.974957
24,14334.631631
25,14358.566718
26,14505.905442
27,14698.125521
28,14905.861514
29,14966.005553
30,15121.202367
31,15199.761621
32,15225.700454
33,15350.687994
34,15326.152593
35,15376.364230
36,15487.087857
37,15577.770977
38,15692.597905
39,15732.099781
40,15845.747929
41,15920.568672
42,15939.086926
43,16010.751692
44,16006.848393
45,16092.387371
46,16202.455487
47,16401.220863
48,16433.039770
49,16495.515344
50,16498.327227
51,16483.147047
52,16534.591600
53,16638.734851
54,16610.287111
55,16681.843118
56,16693.677413
57,16737.462176
58,16779.041459
59,16719.905761
60,16779.496759
61,16804.882890
62,16888.600829
63,16946.809501
64,16998.636655
65,17031.077512
66,17021.306708
67,17092.469838
68,17164.211848
69,17112.557552
70,17275.326860
71,17287.424836
72,17276.232219
73,17396.877748
74,17326.138313
75,17337.667258
76,17403.132155
77,17428.227478
78,17367.337930
79,17414.363894
80,17353.114404
81,17377.246236
82,17558.157218
83,17494.790399
84,17536.941097
85,17446.049529
86,17587.314538
87,17496.127342
88,17568.610768
89,17691.117983
90,17671.795021
91,17665.190212
92,17673.899086
93,17749.497553
94,17698.187590
95,17642.802066
96,17625.099971
97,17791.380419
98,17756.684434
99,17795.129008
100,17763.486270
101,17776.551590
102,17772.248813
103,17813.821730
104,17830.653190
105,17843.997219
106,17949.729651
107,17968.703162
108,17917.890167
109,17886.858671
110,18002.421822
111,18095.083745
112,18064.526043
113,17991.677675
114,18072.426715
115,18081.600717
116,18344.251975
117,18534.209006
118,18662.920678
119,18668.827808
120,18699.219412
121,18667.211152
122,18730.024093
123,18797.449046
124,18693.608709
125,18790.168509
126,18721.944148
127,18745.914939
128,18780.620688
129,18849.504243
130,18791.690950
131,18766.400848
132,18786.780401
133,18776.067763
134,18799.517450
135,18847.452425
136,18712.607757
137,18740.346379
138,18740.071391
139,18777.214335
140,18831.623725
141,18841.552644
142,18755.024238
143,18761.906406
144,18751.718135
145,18725.133419
146,18700.028632
147,18759.037148
148,18829.266365
149,18881.873626
150,18884.411961
151,18739.916146
152,18799.146910
153,18699.834604
154,18800.993020
155,18772.121643
156,18765.216484
157,18690.247688
158,18730.980124
159,18782.636744
160,18813.068715
161,18754.107759
162,18726.246337
163,18732.176573
164,18761.838285
165,18763.116948
166,18708.750727
167,18764.974040
168,18825.413823
169,18896.526412
170,18826.627511
171,18918.185064
172,19062.620966
173,19074.448057
174,19262.200768
175,19402.144063
176,19416.698340
177,19454.216260
178,19455.435740
179,19451.559932
180,19377.369723
181,19467.064328
182,19493.402956
183,19537.823808
184,19384.049303
185,19353.664004
186,19430.346421
187,19462.960798
188,19429.871476
189,19487.693728
190,19550.605681
191,19410.381575
192,19480.746251
193,19431.833411
194,19442.772730
195,19509.999829
196,19502.283373
197,19365.805475
198,19418.875795
199,19505.946127
200,19371.643649
201,19503.325770
202,19361.339324
203,19475.099614
204,19379.677455
205,19534.104147
206,19543.746773
207,19544.740078
208,19444.677509
209,19501.509016
210,19380.466287
211,19517.988225
212,19312.650721
213,19382.120902
214,19383.392731
215,19559.336467
216,19590.544035
217,19580.327970
218,19376.461118
219,19528.900979
220,19540.486973
221,19488.838213
222,19478.853132
223,19562.528252
224,19581.288680
225,19614.027518
226,19671.511817
227,19697.359822
228,19794.856244
229,19807.021816
230,19771.532993
231,19817.634375
232,19892.687524
233,19776.038831
234,19884.828861
235,19859.118818
236,19821.258819
237,19960.974840
238,19913.474292
239,19862.097606
240,19853.803202
241,19913.917781
242,19861.566565
243,19805.852146
244,19865.720039
245,19831.323702
246,19793.837212
247,19897.895796
248,19927.295125
249,19896.897310
250,19819.494593
251,19889.192513
252,19910.500915
253,19905.219833
254,19902.924883
255,19847.130410
256,19807.432247
257,19882.328375
258,19753.013107
259,19801.959372
260,19761.724132
261,19887.085717
262,19768.464381
263,19850.894368
264,19841.601143
265,19788.313266
266,19939.456903
267,19862.284367
268,19842.438440
269,19854.554868
270,19748.943702
271,19745.978699
272,19765.307008
273,19884.828042
274,19790.278448
275,19773.153118
276,19782.584653
277,19811.993223
278,19837.632545
279,19823.754714
280,19928.568924
281,19933.635370
282,19850.773157
283,19876.257000
284,19923.208661
285,19704.492277
286,19726.353926
287,19872.049188
288,19822.513195
289,19786.620067
290,19809.268673
291,19759.432851
292,19856.167429
293,19799.875042
294,19807.882062
295,19957.758603
296,19922.693375
297,19849.342335
298,19946.538680
299,19873.212513
300,19951.057089
301,19706.947194
302,19775.338675
303,19850.900278
304,19915.204913
305,19854.630852
306,19807.966284
307,19732.737863
308,19893.176938
309,19822.669943
310,19847.742184
311,19818.769811
312,19838.112229
313,19841.028927
314,19880.129133
315,19929.445735
316,19862.262510
317,19891.064598
318,19849.219686
319,19941.180625
320,19885.469161
321,19902.748851
322,19809.200749
323,19839.894641
324,19994.890223
325,19873.297813
326,19864.175195
327,19961.840104
328,19896.683901
329,19876.702840
330,19916.656035
331,19977.414694
332,19729.879497
333,19904.660758
334,19908.286864
335,19783.596703
336,19912.555898
337,19882.833987
338,19862.972979
339,19878.131279
340,19931.423504
341,19857.239350
342,19817.695680
343,19811.010269
344,19774.906513
345,19771.066335
346,19939.157319
347,19907.104395
348,19905.959924
349,19947.752612
350,19928.638307
351,19828.315263
352,19882.469878
353,19916.377782
354,19806.383317
355,19936.613829
356,19942.281442
357,19792.234597
358,19891.180531
359,19877.337068
360,19743.548448
361,19921.182068
362,19845.995193
363,19930.803125
364,19855.749618
365,19824.525630
366,19881.572539
367,19911.174705
368,19989.566216
369,19925.405234
370,19984.622346
371,19850.692141
372,19891.727751
373,19900.434498
374,19953.039518
375,19886.380642
376,19829.621259
377,19888.263741
378,19890.837054
379,19822.814426
380,19858.981682
381,19944.513663
382,19869.621804
383,19817.477130
384,19840.602812
385,19874.297363
386,19843.032586
387,19855.220474
388,19919.413274
389,19815.043960
390,19810.658330
391,19806.488808
392,19756.375162
393,19820.210766
394,19778.551321
395,19780.441484
396,19923.399955
397,19939.304881
398,19885.627066
399,19927.361073
400,19874.671607
401,19860.128123
402,19921.368163
403,19850.067879
404,19857.334241
405,19816.210768
406,19792.178713
407,19769.720689
408,19871.433208
409,19819.852539
410,19749.951382
411,19821.024392
412,19824.614804
413,19981.181163
414,19917.502581
415,19917.768953
416,19927.549214
417,20041.656677
418,19930.647567
419,20010.532979
420,20030.387269
421,20139.284880
422,20208.183944
423,20110.929501
424,20074.695474
425,20157.486889
426,20068.923633
427,20066.909761
428,20069.058294
429,20147.907576
430,20025.156499
431,20025.273364
432,20052.033019
433,20023.738649
434,20076.654294
435,19928.067087
436,20105.716327
437,20050.271139
438,20038.831516
439,20087.265203
440,19982.408148
441,20123.144127
442,20094.489436
443,20031.001334
444,20240.563622
445,20096.788732
446,20136.249548
447,20081.078997
448,20071.817241
449,20073.494951
450,20083.672007
451,20086.420091
452,20137.176546
453,20186.796974
454,20103.958005
455,20041.260949
456,20133.912253
457,20217.347737
458,20346.109830
459,20281.238763
460,20325.056285
461,20342.569467
462,20274.546925
463,20384.918164
464,20387.736739
465,20261.570542
466,20195.978270
467,20409.454239
468,20390.419365
469,20196.961132
470,20246.210898
471,20320.505283
472,20362.142155
473,20332.519021
474,20425.093215
475,20413.206888
476,20375.101489
477,20326.820180
478,20259.263456
479,20378.279209
480,20271.267527
481,20335.088759
482,20355.837092
483,20422.703071
484,20366.446713
485,20405.615063
486,20375.774506
487,20425.616507
488,20208.607653
489,20362.448524
490,20448.760834
491,20406.444317
492,20348.085812
493,20333.325962
494,20419.192073
495,20431.971612
496,20325.360756
497,20265.692940
498,20335.514117
499,20325.639029
