0,2793.926902
1,2787.808432
2,2776.988409
3,2831.316996
4,2881.773307
5,2864.629976
6,2841.854954
7,2761.697523
8,2769.099498
9,2820.886638
10,2771.353223
11,2710.980178
12,2702.060515
13,2668.527466
14,2679.828407
15,2706.332694
16,2741.267854
17,2696.256007
18,2719.337784
19,2687.244653
20,2648.659581
21,2519.230768
22,2587.122595
23,2670.372816
24,2694.673959
25,2710.760332
26,2689.859787
27,2740.672676
28,2692.458359
29,2683.297349
30,2692.756449
31,2691.939627
32,2656.368886
33,2630.271638
34,2632.493766
35,2569.260863
36,2499.354572
37,2392.504212
38,2369.705904
39,2377.107840
40,2389.529951
41,2437.826281
42,2432.729191
43,2444.888075
44,2444.786398
45,2427.306700
46,2437.728897
47,2459.110878
48,2460.410468
49,2519.770935
50,2528.488291
51,2539.772185
52,2533.260759
53,2565.486398
54,2663.661801
55,2754.607314
56,2722.002105
57,2756.281867
58,2768.784109
59,2771.212104
60,2803.534563
61,2817.771600
62,2826.673121
63,2785.684823
64,2797.692127
65,2737.336112
66,2737.937233
67,2773.094513
68,2783.335854
69,2721.885908
70,2767.383049
71,2841.411040
72,2839.335225
73,2896.710713
74,2912.168424
75,2873.472977
76,2858.308557
77,2905.360612
78,2898.891625
79,2906.721722
80,2845.157011
81,2867.773688
82,2838.441809
83,2834.778729
84,2822.279782
85,2829.342788
86,2851.904414
87,2884.178228
88,2886.627041
89,2867.739610
90,2872.232264
91,2929.028462
92,3009.826176
93,2908.887442
94,2901.352201
95,2992.980759
96,2978.960678
97,2942.018973
98,2921.640490
99,2937.156242
100,2947.095108
101,2981.964841
102,2957.018984
103,2854.857710
104,2764.419385
105,2775.672055
106,2737.374170
107,2720.470061
108,2758.789356
109,2831.090452
110,2858.678243
111,2838.740681
112,2826.845518
113,2819.497471
114,2846.812321
115,2949.749358
116,2917.458953
117,2959.466830
118,3067.782809
119,2997.970630
120,2957.861839
121,2965.578813
122,3025.280541
123,3017.746918
124,2973.098940
125,2981.163498
126,2878.689004
127,2887.388063
128,2852.615656
129,2826.825041
130,2801.775411
131,2838.648145
132,2849.491610
133,2923.137819
134,2904.923056
135,2950.319247
136,2874.327134
137,2874.201331
138,2821.731231
139,2785.338692
140,2849.243525
141,2908.993826
142,2852.469600
143,2856.697495
144,2821.992491
145,2885.426153
146,2838.247052
147,2934.501299
148,2812.555863
149,2819.247919
150,2824.374955
151,2856.773105
152,2844.679187
153,2845.579101
154,2849.774541
155,2812.026772
156,2822.315098
157,2775.864175
158,2809.407075
159,2781.589332
160,2790.938501
161,2759.830935
162,2797.308009
163,2867.084371
164,2923.993732
165,2849.925741
166,2928.688782
167,2893.936621
168,3049.009327
169,3104.333342
170,3154.447602
171,3082.618180
172,3102.087673
173,3294.832805
174,3317.703611
175,3323.830397
176,3297.854367
177,3313.406635
178,3311.061840
179,3268.845166
180,3174.110089
181,3066.318373
182,3033.573252
183,3070.420243
184,3070.185357
185,3025.406597
186,3076.940288
187,3154.884761
188,3144.220394
189,3127.307256
190,3291.819286
191,3286.970234
192,3175.882904
193,3145.604886
194,3040.739239
195,2974.216934
196,3088.094252
197,3147.653625
198,3288.726734
199,3293.238025
200,3263.642381
201,3213.294303
202,3189.395142
203,3097.201076
204,3070.984960
205,3151.849142
206,3109.691217
207,3058.876580
208,3073.733126
209,2983.798825
210,3027.513248
211,3110.988715
212,3215.053647
213,3207.581526
214,3194.072177
215,3161.289116
216,3193.154431
217,3164.476923
218,3047.587289
219,3156.585620
220,3165.009219
221,3193.087401
222,3107.375612
223,3214.125889
224,3181.845318
225,3285.045163
226,3198.006386
227,3175.990467
228,3166.204669
229,3098.489297
230,3056.586100
231,3057.513606
232,3034.707220
233,3005.205945
234,3018.370464
235,3020.536723
236,3101.496454
237,3094.568170
238,3203.303259
239,3270.184638
240,3266.123216
241,3186.222485
242,3133.160889
243,3032.673220
244,3026.784083
245,3146.042550
246,3222.276356
247,3219.439968
248,3219.705281
249,3214.107864
250,3293.573870
251,3299.759985
252,3316.990199
253,3142.389260
254,3163.889037
255,3041.968641
256,3080.119755
257,3124.897136
258,3177.708814
259,3136.269070
260,3139.273903
261,3167.692113
262,3109.254225
263,3155.805586
264,3140.323264
265,3176.096518
266,3165.819056
267,3137.867245
268,3214.763638
269,3227.039390
270,3182.119347
271,3245.807952
272,3309.945099
273,3322.063419
274,3430.473102
275,3463.555194
276,3517.054307
277,3457.590112
278,3343.797220
279,3364.425182
280,3305.202398
281,3334.025362
282,3244.850162
283,3199.731473
284,3262.029868
285,3215.059520
286,3174.598077
287,3249.285320
288,3304.621616
289,3300.937676
290,3380.040108
291,3429.545003
292,3426.375739
293,3417.551216
294,3433.739012
295,3361.331408
296,3374.873832
297,3384.468956
298,3386.103892
299,3369.503641
300,3439.165190
301,3255.013507
302,3252.419744
303,3292.008134
304,3174.386535
305,3271.138096
306,3305.924316
307,3269.332421
308,3225.135869
309,3239.096939
310,3243.367136
311,3327.575565
312,3204.457386
313,3306.248894
314,3251.592797
315,3257.834832
316,3207.873923
317,3205.596953
318,3208.907886
319,3226.565449
320,3262.502967
321,3306.445184
322,3403.956226
323,3416.000615
324,3371.177156
325,3257.092402
326,3284.717472
327,3299.080993
328,3349.952015
329,3269.634313
330,3235.120465
331,3239.826791
332,3163.666163
333,3206.220263
334,3149.911023
335,3168.383991
336,3238.730761
337,3337.551946
338,3341.468814
339,3270.147106
340,3281.452993
341,3298.269504
342,3231.335660
343,3318.619358
344,3362.728620
345,3261.871448
346,3198.738579
347,3142.732796
348,3193.611176
349,3031.302832
350,3046.816606
351,3129.250288
352,3050.762010
353,3043.751516
354,3072.948169
355,3093.911047
356,3130.357510
357,3154.384575
358,3156.272938
359,3149.675694
360,3226.592948
361,3284.677051
362,3268.554011
363,3173.020345
364,3191.326048
365,3260.042301
366,3301.460779
367,3321.847013
368,3295.004514
369,3302.691849
370,3333.693575
371,3371.190441
372,3383.597752
373,3492.206407
374,3546.716450
375,3509.672171
376,3455.519822
377,3478.185505
378,3436.609003
379,3367.741228
380,3280.068156
381,3283.368682
382,3133.954631
383,3179.734893
384,3335.571176
385,3227.246624
386,3265.245816
387,3245.688043
388,3212.066337
389,3177.719940
390,3244.748948
391,3212.574306
392,3154.169535
393,3147.053111
394,3112.247847
395,3109.050338
396,3147.788579
397,3117.850183
398,3023.118618
399,3131.385658
400,3030.497490
401,3075.780302
402,3091.802636
403,3088.254610
404,3148.281760
405,3200.561457
406,3171.137075
407,3237.752981
408,3189.661114
409,3134.639779
410,3112.617904
411,3119.782087
412,3043.392177
413,3113.572517
414,3148.297011
415,3193.021658
416,3161.058009
417,3177.100920
418,3203.264190
419,3168.965289
420,3111.545628
421,3157.345439
422,3226.779376
423,3257.255518
424,3235.551153
425,3258.278395
426,3254.977264
427,3250.570237
428,3146.179860
429,3215.534386
430,3197.208917
431,3158.833462
432,3153.114043
433,3133.047115
434,3186.782959
435,3219.639608
436,3201.233692
437,3225.745727
438,3307.886938
439,3215.553064
440,3118.145125
441,2993.209975
442,2993.873722
443,3050.860732
444,3058.885550
445,3061.967747
446,3134.452150
447,3124.770193
448,3167.620905
449,3205.442019
450,3175.746967
451,3156.868074
452,3203.575451
453,3179.025588
454,3201.618948
455,3210.121083
456,3117.598311
457,3085.559081
458,3120.410135
459,3164.280602
460,3253.561204
461,3294.533131
462,3365.553671
463,3411.724183
464,3385.893965
465,3444.043455
466,3424.995917
467,3440.065183
468,3376.727530
469,3389.970301
470,3533.822246
471,3602.073276
472,3584.558351
473,3515.291003
474,3535.448143
475,3562.617881
476,3576.882467
477,3559.487711
478,3641.120293
479,3615.372126
480,3505.864773
481,3474.764979
482,3422.450333
483,3440.017047
484,3447.915170
485,3317.936057
486,3323.020238
487,3450.060434
488,3371.110793
489,3422.570227
490,3473.308556
491,3461.811172
492,3434.787152
493,3374.573197
494,3398.429792
495,3417.773135
496,3386.429983
497,3429.781585
498,3464.659330
499,3487.468877
