0,2751.547507
1,2855.393958
2,2900.628691
3,2965.362242
4,3111.498413
5,3212.229263
6,3263.601342
7,3309.213095
8,3369.604610
9,3453.246795
10,3464.028852
11,3510.474162
12,3593.513038
13,3650.259520
14,3674.773721
15,3714.969090
16,3758.343376
17,3805.778583
18,3811.236207
19,3825.435817
20,3867.496942
21,3863.577009
22,3909.836102
23,3965.841945
24,3979.794515
25,4016.388235
26,3986.448617
27,4036.158846
28,4002.980223
29,4016.083508
30,4132.506809
31,4244.238742
32,4298.398501
33,4376.378299
34,4431.317598
35,4438.048983
36,4443.681493
37,4500.768649
38,4614.777141
39,4631.111479
40,4684.059180
41,4690.864609
42,4653.159599
43,4611.747080
44,4605.024556
45,4622.793914
46,4695.770592
47,4723.688427
48,4787.333919
49,4760.192800
50,4706.037974
51,4656.718245
52,4726.019807
53,4695.924918
54,4798.112455
55,4809.158259
56,4800.346996
57,4730.087817
58,4744.967188
59,4803.313185
60,4832.724151
61,4803.218613
62,4848.028543
63,4949.539603
64,4999.763032
65,5062.188074
66,5040.617477
67,5081.817249
68,5173.019613
69,5192.724783
70,5172.356042
71,5168.845076
72,5158.457749
73,5102.457110
74,5169.830821
75,5244.554270
76,5246.418022
77,5186.605964
78,5190.151646
79,5214.373171
80,5267.364447
81,5145.622287
82,5238.508307
83,5265.476868
84,5252.959789
85,5312.531949
86,5261.658493
87,5377.114875
88,5347.831386
89,5346.744387
90,5326.820378
91,5336.778265
92,5371.015570
93,5406.668126
94,5380.918077
95,5415.995730
96,5416.574059
97,5317.586544
98,5317.086220
99,5348.549397
100,5378.702059
101,5425.048900
102,5453.556486
103,5518.447132
104,5452.162977
105,5449.196949
106,5546.853018
107,5526.416469
108,5442.658300
109,5361.038280
110,5309.440072
111,5340.108060
112,5356.935443
113,5381.199736
114,5430.661932
115,5461.524571
116,5486.964198
117,5507.601436
118,5453.589327
119,5387.978514
120,5419.012946
121,5489.808608
122,5500.312949
123,5511.566887
124,5508.739247
125,5532.600731
126,5594.748116
127,5598.548319
128,5650.232838
129,5655.418140
130,5620.145135
131,5625.223284
132,5665.183817
133,5624.479619
134,5572.298313
135,5548.984419
136,5511.335926
137,5505.128060
138,5587.985773
139,5565.147884
140,5619.021220
141,5650.100988
142,5610.736971
143,5725.944987
144,5649.517454
145,5636.868289
146,5664.981806
147,5653.350391
148,5646.020212
149,5673.568965
150,5661.386799
151,5709.556657
152,5724.579514
153,5746.150608
154,5779.854974
155,5767.760170
156,5814.872288
157,5821.813532
158,5824.192017
159,5786.480241
160,5732.622437
161,5752.054772
162,5745.155058
163,5763.461117
164,5724.435309
165,5750.075606
166,5743.331539
167,5773.970214
168,5814.986452
169,5844.705651
170,5820.804332
171,5800.667342
172,5830.234122
173,5839.617070
174,5876.522967
175,5882.209441
176,5924.013792
177,5863.780730
178,5828.218679
179,5859.403923
180,5912.826443
181,5912.943081
182,5856.346023
183,5871.185437
184,5851.459678
185,5857.187362
186,5835.225499
187,5731.188489
188,5744.727952
189,5760.823082
190,5668.706875
191,5673.878444
192,5721.859010
193,5757.554919
194,5742.292882
195,5705.735346
196,5717.128970
197,5781.093641
198,5733.403821
199,5774.911488
200,5838.821312
201,5914.169638
202,5812.017442
203,5769.226385
204,5837.388772
205,5745.665728
206,5713.598804
207,5735.029161
208,5759.686151
209,5772.915079
210,5768.401429
211,5753.088774
212,5755.431250
213,5722.343439
214,5691.465124
215,5647.470283
216,5680.048297
217,5627.010272
218,5595.492016
219,5657.716239
220,5595.889655
221,5641.130636
222,5684.460156
223,5696.524963
224,5628.548508
225,5669.105182
226,5691.290967
227,5613.557028
228,5659.993247
229,5644.678401
230,5592.973787
231,5539.304641
232,5560.909886
233,5608.325849
234,5562.919310
235,5560.443948
236,5548.449084
237,5449.157610
238,5513.811136
239,5528.193250
240,5576.695393
241,5538.840384
242,5544.865707
243,5611.721743
244,5628.328970
245,5567.353252
246,5568.340317
247,5564.454886
248,5598.803756
249,5605.576894
250,5590.430925
251,5564.178974
252,5528.160896
253,5543.582073
254,5516.244413
255,5607.798240
256,5619.218122
257,5655.377107
258,5663.667775
259,5629.955871
260,5677.815623
261,5643.243200
262,5590.563306
263,5637.563878
264,5647.217607
265,5643.868594
266,5643.083374
267,5701.084382
268,5646.750197
269,5679.829093
270,5635.090758
271,5657.661419
272,5637.878747
273,5596.290053
274,5559.764639
275,5501.370681
276,5479.471447
277,5489.557563
278,5517.853686
279,5536.546257
280,5572.300564
281,5596.574221
282,5609.601487
283,5575.287960
284,5558.720650
285,5637.614382
286,5661.069982
287,5712.912830
288,5659.101093
289,5683.713832
290,5659.861029
291,5650.670601
292,5671.092803
293,5722.968904
294,5696.718602
295,5715.364626
296,5623.388748
297,5646.770822
298,5535.064993
299,5571.481689
300,5574.639298
301,5637.754379
302,5706.361727
303,5727.519767
304,5668.916293
305,5601.702165
306,5563.893829
307,5601.687276
308,5596.419183
309,5575.400490
310,5510.645576
311,5543.859835
312,5493.656984
313,5557.704863
314,5507.700623
315,5539.231768
316,5464.543428
317,5538.897728
318,5504.286193
319,5541.490423
320,5547.465633
321,5478.584491
322,5454.578135
323,5473.163327
324,5481.905915
325,5478.853710
326,5556.271143
327,5563.536350
328,5565.253908
329,5562.649049
330,5580.627164
331,5573.250042
332,5577.943876
333,5687.195670
334,5610.846090
335,5533.367493
336,5543.529957
337,5576.632177
338,5604.955812
339,5546.411650
340,5575.717380
341,5580.190869
342,5628.255907
343,5565.409022
344,5542.415714
345,5575.562045
346,5627.334718
347,5608.987727
348,5546.733219
349,5554.323537
350,5494.973151
351,5495.949384
352,5466.845915
353,5461.394033
354,5470.090267
355,5503.528415
356,5499.405563
357,5496.624086
358,5483.630050
359,5500.342563
360,5540.434134
361,5517.731290
362,5497.264079
363,5512.480533
364,5513.219189
365,5540.124938
366,5564.402550
367,5527.637736
368,5550.544462
369,5658.319465
370,5629.226850
371,5595.770444
372,5561.417308
373,5512.827482
374,5449.707857
375,5435.698250
376,5440.254741
377,5463.578472
378,5439.776580
379,5439.362750
380,5449.470046
381,5492.293534
382,5459.847457
383,5474.934104
384,5491.438429
385,5575.535481
386,5559.479483
387,5631.001291
388,5650.567450
389,5590.526362
390,5580.574892
391,5546.136165
392,5625.805596
393,5613.290519
394,5576.438397
395,5552.515223
396,5554.268578
397,5455.392649
398,5380.610582
399,5414.773896
400,5480.533884
401,5581.676366
402,5547.455827
403,5572.738225
404,5526.229936
405,5556.028278
406,5503.907393
407,5512.311209
408,5480.561835
409,5450.160400
410,5450.686570
411,5370.704867
412,5426.296186
413,5378.251003
414,5426.857625
415,5452.740053
416,5497.264566
417,5561.568224
418,5539.880005
419,5497.577544
420,5463.212046
421,5501.459085
422,5513.352583
423,5518.200612
424,5483.950163
425,5466.913929
426,5481.412561
427,5530.391090
428,5528.697015
429,5549.688601
430,5632.561625
431,5488.411813
432,5565.191636
433,5558.770640
434,5590.028140
435,5626.307521
436,5554.959170
437,5501.697571
438,5532.140246
439,5550.803531
440,5576.347051
441,5646.604908
442,5625.055617
443,5618.698663
444,5685.061262
445,5723.575137
446,5727.827593
447,5596.441955
448,5555.286385
449,5670.304657
450,5634.820288
451,5638.998754
452,5700.154138
453,5772.532612
454,5745.691762
455,5712.075822
456,5646.530050
457,5680.224434
458,5801.398882
459,5747.223814
460,5694.087817
461,5739.127968
462,5694.741388
463,5743.810875
464,5795.444548
465,5851.328629
466,5894.317982
467,5856.082816
468,5826.262062
469,5875.508213
470,5901.519663
471,5872.767996
472,5921.652857
473,5822.320865
474,5794.072379
475,5778.496023
476,5710.512495
477,5642.281672
478,5627.253375
479,5618.809150
480,5622.694085
481,5648.997148
482,5631.938938
483,5586.988192
484,5643.449753
485,5673.990773
486,5670.892318
487,5593.768216
488,5565.359845
489,5518.375514
490,5482.572289
491,5543.110497
492,5592.955929
493,5570.700741
494,5575.375352
495,5604.400904
496,5593.214219
497,5620.746633
498,5581.574806
499,5545.401633
