0,2819.926134
1,2839.926473
2,2782.206550
3,2755.165766
4,2831.763559
5,2894.184675
6,2949.820381
7,2986.945569
8,2954.676220
9,3007.475021
10,3005.037089
11,3032.620804
12,3104.108011
13,3096.642057
14,3131.158822
15,3060.977326
16,2987.678659
17,2944.573223
18,2939.539873
19,2890.087684
20,2877.641869
21,2909.976285
22,2995.788911
23,2907.454514
24,2869.189103
25,2884.501316
26,2963.157706
27,3019.764115
28,2994.684840
29,2992.976925
30,3001.470195
31,3040.546977
32,3033.343601
33,3129.658990
34,3143.974058
35,3148.925919
36,3066.775207
37,3056.628842
38,3105.838172
39,3075.100086
40,3219.210971
41,3207.742884
42,3308.688800
43,3179.268895
44,3134.511415
45,3165.247582
46,3163.713408
47,3103.961011
48,3112.344778
49,3052.099572
50,2995.709209
51,2973.420601
52,2996.893525
53,3056.030993
54,3112.389114
55,3030.681483
56,3032.420582
57,3069.375230
58,3119.481083
59,3018.969382
60,2929.400773
61,2920.137766
62,3004.814152
63,3013.131201
64,3041.824738
65,3002.381784
66,3022.395936
67,3034.607328
68,3024.509497
69,3078.522235
70,2951.083247
71,2939.020284
72,2918.333380
73,2931.153229
74,2865.934468
75,2931.993911
76,2934.093914
77,2853.018139
78,2868.625192
79,2885.120975
80,2897.027155
81,2876.827000
82,2922.347686
83,2908.642926
84,2963.026635
85,3022.355491
86,3135.936172
87,3073.216969
88,3056.692353
89,3134.795345
90,3159.305084
91,3131.735484
92,3137.128682
93,3097.237165
94,3097.744520
95,3152.635531
96,3141.917433
97,3153.799089
98,3248.856240
99,3178.555620
100,3174.525611
101,3179.950421
102,3182.172534
103,3194.328767
104,3165.976703
105,3145.770306
106,3123.847921
107,3123.509186
108,3165.086852
109,3076.008128
110,3093.027906
111,3075.694777
112,3089.817643
113,3151.340827
114,3162.324665
115,3061.879307
116,3067.645807
117,3064.470957
118,3032.479300
119,3056.560185
120,3100.571344
121,3019.814371
122,3039.338466
123,2982.379778
124,2969.004447
125,3031.900785
126,2995.951938
127,3041.302346
128,3031.835445
129,3078.450687
130,3031.628155
131,2996.036421
132,3091.067558
133,3045.837885
134,3002.218083
135,2999.858599
136,3098.000765
137,3220.909862
138,3183.304049
139,3130.909444
140,3122.926935
141,3101.148356
142,3033.097480
143,2996.470385
144,3040.214632
145,3008.136397
146,3007.513318
147,3072.583327
148,2936.897902
149,2850.463119
150,2947.411931
151,3008.713913
152,2924.763541
153,2891.963541
154,2878.659393
155,2949.572942
156,3030.079803
157,3066.450882
158,3067.293577
159,3026.402407
160,3068.158577
161,3127.495031
162,3094.011994
163,2922.718245
164,2897.674274
165,2998.043745
166,2924.764539
167,2991.987532
168,2997.975715
169,2985.523575
170,2959.397224
171,2978.557964
172,3041.088343
173,2992.116525
174,3028.049881
175,3087.160952
176,3119.733813
177,3129.131808
178,3120.182993
179,3097.116916
180,3179.626783
181,3233.250819
182,3272.824268
183,3218.117767
184,3240.768583
185,3235.047519
186,3182.225402
187,3090.705098
188,3145.916617
189,3101.928544
190,3047.080623
191,3021.182802
192,3029.095606
193,3049.701313
194,3069.204981
195,3064.027049
196,3094.073344
197,3040.623027
198,3043.071160
199,3188.748907
200,3131.244633
201,3034.073097
202,3032.494858
203,2982.168137
204,3038.480840
205,3044.063566
206,2990.889564
207,3006.613255
208,2981.089185
209,2902.311660
210,2846.978622
211,2809.077216
212,2838.951448
213,2829.524032
214,2774.032344
215,2849.084712
216,2922.549187
217,3023.355828
218,3093.179064
219,3091.126154
220,3145.549691
221,3033.290850
222,3021.284457
223,3032.544420
224,2981.637765
225,3021.907279
226,3001.082944
227,3022.736238
228,2972.367499
229,2900.316002
230,2983.642436
231,3004.824730
232,3088.053136
233,3024.444445
234,3074.840591
235,3170.435742
236,3106.327329
237,3079.250733
238,2977.803561
239,2988.459450
240,2991.948658
241,2999.940955
242,3043.011129
243,3072.822906
244,3043.938294
245,3136.632283
246,3094.368707
247,2997.878938
248,2949.735117
249,2993.420658
250,2947.579608
251,2950.034846
252,3044.612495
253,3064.902109
254,3152.992895
255,3123.253104
256,3108.856592
257,3104.315088
258,3009.061307
259,2999.595456
260,2960.716176
261,2979.738386
262,3002.443290
263,3006.764898
264,2853.937997
265,2836.985889
266,2995.723076
267,3024.451409
268,2944.843965
269,2980.536371
270,2944.475805
271,2934.423515
272,2955.730281
273,2930.259761
274,3010.522760
275,3073.509498
276,3134.421936
277,3224.023797
278,3155.831040
279,3085.205945
280,3052.557609
281,3066.440950
282,3058.018994
283,3067.650375
284,3124.594292
285,3068.774408
286,3050.134659
287,3023.846324
288,3112.233783
289,3134.704001
290,3086.276229
291,3006.767171
292,2961.078307
293,3012.771148
294,3034.428487
295,3056.083885
296,3114.926851
297,3019.627223
298,2977.693323
299,3062.563915
300,3012.267048
301,3050.335656
302,3090.540246
303,3109.708125
304,2989.070699
305,2950.411419
306,2995.086302
307,3046.657839
308,3061.055243
309,3042.721105
310,3105.491292
311,2994.497965
312,2977.114422
313,2993.306388
314,3090.344683
315,3072.033200
316,3139.408856
317,3178.296690
318,3154.993054
319,3105.025792
320,3097.491932
321,3049.205446
322,3028.719010
323,3019.192038
324,3035.636803
325,2991.642172
326,2953.833513
327,2973.290501
328,2874.295174
329,2906.953866
330,3024.389688
331,3027.076597
332,2996.766371
333,2946.805719
334,2974.920521
335,2952.578738
336,2987.529419
337,2955.572576
338,2996.379244
339,3000.981763
340,2997.078258
341,3033.990617
342,3071.010358
343,3059.810416
344,2978.492111
345,2996.444830
346,3062.734555
347,2984.208636
348,3000.986020
349,2965.188543
350,3001.125488
351,3031.721756
352,2940.604723
353,2930.043723
354,2898.802127
355,2953.407271
356,2867.608542
357,2907.366632
358,2962.184214
359,2919.835441
360,2879.601862
361,2868.775474
362,2867.883111
363,2944.339359
364,3039.938891
365,2980.067314
366,3015.024889
367,3054.641261
368,3059.894115
369,3075.433449
370,3108.997233
371,3035.472181
372,3048.456775
373,3012.178724
374,2931.890604
375,3035.290845
376,3062.507071
377,3041.481165
378,3096.145271
379,3065.341736
380,2939.833195
381,2966.307543
382,2940.222324
383,2900.180100
384,2974.022582
385,2940.966416
386,2952.579505
387,3023.829680
388,3079.407961
389,3086.137492
390,3044.059030
391,3057.723387
392,3028.039968
393,3034.440899
394,3115.842306
395,3142.256323
396,3336.584151
397,3327.689378
398,3138.041113
399,3157.172541
400,3033.360499
401,3021.887163
402,3056.986038
403,2981.678879
404,3011.208225
405,3072.430340
406,3088.768750
407,3063.522810
408,3016.602415
409,3103.615362
410,3050.635105
411,3083.452200
412,3098.400018
413,3085.732395
414,3035.434813
415,3086.126886
416,3073.787395
417,3064.346137
418,3011.315786
419,2972.622517
420,2997.642610
421,2992.586421
422,2967.286403
423,2954.640464
424,3057.493028
425,2984.503558
426,3054.839054
427,3040.207987
428,3075.094277
429,3062.575720
430,3196.369421
431,3142.063192
432,3117.732737
433,3262.378008
434,3187.502862
435,3208.085835
436,3225.858204
437,3184.205383
438,3270.009388
439,3178.575170
440,3205.337530
441,3143.739210
442,3069.408837
443,3084.796123
444,2998.019332
445,2988.061378
446,3043.767972
447,3138.410796
448,3069.338787
449,3133.351658
450,3117.018308
451,3039.001694
452,3089.775478
453,3194.271236
454,3078.775063
455,3117.267866
456,3081.944489
457,3162.115266
458,3052.200160
459,3149.100271
460,3130.706887
461,3150.926831
462,3124.166158
463,3106.584904
464,3035.190662
465,3082.273465
466,2998.718862
467,2967.495143
468,2961.189119
469,3021.204647
470,3021.158935
471,3041.359188
472,2993.613021
473,3018.349060
474,3062.347818
475,3116.845352
476,3058.538370
477,3160.468553
478,3167.494222
479,3164.435976
480,3134.867504
481,3162.774322
482,3139.174026
483,3109.853822
484,3072.663748
485,3064.151614
486,3028.594342
487,2996.184972
488,3046.402193
489,3097.713595
490,3052.988214
491,3049.415683
492,3065.473679
493,3008.338610
494,3081.725903
495,3025.192601
496,3055.621304
497,3145.671373
498,3086.783014
499,3020.723361
