0,2789.316424
1,5564.240839
2,6125.559978
3,6372.445710
4,6587.246958
5,6874.979662
6,7025.449254
7,7119.237530
8,7323.046137
9,7485.304406
10,7561.035610
11,7780.596072
12,7907.034374
13,7808.030336
14,7948.211059
15,8032.493832
16,8001.434268
17,8177.004639
18,8193.835201
19,8270.764010
20,8448.813885
21,8444.233034
22,8495.498747
23,8575.178282
24,8539.892559
25,8813.859925
26,8804.988848
27,8803.445098
28,9107.697968
29,8980.692866
30,9099.984327
31,9067.924331
32,9148.942589
33,9125.049850
34,9225.463784
35,9350.355566
36,9452.280108
37,9541.229168
38,9597.979908
39,9652.485924
40,9788.805056
41,9690.874619
42,9748.240153
43,9804.619936
44,9844.194722
45,9696.684162
46,10068.058050
47,9876.777833
48,9874.119656
49,9919.868037
50,9845.406160
51,9925.510343
52,10078.229550
53,9864.513729
54,10022.438426
55,9964.407041
56,10030.468092
57,10136.997232
58,10207.162680
59,10168.948288
60,10121.350206
61,10269.786947
62,10246.373704
63,10342.520098
64,10519.237315
65,10524.101852
66,10384.377849
67,10359.398284
68,10670.558186
69,10558.841663
70,10522.702306
71,10619.731676
72,10855.958321
73,10621.176205
74,10741.496492
75,10692.397978
76,10711.136309
77,10839.735472
78,10784.470323
79,10667.203913
80,10767.499147
81,11127.506211
82,10968.070063
83,10729.041940
84,11006.779933
85,11058.013271
86,10930.321300
87,10948.546429
88,11064.079226
89,11245.116838
90,10921.736673
91,11156.894279
92,11234.450899
93,11131.762772
94,11115.505115
95,11121.702787
96,11164.889668
97,11344.750909
98,11269.225721
99,11284.301885
100,11218.070514
101,11210.703741
102,11195.084454
103,11185.927982
104,11237.726926
105,11232.398886
106,11326.428741
107,11469.997570
108,11258.518989
109,11376.450283
110,11460.737473
111,11353.486240
112,11376.123098
113,11317.878227
114,11518.305950
115,11352.824483
116,11602.892284
117,11642.540930
118,11459.828055
119,11349.262143
120,11488.034860
121,11340.831057
122,11647.309816
123,11477.731495
124,11391.469096
125,11845.844348
126,11681.338046
127,11686.955685
128,11582.376582
129,11566.443848
130,11875.957303
131,11852.429442
132,11475.734503
133,11794.159444
134,11489.342157
135,11644.845188
136,11562.361222
137,11719.868737
138,11642.306659
139,11613.882080
140,11607.577771
141,11599.728312
142,11616.468218
143,11706.124421
144,11705.071269
145,11830.824641
146,11796.808693
147,11710.343298
148,11623.233942
149,11631.650367
150,11739.845635
151,11834.276022
152,11805.245005
153,12013.389186
154,11616.092107
155,11795.090104
156,11748.153330
157,11888.861639
158,11882.893470
159,11998.665269
160,12033.576773
161,11919.260365
162,11776.687491
163,11784.687418
164,11869.471356
165,11854.146013
166,12013.590414
167,12005.399928
168,11808.362487
169,11804.975234
170,11663.810289
171,11511.911124
172,11680.205458
173,11916.813534
174,12009.928900
175,11905.951414
176,11747.214084
177,11693.831612
178,11941.687777
179,11931.591335
180,11842.240492
181,11890.278999
182,11900.744111
183,11839.970175
184,11861.342955
185,11894.527235
186,12021.825594
187,11948.297832
188,11902.548856
189,11991.362713
190,11989.978312
191,11832.311987
192,11996.027733
193,11976.156296
194,12008.942166
195,12248.875831
196,11955.017169
197,11677.204595
198,12101.595131
199,12281.444536
200,11930.065121
201,11899.581067
202,12126.202748
203,12131.258992
204,11959.157499
205,12130.630719
206,12046.418150
207,12000.869578
208,12223.195925
209,12151.110520
210,12104.515587
211,12440.382944
212,12390.585853
213,12229.492625
214,12230.226359
215,12104.908184
216,12082.647217
217,12057.934655
218,12177.606942
219,12008.361507
220,12167.721093
221,12141.103857
222,12107.387954
223,12176.864312
224,12370.324488
225,12291.285968
226,12215.239680
227,12249.682812
228,12440.444771
229,12175.614286
230,12113.111668
231,12060.128480
232,12362.329871
233,12136.218559
234,11982.073224
235,12159.575906
236,12214.537615
237,12380.772309
238,12276.413014
239,12314.553222
240,12539.850230
241,12245.488870
242,12145.222565
243,12245.555459
244,12356.339781
245,12273.523486
246,12387.627406
247,12090.022957
248,12128.537448
249,12212.327218
250,12451.316517
251,12316.420928
252,12281.506257
253,12301.410822
254,12512.115023
255,12233.382541
256,12370.882157
257,12240.091870
258,12314.256098
259,12222.394732
260,11977.496138
261,12135.819865
262,12027.593396
263,12513.599577
264,12421.501789
265,12512.461680
266,12106.528916
267,12220.781541
268,12400.366210
269,12509.159389
270,12475.097412
271,12539.194561
272,12345.037747
273,12444.153181
274,12378.708948
275,12404.335596
276,12450.526831
277,12390.765519
278,12375.993112
279,12357.293713
280,12342.720489
281,12364.187756
282,12470.189107
283,12575.674509
284,12625.118544
285,12448.271024
286,12328.887092
287,12412.830582
288,12548.744748
289,12491.099321
290,12383.467517
291,12270.809863
292,12377.177083
293,12334.664903
294,12624.090150
295,12476.512150
296,12378.467709
297,12433.553837
298,12580.491484
299,12525.933140
300,12514.421858
301,12284.660205
302,12610.381046
303,12324.572642
304,12421.087136
305,12311.898898
306,12535.144150
307,12530.372760
308,12525.759074
309,12351.994759
310,12639.925193
311,12665.605341
312,12444.744530
313,12676.661133
314,12548.511246
315,12779.642589
316,12802.583100
317,12786.069942
318,12709.037694
319,12860.145802
320,12467.503757
321,12329.853546
322,12783.817781
323,12630.502545
324,12667.597235
325,12463.862979
326,12594.953571
327,12568.360966
328,12649.602256
329,12460.870920
330,12672.886310
331,12355.997937
332,12463.347691
333,12686.230207
334,12521.407294
335,12670.325575
336,12787.384833
337,12914.513512
338,12803.765857
339,12799.213750
340,12814.311190
341,12480.677421
342,12666.577629
343,12569.454342
344,12604.765285
345,12683.908766
346,12832.964760
347,12668.445381
348,12729.024804
349,12939.081007
350,13025.970819
351,12887.486109
352,12909.083295
353,12609.521902
354,12555.159432
355,12546.893410
356,12582.496112
357,12871.606693
358,12892.493792
359,12808.038026
360,12940.391461
361,12897.236652
362,12905.255660
363,12938.739244
364,13046.030504
365,12709.338203
366,12877.435231
367,12911.290021
368,12744.123301
369,12948.898720
370,13086.235789
371,12729.428474
372,12723.670302
373,12798.051598
374,12747.255727
375,12479.992675
376,12748.309763
377,12896.870765
378,12847.415668
379,12833.373117
380,12964.565441
381,12887.095971
382,12921.882510
383,13083.403898
384,13029.276469
385,12851.695144
386,12937.647442
387,12905.143635
388,12972.623186
389,12800.670573
390,12729.057066
391,12779.035963
392,13032.919927
393,12955.297016
394,13180.413679
395,13115.338766
396,12830.547023
397,12881.988037
398,13131.198809
399,12772.366317
400,12974.054110
401,13142.500832
402,12785.867129
403,12957.808098
404,12937.030472
405,12950.609369
406,12928.070490
407,12927.495411
408,13081.786142
409,12886.163058
410,12763.268222
411,12792.182735
412,13150.952434
413,13106.585848
414,12687.845591
415,12868.371564
416,12936.904635
417,13251.174208
418,13213.443025
419,13186.221549
420,13109.052205
421,13035.466749
422,13089.050447
423,13006.542749
424,12856.241395
425,13130.282017
426,12973.902548
427,12958.025127
428,13124.465118
429,13184.225307
430,13074.142027
431,13273.818130
432,13186.164784
433,13349.999549
434,13126.547479
435,13371.401296
436,13122.505472
437,12960.341719
438,13047.334428
439,13322.008305
440,13147.083114
441,13322.455527
442,13174.967501
443,13243.409929
444,13340.695777
445,13075.882739
446,13218.201092
447,13289.948567
448,13028.453698
449,13145.663174
450,13135.847690
451,13341.294209
452,13808.683304
453,13280.898576
454,13191.205748
455,13082.133626
456,13095.370786
457,13201.940177
458,13385.325432
459,12860.619287
460,13195.001152
461,13149.287606
462,13107.353646
463,13355.293722
464,13053.629665
465,13178.315611
466,13318.766900
467,13282.649081
468,13003.533257
469,13304.759264
470,13344.346476
471,13338.237756
472,13361.387615
473,13096.052320
474,13301.007146
475,13271.547153
476,13028.148442
477,12999.973925
478,13169.678296
479,13105.967066
480,13037.199542
481,13242.164488
482,13220.313934
483,13385.340422
484,13333.649484
485,13394.966681
486,13100.928642
487,13366.577037
488,13133.201403
489,13509.499504
490,13256.300996
491,13566.889051
492,13551.725244
493,13439.457997
494,13471.682384
495,12989.743661
496,13082.265484
497,13236.195088
498,13335.796015
499,13382.971189
