0,2755.276762
1,2910.991930
2,2971.903961
3,3173.811264
4,3239.377185
5,3286.130591
6,3330.584236
7,3328.749519
8,3374.837137
9,3318.881693
10,3340.289307
11,3425.920365
12,3423.382162
13,3409.288169
14,3535.342193
15,3565.829515
16,3604.955714
17,3541.998361
18,3601.217476
19,3661.880962
20,3633.914586
21,3646.171310
22,3574.076011
23,3579.282189
24,3560.330216
25,3474.598108
26,3478.028704
27,3426.726075
28,3497.068028
29,3478.001382
30,3453.671117
31,3565.007442
32,3497.892618
33,3555.587511
34,3569.567816
35,3546.268293
36,3461.063380
37,3444.921390
38,3446.638705
39,3522.669763
40,3499.653106
41,3515.966045
42,3520.213611
43,3569.480748
44,3621.146371
45,3592.024375
46,3570.946001
47,3579.568085
48,3631.654223
49,3642.059085
50,3665.419711
51,3656.583204
52,3595.121728
53,3562.412149
54,3534.944692
55,3466.754185
56,3650.977302
57,3649.894358
58,3574.745297
59,3590.536363
60,3574.736672
61,3493.188766
62,3506.715406
63,3518.063105
64,3590.688894
65,3636.050005
66,3633.259803
67,3599.853296
68,3625.574446
69,3623.407697
70,3635.284968
71,3613.962874
72,3605.412306
73,3540.385744
74,3508.431408
75,3476.798322
76,3441.695578
77,3469.274627
78,3496.183338
79,3474.917591
80,3531.433811
81,3609.130697
82,3613.915627
83,3599.164870
84,3632.320388
85,3580.273619
86,3638.581932
87,3663.079741
88,3655.837884
89,3628.622408
90,3672.844575
91,3714.220781
92,3693.710354
93,3692.795792
94,3747.544404
95,3737.935615
96,3696.131517
97,3612.787976
98,3703.907270
99,3667.675156
100,3707.163753
101,3652.815322
102,3663.197043
103,3647.901484
104,3653.111894
105,3610.354898
106,3605.349501
107,3645.670945
108,3662.957829
109,3701.991487
110,3744.998361
111,3754.928043
112,3791.247212
113,3771.195530
114,3777.405466
115,3718.235308
116,3745.812712
117,3778.900895
118,3781.180008
119,3739.760412
120,3740.745992
121,3659.066127
122,3691.530632
123,3516.772911
124,3597.814259
125,3626.348239
126,3615.831338
127,3493.623754
128,3522.452795
129,3477.789485
130,3448.248336
131,3497.447378
132,3531.726618
133,3561.525908
134,3590.018228
135,3614.047143
136,3606.855850
137,3627.846977
138,3586.381059
139,3645.031625
140,3715.161563
141,3665.776098
142,3661.546546
143,3697.620038
144,3730.600360
145,3737.459927
146,3744.362863
147,3625.276264
148,3663.285408
149,3602.214516
150,3663.147529
151,3743.130728
152,3770.125242
153,3669.566359
154,3654.398123
155,3632.034173
156,3670.350099
157,3663.286525
158,3616.463947
159,3616.087527
160,3609.938508
161,3621.345623
162,3574.343944
163,3529.304750
164,3474.755750
165,3576.753132
166,3553.175187
167,3580.130333
168,3683.501430
169,3716.259606
170,3718.306954
171,3659.442449
172,3672.796757
173,3697.857297
174,3706.152867
175,3692.811959
176,3670.400991
177,3677.474973
178,3615.106619
179,3579.678098
180,3576.212504
181,3592.133026
182,3598.009338
183,3591.110198
184,3512.641055
185,3532.707129
186,3539.881299
187,3635.239333
188,3611.057495
189,3601.130628
190,3588.313090
191,3605.408110
192,3599.445262
193,3579.228100
194,3616.454989
195,3605.367201
196,3595.354815
197,3561.264118
198,3536.972484
199,3587.105393
200,3544.884367
201,3555.586604
202,3522.816860
203,3591.216853
204,3610.532547
205,3640.901648
206,3512.935059
207,3629.374684
208,3554.216777
209,3457.421735
210,3461.717536
211,3483.194585
212,3460.507772
213,3458.730483
214,3584.391520
215,3579.567971
216,3554.135222
217,3573.412252
218,3658.145270
219,3677.893810
220,3671.300427
221,3690.902687
222,3597.138308
223,3618.853382
224,3588.343921
225,3615.543257
226,3689.488855
227,3669.917394
228,3692.865267
229,3647.299111
230,3604.336791
231,3669.443963
232,3627.951813
233,3713.203226
234,3697.042108
235,3693.722582
236,3730.252875
237,3676.821496
238,3743.588925
239,3647.220839
240,3596.999997
241,3605.729748
242,3543.170295
243,3655.926410
244,3684.482651
245,3668.931358
246,3641.726656
247,3641.705454
248,3626.633808
249,3599.258128
250,3616.584346
251,3610.717250
252,3655.372468
253,3666.658211
254,3692.814958
255,3642.208093
256,3643.701186
257,3681.911970
258,3623.733552
259,3682.444890
260,3682.268272
261,3623.197067
262,3717.635846
263,3789.882616
264,3681.873334
265,3662.048910
266,3719.299978
267,3733.056077
268,3752.219533
269,3630.294284
270,3685.649658
271,3701.267019
272,3660.217706
273,3679.746090
274,3644.823748
275,3604.664011
276,3573.144121
277,3660.297381
278,3614.771314
279,3619.959791
280,3622.568945
281,3614.024490
282,3614.028962
283,3580.459695
284,3541.319289
285,3554.549016
286,3547.346948
287,3653.451886
288,3655.737184
289,3695.294784
290,3649.876196
291,3621.130455
292,3609.125464
293,3588.191024
294,3630.283693
295,3614.301010
296,3569.473303
297,3595.719425
298,3668.901141
299,3619.015736
300,3743.575134
301,3771.614762
302,3764.196186
303,3706.937585
304,3771.733384
305,3718.502543
306,3737.589874
307,3689.009632
308,3698.566971
309,3669.247916
310,3615.814888
311,3545.528225
312,3543.333950
313,3606.437058
314,3598.534754
315,3548.644893
316,3602.314486
317,3662.622378
318,3759.590765
319,3735.139117
320,3678.714791
321,3679.502157
322,3741.614715
323,3792.431104
324,3718.034606
325,3751.583297
326,3670.334345
327,3695.432957
328,3657.286162
329,3614.941706
330,3610.769118
331,3576.713948
332,3602.371156
333,3566.225842
334,3542.286953
335,3584.051285
336,3650.536168
337,3598.760912
338,3606.551963
339,3598.730611
340,3666.425238
341,3608.314763
342,3619.995329
343,3708.325828
344,3706.587954
345,3705.443172
346,3740.441858
347,3733.528495
348,3794.755530
349,3715.398710
350,3653.088008
351,3621.914818
352,3695.495920
353,3748.512849
354,3748.230222
355,3735.945849
356,3739.889904
357,3712.755381
358,3621.315879
359,3615.424485
360,3631.713318
361,3613.304915
362,3651.852134
363,3604.921493
364,3591.731322
365,3510.223706
366,3528.910419
367,3539.732573
368,3498.211173
369,3467.924703
370,3483.646070
371,3414.765736
372,3428.969567
373,3460.564520
374,3694.363943
375,3634.127364
376,3645.873431
377,3684.416937
378,3650.202371
379,3555.429329
380,3614.827127
381,3543.913851
382,3595.378834
383,3608.232275
384,3661.546123
385,3633.678269
386,3739.785703
387,3687.026445
388,3699.801976
389,3655.111786
390,3679.292528
391,3652.880027
392,3702.005462
393,3654.139219
394,3589.125723
395,3646.161267
396,3635.247971
397,3671.415028
398,3550.754694
399,3683.286930
400,3589.418591
401,3568.342455
402,3600.455151
403,3590.609241
404,3620.400223
405,3637.903332
406,3630.409899
407,3653.289325
408,3644.586725
409,3643.875699
410,3694.489069
411,3600.508519
412,3617.507052
413,3558.525820
414,3485.146315
415,3486.628131
416,3550.095651
417,3488.332253
418,3475.342511
419,3530.210243
420,3519.203222
421,3509.028631
422,3501.694007
423,3580.280029
424,3550.519641
425,3584.360001
426,3600.503351
427,3489.522032
428,3536.841198
429,3566.905963
430,3525.464312
431,3512.023951
432,3513.123269
433,3500.057188
434,3543.063081
435,3599.741230
436,3626.929711
437,3617.578550
438,3622.553782
439,3581.285292
440,3573.273797
441,3590.151781
442,3587.693278
443,3576.091076
444,3502.406702
445,3500.497877
446,3428.585479
447,3498.066157
448,3548.508207
449,3555.019059
450,3628.732055
451,3636.725025
452,3593.458390
453,3571.293005
454,3594.313480
455,3622.942477
456,3646.974410
457,3660.582256
458,3633.190344
459,3566.799131
460,3562.566589
461,3615.968747
462,3694.437691
463,3673.354975
464,3632.204916
465,3667.307201
466,3663.996639
467,3677.088638
468,3710.881973
469,3764.395825
470,3667.407484
471,3674.312648
472,3662.469959
473,3609.141482
474,3614.180061
475,3626.953093
476,3525.443877
477,3454.025791
478,3510.958424
479,3551.769148
480,3586.843520
481,3567.195273
482,3575.470149
483,3588.186014
484,3593.784236
485,3597.619773
486,3613.812038
487,3689.396591
488,3712.762003
489,3677.491595
490,3682.609921
491,3671.770890
492,3722.880522
493,3665.850892
494,3569.812983
495,3517.729088
496,3612.159705
497,3672.497954
498,3625.313729
499,3611.180582
