0,2689.273363
1,5261.579841
2,5738.416186
3,6162.198873
4,6443.343522
5,6649.947563
6,6844.977005
7,7100.605255
8,7332.440449
9,7644.802342
10,7754.555640
11,8018.877851
12,8166.227934
13,8335.036148
14,8525.799341
15,8719.220969
16,8854.685166
17,9046.957810
18,9160.625041
19,9364.187525
20,9589.247224
21,9619.433926
22,9657.067525
23,9778.793183
24,9901.298806
25,10169.830951
26,10191.507309
27,10205.227975
28,10326.781794
29,10448.693038
30,10652.049461
31,10488.937655
32,10679.396741
33,10782.198277
34,10752.027728
35,10950.794588
36,11171.526321
37,11349.878432
38,11056.752271
39,11119.381589
40,11208.451256
41,11230.126890
42,11480.513176
43,11660.873741
44,11787.695981
45,11386.187758
46,12007.909223
47,11502.523617
48,11920.165115
49,12078.880962
50,11976.708575
51,12215.375619
52,12124.979117
53,12533.802060
54,12531.168010
55,12634.504554
56,12721.208092
57,12707.263536
58,12526.882759
59,12661.473211
60,12643.177858
61,12930.779740
62,12979.873041
63,13008.049084
64,12887.297948
65,12984.473702
66,12855.705555
67,13151.150414
68,13112.090230
69,12855.917740
70,13129.112194
71,13383.167445
72,13349.096396
73,13246.691902
74,13190.321529
75,13247.907378
76,13302.433261
77,13333.130712
78,13268.730222
79,13294.623921
80,13013.603789
81,13461.775178
82,13381.454797
83,13375.291308
84,13289.259445
85,13430.783952
86,13686.376597
87,13737.063005
88,13471.132614
89,13416.693453
90,13616.257852
91,13577.307614
92,13610.258993
93,13996.857408
94,13620.585476
95,13291.517767
96,13466.602905
97,13423.680957
98,13537.701916
99,13433.154119
100,13254.001436
101,13717.034163
102,13668.640859
103,13602.438078
104,13549.496123
105,13784.357785
106,13729.820933
107,13818.427436
108,13829.901506
109,13522.112199
110,13402.852171
111,13745.111944
112,13921.211100
113,13434.613362
114,13574.281113
115,13824.511832
116,13890.772851
117,14081.009635
118,13802.831604
119,13654.263700
120,13698.513348
121,13949.387855
122,14103.972427
123,13855.637445
124,13947.959150
125,13663.695765
126,13764.518104
127,13731.852189
128,13932.175658
129,13988.668031
130,13849.283721
131,13711.661557
132,13912.856094
133,13903.087630
134,13934.757338
135,13741.540468
136,13672.225784
137,13793.211033
138,13829.311493
139,13646.055005
140,13911.262124
141,13784.484133
142,13767.898287
143,14067.625777
144,13902.300101
145,13988.344261
146,13836.738410
147,13473.701274
148,13496.171246
149,13735.930300
150,13797.614802
151,13762.856031
152,13783.283421
153,13822.307403
154,13613.252373
155,14060.810100
156,14021.019867
157,13738.246726
158,13926.452660
159,13829.233304
160,13891.456553
161,13755.240151
162,13604.609932
163,14225.772813
164,13991.421181
165,13897.399755
166,13795.911492
167,13925.179478
168,14128.442723
169,13945.606839
170,13905.593623
171,13593.954548
172,13829.559658
173,13839.097101
174,13916.243462
175,13549.097948
176,13693.026513
177,13872.860709
178,13734.409109
179,13759.162796
180,14018.747462
181,13965.817987
182,13789.426495
183,13935.234526
184,13955.786745
185,13968.418056
186,13646.829819
187,13951.152913
188,14004.240372
189,13670.292049
190,14035.920419
191,13925.410773
192,13710.906537
193,13889.664237
194,14046.097334
195,13891.988982
196,13929.668999
197,14179.737974
198,14184.882867
199,13972.364124
200,13772.805497
201,13863.219229
202,13821.966476
203,13627.210530
204,13725.097674
205,13756.850059
206,14078.669427
207,14404.190873
208,14033.264142
209,14052.755481
210,13760.332415
211,13655.039014
212,13689.893562
213,13799.162609
214,13946.470324
215,13686.037967
216,13990.811268
217,13933.614634
218,14019.461546
219,13901.596678
220,13877.260175
221,13799.519876
222,13867.358496
223,13760.541325
224,13951.787975
225,13798.622656
226,13851.572013
227,13934.059345
228,13756.123234
229,13955.880701
230,13675.000334
231,14095.548097
232,14057.158531
233,13847.977818
234,13705.803525
235,13525.756974
236,13664.954115
237,13778.867046
238,13677.028859
239,13638.636982
240,13762.659400
241,14039.716967
242,13674.671969
243,13996.647561
244,13778.697828
245,13347.121293
246,13858.413566
247,13973.813896
248,13979.894910
249,13786.327845
250,13886.729747
251,13897.501555
252,13474.390478
253,13626.522868
254,13421.119722
255,13889.503679
256,13763.653196
257,13884.199193
258,14089.280442
259,13985.980435
260,14117.707988
261,14146.670170
262,13739.041811
263,13763.364932
264,13926.080359
265,14057.536844
266,13945.665386
267,13791.736729
268,13778.255494
269,13861.625996
270,13627.790751
271,13687.022853
272,13757.024989
273,13798.653601
274,13715.235474
275,13836.409927
276,13671.962625
277,13748.296415
278,13508.002339
279,13878.319156
280,13870.421206
281,13890.101537
282,14076.748154
283,13948.939017
284,13849.588289
285,13784.291749
286,13702.017507
287,13841.623342
288,13411.567682
289,13793.012314
290,13688.641130
291,13695.703732
292,13929.224967
293,13820.859112
294,13786.551860
295,13487.951203
296,13713.465124
297,13737.880966
298,13606.186577
299,13774.302876
300,13727.806748
301,13760.324138
302,13686.101842
303,14170.874411
304,13737.394098
305,13822.524475
306,13638.720610
307,13603.170873
308,14058.907316
309,13909.956825
310,14083.933652
311,14049.392882
312,13954.331436
313,14012.504702
314,13837.728727
315,13895.876099
316,13992.514116
317,13963.599557
318,13869.129969
319,14049.689240
320,13966.254114
321,13975.969658
322,13900.811008
323,14093.851842
324,13682.721382
325,13866.981712
326,14062.495113
327,14051.380339
328,13902.013382
329,13815.442555
330,14190.731640
331,13848.563830
332,14023.738323
333,13633.743644
334,13727.437614
335,13954.138495
336,13908.325967
337,13828.010125
338,14026.084731
339,13839.211082
340,13897.057266
341,13675.163821
342,13592.323043
343,13989.597790
344,13790.730628
345,13798.385428
346,13742.085444
347,13546.233795
348,13848.237509
349,14008.803141
350,13772.074801
351,13774.835371
352,13790.225083
353,13768.160170
354,13578.839238
355,13814.190005
356,13960.872173
357,13577.535646
358,13999.875753
359,13687.488446
360,13992.830349
361,14060.804497
362,13648.158383
363,13803.598142
364,13699.727348
365,13440.071539
366,13771.939746
367,13738.108511
368,13805.479601
369,13700.460475
370,13790.039025
371,13855.760969
372,13649.421346
373,13752.584396
374,14048.310214
375,13879.613887
376,13869.144052
377,13913.138574
378,13839.148573
379,13868.932455
380,13819.739358
381,13581.487808
382,13699.182227
383,13792.703731
384,13798.719488
385,13911.599805
386,13819.423341
387,14046.716472
388,13603.468937
389,13664.976794
390,13805.241321
391,13813.970621
392,13938.018573
393,13896.993251
394,14016.748456
395,13980.372875
396,13875.361914
397,13682.562149
398,14154.596292
399,13967.934084
400,13994.112264
401,13795.476408
402,13883.347151
403,14071.217067
404,13801.660155
405,13808.198166
406,13695.342348
407,13936.137086
408,13831.001716
409,14002.216930
410,13844.573478
411,13755.615069
412,13670.898667
413,13786.003726
414,13964.547462
415,14136.087951
416,13930.220736
417,13726.548457
418,14031.467700
419,13735.804148
420,13870.854783
421,14103.269725
422,13610.585317
423,13731.399513
424,13728.307599
425,13952.654418
426,13794.803469
427,13828.170513
428,13726.019839
429,13717.306532
430,13950.373621
431,13706.654716
432,13930.377202
433,13717.607838
434,13941.260275
435,13928.679295
436,13674.252795
437,13845.404524
438,13859.356158
439,14039.456053
440,13944.617989
441,13523.081596
442,13655.861289
443,13838.428201
444,13725.133134
445,13623.145932
446,13913.244365
447,13673.067908
448,13740.624938
449,13790.170775
450,13651.205959
451,13634.780912
452,13628.974359
453,13871.006084
454,13893.303732
455,13693.077119
456,13677.512143
457,13789.781117
458,13863.395892
459,13811.008607
460,13916.535028
461,13634.457107
462,13651.704410
463,13900.676632
464,13823.486460
465,13706.694879
466,13809.512165
467,13979.469827
468,13902.837151
469,13671.641599
470,13849.302274
471,13810.372580
472,13734.809560
473,13608.916204
474,13690.826448
475,13770.655788
476,13916.042368
477,14139.743069
478,13696.915885
479,14000.292705
480,13766.234519
481,14007.626565
482,13926.176430
483,13616.109279
484,13858.418561
485,13769.355650
486,13997.394392
487,13768.864501
488,13648.876921
489,13876.252845
490,13683.786445
491,13808.583435
492,13727.904262
493,13831.430587
494,13676.072489
495,14051.997855
496,13900.059621
497,13875.696359
498,13892.251211
499,13973.025091
