0,2776.713761
1,5511.005769
2,6067.415484
3,6636.381009
4,7029.242262
5,7415.168046
6,7848.006762
7,8118.145148
8,8336.339706
9,8834.094249
10,8943.720263
11,9483.143425
12,9655.413675
13,9968.869673
14,10229.729962
15,10510.561628
16,10822.485600
17,11185.748682
18,11553.076026
19,11603.088754
20,12024.300835
21,12306.077445
22,12534.620347
23,12580.095157
24,12846.769020
25,13074.784151
26,13085.861023
27,13377.596988
28,13335.475965
29,13444.830652
30,13551.463128
31,13568.160806
32,13904.603946
33,13901.650611
34,13960.564202
35,14262.688513
36,14247.481281
37,14338.343577
38,14426.108577
39,14527.902236
40,14664.529109
41,14900.817591
42,14849.612897
43,15014.181143
44,15065.422458
45,15140.973517
46,15218.637676
47,15238.131227
48,15285.350609
49,15206.687580
50,15337.207552
51,15331.810908
52,15149.091644
53,15123.083234
54,15176.904045
55,15235.897956
56,15421.005464
57,15369.002550
58,15360.668739
59,15256.107302
60,15435.752016
61,15592.339721
62,15593.224578
63,15732.937312
64,15805.717625
65,15482.716246
66,15270.701074
67,15582.759391
68,15531.253848
69,15456.847488
70,15669.599030
71,15528.038786
72,15601.044341
73,15643.039033
74,15675.605343
75,15694.769358
76,15497.550712
77,15444.339686
78,15514.504670
79,15568.544479
80,15375.942529
81,15763.551299
82,15608.326633
83,15755.317557
84,15541.550523
85,15529.896127
86,15637.681040
87,15564.439303
88,15775.220733
89,15957.174082
90,15679.238892
91,15800.234334
92,15596.190706
93,15677.113030
94,15811.703679
95,15505.734124
96,15504.007999
97,15623.505106
98,15831.988770
99,15894.235404
100,15975.368030
101,15947.022136
102,16143.411611
103,16093.199567
104,15780.451471
105,16063.498468
106,15904.817598
107,15832.588163
108,15774.415355
109,15913.204903
110,16010.909214
111,16005.872910
112,16110.389384
113,16065.203353
114,16095.095199
115,15862.299559
116,15925.123648
117,15980.805151
118,16192.501417
119,16050.899081
120,16058.949908
121,16213.622947
122,16284.647391
123,16175.886312
124,16226.880975
125,16295.086773
126,16210.287350
127,16081.677613
128,16211.253981
129,16338.534333
130,16200.443988
131,16344.300113
132,16142.402483
133,16123.332158
134,16333.730106
135,16274.836332
136,16346.694721
137,16270.799540
138,16255.011298
139,16265.774315
140,16426.431058
141,16437.303695
142,16236.546033
143,16376.037603
144,16376.046401
145,16333.224855
146,16429.691691
147,16476.536943
148,16484.970092
149,16339.801398
150,16416.183806
151,16401.827722
152,16377.890696
153,16531.356793
154,16442.268373
155,16455.502516
156,16527.695473
157,16432.600908
158,16489.052846
159,16451.431052
160,16452.679982
161,16427.828600
162,16526.397933
163,16510.291525
164,16564.124295
165,16563.553302
166,16554.368992
167,16578.933541
168,16554.668297
169,16540.706930
170,16584.669696
171,16544.461937
172,16591.419086
173,16522.383967
174,16593.611878
175,16552.005342
176,16538.087702
177,16510.709455
178,16577.856795
179,16592.747222
180,16576.440949
181,16566.943722
182,16563.022758
183,16603.474741
184,16612.524638
185,16557.899877
186,16621.144499
187,16599.023644
188,16606.934415
189,16622.953444
190,16604.051410
191,16601.355251
192,16590.024564
193,16601.142762
194,16609.655624
195,16625.994634
196,16584.760319
197,16612.261572
198,16596.165403
199,16632.135632
200,16620.742205
201,16613.969820
202,16633.773291
203,16621.622134
204,16626.842489
205,16606.604639
206,16625.671646
207,16630.611548
208,16615.261447
209,16627.256729
210,16626.586848
211,16625.276539
212,16625.840098
213,16634.464392
214,16607.242246
215,16634.055021
216,16640.040321
217,16638.713761
218,16633.700953
219,16632.830863
220,16639.743437
221,16640.582990
222,16642.323053
223,16629.615456
224,16636.925792
225,16632.413661
226,16636.923465
227,16636.503947
228,16636.975294
229,16635.268134
230,16638.962740
231,16638.420071
232,16639.798367
233,16635.545168
234,16640.701206
235,16637.754395
236,16633.853159
237,16636.226069
238,16636.383124
239,16626.648380
240,16635.356547
241,16640.040321
242,16636.886954
243,16636.676813
244,16635.338612
245,16633.089781
246,16640.407516
247,16640.040321
248,16639.079358
249,16637.882830
250,16636.498145
251,16637.637776
252,16640.998090
253,16634.297328
254,16637.165419
255,16640.998090
256,16636.020133
257,16639.446554
258,16630.228864
259,16639.920508
260,16639.341162
261,16634.810778
262,16638.473404
263,16640.405919
264,16636.556269
265,16640.040321
266,16635.768547
267,16640.405919
268,16639.623624
269,16641.660572
270,16637.460705
271,16634.658984
272,16642.323053
273,16632.952499
274,16630.266123
275,16633.023200
276,16640.038724
277,16639.673126
278,16633.730002
279,16636.083046
280,16637.754395
281,16640.702803
282,16636.262580
283,16636.802428
284,16639.082553
285,16635.251479
286,16635.913960
287,16636.262580
288,16641.363688
289,16634.010662
290,16633.736297
291,16633.019893
292,16638.420071
293,16640.407516
294,16636.263310
295,16640.701206
296,16636.571651
297,16632.522564
298,16634.520919
299,16637.534211
300,16634.049292
301,16636.235133
302,16640.199212
303,16639.449748
304,16630.932995
305,16631.149357
306,16640.405919
307,16637.916631
308,16632.351612
309,16639.706760
310,16639.079358
311,16638.124784
312,16636.751916
313,16641.660572
314,16639.444956
315,16640.702803
316,16637.757589
317,16633.109213
318,16632.517042
319,16627.598414
320,16637.043935
321,16642.323053
322,16640.701206
323,16626.584299
324,16625.228537
325,16642.323053
326,16634.271940
327,16632.054728
328,16635.787759
329,16638.298661
330,16636.795029
331,16632.001395
332,16634.199721
333,16639.082553
334,16632.962358
335,16641.363688
336,16631.579701
337,16627.540793
338,16633.604331
339,16633.191526
340,16638.490382
341,16634.851604
342,16637.708014
343,16634.468783
344,16639.135885
345,16637.388797
346,16635.304811
347,16640.407516
348,16631.943218
349,16637.167016
350,16638.176520
351,16631.769755
352,16634.308768
353,16627.473235
354,16633.346375
355,16633.314172
356,16625.394406
357,16630.378311
358,16639.741840
359,16631.700734
360,16637.720911
361,16634.607980
362,16637.757589
363,16635.563588
364,16639.376242
365,16633.314902
366,16637.390394
367,16636.504534
368,16640.998090
369,16634.790294
370,16639.741840
371,16639.625221
372,16636.606652
373,16635.733942
374,16637.097715
375,16636.676813
376,16636.558597
377,16637.340892
378,16638.051279
379,16642.323053
380,16631.172793
381,16632.071706
382,16627.176252
383,16635.895385
384,16635.316769
385,16639.743437
386,16637.810922
387,16636.570054
388,16631.098557
389,16638.211918
390,16639.135885
391,16634.372866
392,16637.885158
393,16634.556317
394,16636.387328
395,16636.471854
396,16635.184132
397,16641.660572
398,16635.733466
399,16639.010644
400,16639.135885
401,16639.625221
402,16635.541974
403,16640.038724
404,16633.443338
405,16642.323053
406,16635.861035
407,16632.231162
408,16630.326575
409,16634.882686
410,16634.399883
411,16640.998090
412,16635.738894
413,16631.928216
414,16636.137339
415,16636.131263
416,16634.936019
417,16634.330795
418,16637.162224
419,16641.365285
420,16642.323053
421,16632.625778
422,16641.660572
423,16632.062127
424,16636.925792
425,16630.041521
426,16635.672646
427,16640.998090
428,16638.051279
429,16633.665985
430,16640.335608
431,16635.895385
432,16637.220348
433,16638.420071
434,16639.080956
435,16640.702803
436,16634.398778
437,16639.446554
438,16633.525726
439,16623.875426
440,16637.127144
441,16631.942900
442,16630.832566
443,16639.448151
444,16637.425625
445,16638.052876
446,16637.095107
447,16629.652183
448,16631.066670
449,16639.377839
450,16637.305812
451,16638.842926
452,16636.166181
453,16636.870132
454,16635.965696
455,16632.526449
456,16639.010644
457,16633.907939
458,16633.577546
459,16635.768547
460,16639.623624
461,16639.798367
462,16634.938274
463,16638.488785
464,16633.686889
465,16636.763143
466,16632.892047
467,16638.713761
468,16633.693554
469,16640.335608
470,16633.694564
471,16633.648614
472,16637.527822
473,16635.380554
474,16637.881233
475,16640.702803
476,16631.906953
477,16640.701206
478,16637.457511
479,16639.045875
480,16639.625221
481,16639.745035
482,16634.101989
483,16640.038724
484,16634.932825
485,16638.119993
486,16636.957265
487,16635.615479
488,16637.826303
489,16639.082553
490,16637.222676
491,16638.715358
492,16632.576276
493,16636.504534
494,16636.927389
495,16638.049832
496,16638.491393
497,16638.420071
498,16641.660572
499,16639.673126
