0,2757.179850
1,2736.354516
2,2652.027753
3,2640.589581
4,2633.088764
5,2689.399956
6,2704.737857
7,2703.532338
8,2750.888954
9,2773.108652
10,2787.708860
11,2794.093712
12,2756.443085
13,2726.986535
14,2641.886005
15,2683.673034
16,2620.590412
17,2648.115991
18,2659.092169
19,2643.814243
20,2703.207459
21,2759.921120
22,2722.202452
23,2687.094956
24,2687.918640
25,2703.190067
26,2700.019338
27,2759.137921
28,2699.811396
29,2689.565783
30,2728.733280
31,2768.943764
32,2794.205585
33,2710.791476
34,2703.452518
35,2638.105960
36,2676.923090
37,2653.720182
38,2639.842902
39,2599.327627
40,2578.519828
41,2566.538499
42,2574.186817
43,2567.417575
44,2574.483172
45,2559.447868
46,2639.390668
47,2642.653842
48,2669.137656
49,2640.211025
50,2533.199299
51,2557.984643
52,2561.957020
53,2595.707337
54,2618.041767
55,2613.313758
56,2505.973663
57,2479.964942
58,2451.327284
59,2440.174589
60,2480.290564
61,2447.520234
62,2494.563616
63,2519.841007
64,2516.444208
65,2514.561463
66,2539.645273
67,2496.344483
68,2541.799634
69,2479.290079
70,2367.682399
71,2345.701744
72,2380.116753
73,2370.254005
74,2300.133221
75,2351.165127
76,2396.128144
77,2423.667726
78,2382.876571
79,2427.696823
80,2431.358929
81,2461.757273
82,2477.468572
83,2481.635873
84,2507.887924
85,2505.381725
86,2521.139591
87,2498.830421
88,2526.454848
89,2511.138618
90,2482.827129
91,2442.037912
92,2454.241322
93,2507.808908
94,2496.882934
95,2438.506989
96,2474.101649
97,2481.573588
98,2442.422220
99,2384.199027
100,2355.617606
101,2338.039659
102,2391.114119
103,2381.452590
104,2333.883496
105,2335.936747
106,2348.023430
107,2419.547340
108,2420.465997
109,2357.067785
110,2406.484755
111,2475.741192
112,2466.717278
113,2486.858185
114,2438.623879
115,2451.273677
116,2427.273843
117,2463.157165
118,2451.297473
119,2385.833696
120,2407.541797
121,2360.377977
122,2401.400104
123,2417.310947
124,2386.479039
125,2370.798960
126,2342.620321
127,2383.842151
128,2325.023754
129,2343.470407
130,2341.694941
131,2419.453807
132,2433.047837
133,2432.055133
134,2476.265966
135,2500.152089
136,2501.519677
137,2467.288616
138,2510.625543
139,2549.241422
140,2585.471174
141,2622.266837
142,2600.974985
143,2644.862568
144,2676.643398
145,2639.116097
146,2594.942463
147,2593.580176
148,2570.013304
149,2628.004476
150,2636.993270
151,2595.315981
152,2626.749915
153,2604.858787
154,2584.317579
155,2506.784612
156,2553.429558
157,2564.654424
158,2584.262685
159,2633.127991
160,2528.003114
161,2517.406155
162,2500.114438
163,2521.593918
164,2502.130614
165,2546.356024
166,2557.346394
167,2519.069687
168,2561.716628
169,2592.076163
170,2580.216278
171,2545.666285
172,2494.499042
173,2463.064266
174,2497.911586
175,2461.184049
176,2518.377376
177,2522.756368
178,2508.597525
179,2485.539677
180,2489.037009
181,2520.798979
182,2546.227214
183,2622.622459
184,2589.887863
185,2577.904300
186,2614.892379
187,2569.880101
188,2522.219191
189,2540.827846
190,2426.971870
191,2427.468489
192,2459.868954
193,2412.670776
194,2436.631735
195,2447.878795
196,2475.647529
197,2421.067761
198,2416.132584
199,2422.590384
200,2462.494010
201,2428.975647
202,2431.314050
203,2484.104090
204,2483.506992
205,2578.953968
206,2543.282934
207,2588.665729
208,2627.362178
209,2613.453116
210,2578.395764
211,2576.115566
212,2569.299146
213,2545.608137
214,2608.858684
215,2571.513787
216,2575.165128
217,2509.555364
218,2612.668448
219,2540.997257
220,2521.528783
221,2442.143376
222,2484.181775
223,2542.714485
224,2598.463066
225,2563.875040
226,2594.086250
227,2585.462212
228,2585.360142
229,2637.466259
230,2587.541668
231,2534.628481
232,2515.724226
233,2587.953059
234,2592.808244
235,2575.336446
236,2576.809222
237,2587.488004
238,2593.179729
239,2594.913153
240,2567.172064
241,2528.643433
242,2537.607686
243,2578.361135
244,2572.450661
245,2524.053118
246,2590.920577
247,2510.588596
248,2488.464356
249,2480.589033
250,2524.608279
251,2606.875380
252,2570.431582
253,2511.445058
254,2489.215000
255,2543.783247
256,2600.096465
257,2616.736697
258,2544.719465
259,2488.398117
260,2545.480119
261,2491.506041
262,2572.094775
263,2584.288900
264,2636.074941
265,2666.508239
266,2694.914122
267,2651.130846
268,2695.751546
269,2721.418588
270,2662.103324
271,2619.450223
272,2692.383025
273,2714.915453
274,2664.538776
275,2612.712638
276,2647.392459
277,2700.841348
278,2710.146529
279,2673.322098
280,2713.940159
281,2665.874532
282,2694.550878
283,2647.913959
284,2686.273669
285,2686.676836
286,2676.626150
287,2709.798413
288,2741.296116
289,2738.088518
290,2719.571334
291,2765.696214
292,2765.357161
293,2821.337027
294,2818.532259
295,2828.759774
296,2797.583154
297,2818.706401
298,2819.619604
299,2846.841773
300,2872.357711
301,2803.568249
302,2811.780535
303,2815.017458
304,2822.192884
305,2768.276888
306,2763.998542
307,2747.791700
308,2720.885571
309,2671.228086
310,2683.378498
311,2649.203004
312,2591.003517
313,2628.524596
314,2598.900345
315,2606.751441
316,2650.800631
317,2602.973754
318,2635.089888
319,2607.174023
320,2673.541236
321,2675.088089
322,2588.770329
323,2542.119433
324,2517.824906
325,2471.954729
326,2471.668267
327,2432.254755
328,2486.434179
329,2523.337952
330,2498.385063
331,2571.770602
332,2614.446662
333,2615.730900
334,2631.887312
335,2612.456572
336,2557.603493
337,2505.633438
338,2425.492365
339,2448.151305
340,2534.336286
341,2553.694115
342,2593.872765
343,2594.081376
344,2550.209641
345,2586.748036
346,2620.829547
347,2669.679340
348,2691.151384
349,2719.332473
350,2640.590630
351,2628.694706
352,2677.506715
353,2671.436554
354,2660.831454
355,2607.388199
356,2579.159460
357,2614.617552
358,2619.972116
359,2613.463751
360,2594.302208
361,2641.883185
362,2604.697946
363,2652.277087
364,2630.219835
365,2636.794802
366,2676.021598
367,2765.900158
368,2744.924280
369,2773.329601
370,2696.348699
371,2662.458958
372,2652.109893
373,2705.477244
374,2690.590416
375,2655.507883
376,2757.944642
377,2744.258484
378,2785.372523
379,2717.758758
380,2683.119800
381,2749.587812
382,2740.293996
383,2714.036762
384,2706.377924
385,2717.737499
386,2696.730616
387,2790.782485
388,2703.340059
389,2732.406780
390,2756.340725
391,2794.675630
392,2765.704181
393,2771.035798
394,2734.917103
395,2725.849927
396,2746.449455
397,2697.570428
398,2676.398894
399,2784.113497
400,2798.557125
401,2799.719423
402,2855.330234
403,2892.374543
404,2894.962595
405,2881.218260
406,2788.306294
407,2894.932766
408,2897.635917
409,2935.310787
410,2932.889710
411,2957.807040
412,2933.834467
413,2927.987714
414,2932.459244
415,2853.068439
416,2880.553364
417,2872.106791
418,2952.203328
419,2910.310505
420,2905.829796
421,2886.478410
422,2846.930413
423,2869.600731
424,2893.381577
425,2848.519265
426,2848.287140
427,2909.213315
428,2855.766209
429,2755.072469
430,2712.444870
431,2703.715650
432,2790.116226
433,2814.643471
434,2880.597756
435,2887.026025
436,2932.313124
437,2940.756129
438,2970.335872
439,2959.668175
440,3057.763733
441,2985.901007
442,2942.547242
443,2915.607922
444,2963.043080
445,2953.955093
446,2959.333664
447,2977.822078
448,3001.637781
449,2970.545098
450,2975.096912
451,2967.376436
452,3008.695992
453,2986.152955
454,3043.867167
455,3079.798561
456,3092.386925
457,3149.774066
458,3122.641253
459,3120.566580
460,3108.703600
461,3045.778762
462,2993.087092
463,2981.350402
464,2957.304592
465,2972.620212
466,2919.964995
467,2920.476412
468,2899.528871
469,2872.830566
470,2904.691054
471,2950.508511
472,2897.348848
473,2850.818989
474,2864.078132
475,2830.235432
476,2836.230541
477,2919.606659
478,2917.389626
479,2904.662792
480,2893.731872
481,2923.812518
482,3006.109698
483,2940.509685
484,2912.945726
485,2875.616119
486,2942.566889
487,3021.213292
488,2929.984753
489,2886.062212
490,2866.896378
491,2888.165317
492,2900.601095
493,2886.148568
494,2844.108113
495,2821.759155
496,2880.939757
497,2883.928029
498,2895.841410
499,2880.984206
