0,2772.349296
1,5630.644057
2,6321.739891
3,6745.197398
4,7043.103510
5,7332.535430
6,7633.305334
7,7968.344972
8,8051.556282
9,8265.569253
10,8470.409249
11,8781.652152
12,8898.326085
13,9008.320588
14,9341.535265
15,9407.483193
16,9728.539999
17,9858.284591
18,10060.951228
19,10265.568114
20,10227.248583
21,10435.818391
22,10454.274366
23,10634.435557
24,10718.030126
25,10959.012469
26,10995.357337
27,11122.716861
28,11371.656489
29,11428.408983
30,11541.808573
31,11531.210363
32,11600.772007
33,11585.125917
34,11940.160537
35,11966.891183
36,11960.008739
37,12281.992279
38,12359.150652
39,12417.393809
40,12582.209511
41,12413.298100
42,12439.910653
43,12550.784264
44,12583.856468
45,12641.086453
46,12589.578290
47,12608.031153
48,12707.175859
49,13039.842288
50,12967.856471
51,13029.804948
52,12999.011177
53,13042.502960
54,13060.472137
55,13001.018450
56,13122.519526
57,13178.549221
58,13148.742288
59,13194.178547
60,13226.760844
61,13316.163928
62,13171.668966
63,13384.514404
64,13327.319585
65,13327.126894
66,13259.900657
67,13495.456898
68,13425.837386
69,13605.327273
70,13561.901445
71,13409.220775
72,13551.035552
73,13495.967317
74,13693.756808
75,13718.300366
76,13756.286396
77,13766.390077
78,13617.617705
79,13513.147392
80,13658.635844
81,13756.237808
82,13636.324686
83,13542.423049
84,13667.341756
85,13640.755632
86,13530.418678
87,13958.451208
88,13639.113041
89,13742.370467
90,13912.116623
91,13800.658326
92,13788.241691
93,13900.058897
94,13857.570072
95,13843.706379
96,14019.703752
97,13802.296583
98,14070.544110
99,14020.537468
100,13929.558869
101,13832.874681
102,13855.345351
103,13999.754324
104,13927.621023
105,13864.091005
106,14000.923027
107,13844.633476
108,13936.828034
109,13988.817546
110,13888.146591
111,13782.218511
112,13953.348597
113,14048.534313
114,13993.192795
115,13912.272552
116,13929.691774
117,14044.056538
118,13853.442871
119,13964.579983
120,14004.088669
121,14278.472761
122,14057.606605
123,13899.977003
124,14104.883733
125,14135.170773
126,14061.807554
127,13922.179931
128,13841.010142
129,14103.812107
130,14045.129702
131,14225.815949
132,14112.171318
133,13981.922946
134,14048.395836
135,14010.380483
136,13987.861966
137,14247.729356
138,14129.933617
139,14016.717661
140,14222.555256
141,14072.484059
142,14017.037771
143,13953.777364
144,14096.365990
145,13982.219264
146,14039.967111
147,14137.026781
148,14167.533551
149,14009.169120
150,14062.104429
151,14131.373161
152,14118.123141
153,14050.355104
154,14186.452384
155,14229.937720
156,14215.069859
157,14322.552537
158,14065.032645
159,14078.517349
160,14061.625227
161,14218.827476
162,14210.925668
163,14180.374592
164,14289.072542
165,14254.438064
166,14289.390926
167,14250.462581
168,14239.013813
169,14301.324846
170,14160.837507
171,14130.361252
172,14233.331365
173,14143.969047
174,14253.875905
175,14248.296933
176,14249.725505
177,14183.917080
178,14383.007903
179,14331.523802
180,14382.127670
181,14175.646520
182,14355.252721
183,14214.976726
184,14271.963842
185,14207.199238
186,14132.035428
187,14219.477229
188,14434.717481
189,14199.890540
190,14277.283041
191,14261.746010
192,14249.138993
193,14347.857742
194,14222.964075
195,14196.727470
196,14203.554506
197,14178.409368
198,14074.115348
199,13967.494834
200,14144.626120
201,14252.824505
202,14219.555224
203,14374.912377
204,14321.825055
205,14257.168944
206,14291.485688
207,14424.729349
208,14178.695219
209,14243.295915
210,14224.440835
211,14211.012052
212,14407.049715
213,14470.146530
214,14120.053096
215,14078.377929
216,14205.723323
217,14146.822994
218,14222.784995
219,14113.177292
220,14274.365993
221,14289.734944
222,14226.439312
223,14129.582521
224,14458.878352
225,14249.164447
226,14373.668269
227,14183.390225
228,14264.076595
229,14431.833917
230,14339.857718
231,14225.923824
232,14169.383228
233,14304.288194
234,14307.537131
235,14437.878642
236,14291.261303
237,14373.379705
238,14390.493978
239,14413.452923
240,14426.673628
241,14318.039629
242,14132.249871
243,14370.751907
244,14226.159014
245,14191.038513
246,14105.021331
247,14339.696810
248,14267.613863
249,14293.114968
250,14237.224913
251,14370.925106
252,14214.489604
253,14419.784136
254,14201.119420
255,14394.980957
256,14340.353717
257,14433.487897
258,14453.878266
259,14310.592308
260,14401.892733
261,14272.149180
262,14549.074911
263,14311.420689
264,14171.709964
265,14383.171231
266,14370.487286
267,14205.477405
268,14497.873493
269,14302.445770
270,14287.195715
271,14298.996341
272,14331.778903
273,14316.555530
274,14327.570357
275,14371.689923
276,14386.660656
277,14350.363483
278,14433.936139
279,14518.688983
280,14286.498144
281,14225.412454
282,14345.395445
283,14365.363800
284,14189.192772
285,14439.709573
286,14341.666145
287,14432.730965
288,14351.701984
289,14375.675808
290,14385.851534
291,14394.944475
292,14263.327930
293,14269.352197
294,14333.714969
295,14260.888860
296,14492.150026
297,14454.300119
298,14547.057224
299,14380.145036
300,14501.862419
301,14387.331704
302,14459.010913
303,14359.035035
304,14472.899633
305,14530.388625
306,14466.112266
307,14406.033374
308,14491.996270
309,14348.742984
310,14310.641296
311,14428.153955
312,14240.566694
313,14282.683297
314,14474.918830
315,14399.175247
316,14469.710652
317,14466.170558
318,14359.763963
319,14424.610731
320,14277.543977
321,14562.875002
322,14521.896130
323,14511.437526
324,14551.467782
325,14638.937187
326,14505.493835
327,14491.311502
328,14455.377768
329,14385.740678
330,14429.832342
331,14517.665538
332,14559.390975
333,14311.597807
334,14556.091845
335,14341.993174
336,14567.022611
337,14470.684162
338,14211.057435
339,14374.791251
340,14394.204466
341,14382.885354
342,14364.482037
343,14403.774542
344,14341.006952
345,14425.225356
346,14384.338643
347,14468.351213
348,14329.065762
349,14423.105463
350,14336.519619
351,14512.595237
352,14376.732413
353,14348.828466
354,14264.027876
355,14324.776787
356,14389.570205
357,14233.909631
358,14440.430871
359,14354.168992
360,14509.961895
361,14421.419306
362,14510.548816
363,14539.716752
364,14542.423435
365,14340.205953
366,14226.943302
367,14417.053371
368,14315.039188
369,14427.641812
370,14304.105141
371,14497.547353
372,14271.608090
373,14228.841499
374,14257.733819
375,14348.832545
376,14313.233948
377,14530.037263
378,14408.022062
379,14431.543202
380,14332.661827
381,14326.853344
382,14457.031564
383,14375.250449
384,14379.153074
385,14432.476435
386,14395.954320
387,14290.577726
388,14431.001465
389,14485.912761
390,14268.071768
391,14313.342500
392,14288.509341
393,14383.788157
394,14324.225968
395,14327.467101
396,14456.160869
397,14420.884342
398,14569.069317
399,14223.365329
400,14515.269699
401,14284.770757
402,14623.293697
403,14445.184547
404,14461.080213
405,14377.816952
406,14412.473575
407,14324.026930
408,14473.261175
409,14396.512160
410,14338.511915
411,14508.621824
412,14575.907815
413,14620.536634
414,14546.841390
415,14586.850109
416,14251.253235
417,14540.555094
418,14602.213275
419,14429.113060
420,14422.038556
421,14240.361280
422,14527.932294
423,14546.659197
424,14213.913904
425,14524.742832
426,14519.197948
427,14473.306587
428,14622.264764
429,14437.203459
430,14534.574946
431,14459.090371
432,14551.386990
433,14406.381380
434,14502.182677
435,14459.045145
436,14558.650419
437,14500.031738
438,14318.128737
439,14420.662620
440,14433.556824
441,14547.511266
442,14353.905013
443,14208.989901
444,14400.660569
445,14491.621081
446,14359.538266
447,14323.469290
448,14293.154944
449,14370.404654
450,14451.222739
451,14493.692251
452,14388.243275
453,14330.463468
454,14336.267729
455,14461.906121
456,14298.204425
457,14306.318729
458,14527.770619
459,14527.901042
460,14422.668572
461,14346.920592
462,14323.193239
463,14536.641277
464,14399.450158
465,14430.588627
466,14308.560537
467,14350.292456
468,14502.534180
469,14270.341143
470,14334.419072
471,14398.169947
472,14398.657925
473,14623.858656
474,14374.782941
475,14545.715126
476,14587.113059
477,14489.094157
478,14313.925325
479,14474.821156
480,14495.760428
481,14404.696656
482,14339.662549
483,14440.755027
484,14522.701674
485,14336.117871
486,14287.902205
487,14234.585869
488,14290.294051
489,14460.092856
490,14391.691535
491,14481.030803
492,14522.645627
493,14660.930687
494,14618.924264
495,14377.896045
496,14462.314738
497,14643.762665
498,14419.290099
499,14514.643900
