0,2789.225997
1,2752.600118
2,2754.140546
3,2733.485872
4,2774.647300
5,2782.787925
6,2776.385559
7,2701.123672
8,2730.293762
9,2732.946221
10,2707.603804
11,2652.080690
12,2652.944090
13,2649.622302
14,2653.604864
15,2644.098510
16,2694.187832
17,2724.359275
18,2684.959391
19,2670.672461
20,2703.850907
21,2640.817857
22,2687.662245
23,2635.229764
24,2683.173376
25,2654.931585
26,2710.778465
27,2693.500463
28,2629.892209
29,2650.325237
30,2685.227265
31,2682.064675
32,2712.348714
33,2720.278025
34,2757.491080
35,2773.510552
36,2713.461950
37,2683.833044
38,2655.806508
39,2650.715204
40,2644.018747
41,2626.294483
42,2600.842222
43,2575.561420
44,2576.184553
45,2607.942179
46,2635.281269
47,2698.755613
48,2668.066769
49,2623.729658
50,2563.895636
51,2463.627731
52,2460.512065
53,2412.021361
54,2494.041863
55,2504.682013
56,2455.361007
57,2457.755168
58,2497.592162
59,2500.143466
60,2436.418371
61,2497.620468
62,2449.154801
63,2435.687978
64,2404.137538
65,2426.701662
66,2463.165634
67,2473.250760
68,2503.672772
69,2564.675005
70,2623.313533
71,2611.354726
72,2553.067586
73,2543.674392
74,2506.631186
75,2565.240240
76,2553.160082
77,2566.209412
78,2661.236324
79,2648.559113
80,2636.002495
81,2716.271426
82,2745.867098
83,2723.225338
84,2737.759779
85,2711.027568
86,2680.630404
87,2692.769460
88,2734.894194
89,2739.603571
90,2746.410795
91,2759.369912
92,2770.066803
93,2644.865931
94,2634.290957
95,2635.104214
96,2595.213011
97,2547.887008
98,2566.882473
99,2614.165170
100,2596.980558
101,2545.186183
102,2547.376873
103,2536.485142
104,2451.993526
105,2422.248354
106,2404.755473
107,2399.458219
108,2402.035619
109,2391.789071
110,2415.888927
111,2444.588632
112,2461.899182
113,2420.499798
114,2386.398770
115,2394.609596
116,2413.139112
117,2442.780797
118,2480.834794
119,2478.040566
120,2411.768819
121,2534.990316
122,2556.608847
123,2472.057416
124,2447.195698
125,2455.043634
126,2379.052013
127,2449.750193
128,2425.336330
129,2450.175180
130,2530.306402
131,2514.179149
132,2534.438315
133,2540.184885
134,2549.450655
135,2599.699129
136,2649.554858
137,2693.639961
138,2719.452910
139,2610.750995
140,2614.590159
141,2600.620495
142,2660.302292
143,2759.371695
144,2741.616078
145,2741.913572
146,2676.604809
147,2638.459527
148,2638.541684
149,2663.431396
150,2628.574134
151,2610.031311
152,2645.370277
153,2605.286865
154,2621.138224
155,2612.449342
156,2648.327871
157,2650.021715
158,2591.320986
159,2571.838143
160,2593.189213
161,2546.298554
162,2529.517258
163,2534.818891
164,2597.686225
165,2552.919874
166,2565.339301
167,2634.844695
168,2581.447655
169,2554.850014
170,2537.071989
171,2522.500867
172,2602.306283
173,2564.842790
174,2581.817575
175,2612.878175
176,2632.329230
177,2698.119669
178,2694.564615
179,2632.525771
180,2574.092274
181,2643.784992
182,2610.234259
183,2596.222453
184,2587.700369
185,2538.276102
186,2487.567498
187,2481.790266
188,2444.782263
189,2493.302888
190,2493.100907
191,2481.404423
192,2550.106190
193,2542.889101
194,2481.233012
195,2399.111046
196,2460.134215
197,2454.384634
198,2434.703388
199,2352.161539
200,2422.860890
201,2446.373989
202,2506.379859
203,2462.274350
204,2438.040737
205,2518.837892
206,2577.057737
207,2536.119448
208,2460.081832
209,2461.302633
210,2439.106348
211,2427.896966
212,2386.201247
213,2444.293820
214,2389.772664
215,2383.111507
216,2357.238797
217,2397.802611
218,2448.565402
219,2429.766928
220,2457.701190
221,2453.042821
222,2420.524645
223,2408.976140
224,2396.021673
225,2373.857541
226,2366.208591
227,2397.565954
228,2404.636411
229,2399.202122
230,2401.270009
231,2413.376045
232,2366.533348
233,2327.788598
234,2317.502926
235,2321.432193
236,2353.508374
237,2361.868835
238,2368.527145
239,2418.975219
240,2422.159819
241,2467.732125
242,2430.324833
243,2411.639542
244,2440.737967
245,2418.675697
246,2419.707970
247,2434.357592
248,2398.897316
249,2371.602977
250,2401.875023
251,2383.810559
252,2334.058929
253,2312.976222
254,2249.629919
255,2252.941727
256,2148.583900
257,2210.570430
258,2192.163317
259,2167.440381
260,2162.516073
261,2178.944796
262,2267.677033
263,2326.596441
264,2399.001387
265,2426.479480
266,2366.616841
267,2389.851831
268,2364.397691
269,2325.290000
270,2376.776465
271,2448.871066
272,2505.483675
273,2525.800070
274,2437.687695
275,2385.174656
276,2381.136789
277,2325.098674
278,2369.716727
279,2420.524741
280,2435.525137
281,2445.560258
282,2417.317558
283,2461.562402
284,2492.390259
285,2489.124742
286,2597.664436
287,2569.176631
288,2493.701290
289,2481.258175
290,2510.101915
291,2470.287080
292,2527.878592
293,2550.985219
294,2470.897027
295,2515.857125
296,2577.219726
297,2459.041143
298,2529.440636
299,2542.387845
300,2619.332965
301,2604.750233
302,2613.465182
303,2695.267125
304,2693.746927
305,2679.665843
306,2690.682658
307,2674.670909
308,2564.129903
309,2579.700050
310,2640.066147
311,2653.061780
312,2623.090194
313,2692.495552
314,2669.917537
315,2610.961657
316,2637.526756
317,2576.595157
318,2555.539052
319,2465.907849
320,2544.698032
321,2543.741343
322,2593.304018
323,2614.261606
324,2606.717486
325,2572.639480
326,2600.153965
327,2622.802897
328,2632.998017
329,2611.600733
330,2515.348935
331,2658.292044
332,2603.204506
333,2516.114720
334,2476.496347
335,2530.504408
336,2578.180456
337,2546.134310
338,2532.623643
339,2465.532205
340,2461.002592
341,2455.902631
342,2446.367979
343,2377.311213
344,2387.035230
345,2393.110994
346,2376.887914
347,2477.228763
348,2347.504380
349,2355.636026
350,2254.743118
351,2243.979506
352,2263.309166
353,2321.205826
354,2309.609815
355,2305.114099
356,2339.208081
357,2331.103673
358,2331.426825
359,2338.446895
360,2394.473884
361,2421.195887
362,2409.863269
363,2410.792849
364,2415.556671
365,2403.330679
366,2432.909747
367,2435.172009
368,2493.933613
369,2578.020112
370,2603.397996
371,2598.364104
372,2554.150171
373,2684.704121
374,2710.609676
375,2708.519352
376,2709.169695
377,2780.762487
378,2741.397201
379,2753.321082
380,2730.586773
381,2671.192369
382,2664.649774
383,2626.470356
384,2687.276714
385,2685.527906
386,2626.863077
387,2638.504475
388,2591.648776
389,2583.936904
390,2612.613086
391,2689.026863
392,2645.167149
393,2638.114649
394,2625.622798
395,2586.156991
396,2564.843106
397,2600.148178
398,2567.054430
399,2599.449427
400,2722.009825
401,2692.637928
402,2654.780521
403,2641.943427
404,2688.878894
405,2705.491741
406,2613.163549
407,2593.168609
408,2559.855387
409,2597.962020
410,2537.803494
411,2549.228283
412,2550.017251
413,2569.076244
414,2582.986547
415,2573.026945
416,2532.109462
417,2499.974837
418,2518.402338
419,2452.437925
420,2402.287554
421,2404.477252
422,2378.501220
423,2430.370894
424,2465.952800
425,2430.577185
426,2382.375708
427,2390.951318
428,2406.488345
429,2436.770234
430,2479.727502
431,2503.285800
432,2523.785215
433,2520.400213
434,2632.540405
435,2606.187870
436,2539.394556
437,2462.526614
438,2434.392143
439,2468.566494
440,2478.374557
441,2447.726887
442,2411.584898
443,2493.368274
444,2525.830056
445,2482.257714
446,2438.754738
447,2496.059011
448,2476.082001
449,2383.244351
450,2354.157198
451,2296.704374
452,2403.121062
453,2406.126034
454,2405.652757
455,2484.778376
456,2525.701619
457,2567.699898
458,2484.065233
459,2396.912580
460,2353.893047
461,2354.279560
462,2334.127825
463,2429.542134
464,2376.155574
465,2350.560437
466,2306.490560
467,2327.261577
468,2380.062700
469,2459.285357
470,2451.953950
471,2483.051093
472,2496.192587
473,2515.587815
474,2552.270875
475,2612.938204
476,2717.403034
477,2694.551878
478,2644.507104
479,2670.128375
480,2623.769673
481,2573.907846
482,2565.461846
483,2566.239302
484,2569.402383
485,2563.774929
486,2605.929725
487,2560.777756
488,2519.646123
489,2500.536975
490,2476.690629
491,2569.900930
492,2540.914503
493,2441.032638
494,2404.647752
495,2417.825325
496,2388.283262
497,2355.796027
498,2380.722253
499,2358.000471
