0,2793.044932
1,5930.690512
2,6646.439687
3,7162.939661
4,7437.498858
5,7754.224643
6,8062.844755
7,8313.811535
8,8500.884304
9,8713.295233
10,9160.510913
11,9497.057296
12,9589.037233
13,9840.235536
14,10267.484390
15,10586.718914
16,10638.805859
17,10888.415141
18,11088.726402
19,11431.948921
20,11794.861339
21,11762.865529
22,11917.813381
23,12118.699585
24,12517.910885
25,12319.577790
26,12576.738039
27,12712.459610
28,12889.675846
29,13077.721667
30,13336.765424
31,13307.352871
32,13564.941682
33,13769.373096
34,13895.462776
35,13942.781665
36,13926.497211
37,14209.438181
38,14421.568377
39,14788.859794
40,15040.778754
41,14272.335852
42,15148.206887
43,14808.414300
44,14762.944676
45,14674.047353
46,14971.080273
47,15047.688496
48,15014.236865
49,14734.821683
50,15102.569586
51,15072.133888
52,15191.303668
53,15666.875576
54,15590.605986
55,15043.967077
56,15106.347885
57,14977.740640
58,15119.617557
59,15270.736339
60,15634.931325
61,15160.861012
62,15272.230860
63,15043.337273
64,15182.916309
65,15323.117744
66,15213.965798
67,15747.932347
68,15399.080450
69,15084.878137
70,15564.224689
71,15461.991604
72,15513.398917
73,15580.991340
74,15288.197455
75,15377.900213
76,15774.049964
77,15968.336264
78,15978.637473
79,15767.700487
80,16014.636235
81,15782.721272
82,15758.209143
83,15626.110587
84,15787.332380
85,15811.411364
86,15867.180611
87,15582.074693
88,15900.400234
89,16067.968571
90,15866.015550
91,15695.640541
92,15848.798167
93,15613.936923
94,15983.330248
95,15838.604549
96,15744.239611
97,15747.570249
98,15231.709229
99,15265.155660
100,15929.753731
101,15461.460920
102,15483.956694
103,15278.941449
104,15354.993061
105,15698.103542
106,15551.798516
107,15264.795585
108,15728.915394
109,15583.370232
110,15312.600482
111,15632.268758
112,15475.050832
113,15999.037740
114,15443.456467
115,15550.855989
116,15690.730487
117,15463.163015
118,15510.619332
119,15440.813793
120,15414.582781
121,15717.196087
122,15571.533392
123,15540.553509
124,15770.089771
125,15831.074702
126,15933.199527
127,16050.881168
128,16010.986695
129,16266.577241
130,16133.472141
131,16107.263522
132,15939.049192
133,15509.910052
134,15267.480357
135,15264.359950
136,15622.673625
137,15348.800531
138,15589.974351
139,15903.638308
140,15313.442755
141,14959.199686
142,15864.586579
143,15987.068215
144,16219.934555
145,16215.842704
146,16210.239098
147,15643.477787
148,15847.278530
149,16407.806135
150,16620.384371
151,16358.108924
152,16957.323069
153,16624.416453
154,16611.179185
155,16125.000044
156,16303.708532
157,16621.280327
158,16879.774507
159,16482.640616
160,16163.861629
161,16226.165705
162,15753.170862
163,16369.574599
164,16789.243584
165,16877.340972
166,17179.330596
167,16720.731956
168,16569.094799
169,16586.971226
170,16354.704578
171,16418.783016
172,16909.665054
173,16428.093694
174,15859.945111
175,15849.599576
176,16022.361949
177,15975.154778
178,16764.540940
179,16255.932632
180,16453.339373
181,16649.409364
182,16442.935586
183,16084.250576
184,16006.016312
185,16386.274373
186,16696.074792
187,16700.047812
188,17098.164141
189,16299.970327
190,16486.839866
191,16250.067208
192,15804.026069
193,16439.365540
194,16583.609597
195,16103.990382
196,16595.804400
197,16397.787199
198,16692.157769
199,16426.409852
200,16469.275913
201,16633.177899
202,16542.617076
203,16654.470309
204,16482.826130
205,16153.073971
206,16807.017557
207,16322.795072
208,16575.695528
209,16479.388894
210,16564.657816
211,16560.926230
212,16254.021360
213,15922.918378
214,16163.227200
215,16205.478645
216,16610.867875
217,16846.406280
218,16916.281306
219,16014.960155
220,16335.202609
221,16448.515343
222,16264.445072
223,16830.221544
224,16451.680481
225,16402.556346
226,15848.764854
227,16153.587356
228,16357.781298
229,16536.546611
230,16555.468652
231,16568.688968
232,16500.315945
233,16573.430483
234,16340.430971
235,16707.466899
236,16605.703158
237,16452.330814
238,16176.355748
239,16601.681307
240,16118.711506
241,15875.225257
242,15995.262565
243,16908.583618
244,16888.436208
245,16527.093330
246,16907.586599
247,16267.250219
248,16373.215802
249,16624.029496
250,16131.226159
251,16287.731533
252,16771.520890
253,17008.564399
254,17048.046001
255,17056.781647
256,16894.082117
257,16394.454987
258,16474.888963
259,16835.045699
260,17180.888540
261,16725.310517
262,16622.554835
263,16721.860161
264,16715.821908
265,16894.688362
266,16987.012495
267,17288.825081
268,16499.535328
269,16555.190247
270,16745.453174
271,16933.163012
272,16961.422146
273,16555.607183
274,16504.773227
275,16424.945205
276,16457.445789
277,16492.854985
278,16597.134780
279,16522.555852
280,16660.077244
281,16831.313000
282,16579.381488
283,16680.375381
284,15921.309705
285,16504.086429
286,16529.892374
287,16711.549607
288,16303.811136
289,16619.602681
290,16422.033916
291,16321.109651
292,16659.830019
293,17176.940310
294,17105.619195
295,16692.708957
296,16119.168317
297,16064.192654
298,16296.092205
299,16299.603737
300,16634.091633
301,16106.083556
302,16108.620176
303,16663.843027
304,16678.034288
305,17235.356515
306,16505.802676
307,16510.025197
308,17028.663459
309,16666.462670
310,16809.455627
311,16575.009505
312,16205.814248
313,16788.344238
314,16303.180261
315,16609.079343
316,16352.835369
317,16312.943069
318,16562.952010
319,16286.534139
320,16500.466027
321,16828.750320
322,16746.853758
323,16866.425257
324,17050.430868
325,16876.310948
326,16656.106041
327,17194.661008
328,17023.576498
329,16882.961180
330,16577.322536
331,16466.784724
332,16495.140126
333,16230.504250
334,16651.979044
335,16973.636985
336,16712.450714
337,16828.556679
338,16982.251868
339,16412.204577
340,16669.070499
341,16879.201178
342,17176.149506
343,16877.007107
344,16772.010995
345,16229.367163
346,16514.614278
347,16714.021534
348,16882.054616
349,16839.086120
350,17311.461278
351,16802.323047
352,16613.586369
353,16534.988809
354,16643.102899
355,17003.722302
356,16570.049403
357,17239.023098
358,17054.205643
359,16651.815557
360,16697.620331
361,16736.423401
362,16673.297354
363,16854.581462
364,16686.643547
365,16350.275189
366,16891.870429
367,16985.971792
368,16758.763227
369,16847.006949
370,16704.296529
371,16424.019295
372,16534.150325
373,16501.917105
374,16123.765035
375,16102.099835
376,16429.795057
377,15753.285442
378,16343.626265
379,16644.929521
380,16854.486867
381,16500.460975
382,16773.596031
383,16623.966836
384,16319.248946
385,16873.990167
386,16882.451267
387,16111.791370
388,16663.784179
389,16389.345379
390,16244.278842
391,16313.624851
392,17129.227703
393,16960.215519
394,16808.638202
395,17231.951443
396,16603.376709
397,16489.025776
398,16898.596585
399,16685.831281
400,16759.693113
401,16094.474187
402,16602.308527
403,16439.789077
404,16833.908985
405,16594.753746
406,16211.094381
407,16824.766626
408,16613.160360
409,16684.761622
410,16857.213663
411,16946.858547
412,16835.563583
413,16774.974888
414,16802.310793
415,16854.070166
416,16771.073036
417,16992.240459
418,16821.065909
419,16441.778791
420,16656.011723
421,16817.903514
422,17252.125059
423,16538.399590
424,16644.719354
425,16815.131379
426,16786.363458
427,16693.816898
428,16898.283845
429,16765.262389
430,16321.624448
431,16564.404001
432,17031.171190
433,17239.952233
434,17145.631959
435,16816.312687
436,17154.606294
437,17127.681613
438,17373.453798
439,16606.749799
440,16264.882421
441,16643.884798
442,16652.635168
443,17114.098396
444,17037.672822
445,17463.073375
446,17418.523056
447,17309.964663
448,17332.348742
449,16946.280046
450,16815.126574
451,17012.615650
452,16627.126007
453,16915.515916
454,16708.207315
455,16732.389752
456,17468.063572
457,16699.322215
458,17096.431653
459,17108.219504
460,16669.745769
461,16161.351474
462,16507.714506
463,16977.836897
464,17075.893952
465,17094.476060
466,16787.550836
467,16649.482862
468,16828.001542
469,16879.298157
470,16654.780340
471,17383.282650
472,17208.919943
473,16800.354569
474,16551.992886
475,16812.342172
476,16219.066260
477,16368.380258
478,16430.890778
479,16665.356918
480,16457.001697
481,16459.365298
482,16522.802845
483,15950.169930
484,16225.574499
485,16329.737444
486,16850.878404
487,17136.175015
488,16654.285717
489,16704.115328
490,16836.304292
491,16774.616489
492,17732.656301
493,16739.817417
494,17062.701295
495,16949.097981
496,16707.241493
497,16874.633511
498,16648.710016
499,16024.349316
