0,2752.445159
1,5590.855701
2,6131.574731
3,6530.647911
4,6988.896875
5,7393.802365
6,7723.085719
7,8089.527926
8,8433.324967
9,8945.754478
10,9338.360347
11,9771.470874
12,10145.908291
13,10335.537077
14,10915.918457
15,11310.741669
16,11678.163998
17,11913.349971
18,12285.327479
19,12572.033612
20,12609.894361
21,12766.906334
22,12669.063494
23,13075.246852
24,13197.507549
25,13438.892460
26,13690.199876
27,13770.012274
28,13964.757950
29,14179.202266
30,14405.095875
31,14634.891644
32,14524.558960
33,14880.646355
34,14951.757312
35,15084.115481
36,15189.797904
37,15091.988959
38,15263.997199
39,15562.533227
40,15856.589863
41,15854.112101
42,15575.641276
43,15534.297777
44,15786.197322
45,15879.632494
46,15910.817881
47,15811.593327
48,15883.222522
49,15793.083798
50,15766.007672
51,15877.385826
52,15660.818365
53,15943.124017
54,15760.957287
55,15765.380170
56,15690.080410
57,15732.833793
58,15614.081928
59,15663.052223
60,15678.748115
61,15805.615652
62,15759.621321
63,15985.741067
64,15608.963694
65,15972.935531
66,16112.479937
67,16136.908206
68,16142.837087
69,15891.670363
70,15845.656795
71,15973.669841
72,16124.125098
73,16090.431139
74,16155.417091
75,16185.338153
76,16167.368405
77,16258.581076
78,16205.664242
79,16153.815456
80,16184.806651
81,16125.093048
82,16102.494232
83,16275.314312
84,16178.377329
85,16219.406601
86,16289.250220
87,16296.648918
88,16326.643274
89,16228.062605
90,16181.713128
91,16101.726748
92,16121.098566
93,16467.774742
94,16250.177955
95,16464.473397
96,16548.434806
97,16451.728962
98,16395.192225
99,16202.158836
100,16293.616761
101,16495.619214
102,16688.105553
103,16676.771035
104,16606.747230
105,16691.830207
106,16570.942153
107,16559.518259
108,16515.423345
109,16404.112622
110,16543.250192
111,16681.317151
112,16731.952025
113,16637.194796
114,16455.810259
115,16615.692492
116,16744.365621
117,16719.464930
118,16630.341489
119,16697.730357
120,16842.473227
121,16674.797026
122,16570.733815
123,16831.215550
124,16765.530442
125,16865.289951
126,16769.511022
127,16797.375449
128,16932.336745
129,16793.697873
130,16970.096119
131,16822.327100
132,16865.769449
133,16952.465739
134,16953.855660
135,16980.744754
136,16948.427286
137,16987.686269
138,16921.305494
139,16932.840479
140,16960.607190
141,17037.133695
142,17052.736961
143,16955.709028
144,17039.678664
145,17044.878282
146,16983.271405
147,17083.600822
148,16994.545166
149,17043.932418
150,17108.959562
151,17064.636621
152,17138.690928
153,17039.391817
154,17118.968688
155,17136.040538
156,17114.463893
157,17140.434492
158,17114.666356
159,17088.930926
160,17144.945820
161,17204.573719
162,17104.550784
163,17138.252417
164,17148.722898
165,17114.071122
166,17112.200433
167,17205.214852
168,17213.303474
169,17209.121647
170,17180.541668
171,17169.287472
172,17143.296688
173,17178.001079
174,17213.935952
175,17230.841070
176,17222.479453
177,17251.548540
178,17192.034755
179,17241.204056
180,17253.600330
181,17246.045908
182,17185.619030
183,17226.773871
184,17246.082026
185,17239.386297
186,17221.122410
187,17252.398023
188,17258.941538
189,17235.388023
190,17241.704353
191,17225.680559
192,17237.836171
193,17234.272657
194,17252.474366
195,17253.935638
196,17247.966758
197,17239.618374
198,17257.317464
199,17266.242014
200,17255.112064
201,17265.952764
202,17266.160635
203,17260.675562
204,17259.433757
205,17265.953762
206,17261.998746
207,17258.158080
208,17260.894003
209,17250.178568
210,17257.050099
211,17258.433884
212,17250.317164
213,17267.333428
214,17248.357662
215,17262.149055
216,17269.404111
217,17267.772071
218,17260.341809
219,17271.036151
220,17265.920709
221,17271.036151
222,17264.240343
223,17252.165357
224,17267.264497
225,17267.690692
226,17259.219227
227,17259.632474
228,17262.656629
229,17269.115859
230,17266.160635
231,17269.115859
232,17262.299446
233,17267.483819
234,17271.036151
235,17261.020378
236,17269.322732
237,17271.036151
238,17259.124901
239,17267.264497
240,17267.471370
241,17267.609313
242,17269.184790
243,17267.552749
244,17259.193032
245,17267.874054
246,17271.036151
247,17267.609313
248,17260.341809
249,17267.552749
250,17271.036151
251,17267.402440
252,17264.069347
253,17269.404111
254,17271.036151
255,17267.609313
256,17269.184790
257,17265.482066
258,17264.515531
259,17267.690692
260,17264.207290
261,17257.787301
262,17264.609974
263,17264.507990
264,17271.036151
265,17271.036151
266,17269.404111
267,17259.401394
268,17267.333428
269,17266.242014
270,17264.219738
271,17269.322732
272,17269.115859
273,17271.036151
274,17267.609313
275,17267.690692
276,17265.770400
277,17263.850108
278,17267.471370
279,17263.931487
280,17269.322732
281,17264.609974
282,17271.036151
283,17271.036151
284,17262.262182
285,17269.115859
286,17266.242014
287,17263.768647
288,17265.839330
289,17269.322732
290,17263.768729
291,17260.272878
292,17262.424940
293,17265.620009
294,17271.036151
295,17269.115859
296,17264.123332
297,17265.895894
298,17269.184790
299,17266.022693
300,17267.609313
301,17271.036151
302,17269.404111
303,17258.515344
304,17261.998664
305,17264.207290
306,17269.404111
307,17267.195567
308,17267.402440
309,17267.552749
310,17267.333428
311,17269.184790
312,17267.195567
313,17267.483819
314,17265.770400
315,17266.160635
316,17271.036151
317,17266.242014
318,17269.404111
319,17266.140030
320,17269.322732
321,17258.905580
322,17264.275421
323,17266.242014
324,17265.871385
325,17267.264497
326,17269.322732
327,17269.404111
328,17269.184790
329,17269.404111
330,17271.036151
331,17269.184790
332,17269.322732
333,17267.609313
334,17262.340346
335,17269.322732
336,17262.575250
337,17265.977273
338,17267.772071
339,17260.667406
340,17262.299446
341,17269.404111
342,17271.036151
343,17267.552749
344,17267.552749
345,17269.404111
346,17265.895894
347,17262.562002
348,17262.236808
349,17269.404111
350,17271.036151
351,17271.036151
352,17271.036151
353,17267.333428
354,17269.322732
355,17267.264497
356,17269.184790
357,17259.323384
358,17269.115859
359,17269.404111
360,17267.772071
361,17269.322732
362,17269.404111
363,17262.550434
364,17264.288669
365,17267.609313
366,17263.850026
367,17260.667406
368,17261.171377
369,17264.125911
370,17267.552749
371,17260.755636
372,17263.975602
373,17266.058652
374,17262.977934
375,17269.404111
376,17263.712165
377,17269.184790
378,17265.701388
379,17263.768647
380,17265.895894
381,17265.580013
382,17271.036151
383,17256.739286
384,17263.906590
385,17269.115859
386,17263.987968
387,17265.344205
388,17264.044532
389,17269.404111
390,17267.874054
391,17267.772071
392,17269.115859
393,17266.022693
394,17265.953762
395,17271.036151
396,17271.036151
397,17267.874054
398,17265.864725
399,17269.184790
400,17269.115859
401,17260.699073
402,17262.446153
403,17267.333428
404,17267.609313
405,17267.402440
406,17269.404111
407,17267.333428
408,17269.322732
409,17271.036151
410,17263.850108
411,17260.894884
412,17265.953762
413,17269.322732
414,17263.906590
415,17269.184790
416,17269.184790
417,17271.036151
418,17265.977273
419,17265.895894
420,17269.322732
421,17264.320723
422,17271.036151
423,17260.704048
424,17261.610141
425,17267.772071
426,17265.977273
427,17269.115859
428,17263.975602
429,17271.036151
430,17266.242014
431,17263.651081
432,17263.492844
433,17265.757951
434,17269.322732
435,17269.184790
436,17263.919038
437,17260.894884
438,17269.115859
439,17269.322732
440,17258.308471
441,17269.404111
442,17267.609313
443,17261.848437
444,17265.920709
445,17271.036151
446,17271.036151
447,17271.036151
448,17262.522805
449,17271.036151
450,17265.920709
451,17265.920709
452,17265.770400
453,17269.184790
454,17269.322732
455,17262.424940
456,17269.322732
457,17265.895894
458,17267.690692
459,17269.115859
460,17259.275790
461,17269.184790
462,17269.184790
463,17264.406771
464,17267.483819
465,17269.322732
466,17261.641482
467,17271.036151
468,17266.022693
469,17269.404111
470,17264.056981
471,17265.632457
472,17267.609313
473,17258.540739
474,17260.078454
475,17263.561856
476,17264.288669
477,17269.322732
478,17261.810614
479,17269.322732
480,17262.204738
481,17265.551078
482,17267.874054
483,17271.036151
484,17262.368377
485,17271.036151
486,17263.995896
487,17271.036151
488,17269.184790
489,17271.036151
490,17271.036151
491,17267.402440
492,17267.874054
493,17264.711957
494,17269.115859
495,17262.162002
496,17267.471370
497,17269.322732
498,17263.561856
499,17267.772071
