0,2766.289473
1,2692.462208
2,2722.140655
3,2679.541774
4,2654.662269
5,2650.635182
6,2631.596380
7,2663.800601
8,2609.565808
9,2544.235713
10,2542.082971
11,2573.212353
12,2584.307437
13,2611.030788
14,2674.877762
15,2704.079161
16,2687.671765
17,2660.671102
18,2655.854636
19,2637.426928
20,2669.565597
21,2646.061442
22,2638.175364
23,2551.817263
24,2558.070160
25,2571.877529
26,2595.137399
27,2619.314622
28,2641.630892
29,2654.528913
30,2673.870132
31,2552.101531
32,2533.532786
33,2525.742957
34,2599.359762
35,2673.950075
36,2641.796327
37,2624.866182
38,2577.078221
39,2644.273249
40,2605.337121
41,2566.279894
42,2611.149158
43,2582.234567
44,2689.814820
45,2717.499092
46,2727.113848
47,2784.066925
48,2741.548283
49,2634.498861
50,2671.894325
51,2617.573382
52,2624.774827
53,2539.319217
54,2554.471243
55,2566.124850
56,2608.842638
57,2560.828376
58,2584.178455
59,2595.336858
60,2660.861984
61,2694.068786
62,2709.361797
63,2755.485617
64,2721.166200
65,2656.771353
66,2680.204473
67,2605.723370
68,2588.346772
69,2492.271095
70,2516.444887
71,2556.968610
72,2595.997287
73,2582.609233
74,2582.559951
75,2585.583502
76,2565.910778
77,2582.559176
78,2543.701407
79,2548.388811
80,2566.047948
81,2504.731169
82,2515.398873
83,2566.612713
84,2550.625422
85,2596.553147
86,2646.806083
87,2590.691975
88,2602.953543
89,2617.524274
90,2599.881940
91,2646.975269
92,2643.241323
93,2679.033539
94,2655.343816
95,2625.431531
96,2608.451665
97,2625.492281
98,2665.486242
99,2628.330084
100,2574.054809
101,2627.993641
102,2657.380957
103,2637.901230
104,2588.678802
105,2565.434141
106,2605.897144
107,2537.295938
108,2574.840745
109,2602.372296
110,2580.612289
111,2533.429644
112,2533.057929
113,2501.883900
114,2471.094962
115,2531.576606
116,2532.776270
117,2544.785379
118,2568.254003
119,2526.659519
120,2563.677160
121,2536.991187
122,2588.838538
123,2620.150791
124,2634.728697
125,2669.514578
126,2620.944648
127,2695.648990
128,2695.798183
129,2567.717708
130,2580.186373
131,2627.888286
132,2661.175371
133,2603.817783
134,2668.780276
135,2637.818839
136,2571.441371
137,2539.337773
138,2583.714836
139,2616.876362
140,2603.524878
141,2518.131970
142,2565.957308
143,2533.519159
144,2490.419902
145,2559.849368
146,2590.746060
147,2549.863760
148,2563.695386
149,2448.965506
150,2425.152442
151,2460.070346
152,2548.996933
153,2621.812284
154,2639.474523
155,2634.393000
156,2690.817984
157,2637.280877
158,2611.884046
159,2599.662629
160,2564.102139
161,2639.571425
162,2565.976761
163,2672.163591
164,2717.823420
165,2631.988601
166,2625.161306
167,2675.611813
168,2663.051278
169,2723.980872
170,2652.992645
171,2639.255815
172,2607.001531
173,2553.839562
174,2605.282594
175,2599.341331
176,2581.954809
177,2576.453912
178,2595.630850
179,2592.840356
180,2533.369586
181,2560.783804
182,2538.370529
183,2550.241712
184,2520.409136
185,2568.746007
186,2605.830077
187,2587.188706
188,2589.639303
189,2599.973999
190,2556.835396
191,2555.218345
192,2542.040116
193,2454.232491
194,2489.553249
195,2457.491376
196,2552.686365
197,2524.702915
198,2568.121265
199,2537.044114
200,2568.496870
201,2543.274421
202,2520.461150
203,2507.310721
204,2511.516288
205,2621.953651
206,2631.204935
207,2659.393008
208,2664.835620
209,2635.616101
210,2625.713642
211,2653.071710
212,2693.791573
213,2649.940458
214,2580.872823
215,2538.369330
216,2522.854853
217,2532.935643
218,2522.512748
219,2598.595983
220,2571.140997
221,2620.705665
222,2590.575110
223,2666.808034
224,2664.133605
225,2714.173326
226,2661.851540
227,2683.430897
228,2609.894909
229,2611.985050
230,2581.125145
231,2612.732992
232,2725.101711
233,2683.116736
234,2674.653340
235,2758.800554
236,2653.254354
237,2637.868184
238,2671.045316
239,2625.097985
240,2624.931927
241,2670.661409
242,2653.078082
243,2703.611670
244,2663.204921
245,2712.766253
246,2680.183706
247,2661.263642
248,2624.325909
249,2602.573582
250,2566.009578
251,2641.380984
252,2599.012730
253,2586.810630
254,2580.382286
255,2573.018220
256,2577.567698
257,2577.820494
258,2550.494346
259,2501.002956
260,2536.167964
261,2589.465372
262,2533.761130
263,2574.621409
264,2602.078576
265,2594.264642
266,2613.415682
267,2660.443157
268,2637.532438
269,2617.620357
270,2584.359585
271,2540.970686
272,2612.359898
273,2681.919720
274,2678.234263
275,2663.043181
276,2665.827416
277,2651.434625
278,2648.433740
279,2606.180191
280,2641.512853
281,2651.310873
282,2629.149045
283,2560.647372
284,2597.023000
285,2579.815951
286,2574.261553
287,2612.164261
288,2633.472496
289,2718.758181
290,2717.900499
291,2738.477275
292,2759.230269
293,2718.351619
294,2755.511237
295,2771.339450
296,2700.875283
297,2771.055957
298,2713.533734
299,2661.931736
300,2643.519836
301,2609.216982
302,2575.056995
303,2644.551094
304,2642.132308
305,2707.815522
306,2691.111061
307,2642.707845
308,2631.761701
309,2634.869553
310,2574.048602
311,2586.405565
312,2696.049992
313,2607.409328
314,2558.598771
315,2525.185426
316,2534.093806
317,2548.852977
318,2541.225632
319,2562.814000
320,2536.102845
321,2515.251981
322,2591.633618
323,2587.802732
324,2594.090486
325,2607.467540
326,2608.733625
327,2634.265666
328,2628.102439
329,2601.450463
330,2598.317278
331,2597.664930
332,2644.975363
333,2596.639559
334,2537.044461
335,2566.731835
336,2551.454263
337,2544.986302
338,2553.738768
339,2544.806321
340,2489.035182
341,2568.860552
342,2531.867171
343,2516.553668
344,2515.757034
345,2561.319940
346,2586.335215
347,2559.088572
348,2604.034566
349,2566.498412
350,2566.505141
351,2592.686558
352,2571.837007
353,2607.279452
354,2587.956506
355,2611.808687
356,2579.963919
357,2595.902890
358,2612.117540
359,2629.122623
360,2563.455455
361,2543.080406
362,2572.753166
363,2566.917088
364,2545.453849
365,2590.739836
366,2623.197998
367,2641.236550
368,2623.986011
369,2568.934154
370,2552.486559
371,2584.807056
372,2587.582253
373,2566.165269
374,2580.004153
375,2607.661732
376,2607.987168
377,2583.545141
378,2619.029788
379,2551.999436
380,2608.115936
381,2620.041586
382,2592.665035
383,2665.187695
384,2567.578358
385,2532.836614
386,2511.176929
387,2562.810096
388,2614.893769
389,2568.131122
390,2559.079041
391,2554.462097
392,2533.230269
393,2540.126424
394,2541.874647
395,2612.959748
396,2579.557015
397,2566.559562
398,2556.886412
399,2541.418234
400,2598.612850
401,2625.858408
402,2690.480941
403,2661.132834
404,2577.796662
405,2593.486297
406,2622.935661
407,2677.043863
408,2657.613608
409,2611.409647
410,2606.624923
411,2592.723967
412,2563.793847
413,2540.313524
414,2580.116255
415,2600.852957
416,2614.933027
417,2607.878962
418,2656.076834
419,2618.084358
420,2624.944001
421,2617.638395
422,2561.061044
423,2471.672598
424,2422.874166
425,2474.739280
426,2479.979143
427,2444.880816
428,2490.466925
429,2509.213162
430,2469.091612
431,2505.894409
432,2600.599733
433,2621.026768
434,2662.656799
435,2673.318706
436,2653.499749
437,2625.898823
438,2647.740420
439,2606.119768
440,2547.441425
441,2645.329908
442,2564.399479
443,2523.975654
444,2547.204520
445,2578.523166
446,2509.694996
447,2491.852908
448,2586.393324
449,2682.069211
450,2694.962749
451,2680.470792
452,2651.195029
453,2644.206333
454,2583.180989
455,2570.580656
456,2624.838391
457,2649.496025
458,2554.994266
459,2507.043079
460,2569.799468
461,2561.871726
462,2579.355938
463,2591.451872
464,2578.891673
465,2613.927150
466,2555.296482
467,2567.317457
468,2574.019292
469,2574.774980
470,2599.241742
471,2607.980026
472,2527.228790
473,2534.241647
474,2528.564069
475,2556.695416
476,2613.079895
477,2641.512044
478,2661.726947
479,2564.344939
480,2497.098029
481,2498.106568
482,2516.873958
483,2628.209558
484,2620.870969
485,2547.869220
486,2619.527361
487,2631.201477
488,2632.759380
489,2697.814359
490,2648.311154
491,2618.810514
492,2663.893232
493,2661.631711
494,2643.794547
495,2590.881376
496,2547.238998
497,2556.035830
498,2579.817725
499,2565.998287
