0,2872.494089
1,2998.249191
2,3025.627881
3,3093.297777
4,3216.841329
5,3231.075960
6,3241.124041
7,3331.932914
8,3517.985071
9,3587.751793
10,3691.654976
11,3783.582531
12,3753.833369
13,3820.060892
14,3851.830624
15,3927.170852
16,3917.456012
17,3917.218663
18,4108.329396
19,4232.257098
20,4269.302513
21,4293.328162
22,4362.243891
23,4408.876988
24,4529.176696
25,4661.032388
26,4690.788502
27,4700.838850
28,4701.145821
29,4726.205051
30,4667.955596
31,4643.395539
32,4655.045516
33,4687.683265
34,4720.433732
35,4733.660323
36,4769.028681
37,4762.569046
38,4751.299054
39,4796.337140
40,4808.802438
41,4927.750318
42,5001.946601
43,5061.335406
44,5100.720025
45,5105.917609
46,5158.260126
47,5173.082672
48,5261.159250
49,5269.401380
50,5284.262815
51,5317.851627
52,5335.563527
53,5295.237554
54,5353.766230
55,5339.978489
56,5420.807853
57,5300.422184
58,5364.435763
59,5347.638429
60,5456.276142
61,5404.696009
62,5603.653897
63,5623.181705
64,5749.349883
65,5878.584837
66,5917.702913
67,5886.506693
68,6102.269168
69,6066.213790
70,5962.184410
71,5891.587887
72,6045.737836
73,6164.114113
74,6203.850915
75,6122.795927
76,6215.335693
77,6227.472956
78,6218.470201
79,6169.417028
80,6165.159392
81,6166.066203
82,6253.594794
83,6385.636814
84,6358.496858
85,6487.857565
86,6465.603225
87,6506.700976
88,6542.705602
89,6603.375394
90,6492.744566
91,6607.289199
92,6588.254061
93,6634.838030
94,6466.386571
95,6563.600486
96,6628.260887
97,6625.150535
98,6601.969896
99,6546.927348
100,6533.412238
101,6637.965576
102,6636.840181
103,6589.821759
104,6711.022758
105,6603.566410
106,6702.285472
107,6680.028376
108,6751.744347
109,6722.194129
110,6700.812075
111,6766.000332
112,6759.189208
113,6747.799848
114,6719.156409
115,6779.937348
116,6884.142832
117,6827.251199
118,6786.781731
119,6810.760590
120,6867.342717
121,6838.215321
122,6845.821433
123,6789.101259
124,6778.811257
125,6769.156230
126,6824.797477
127,6835.073117
128,6901.420698
129,6877.482178
130,6841.293615
131,6837.558601
132,6838.110368
133,6933.373309
134,6969.791628
135,6934.763603
136,6998.350591
137,6962.903696
138,6928.137377
139,6926.685554
140,6941.936504
141,6957.569834
142,6959.258542
143,6958.877761
144,6943.670992
145,6942.887612
146,6944.992320
147,6966.625909
148,6960.677228
149,6999.168117
150,7010.003193
151,7025.500388
152,7001.123848
153,6987.985595
154,6972.345408
155,7012.499465
156,7003.599973
157,7007.657566
158,7029.319019
159,6957.040644
160,7012.701764
161,6976.487805
162,7001.046752
163,7012.539030
164,7010.891217
165,7044.551025
166,7022.539081
167,7022.983443
168,7052.661345
169,7050.876111
170,7026.887498
171,7026.104664
172,6995.898742
173,7024.059559
174,7031.924416
175,7051.490651
176,7066.946165
177,7028.270831
178,7059.249643
179,7050.625194
180,7047.426914
181,7063.869139
182,7061.045801
183,7064.915002
184,7057.189714
185,7055.123183
186,7065.794264
187,7064.934599
188,7065.267107
189,7047.591620
190,7060.130020
191,7055.096350
192,7056.478682
193,7049.823710
194,7054.306080
195,7059.760774
196,7057.380613
197,7044.226845
198,7060.811386
199,7076.602698
200,7074.954773
201,7075.669184
202,7065.258973
203,7058.428653
204,7068.844287
205,7077.586608
206,7075.391802
207,7074.922767
208,7078.619284
209,7074.146683
210,7073.753764
211,7066.275434
212,7066.330761
213,7074.425918
214,7077.198816
215,7074.371165
216,7077.991566
217,7074.048998
218,7075.374207
219,7073.784299
220,7076.958890
221,7078.274593
222,7077.057323
223,7074.917658
224,7076.424478
225,7077.248441
226,7074.975684
227,7076.346527
228,7078.865154
229,7077.782853
230,7078.815529
231,7075.428849
232,7075.593442
233,7076.701948
234,7075.380731
235,7079.111024
236,7079.799009
237,7077.622007
238,7076.042631
239,7075.833917
240,7077.604204
241,7078.874069
242,7075.313851
243,7077.308302
244,7078.865154
245,7078.373414
246,7077.558366
247,7077.795321
248,7079.111024
249,7075.172890
250,7078.186084
251,7079.553139
252,7069.207556
253,7075.354258
254,7076.456031
255,7066.606558
256,7076.898623
257,7078.483306
258,7075.978810
259,7078.237436
260,7076.788642
261,7079.061399
262,7074.373640
263,7073.074635
264,7073.546681
265,7077.740181
266,7071.118815
267,7076.042631
268,7076.707505
269,7078.865154
270,7077.586608
271,7077.795321
272,7079.111024
273,7078.815529
274,7077.750417
275,7079.061399
276,7077.782853
277,7079.799009
278,7076.916219
279,7078.483306
280,7078.028723
281,7079.799009
282,7079.799009
283,7078.619284
284,7078.815529
285,7075.031008
286,7075.305021
287,7079.307269
288,7079.799009
289,7079.553139
290,7078.569659
291,7079.553139
292,7075.634650
293,7079.553139
294,7078.619284
295,7079.061399
296,7079.307269
297,7077.291113
298,7075.799623
299,7078.628199
300,7079.061399
301,7078.815529
302,7073.381599
303,7075.128453
304,7074.922647
305,7072.723450
306,7078.483306
307,7072.813433
308,7071.270244
309,7078.483306
310,7077.795321
311,7077.986051
312,7077.554172
313,7075.582920
314,7079.111024
315,7077.881674
316,7077.881674
317,7077.248441
318,7076.947819
319,7078.323789
320,7079.061399
321,7078.237436
322,7077.936426
323,7078.428166
324,7077.057711
325,7076.510831
326,7074.558636
327,7078.373414
328,7071.143394
329,7077.936426
330,7071.957304
331,7078.674036
332,7079.553139
333,7079.061399
334,7076.811841
335,7078.373414
336,7077.940214
337,7077.291113
338,7075.766696
339,7075.811636
340,7078.237436
341,7078.028723
342,7079.111024
343,7078.182296
344,7078.569659
345,7076.429993
346,7079.307269
347,7074.942734
348,7076.799372
349,7077.549063
350,7077.303193
351,7067.118335
352,7078.815529
353,7079.061399
354,7078.674036
355,7078.674036
356,7076.424478
357,7077.298066
358,7075.508427
359,7075.198916
360,7077.549451
361,7077.794933
362,7078.483306
363,7078.483306
364,7077.526252
365,7073.046448
366,7077.749096
367,7075.293990
368,7073.983396
369,7077.795321
370,7077.106948
371,7076.570692
372,7078.865154
373,7077.986051
374,7079.111024
375,7079.799009
376,7076.291363
377,7075.660663
378,7077.782853
379,7079.799009
380,7079.799009
381,7076.401851
382,7074.320694
383,7079.799009
384,7078.865154
385,7079.307269
386,7075.985226
387,7073.599571
388,7076.479619
389,7077.795321
390,7074.810525
391,7078.483306
392,7076.434714
393,7078.865154
394,7076.401851
395,7078.182296
396,7078.815529
397,7072.351140
398,7073.278090
399,7078.274593
400,7076.504307
401,7076.750177
402,7076.213454
403,7075.373777
404,7076.848568
405,7073.905510
406,7077.444686
407,7069.294150
408,7075.571848
409,7071.125184
410,7077.986051
411,7076.555329
412,7079.111024
413,7079.799009
414,7076.592397
415,7069.640069
416,7070.890095
417,7072.999088
418,7074.218643
419,7068.307640
420,7075.145544
421,7076.036728
422,7076.178220
423,7074.802250
424,7076.473716
425,7078.373414
426,7079.111024
427,7075.796761
428,7072.037183
429,7078.919906
430,7075.233544
431,7079.799009
432,7074.158128
433,7078.231921
434,7077.931299
435,7077.549451
436,7079.799009
437,7078.040803
438,7075.331058
439,7073.154325
440,7075.845998
441,7071.653020
442,7077.107336
443,7079.553139
444,7078.028723
445,7075.040672
446,7070.779591
447,7075.736493
448,7075.490623
449,7075.391373
450,7069.876651
451,7075.886901
452,7074.342451
453,7078.423039
454,7070.661179
455,7074.769480
456,7074.807765
457,7077.008086
458,7075.941653
459,7076.406794
460,7075.776424
461,7071.439711
462,7077.243314
463,7078.865154
464,7067.578009
465,7079.553139
466,7077.543936
467,7077.549451
468,7078.865154
469,7077.047069
470,7074.834579
471,7071.225229
472,7079.553139
473,7078.919906
474,7079.111024
475,7079.111024
476,7077.161701
477,7079.799009
478,7073.668996
479,7078.040803
480,7079.553139
481,7079.553139
482,7076.903750
483,7076.921734
484,7079.111024
485,7073.884094
486,7074.987674
487,7073.841922
488,7079.111024
489,7079.799009
490,7078.040803
491,7074.715510
492,7075.981975
493,7075.550096
494,7073.976055
495,7075.592768
496,7079.799009
497,7078.865154
498,7073.220317
499,7077.363729
