0,2756.739196
1,3121.760519
2,3338.810257
3,3553.837924
4,3752.481152
5,3936.433426
6,4000.256208
7,4083.861569
8,4148.582248
9,4204.512010
10,4316.799179
11,4412.231488
12,4441.441402
13,4434.656985
14,4537.461888
15,4576.388124
16,4681.305208
17,4751.597349
18,4749.177819
19,4737.794952
20,4829.309022
21,4991.339003
22,5042.833973
23,5068.175977
24,5034.012088
25,5214.759902
26,5280.689878
27,5208.331191
28,5278.782565
29,5383.322241
30,5386.309084
31,5332.738601
32,5437.390860
33,5480.383616
34,5493.363053
35,5495.251686
36,5553.081715
37,5629.143693
38,5688.108941
39,5690.440719
40,5787.615733
41,5705.895132
42,5718.610659
43,5685.278883
44,5679.465281
45,5718.385336
46,5796.730084
47,5776.293034
48,5661.714718
49,5644.721424
50,5648.797343
51,5611.988713
52,5629.988340
53,5604.822348
54,5619.628278
55,5638.341712
56,5867.290930
57,6023.092753
58,5877.371850
59,6000.856884
60,6068.656119
61,6121.493351
62,5934.586858
63,5914.924463
64,5999.520027
65,6181.378156
66,6160.875415
67,6052.402836
68,6151.807470
69,6192.642314
70,6295.993286
71,6220.959657
72,6267.042499
73,6305.511275
74,6333.172444
75,6263.703894
76,6190.220835
77,6247.369077
78,6255.622536
79,6237.729883
80,6312.410546
81,6482.811288
82,6504.178199
83,6605.430841
84,6675.974516
85,6510.554541
86,6506.800856
87,6503.178417
88,6554.518653
89,6578.354302
90,6711.465842
91,6803.742451
92,6742.469144
93,6663.083024
94,6702.285105
95,6693.293661
96,6778.337834
97,6709.362867
98,6556.452549
99,6590.104458
100,6516.789381
101,6544.112974
102,6583.612339
103,6578.563275
104,6679.735054
105,6660.394552
106,6562.439396
107,6664.363719
108,7019.024075
109,7032.232128
110,6958.930591
111,6945.667088
112,7126.296503
113,7077.330120
114,7159.601943
115,6951.448447
116,7170.851533
117,7158.443930
118,7132.021003
119,7360.439299
120,7344.010839
121,7246.808856
122,7486.323039
123,7470.283551
124,7618.178848
125,7719.360663
126,7659.596326
127,7645.836667
128,7618.150968
129,7784.670323
130,7698.861513
131,7739.259810
132,7739.657919
133,7989.915812
134,7815.011339
135,7727.720981
136,7704.722463
137,7784.741585
138,7641.128325
139,7847.222115
140,7916.541501
141,7958.426564
142,8196.614047
143,8010.286698
144,8137.181886
145,8128.275578
146,8050.142623
147,8162.203117
148,8335.802171
149,8282.218257
150,8081.060848
151,8207.089124
152,8416.898498
153,8353.637914
154,8582.958321
155,8341.900650
156,8274.332856
157,8255.637696
158,8264.108338
159,8439.001476
160,8457.608846
161,8417.662254
162,8515.347205
163,8561.787874
164,8547.892977
165,8557.101293
166,8592.425200
167,8548.576220
168,8595.678819
169,8500.984502
170,8647.645848
171,8694.863043
172,8641.340102
173,8736.460866
174,8693.589708
175,8791.282154
176,8751.857586
177,8786.787338
178,8788.665879
179,8665.974637
180,8776.000033
181,8939.252823
182,8892.302989
183,9052.388380
184,9100.144948
185,9212.526459
186,9269.256945
187,9301.064298
188,9332.426178
189,9303.447100
190,9284.205902
191,9310.769218
192,9311.745361
193,9317.520337
194,9314.566278
195,9158.326286
196,9199.774671
197,9321.022305
198,9278.804812
199,9284.937207
200,9316.655548
201,9353.701913
202,9349.524067
203,9354.046780
204,9362.982211
205,9376.636327
206,9338.946553
207,9313.415426
208,9337.722926
209,9339.582544
210,9211.410151
211,9319.032596
212,9373.518290
213,9373.249106
214,9368.347351
215,9370.540997
216,9357.915997
217,9370.025205
218,9377.320728
219,9375.923278
220,9334.270453
221,9362.108336
222,9361.526095
223,9383.890667
224,9363.921763
225,9381.548005
226,9354.725727
227,9378.143821
228,9379.280354
229,9374.117770
230,9371.543804
231,9387.495161
232,9369.172721
233,9382.979687
234,9340.818806
235,9386.340378
236,9374.124008
237,9366.382096
238,9384.741825
239,9384.878444
240,9384.442483
241,9389.870456
242,9385.315659
243,9388.422755
244,9387.316393
245,9372.050668
246,9391.593838
247,9351.842699
248,9371.900355
249,9379.342048
250,9383.452266
251,9381.773356
252,9322.661487
253,9378.407897
254,9388.403331
255,9385.424856
256,9336.907418
257,9422.660557
258,9504.297715
259,9551.846606
260,9561.255184
261,9561.529601
262,9560.555220
263,9554.809045
264,9545.956248
265,9556.522779
266,9562.005610
267,9555.723526
268,9558.918707
269,9554.756144
270,9553.278707
271,9549.481490
272,9567.574237
273,9563.136378
274,9566.553603
275,9564.737509
276,9526.719705
277,9542.008638
278,9560.563356
279,9569.283540
280,9567.826970
281,9549.126883
282,9565.356740
283,9555.375884
284,9568.136466
285,9531.882936
286,9561.278664
287,9567.780729
288,9564.575143
289,9569.283540
290,9566.770220
291,9565.453277
292,9563.054674
293,9546.545461
294,9561.864356
295,9552.689005
296,9559.246598
297,9569.283540
298,9567.706637
299,9566.251784
300,9557.099457
301,9562.258456
302,9550.170621
303,9574.822346
304,9594.885227
305,9617.321167
306,9629.422176
307,9637.909565
308,9632.941904
309,9629.962066
310,9633.424568
311,9595.431526
312,9609.969840
313,9633.438455
314,9625.719313
315,9613.686898
316,9612.739012
317,9636.513957
318,9603.999276
319,9637.909565
320,9637.909565
321,9609.808327
322,9636.695633
323,9634.130164
324,9632.863116
325,9636.104506
326,9630.643522
327,9453.277327
328,9585.243195
329,9624.499668
330,9631.622774
331,9637.909565
332,9636.288017
333,9637.909565
334,9635.825607
335,9633.984621
336,9620.793028
337,9631.158251
338,9610.412521
339,9595.571292
340,9635.095495
341,9627.891054
342,9630.490888
343,9634.737913
344,9627.911366
345,9637.640715
346,9634.380086
347,9627.156949
348,9620.652158
349,9625.157094
350,9636.544347
351,9628.943665
352,9631.492082
353,9471.049832
354,9556.540522
355,9608.442605
356,9610.572350
357,9628.711151
358,9637.909565
359,9585.962235
360,9622.473782
361,9628.489286
362,9613.428830
363,9597.544281
364,9633.206521
365,9631.549879
366,9636.746153
367,9628.969615
368,9628.831340
369,9621.017094
370,9619.886722
371,9707.872340
372,9807.111052
373,9801.660744
374,9856.707170
375,9873.280243
376,9878.284202
377,9846.300859
378,9877.250906
379,9884.596917
380,9881.848506
381,9859.398969
382,9877.812305
383,9878.535848
384,9869.022728
385,9880.088197
386,9876.791862
387,9877.315869
388,9884.596917
389,9883.752310
390,9825.828937
391,9872.764117
392,9847.117816
393,9880.887583
394,9880.144106
395,9884.596917
396,9871.822920
397,9884.452505
398,9877.288641
399,9878.002542
400,9883.212538
401,9871.968268
402,9866.009453
403,9877.534962
404,9875.129834
405,9871.219106
406,9838.578744
407,9882.597015
408,9874.299790
409,9861.594492
410,9844.650824
411,9728.096958
412,9829.047572
413,9862.469809
414,9870.503364
415,9873.013542
416,9875.019173
417,9872.725099
418,9877.375754
419,9877.351799
420,9867.668044
421,9874.573294
422,9883.743553
423,9876.656820
424,9879.178668
425,9881.844877
426,9881.352567
427,9851.092892
428,9878.521116
429,9882.136375
430,9878.253869
431,9877.947482
432,9863.827252
433,9858.705277
434,9869.174589
435,9884.596917
436,9857.154920
437,9879.510843
438,9880.837384
439,9816.229385
440,9844.742466
441,9873.696551
442,9882.661659
443,9880.928279
444,9881.639361
445,9881.057459
446,9869.341252
447,9860.699586
448,9878.429459
449,9880.225694
450,9880.211623
451,9851.528138
452,9884.596917
453,9872.387166
454,9881.592272
455,9861.934461
456,9879.404640
457,9876.763998
458,9884.596917
459,9876.131839
460,9870.868914
461,9871.740080
462,9881.469343
463,9880.485593
464,9879.572785
465,9880.482441
466,9877.684176
467,9875.857339
468,9881.275096
469,9862.747241
470,9872.629267
471,9972.601894
472,10070.416169
473,10099.307678
474,10111.105806
475,10079.051287
476,10108.978906
477,10107.420235
478,10103.028607
479,10103.027191
480,10115.432313
481,10112.431761
482,10112.109668
483,10096.497553
484,10107.210159
485,10114.391369
486,10110.772791
487,10110.985034
488,10102.143531
489,10116.099707
490,10098.216134
491,10112.095610
492,10116.099707
493,10077.593901
494,10110.186668
495,10114.588925
496,10096.910966
497,10108.589418
498,10115.083092
499,10113.901174
