0,2712.550974
1,5375.003644
2,5915.108343
3,6435.820192
4,6823.587539
5,7131.268395
6,7475.076038
7,7799.310158
8,8107.099692
9,8289.077053
10,8464.373987
11,8675.569110
12,8974.742338
13,9249.060895
14,9448.753492
15,9712.841469
16,9885.774678
17,10373.215081
18,10544.720760
19,10783.908365
20,10968.463351
21,11062.939621
22,11351.908406
23,11550.589035
24,11695.065389
25,11706.077459
26,11913.883249
27,12063.769195
28,12126.130233
29,12148.912159
30,12282.773703
31,12584.951376
32,12657.239596
33,12756.399439
34,12729.641962
35,13034.482825
36,13251.838259
37,13446.142361
38,13654.374397
39,13649.503960
40,13662.108659
41,13858.949086
42,13771.912855
43,14067.126702
44,13939.642408
45,13934.430265
46,14241.728354
47,14108.645912
48,14358.036681
49,14509.212276
50,14590.557045
51,14442.550164
52,14617.473768
53,14596.293996
54,14494.821992
55,14484.714003
56,14747.073483
57,14894.933951
58,14848.772050
59,15144.296949
60,15009.816386
61,14980.531116
62,15145.066594
63,15355.035218
64,15386.500788
65,15417.477127
66,15227.513824
67,15478.535427
68,15519.741410
69,15476.229721
70,15428.384361
71,15560.890956
72,15739.439752
73,15674.685126
74,15709.677593
75,15726.826834
76,15912.153468
77,15472.036218
78,15427.737270
79,15801.883857
80,15842.073196
81,15981.469684
82,15987.774405
83,15852.810045
84,15928.284150
85,15928.868905
86,16162.322106
87,16036.508930
88,16032.934829
89,15951.033727
90,15953.129816
91,16127.397856
92,16155.756124
93,16206.526834
94,16043.384052
95,16115.323473
96,16259.466985
97,16062.480715
98,15887.334331
99,16377.760506
100,16178.824704
101,16283.232013
102,15867.323736
103,16197.933276
104,15980.806035
105,16003.667705
106,16103.445840
107,16479.571473
108,16241.327702
109,16322.924825
110,16075.678780
111,16253.222971
112,16052.338004
113,16131.324479
114,16228.930056
115,16176.699286
116,15994.234097
117,15964.253626
118,15709.873419
119,15945.155341
120,16012.996898
121,16259.852695
122,16080.254973
123,16080.597848
124,16216.410003
125,15891.053691
126,16098.670000
127,16247.882652
128,16182.801542
129,16180.640790
130,16225.081565
131,16034.919747
132,16278.030537
133,16274.024108
134,16297.965420
135,16560.640796
136,16508.930027
137,16429.207003
138,16137.623681
139,16335.981984
140,16377.305388
141,16313.245898
142,16160.207299
143,15995.496897
144,16212.108051
145,16564.871592
146,16233.637156
147,16332.028350
148,16174.895050
149,16017.249705
150,16095.019412
151,16006.653551
152,16361.501166
153,16455.716714
154,16402.780843
155,16241.955535
156,16392.868513
157,16349.284506
158,16275.685648
159,16221.836821
160,16144.864219
161,16230.063182
162,16055.030974
163,16292.727795
164,16296.097960
165,16329.793416
166,16283.938178
167,16294.876837
168,16400.200878
169,16409.938270
170,16307.053302
171,16250.882997
172,16352.352059
173,16226.478449
174,16090.280979
175,16501.793199
176,16453.248179
177,16335.809737
178,16475.349024
179,16235.663042
180,16203.593786
181,16369.544545
182,16420.834428
183,16238.457458
184,16278.027232
185,16426.230847
186,16472.002143
187,16403.567307
188,16468.451076
189,16280.846755
190,16297.270556
191,16277.216701
192,16264.693096
193,16345.542937
194,16360.139872
195,16556.679379
196,16420.907687
197,16234.008313
198,16375.163816
199,16272.620105
200,16543.476612
201,16646.380330
202,16583.866453
203,16759.855357
204,16673.866306
205,16605.102303
206,16722.951768
207,16635.685658
208,16489.346144
209,16449.535203
210,16692.585749
211,16806.322311
212,16566.953562
213,16659.065455
214,16663.543507
215,16608.226668
216,16436.358847
217,16499.574092
218,16453.482348
219,16565.240417
220,16473.175003
221,16526.331459
222,16615.304787
223,16378.195534
224,16589.741116
225,16826.448463
226,16753.420127
227,16715.148263
228,16944.178335
229,16874.024891
230,16550.727620
231,16602.656863
232,16737.944611
233,16884.038272
234,16647.485613
235,16716.656398
236,16797.210894
237,16721.416095
238,16872.613970
239,16847.805725
240,16747.880856
241,16677.341016
242,16613.704594
243,16478.096250
244,16591.355824
245,16801.672354
246,16904.793208
247,16811.017434
248,16751.841888
249,16555.683774
250,16659.049618
251,16816.380258
252,16760.249530
253,16803.429330
254,16609.078575
255,16525.786759
256,16666.988588
257,16437.358893
258,16603.886373
259,16754.975178
260,16890.120704
261,16534.642211
262,16826.741200
263,16600.215213
264,16698.848406
265,16575.348526
266,16666.465995
267,16786.454738
268,16622.817700
269,16636.543084
270,16778.148070
271,16736.281528
272,16700.461936
273,16783.686626
274,16482.229841
275,16617.960897
276,16756.028850
277,16793.664160
278,16613.498304
279,16497.443918
280,16686.654904
281,16797.735483
282,16896.232443
283,16812.438256
284,16923.362439
285,16863.474175
286,16806.552640
287,16580.584933
288,16736.601438
289,16726.389558
290,16752.172774
291,16544.441194
292,17105.612739
293,16695.080020
294,16744.253134
295,16769.404199
296,16972.485089
297,16674.199158
298,16762.666516
299,16676.578836
300,16685.117831
301,16480.061999
302,16939.411704
303,16819.276944
304,16482.636750
305,16613.671342
306,16490.646642
307,16650.119780
308,16826.782647
309,16984.508427
310,17024.334390
311,16762.312161
312,16813.246642
313,16656.544805
314,16876.316416
315,16562.679601
316,16904.876162
317,16894.208322
318,16981.031739
319,16904.855543
320,16773.665681
321,16733.843539
322,16551.544654
323,16357.387462
324,16425.115814
325,16805.868827
326,16914.158270
327,16643.636123
328,16767.782831
329,17034.383907
330,17012.228909
331,17065.621494
332,16781.955591
333,16630.157375
334,16678.855197
335,16858.446255
336,16757.470677
337,16823.085951
338,16797.044001
339,17022.524516
340,16951.391119
341,16819.254266
342,17087.175787
343,16810.428753
344,16784.983460
345,16851.307710
346,16843.439369
347,16740.747849
348,16646.074638
349,16960.778574
350,16548.201135
351,16787.918889
352,17155.140120
353,17038.084724
354,17040.119623
355,16991.760299
356,16894.391441
357,17078.218091
358,16927.153873
359,16946.064450
360,17013.367022
361,16699.917200
362,16596.745488
363,16772.307400
364,16858.201014
365,16809.461569
366,16703.404887
367,16790.807732
368,16912.103177
369,16682.595089
370,16940.383559
371,16951.567498
372,17027.152314
373,16750.803972
374,16947.937562
375,16921.948079
376,17071.752009
377,17041.724254
378,16975.089778
379,16860.730564
380,17253.998650
381,16974.473534
382,16903.389766
383,16960.624068
384,16973.612245
385,16892.314166
386,17082.598130
387,16908.435333
388,17056.767304
389,17107.065384
390,17415.274177
391,17163.266775
392,17046.739469
393,17223.683064
394,17044.355572
395,16872.387720
396,16992.485261
397,16770.646176
398,16578.377079
399,16807.116592
400,16768.000679
401,16778.690706
402,17071.100217
403,17153.675536
404,17177.619215
405,17268.657799
406,17187.751610
407,17291.939266
408,17324.513112
409,17294.168108
410,17009.828217
411,17002.851708
412,16911.294010
413,16750.707477
414,16875.306143
415,17103.342735
416,17083.163794
417,17141.388294
418,16728.248380
419,16700.304192
420,16922.152927
421,16986.439938
422,17220.319948
423,17370.866611
424,17194.055107
425,16989.039795
426,16967.504295
427,16711.735277
428,17063.134675
429,16786.677175
430,16896.136530
431,16920.079106
432,17108.634144
433,17321.894132
434,17192.613480
435,17028.396594
436,17001.380028
437,17439.603455
438,17286.733730
439,17079.394789
440,16890.240816
441,16947.168206
442,16949.702321
443,17169.832118
444,17258.785690
445,17226.618749
446,17238.814366
447,16983.784704
448,17160.826936
449,17047.727998
450,16934.229474
451,16897.639375
452,17190.162582
453,17095.819271
454,17124.173163
455,16836.671636
456,17014.851078
457,17289.748743
458,17283.300650
459,17110.676589
460,17070.130753
461,17043.927420
462,17174.790082
463,17030.863985
464,16928.391500
465,17273.914651
466,17109.804120
467,16994.804515
468,16942.994202
469,17095.342786
470,16869.486954
471,17018.134610
472,16940.486089
473,16898.025598
474,16957.236290
475,16987.916374
476,16903.336353
477,16936.676007
478,16934.973010
479,17097.101704
480,17036.993124
481,17178.756877
482,17125.774116
483,17013.757593
484,16949.994224
485,17199.153957
486,17318.850339
487,17336.085785
488,17384.090161
489,17194.898945
490,17068.599262
491,17210.533021
492,17025.088887
493,17114.916788
494,17202.727427
495,17087.502042
496,16961.469444
497,17167.694846
498,17102.186233
499,16983.743118
