0,2780.602223
1,2779.274593
2,2833.582779
3,2809.086940
4,2840.196642
5,2919.259604
6,2927.627267
7,2935.714619
8,3051.066998
9,3048.674508
10,3074.141999
11,3174.906720
12,3247.311770
13,3253.630375
14,3412.893006
15,3475.903429
16,3460.353708
17,3359.781940
18,3407.825041
19,3453.974968
20,3414.482426
21,3343.598857
22,3319.076219
23,3376.606555
24,3288.631035
25,3272.207784
26,3401.034880
27,3428.490986
28,3493.251004
29,3611.250312
30,3585.855475
31,3575.482023
32,3612.016564
33,3609.144353
34,3745.409400
35,3792.657064
36,3938.280326
37,3998.157299
38,4095.651842
39,4086.061040
40,4156.581521
41,4149.562364
42,4125.875582
43,4099.269712
44,4100.220429
45,4173.498695
46,4154.765120
47,4031.390574
48,4135.113885
49,4205.837759
50,4190.382302
51,4167.236977
52,4190.166998
53,4230.541458
54,4289.009558
55,4308.637091
56,4335.969778
57,4446.068357
58,4458.062568
59,4421.032478
60,4470.516010
61,4468.127305
62,4504.816077
63,4632.346785
64,4827.377923
65,4883.727467
66,4922.010372
67,5044.255062
68,5099.095927
69,5178.484629
70,5362.972194
71,5411.797907
72,5438.758123
73,5534.326911
74,5652.441258
75,5678.761723
76,5740.254672
77,5724.500013
78,5711.323318
79,5774.246791
80,5913.173631
81,6059.567727
82,6107.695182
83,6157.656542
84,6200.879349
85,6283.661342
86,6376.286857
87,6357.831110
88,6340.526543
89,6437.613234
90,6568.481397
91,6598.514855
92,6673.525606
93,6783.551110
94,6993.509144
95,6981.868568
96,6959.879515
97,7058.051169
98,6939.139223
99,6980.530260
100,7024.794557
101,6995.751120
102,6988.235104
103,7089.094439
104,7141.996526
105,7155.688996
106,7178.462406
107,7137.952168
108,7185.653726
109,7202.976096
110,7223.013726
111,7256.984831
112,7209.640284
113,7220.105386
114,7360.032682
115,7354.548967
116,7293.852954
117,7398.282750
118,7462.545619
119,7478.322918
120,7595.706892
121,7523.881336
122,7529.194525
123,7567.453196
124,7625.019681
125,7615.933955
126,7604.545606
127,7689.651198
128,7713.393950
129,7850.855353
130,7902.446802
131,7850.281400
132,7904.374162
133,7924.130717
134,7916.905929
135,7956.127418
136,7951.064067
137,7881.692792
138,7968.081858
139,7987.433712
140,7941.385437
141,7974.063362
142,7971.821811
143,8022.986934
144,8080.333732
145,7972.646383
146,8021.495054
147,8137.835330
148,8179.627252
149,8113.095435
150,8129.325673
151,8174.776922
152,8208.629134
153,8275.908844
154,8299.824450
155,8264.688783
156,8264.174235
157,8332.991477
158,8305.909674
159,8275.263529
160,8306.423220
161,8302.416067
162,8236.936146
163,8216.679814
164,8297.311524
165,8323.382653
166,8367.047519
167,8343.386531
168,8390.916147
169,8381.287485
170,8387.495462
171,8363.784223
172,8404.149434
173,8409.185587
174,8429.206860
175,8426.364292
176,8460.833317
177,8473.588343
178,8492.681865
179,8467.402184
180,8487.092806
181,8469.262369
182,8510.746643
183,8538.728205
184,8526.123864
185,8524.824262
186,8544.562369
187,8561.445557
188,8566.392070
189,8578.309961
190,8589.410270
191,8586.435684
192,8582.447678
193,8626.041771
194,8642.329769
195,8632.858795
196,8597.858859
197,8612.728248
198,8611.986532
199,8633.689959
200,8646.098382
201,8655.768624
202,8655.048730
203,8681.817004
204,8686.876251
205,8674.480539
206,8682.474101
207,8686.152919
208,8664.997781
209,8666.987480
210,8669.532224
211,8658.321493
212,8662.354033
213,8665.821209
214,8679.255510
215,8693.162180
216,8696.562171
217,8681.564013
218,8688.573931
219,8696.595174
220,8699.862002
221,8701.095158
222,8711.861214
223,8713.263562
224,8714.725732
225,8727.554167
226,8717.287435
227,8711.455948
228,8715.838203
229,8716.182123
230,8717.285863
231,8716.495291
232,8722.042407
233,8733.362175
234,8724.798690
235,8720.442621
236,8725.531605
237,8717.762440
238,8717.032666
239,8713.932915
240,8720.728044
241,8725.704422
242,8736.288716
243,8739.098615
244,8740.497989
245,8734.062017
246,8741.600554
247,8740.299340
248,8752.962116
249,8747.457149
250,8745.721806
251,8737.333886
252,8731.936021
253,8728.939398
254,8736.306880
255,8730.694832
256,8734.029678
257,8735.463437
258,8733.269924
259,8741.559855
260,8743.888260
261,8747.798327
262,8743.709875
263,8736.134451
264,8734.726367
265,8721.123981
266,8732.346750
267,8732.922129
268,8739.839765
269,8732.113954
270,8722.235214
271,8743.937831
272,8740.589994
273,8732.489558
274,8738.085244
275,8738.567410
276,8738.912609
277,8737.031547
278,8740.026054
279,8733.133830
280,8741.246809
281,8737.548553
282,8745.333313
283,8741.916233
284,8745.191991
285,8739.370163
286,8743.427617
287,8718.022086
288,8726.339734
289,8734.873978
290,8746.307097
291,8748.778691
292,8737.529107
293,8738.295893
294,8738.494542
295,8745.753716
296,8747.663477
297,8745.976408
298,8751.144326
299,8755.452828
300,8748.937930
301,8733.261462
302,8742.119277
303,8751.421084
304,8760.038229
305,8753.817176
306,8750.351992
307,8753.699983
308,8762.525792
309,8755.700677
310,8745.556761
311,8748.702982
312,8748.318994
313,8735.245938
314,8738.701460
315,8724.781118
316,8738.953915
317,8740.096292
318,8746.132467
319,8744.930634
320,8741.236412
321,8750.303782
322,8753.071927
323,8752.533068
324,8748.978989
325,8753.791995
326,8744.380503
327,8741.758437
328,8738.379518
329,8736.945849
330,8735.672941
331,8730.670810
332,8729.253875
333,8732.248986
334,8729.673603
335,8736.077315
336,8749.416534
337,8752.450728
338,8756.410414
339,8753.755135
340,8751.144200
341,8749.477722
342,8745.772128
343,8749.988078
344,8752.595719
345,8735.038057
346,8734.027544
347,8733.224370
348,8734.943780
349,8737.761057
350,8746.449260
351,8738.842917
352,8742.476459
353,8726.568828
354,8721.855748
355,8733.911232
356,8736.147332
357,8724.528512
358,8730.133797
359,8719.812835
360,8731.271313
361,8732.147255
362,8730.590603
363,8741.670524
364,8728.468961
365,8730.001684
366,8738.250566
367,8733.516519
368,8724.709271
369,8726.452534
370,8723.615520
371,8734.892536
372,8734.976018
373,8730.537887
374,8736.360224
375,8741.850323
376,8747.416747
377,8747.252352
378,8749.844064
379,8737.225789
380,8743.960050
381,8735.925565
382,8731.767155
383,8739.430927
384,8737.357313
385,8738.187772
386,8738.405125
387,8747.085399
388,8739.624848
389,8743.250855
390,8744.207834
391,8755.087477
392,8751.347507
393,8743.659267
394,8744.748604
395,8740.504671
396,8749.652900
397,8743.564552
398,8736.933308
399,8729.320537
400,8735.799902
401,8724.501308
402,8737.363916
403,8739.838609
404,8742.008318
405,8751.996031
406,8749.400030
407,8758.553198
408,8759.637905
409,8763.984044
410,8758.467023
411,8748.993926
412,8749.508295
413,8745.816031
414,8741.851624
415,8740.168334
416,8741.099417
417,8729.079698
418,8733.412337
419,8738.928285
420,8740.234325
421,8745.419165
422,8750.281762
423,8745.688854
424,8744.409090
425,8745.082960
426,8730.672711
427,8744.487894
428,8741.050909
429,8740.903326
430,8739.994739
431,8743.601966
432,8739.508014
433,8740.326142
434,8745.103057
435,8741.678173
436,8736.822318
437,8736.067727
438,8747.585785
439,8740.753169
440,8747.066250
441,8742.169947
442,8730.852637
443,8736.926770
444,8741.965013
445,8739.107683
446,8735.769309
447,8742.323485
448,8737.245060
449,8730.474432
450,8729.659347
451,8725.995499
452,8726.513530
453,8734.775616
454,8740.690610
455,8742.508246
456,8745.851924
457,8747.564471
458,8749.873718
459,8738.668703
460,8735.705601
461,8743.265419
462,8733.302992
463,8738.170061
464,8739.916230
465,8751.334731
466,8753.995975
467,8748.065792
468,8737.327203
469,8732.734972
470,8736.169588
471,8723.683779
472,8740.405846
473,8733.128386
474,8736.928453
475,8732.831838
476,8726.679586
477,8741.900634
478,8728.850008
479,8728.719833
480,8733.601481
481,8729.661365
482,8731.580974
483,8729.263020
484,8738.386333
485,8732.420969
486,8735.485295
487,8737.455923
488,8745.226677
489,8748.937253
490,8732.152297
491,8741.112585
492,8728.930232
493,8740.099958
494,8738.554706
495,8729.837283
496,8732.782445
497,8744.970719
498,8748.389170
499,8741.278810
