0,2771.138244
1,5603.064661
2,6094.436096
3,6478.581778
4,6857.346338
5,7370.703320
6,7650.853398
7,7892.289910
8,8332.200346
9,8682.908572
10,9204.022652
11,9543.664881
12,9744.139067
13,10072.857565
14,10432.385298
15,10978.339437
16,11348.369469
17,11787.165587
18,12097.609544
19,12305.866554
20,12497.889625
21,12950.899690
22,13049.835916
23,13003.367665
24,13314.324284
25,13654.577457
26,13723.368075
27,13737.040040
28,14071.475130
29,14123.016322
30,14304.804946
31,14503.171117
32,14673.633826
33,14924.349381
34,14750.896462
35,14927.184959
36,15303.190198
37,15343.546996
38,15409.529824
39,15800.183067
40,15778.489475
41,16143.214275
42,15925.573579
43,15736.030824
44,15895.251921
45,16350.671922
46,16446.588229
47,16001.515447
48,16166.880196
49,16390.615364
50,16326.954733
51,16539.921746
52,16307.076860
53,16117.351381
54,16339.321543
55,16532.000198
56,16509.914379
57,16615.608028
58,16723.688123
59,16945.976758
60,16931.867483
61,17104.534004
62,17303.791699
63,17640.349918
64,17435.021778
65,17397.551912
66,17492.986216
67,17288.842307
68,17683.862439
69,17663.839855
70,17475.584450
71,17492.400943
72,17762.701098
73,17955.739262
74,18081.767714
75,17642.046903
76,17676.048067
77,17597.253527
78,17802.720913
79,18037.664864
80,17591.009948
81,17866.055008
82,17945.500086
83,17797.486450
84,17847.965245
85,17714.134601
86,17902.423472
87,17922.378836
88,18140.832516
89,17900.715375
90,17985.457690
91,18345.759560
92,18362.244655
93,18302.070419
94,18323.984846
95,18466.611328
96,18554.946256
97,18604.472011
98,18501.531729
99,18695.575696
100,18859.050128
101,18607.568682
102,18938.190639
103,19185.833663
104,19450.313269
105,19298.042051
106,19353.465379
107,19424.558708
108,19554.970591
109,19458.902272
110,19755.860596
111,19845.168788
112,19736.401326
113,19856.620737
114,19740.859472
115,19733.442336
116,19641.972342
117,19859.158451
118,19945.737765
119,19690.567307
120,19637.439092
121,19756.258979
122,19899.459691
123,19976.952217
124,19904.487473
125,19915.742815
126,19984.850639
127,19988.607789
128,19949.316468
129,20079.064860
130,19939.068493
131,20057.847822
132,20122.387049
133,20055.902570
134,19928.734400
135,20078.557461
136,19975.636019
137,20125.272488
138,20024.990154
139,20127.768632
140,20092.059877
141,20121.831137
142,20138.059951
143,20095.757610
144,20153.217308
145,20188.727502
146,20190.101061
147,20139.081081
148,20149.078186
149,20155.083039
150,20199.029979
151,20216.053653
152,20188.232799
153,20136.953123
154,20148.077184
155,20177.067442
156,20116.107289
157,20140.118706
158,20177.283524
159,20184.391782
160,20246.357617
161,20196.331498
162,20158.263522
163,20196.613757
164,20262.484028
165,20255.359937
166,20242.231875
167,20310.225450
168,20324.379922
169,20321.358401
170,20402.692654
171,20411.642569
172,20406.631359
173,20417.093996
174,20385.874037
175,20415.467870
176,20389.050494
177,20393.416791
178,20390.386320
179,20382.614377
180,20418.117510
181,20429.544800
182,20385.700184
183,20424.307324
184,20433.576240
185,20426.753291
186,20410.402298
187,20431.153695
188,20425.176891
189,20437.045793
190,20448.998212
191,20422.636422
192,20419.959621
193,20443.636579
194,20444.608760
195,20426.755630
196,20435.751143
197,20402.687857
198,20418.164349
199,20436.930885
200,20438.090074
201,20426.949591
202,20435.007790
203,20439.929720
204,20443.132029
205,20447.600115
206,20439.080220
207,20446.950474
208,20440.867629
209,20436.647017
210,20446.603774
211,20441.425457
212,20441.829193
213,20446.816093
214,20447.317075
215,20444.841755
216,20445.080281
217,20442.229093
218,20442.974392
219,20449.799470
220,20450.215015
221,20454.580418
222,20457.323500
223,20456.451320
224,20479.806533
225,20493.052927
226,20520.214549
227,20544.102160
228,20552.808859
229,20553.314853
230,20556.021513
231,20559.506320
232,20555.310808
233,20558.248604
234,20548.755547
235,20558.381224
236,20560.622564
237,20554.672334
238,20558.197752
239,20560.622564
240,20556.113916
241,20555.092993
242,20558.782374
243,20558.517065
244,20555.743032
245,20560.622564
246,20559.258429
247,20560.622564
248,20553.876263
249,20558.291306
250,20559.312394
251,20555.280669
252,20560.622564
253,20556.471815
254,20559.000237
255,20559.479525
256,20558.462562
257,20557.162052
258,20560.622564
259,20556.644960
260,20552.031363
261,20553.204995
262,20558.255046
263,20558.383999
264,20556.801982
265,20560.622564
266,20560.622564
267,20555.224303
268,20549.552106
269,20554.654560
270,20556.783039
271,20558.158316
272,20555.784886
273,20558.341858
274,20560.622564
275,20558.473244
276,20544.558472
277,20551.863151
278,20558.271563
279,20558.279596
280,20556.382503
281,20560.622564
282,20556.577097
283,20560.622564
284,20557.974075
285,20557.285818
286,20559.114148
287,20560.622564
288,20558.968283
289,20559.197315
290,20560.622564
291,20553.088071
292,20554.159477
293,20560.622564
294,20558.610644
295,20558.306480
296,20552.540891
297,20557.691846
298,20558.538709
299,20556.241958
300,20560.622564
301,20560.622564
302,20553.742559
303,20560.622564
304,20560.622564
305,20559.170207
306,20560.622564
307,20559.001224
308,20560.622564
309,20560.622564
310,20560.622564
311,20558.112750
312,20559.130845
313,20557.896694
314,20557.704569
315,20558.303243
316,20560.622564
317,20558.826168
318,20560.622564
319,20558.702249
320,20554.721120
321,20544.955609
322,20558.883536
323,20555.651362
324,20554.514941
325,20555.834367
326,20557.933558
327,20554.954683
328,20558.333265
329,20558.941700
330,20559.250782
331,20559.810334
332,20558.675356
333,20558.516853
334,20559.298112
335,20560.622564
336,20560.622564
337,20557.637437
338,20558.880332
339,20558.419544
340,20556.426529
341,20554.033915
342,20558.317487
343,20552.967308
344,20558.531928
345,20559.102804
346,20559.370519
347,20553.720734
348,20560.622564
349,20555.322904
350,20560.622564
351,20558.414144
352,20560.622564
353,20558.480069
354,20560.622564
355,20558.851716
356,20560.622564
357,20553.013045
358,20557.022583
359,20558.824570
360,20560.622564
361,20558.198011
362,20556.000522
363,20560.622564
364,20557.563573
365,20554.211037
366,20558.661448
367,20560.622564
368,20560.622564
369,20552.050104
370,20560.622564
371,20553.036049
372,20553.771055
373,20558.256983
374,20558.183368
375,20558.329647
376,20553.488001
377,20560.622564
378,20555.910209
379,20556.548483
380,20553.782821
381,20556.146159
382,20560.622564
383,20559.523560
384,20557.326669
385,20560.622564
386,20560.622564
387,20557.286378
388,20555.804895
389,20558.891076
390,20558.629270
391,20558.017560
392,20560.622564
393,20553.526162
394,20554.071265
395,20560.622564
396,20560.622564
397,20554.708341
398,20557.044259
399,20560.622564
400,20560.622564
401,20557.484187
402,20557.515582
403,20560.622564
404,20560.622564
405,20558.968910
406,20553.746943
407,20558.573074
408,20554.082387
409,20556.056262
410,20558.040254
411,20558.898562
412,20558.497006
413,20556.341898
414,20560.622564
415,20558.853021
416,20560.622564
417,20559.679883
418,20560.622564
419,20558.584972
420,20558.584972
421,20560.622564
422,20560.622564
423,20558.257659
424,20559.083221
425,20557.184202
426,20550.302038
427,20558.180641
428,20558.475127
429,20560.622564
430,20560.622564
431,20559.136464
432,20560.622564
433,20555.645041
434,20558.512170
435,20559.342835
436,20555.499589
437,20555.940133
438,20559.125689
439,20553.120617
440,20558.922449
441,20554.197351
442,20558.275244
443,20559.195427
444,20558.352534
445,20554.471105
446,20560.622564
447,20555.076142
448,20560.622564
449,20553.377342
450,20557.299425
451,20560.622564
452,20556.817266
453,20558.624739
454,20558.394226
455,20556.174835
456,20558.079103
457,20554.430982
458,20559.306995
459,20556.067228
460,20558.888597
461,20559.434130
462,20557.347676
463,20560.622564
464,20556.528251
465,20556.172823
466,20558.082642
467,20560.622564
468,20560.622564
469,20558.314881
470,20558.113787
471,20560.622564
472,20558.983086
473,20560.622564
474,20558.395589
475,20558.787866
476,20559.210639
477,20560.622564
478,20559.064040
479,20557.579448
480,20558.342348
481,20558.314024
482,20553.378540
483,20557.927526
484,20560.622564
485,20560.622564
486,20558.644290
487,20560.622564
488,20560.622564
489,20554.718480
490,20557.662927
491,20557.994307
492,20552.004454
493,20560.622564
494,20557.437674
495,20558.917661
496,20553.617449
497,20557.409250
498,20558.448946
499,20555.159062
