0,2771.284705
1,2857.912548
2,2908.834460
3,2997.079092
4,3073.115030
5,3159.704319
6,3250.200047
7,3294.487495
8,3414.682286
9,3549.494592
10,3621.043024
11,3756.360273
12,3852.340662
13,3933.351013
14,4040.031774
15,4047.390995
16,4108.027586
17,4191.505990
18,4325.476578
19,4384.384716
20,4445.449588
21,4535.099812
22,4594.511791
23,4606.405771
24,4561.976112
25,4587.621919
26,4684.347831
27,4674.192904
28,4715.839692
29,4775.067468
30,4770.960394
31,4838.048768
32,4975.857419
33,5044.759470
34,4882.509880
35,4817.600426
36,4850.220729
37,4992.262602
38,5033.851648
39,5071.297013
40,5160.635622
41,5165.590042
42,5178.041605
43,5275.240175
44,5318.358303
45,5316.175615
46,5300.496637
47,5375.634250
48,5401.228161
49,5452.726815
50,5408.808263
51,5434.168957
52,5494.445508
53,5547.498841
54,5538.718767
55,5601.282355
56,5572.714168
57,5531.595267
58,5571.642475
59,5567.438886
60,5612.843415
61,5618.282353
62,5646.583434
63,5589.721986
64,5546.721098
65,5691.801178
66,5708.692151
67,5727.803713
68,5744.402985
69,5820.351050
70,5911.862572
71,5935.078950
72,5975.497542
73,6002.368451
74,5970.171178
75,6073.424201
76,6141.426692
77,6149.588168
78,6172.781155
79,6177.282071
80,6203.672937
81,6231.050113
82,6277.634491
83,6349.870445
84,6329.494619
85,6313.107366
86,6284.481629
87,6298.452758
88,6272.006709
89,6213.097099
90,6113.657135
91,6111.110685
92,6146.001466
93,6124.321442
94,6096.066067
95,6116.875764
96,6219.165406
97,6264.513879
98,6308.336942
99,6286.560827
100,6314.269110
101,6320.410994
102,6376.507951
103,6372.834280
104,6360.205391
105,6410.497603
106,6408.005965
107,6499.973684
108,6444.362836
109,6404.431647
110,6412.201184
111,6438.771177
112,6505.551108
113,6467.322854
114,6462.198687
115,6517.548623
116,6484.522752
117,6509.436152
118,6535.061851
119,6485.165858
120,6452.225395
121,6463.800026
122,6484.522689
123,6469.243424
124,6460.586984
125,6427.282532
126,6392.542162
127,6430.961388
128,6430.208303
129,6444.708444
130,6445.186545
131,6321.152113
132,6318.587609
133,6309.494434
134,6285.560345
135,6252.906174
136,6291.320855
137,6315.357193
138,6290.734985
139,6289.156488
140,6190.768241
141,6246.429987
142,6253.292619
143,6336.377891
144,6398.042845
145,6367.766461
146,6295.744884
147,6346.840718
148,6329.323217
149,6325.757747
150,6256.245148
151,6291.998367
152,6348.108520
153,6257.644898
154,6134.778179
155,6179.637955
156,6200.594282
157,6259.331171
158,6267.395691
159,6324.229606
160,6324.581458
161,6357.666092
162,6372.147348
163,6366.931381
164,6408.970077
165,6408.314645
166,6428.902402
167,6389.881747
168,6378.466333
169,6359.617952
170,6358.330635
171,6373.555575
172,6365.064518
173,6338.046513
174,6278.072698
175,6322.766764
176,6350.435760
177,6404.262390
178,6382.151369
179,6355.910204
180,6358.346289
181,6347.818302
182,6364.216850
183,6268.521895
184,6253.152652
185,6251.585009
186,6226.678685
187,6244.276017
188,6212.563782
189,6293.618634
190,6335.239904
191,6256.321289
192,6266.330861
193,6216.849944
194,6147.365102
195,6072.554900
196,6011.576526
197,6019.589173
198,6009.662829
199,6051.185747
200,6046.824008
201,6080.691606
202,6071.842003
203,6029.314016
204,6149.523526
205,6187.850757
206,6259.476079
207,6144.930884
208,6166.648290
209,6191.847454
210,6287.202416
211,6427.153280
212,6424.497513
213,6445.057656
214,6439.190233
215,6425.747949
216,6388.291285
217,6330.644716
218,6333.128948
219,6347.907977
220,6325.147949
221,6411.766785
222,6482.850220
223,6448.267792
224,6387.418532
225,6353.428244
226,6365.056972
227,6404.736925
228,6383.809749
229,6363.404600
230,6416.989834
231,6360.988110
232,6299.436303
233,6364.729828
234,6405.903729
235,6339.882707
236,6313.895904
237,6189.362891
238,6236.629736
239,6189.291344
240,6186.864339
241,6190.093553
242,6172.386595
243,6207.310773
244,6290.267802
245,6352.679031
246,6358.679597
247,6295.667404
248,6332.103370
249,6371.126331
250,6359.547043
251,6349.444486
252,6313.850938
253,6375.989149
254,6342.900807
255,6360.619526
256,6333.083125
257,6217.053448
258,6243.497266
259,6231.628904
260,6298.774273
261,6355.587166
262,6348.125375
263,6333.104415
264,6239.287004
265,6245.220102
266,6265.562408
267,6259.522003
268,6308.247330
269,6307.231925
270,6313.601737
271,6395.190440
272,6476.920378
273,6428.760773
274,6433.361505
275,6403.334778
276,6387.727532
277,6354.045807
278,6344.521073
279,6281.314298
280,6378.013914
281,6262.376633
282,6334.539642
283,6360.993963
284,6395.609565
285,6394.272023
286,6390.739517
287,6399.362887
288,6411.848109
289,6442.420281
290,6421.797317
291,6415.209965
292,6421.020439
293,6422.268010
294,6485.014590
295,6530.851611
296,6527.392725
297,6488.520587
298,6572.191058
299,6565.922506
300,6526.666542
301,6519.065057
302,6567.151377
303,6535.605637
304,6540.363996
305,6533.474107
306,6543.055818
307,6483.108561
308,6416.964344
309,6350.884835
310,6363.305167
311,6372.175385
312,6364.953344
313,6326.174531
314,6355.253699
315,6419.980727
316,6348.812458
317,6327.318003
318,6262.372016
319,6296.049995
320,6346.202602
321,6381.218320
322,6431.285486
323,6314.766605
324,6274.650188
325,6213.626810
326,6279.198712
327,6321.074994
328,6342.689556
329,6316.069796
330,6389.882985
331,6363.533021
332,6446.464309
333,6419.433394
334,6374.248867
335,6415.337390
336,6338.764111
337,6286.046055
338,6235.038825
339,6227.069340
340,6214.335297
341,6240.566351
342,6270.693217
343,6254.121667
344,6319.309660
345,6357.121389
346,6251.295621
347,6267.025713
348,6247.450987
349,6269.947634
350,6223.689837
351,6205.146323
352,6198.524459
353,6152.103142
354,6192.506622
355,6312.665071
356,6258.073721
357,6271.318861
358,6299.617358
359,6410.820842
360,6442.101114
361,6478.195395
362,6448.965418
363,6386.467113
364,6483.222353
365,6509.776316
366,6536.686834
367,6519.994195
368,6526.733347
369,6549.883481
370,6561.191200
371,6477.062586
372,6405.666923
373,6432.882670
374,6549.309658
375,6509.091841
376,6554.809156
377,6564.243533
378,6444.118757
379,6400.925101
380,6327.986619
381,6305.864857
382,6307.270385
383,6321.347188
384,6344.095420
385,6317.640864
386,6305.576053
387,6316.499559
388,6267.181212
389,6214.020033
390,6249.429501
391,6250.175878
392,6299.667047
393,6367.667528
394,6355.679986
395,6334.688624
396,6343.434305
397,6381.752564
398,6393.173978
399,6437.248419
400,6439.031879
401,6406.948451
402,6361.106486
403,6424.002893
404,6433.136627
405,6399.584656
406,6385.890952
407,6349.072033
408,6347.345668
409,6374.693041
410,6276.473014
411,6284.860541
412,6319.630363
413,6320.602371
414,6298.246344
415,6305.865665
416,6433.486146
417,6444.500896
418,6411.685995
419,6439.927161
420,6511.834681
421,6439.236865
422,6464.016290
423,6421.295742
424,6478.347492
425,6497.150767
426,6439.743121
427,6398.171666
428,6370.675697
429,6368.353303
430,6297.741418
431,6400.971463
432,6440.685054
433,6352.952794
434,6365.018913
435,6355.599226
436,6308.887534
437,6253.779815
438,6274.417105
439,6330.698329
440,6321.665352
441,6312.425075
442,6296.466690
443,6284.335654
444,6292.582280
445,6203.367179
446,6204.252340
447,6264.751948
448,6257.512084
449,6322.708103
450,6303.938283
451,6358.430222
452,6320.103844
453,6350.289168
454,6329.742679
455,6316.309532
456,6283.983370
457,6294.730072
458,6265.783519
459,6290.562905
460,6228.741873
461,6177.850664
462,6152.279362
463,6191.233074
464,6154.668708
465,6206.046371
466,6185.962419
467,6257.374773
468,6246.363233
469,6224.359457
470,6175.235819
471,6191.418842
472,6281.352900
473,6317.445960
474,6334.250948
475,6362.848079
476,6367.746683
477,6394.771800
478,6438.804827
479,6463.870442
480,6465.037833
481,6442.888563
482,6376.545845
483,6356.015536
484,6339.663160
485,6421.336876
486,6377.505079
487,6459.038273
488,6434.728797
489,6513.951218
490,6545.544914
491,6495.140112
492,6419.838103
493,6363.379335
494,6403.703257
495,6346.247529
496,6342.268484
497,6299.325769
498,6338.069811
499,6352.092341
