0,2786.789785
1,3058.003392
2,3181.676937
3,3385.904069
4,3512.444252
5,3624.412346
6,3629.094249
7,3706.395744
8,3727.837891
9,3835.800251
10,3834.389352
11,3828.877823
12,3888.077518
13,3896.682710
14,3882.423743
15,3903.743303
16,3980.182666
17,4000.589009
18,3948.313527
19,3963.230685
20,4098.376213
21,4186.107928
22,4125.900036
23,4065.860836
24,4118.026160
25,4298.653897
26,4265.133890
27,4425.584246
28,4518.211040
29,4618.390652
30,4605.969902
31,4679.645526
32,4829.013738
33,5008.137988
34,4952.854603
35,4826.377627
36,4928.221662
37,4801.204691
38,4757.818498
39,4786.655467
40,4894.831433
41,4914.670524
42,4845.194611
43,4815.409010
44,4822.267487
45,4832.872660
46,4825.039865
47,4882.747382
48,4823.641192
49,4796.608223
50,4941.016780
51,4938.527526
52,5039.673005
53,4961.674080
54,4788.763974
55,4810.740225
56,4578.305653
57,4651.793825
58,4725.945738
59,4752.468863
60,4736.187205
61,4697.876974
62,4654.193944
63,4841.062420
64,4851.559045
65,4814.669138
66,4741.581298
67,4896.214277
68,4791.597726
69,4711.056166
70,4704.795077
71,4844.940992
72,4599.128629
73,4749.853969
74,4832.626477
75,4697.644434
76,4674.245328
77,4699.715536
78,4694.970970
79,4605.131374
80,4544.741935
81,4544.657148
82,4531.477735
83,4383.239062
84,4433.244132
85,4605.731959
86,4710.705958
87,4589.271483
88,4612.620894
89,4619.792827
90,4582.395795
91,4552.913828
92,4621.236438
93,4643.026250
94,4542.693521
95,4730.729108
96,4548.594291
97,4545.964575
98,4561.449383
99,4601.645762
100,4601.538394
101,4613.521637
102,4630.723960
103,4697.614438
104,4681.626678
105,4738.712768
106,4888.690440
107,4926.373983
108,4904.186528
109,4729.742926
110,4823.378210
111,4950.296801
112,4877.281666
113,4807.974775
114,5003.100868
115,5035.279016
116,4969.447489
117,4909.627040
118,5011.156447
119,4833.440343
120,4642.365800
121,4575.471355
122,4558.002615
123,4720.440636
124,4837.120607
125,4802.443552
126,4811.712624
127,4743.785330
128,4620.063892
129,4535.337484
130,4705.126753
131,4704.429183
132,4731.853133
133,4791.406545
134,4879.783328
135,4920.000402
136,4816.093960
137,4752.984040
138,4798.909810
139,4870.482056
140,4641.056426
141,4649.078435
142,4698.611875
143,4830.826686
144,4886.933274
145,4779.352999
146,4762.796591
147,4740.292675
148,4533.671503
149,4481.687752
150,4447.905262
151,4529.750376
152,4586.136233
153,4702.736429
154,4774.060299
155,4696.973896
156,4717.841370
157,4724.308619
158,4693.379889
159,4622.566134
160,4662.480500
161,4510.754050
162,4528.050118
163,4520.186635
164,4612.902567
165,4692.777055
166,4616.764560
167,4729.054700
168,4748.639308
169,4782.430419
170,4840.303072
171,4877.971401
172,4824.305875
173,4722.473350
174,4614.217700
175,4497.156886
176,4622.772162
177,4742.842465
178,4605.636706
179,4552.281825
180,4546.326511
181,4571.259569
182,4679.455665
183,4844.292374
184,4831.936472
185,4813.791198
186,4809.957868
187,4777.596711
188,4816.997057
189,4883.791418
190,4870.757274
191,4832.363681
192,4772.396246
193,4924.840468
194,4931.151048
195,4812.631859
196,4909.920959
197,4808.561160
198,4625.442026
199,4626.570518
200,4586.392956
201,4713.135564
202,4773.124446
203,4874.713076
204,4709.740226
205,4760.918510
206,4709.608221
207,4658.898805
208,4574.909375
209,4461.281908
210,4591.024231
211,4728.383031
212,4669.888983
213,4638.686288
214,4547.896358
215,4663.887069
216,4741.903068
217,4771.950949
218,4729.716550
219,4812.988958
220,4782.999655
221,4730.109728
222,4775.149679
223,4856.948050
224,4764.218051
225,4699.419683
226,4622.607656
227,4504.094096
228,4704.123728
229,4579.264164
230,4578.499803
231,4564.293157
232,4570.096555
233,4697.385444
234,4493.890016
235,4386.401529
236,4443.705621
237,4461.612144
238,4554.545654
239,4557.259816
240,4642.984017
241,4733.335997
242,4867.078756
243,4832.646506
244,4855.434364
245,4571.298395
246,4656.327687
247,4723.665182
248,4829.351630
249,4734.701142
250,4720.478317
251,4894.150326
252,4854.465025
253,4786.654100
254,4775.421603
255,4660.400390
256,4626.948087
257,4476.793640
258,4436.317711
259,4560.954749
260,4681.889753
261,4719.031921
262,4718.219754
263,4940.462211
264,4808.686041
265,4954.393890
266,4915.141913
267,4884.391371
268,4793.576716
269,4790.461143
270,4757.570363
271,4688.231545
272,4609.406788
273,4718.943865
274,4610.978530
275,4672.001568
276,4769.012807
277,4726.681912
278,4628.055123
279,4684.883424
280,4850.247851
281,4859.097759
282,4817.725787
283,4661.721684
284,4807.393613
285,4815.353521
286,4637.144152
287,4644.844506
288,4548.806755
289,4605.754002
290,4485.589833
291,4609.823365
292,4750.719760
293,4684.993546
294,4709.084157
295,4732.348906
296,4731.422395
297,4793.246536
298,4746.130211
299,4571.765322
300,4626.575086
301,4601.851773
302,4782.843342
303,4689.081617
304,4809.846254
305,4792.418871
306,4800.479726
307,4799.658806
308,4839.271318
309,4862.565464
310,4785.200259
311,4847.602356
312,4997.438868
313,4884.910652
314,4696.053649
315,4633.156955
316,4608.901283
317,4573.642863
318,4573.078317
319,4667.039609
320,4790.496835
321,4762.792725
322,4862.923747
323,4935.979996
324,4765.339995
325,4796.435534
326,4784.424563
327,4941.015373
328,4860.974689
329,4785.576040
330,4686.267871
331,4761.916194
332,4838.594939
333,4793.992235
334,4843.813373
335,4905.575753
336,5031.249084
337,4906.027032
338,4811.416181
339,4693.369706
340,4681.206929
341,4726.384817
342,4627.862468
343,4599.778020
344,4718.341569
345,4679.447910
346,4619.762581
347,4724.393529
348,4686.082197
349,4569.586420
350,4596.979799
351,4638.882540
352,4732.906478
353,4709.787075
354,4751.556761
355,4757.561958
356,4859.189290
357,4643.506111
358,4545.346857
359,4520.913189
360,4573.850512
361,4589.095214
362,4580.949455
363,4730.086534
364,4703.441055
365,4629.249042
366,4755.827481
367,4631.244828
368,4660.014684
369,4607.119695
370,4713.913981
371,4701.247797
372,4830.144608
373,4754.478758
374,4690.579042
375,4661.223831
376,4644.026176
377,4574.302487
378,4638.380714
379,4624.320774
380,4738.806008
381,4606.122206
382,4684.306392
383,4735.418234
384,4720.233555
385,4716.503908
386,4687.014223
387,4584.357843
388,4613.800714
389,4702.318541
390,4643.802346
391,4716.073125
392,4760.705163
393,4615.926066
394,4542.194881
395,4699.685180
396,4821.776486
397,4855.953761
398,4886.395327
399,4867.148996
400,4808.059553
401,4570.397635
402,4697.610459
403,4688.283270
404,4587.329142
405,4597.379158
406,4613.541561
407,4878.330637
408,4732.589550
409,4706.907530
410,4809.011335
411,4885.671072
412,4950.385211
413,4940.873289
414,5132.151987
415,4936.958451
416,4788.999081
417,4864.329620
418,4878.116134
419,4826.264025
420,4659.281347
421,4624.534419
422,4620.381660
423,4563.123570
424,4676.906388
425,4652.517400
426,4880.094767
427,4896.406274
428,4753.180491
429,4757.699234
430,4702.287716
431,4650.473606
432,4579.526086
433,4733.457046
434,4832.802135
435,4966.120559
436,4951.403659
437,4802.755285
438,5012.038738
439,5034.113222
440,4977.794133
441,4833.836072
442,4755.058599
443,4851.838984
444,4894.840057
445,5007.711933
446,4941.534282
447,4808.895697
448,4665.786306
449,4721.101170
450,4778.391659
451,4846.671092
452,4837.079677
453,4923.141556
454,4867.147716
455,4778.822503
456,4822.221196
457,4917.162794
458,4905.152449
459,4869.167673
460,4840.293238
461,4924.527930
462,4816.802090
463,4713.342747
464,4704.195605
465,4676.270353
466,4667.207372
467,4675.785547
468,4823.929692
469,4944.687241
470,4803.152855
471,4771.651281
472,4921.924136
473,5021.500621
474,4996.015245
475,5007.646219
476,4734.111761
477,4803.528642
478,4694.637205
479,4690.526003
480,4784.573598
481,4811.531965
482,4635.492273
483,4547.917732
484,4700.651699
485,4718.015488
486,4688.767480
487,4634.134257
488,4663.352030
489,4706.445583
490,4765.781759
491,4762.590711
492,4737.364874
493,4759.968371
494,4774.388842
495,4755.462191
496,4619.001849
497,4503.724411
498,4512.100308
499,4595.854373
