0,2767.241781
1,5521.543839
2,6072.007364
3,6580.969285
4,7033.219517
5,7489.033468
6,7900.431299
7,8241.134196
8,8566.387154
9,8978.977867
10,9267.855843
11,9605.990059
12,10070.178176
13,10461.354432
14,10802.861044
15,11126.900699
16,11510.673030
17,11787.933851
18,11967.890618
19,12237.084686
20,12590.932260
21,12821.041097
22,13006.660811
23,13267.407451
24,13573.669925
25,13789.842563
26,13987.909531
27,14162.515172
28,14397.137516
29,14710.572879
30,14839.444186
31,15129.070258
32,15318.526448
33,15488.166607
34,15624.489228
35,15849.466884
36,15942.203089
37,16081.707610
38,16259.176550
39,16399.008052
40,16475.041318
41,16590.710547
42,16776.369816
43,16986.978800
44,16985.009171
45,17021.766909
46,17090.446296
47,17221.863576
48,17267.355469
49,17485.815182
50,17519.547398
51,17606.506817
52,17583.074454
53,17584.357638
54,17626.116015
55,17839.733150
56,17888.289848
57,17948.549586
58,17860.806412
59,18053.112622
60,18146.846870
61,18035.617711
62,18134.289102
63,18120.862174
64,18145.999262
65,18285.456444
66,18280.530508
67,18184.701756
68,18168.821748
69,18237.485634
70,18160.342878
71,18251.246852
72,18287.561773
73,18304.213471
74,18327.878141
75,18258.297616
76,18262.197178
77,18316.102836
78,18339.514242
79,18379.821969
80,18450.433277
81,18512.469477
82,18512.241987
83,18543.454413
84,18582.950839
85,18440.025142
86,18435.353437
87,18526.124937
88,18549.262492
89,18532.168203
90,18578.058328
91,18529.324387
92,18467.649289
93,18447.549604
94,18421.992564
95,18436.246400
96,18453.749594
97,18508.564794
98,18557.271311
99,18435.928224
100,18627.897429
101,18598.760833
102,18617.199633
103,18542.668590
104,18448.676820
105,18557.362247
106,18527.181785
107,18547.600187
108,18499.321599
109,18534.784860
110,18615.173104
111,18599.979290
112,18493.369436
113,18541.189142
114,18513.698342
115,18504.611309
116,18578.260017
117,18517.554072
118,18585.829487
119,18542.430162
120,18447.646783
121,18561.315024
122,18536.015609
123,18556.125341
124,18554.185914
125,18483.283237
126,18476.908743
127,18507.018940
128,18560.724374
129,18550.498112
130,18641.985531
131,18484.014406
132,18536.469674
133,18598.011893
134,18556.591395
135,18590.639226
136,18533.555403
137,18521.892766
138,18556.892969
139,18481.221218
140,18536.672982
141,18538.201170
142,18497.684234
143,18580.158008
144,18583.191471
145,18595.060531
146,18618.568301
147,18607.698241
148,18627.996792
149,18646.933893
150,18591.341631
151,18563.944205
152,18581.617452
153,18566.925150
154,18599.604757
155,18538.324556
156,18473.717401
157,18602.146547
158,18596.946022
159,18486.311323
160,18462.221203
161,18437.040287
162,18459.629529
163,18422.901213
164,18438.348072
165,18373.907260
166,18461.222706
167,18491.290892
168,18550.187154
169,18542.315523
170,18531.688037
171,18532.541553
172,18507.414780
173,18536.684659
174,18480.151604
175,18455.091538
176,18422.518531
177,18577.382223
178,18530.346850
179,18546.434395
180,18555.446179
181,18628.855384
182,18501.615853
183,18513.100132
184,18495.483724
185,18516.816249
186,18446.457093
187,18511.524168
188,18483.877300
189,18500.987071
190,18585.588129
191,18456.531793
192,18355.211889
193,18454.118749
194,18565.545056
195,18565.689910
196,18500.253965
197,18509.840313
198,18575.004778
199,18558.021996
200,18465.352335
201,18558.887055
202,18524.654853
203,18518.307156
204,18584.956341
205,18486.163936
206,18511.332538
207,18681.430689
208,18642.840334
209,18597.706275
210,18632.555648
211,18550.901667
212,18595.930211
213,18545.396988
214,18549.052106
215,18470.622045
216,18489.250023
217,18530.152023
218,18400.024563
219,18465.814383
220,18623.751216
221,18630.989099
222,18491.480783
223,18536.907901
224,18500.781084
225,18443.497915
226,18420.735295
227,18493.973331
228,18529.155544
229,18512.220103
230,18499.256164
231,18528.806376
232,18487.846607
233,18428.688756
234,18494.852319
235,18496.025680
236,18472.863427
237,18412.599335
238,18370.138261
239,18522.653209
240,18527.563085
241,18591.998637
242,18646.822406
243,18553.701074
244,18519.331762
245,18482.746830
246,18493.488462
247,18554.444535
248,18600.867292
249,18628.595209
250,18512.479682
251,18601.118376
252,18573.881424
253,18658.425908
254,18566.431990
255,18457.451463
256,18425.025559
257,18449.590929
258,18528.020445
259,18484.972089
260,18458.157731
261,18542.825494
262,18569.616881
263,18548.572703
264,18572.978537
265,18661.389367
266,18615.335951
267,18612.700002
268,18557.153868
269,18428.950167
270,18522.292697
271,18524.339525
272,18551.237057
273,18565.844641
274,18656.798466
275,18583.943050
276,18644.270658
277,18547.298163
278,18706.400368
279,18662.864386
280,18615.998671
281,18609.125104
282,18559.090733
283,18568.401649
284,18588.941177
285,18552.507900
286,18514.988492
287,18678.220897
288,18569.288114
289,18545.703447
290,18533.208616
291,18525.691585
292,18588.843338
293,18619.353200
294,18476.350193
295,18588.351127
296,18638.856483
297,18647.570463
298,18652.481846
299,18621.643148
300,18554.890150
301,18517.239680
302,18567.664351
303,18509.666253
304,18551.600239
305,18593.592143
306,18516.399921
307,18526.969440
308,18511.023402
309,18552.949908
310,18488.672161
311,18564.859431
312,18613.476740
313,18530.513932
314,18607.011552
315,18573.139812
316,18425.375021
317,18452.503062
318,18475.830042
319,18549.682857
320,18554.840473
321,18517.104179
322,18441.704163
323,18523.657155
324,18533.575949
325,18628.065810
326,18484.491889
327,18471.393140
328,18582.338884
329,18420.417236
330,18536.751420
331,18524.084614
332,18462.361851
333,18445.712658
334,18415.301694
335,18503.797650
336,18408.180638
337,18459.132652
338,18494.147460
339,18561.417527
340,18436.160012
341,18511.950974
342,18538.624604
343,18608.884999
344,18568.717514
345,18517.954827
346,18479.816759
347,18572.115954
348,18556.250236
349,18612.752616
350,18520.289956
351,18539.114509
352,18556.502759
353,18605.031077
354,18585.722312
355,18628.966836
356,18440.903508
357,18565.728608
358,18549.770531
359,18374.422713
360,18509.406480
361,18550.683617
362,18489.126719
363,18553.735901
364,18555.414873
365,18460.514960
366,18464.785996
367,18419.771688
368,18454.940028
369,18505.166231
370,18507.281248
371,18599.940304
372,18615.456198
373,18673.148881
374,18532.941285
375,18565.073942
376,18485.910730
377,18503.185493
378,18565.486909
379,18597.278183
380,18526.568552
381,18498.682106
382,18636.648659
383,18672.988954
384,18583.540750
385,18612.554381
386,18535.108337
387,18611.728696
388,18513.852716
389,18551.608472
390,18561.225680
391,18637.793532
392,18493.995105
393,18539.957163
394,18601.831840
395,18471.939758
396,18504.521299
397,18406.271210
398,18363.779095
399,18495.984493
400,18628.126967
401,18536.628386
402,18534.769470
403,18567.867892
404,18540.232754
405,18579.312298
406,18551.042960
407,18523.437288
408,18627.962637
409,18577.504542
410,18535.462811
411,18518.536595
412,18586.595927
413,18585.546478
414,18557.402726
415,18602.617647
416,18514.160566
417,18520.708719
418,18531.826075
419,18550.158977
420,18527.486190
421,18526.530376
422,18542.103801
423,18432.646128
424,18529.886152
425,18495.468822
426,18593.023431
427,18598.328410
428,18531.846585
429,18527.350966
430,18567.021794
431,18480.380730
432,18470.843848
433,18497.164062
434,18394.326432
435,18517.979880
436,18561.954980
437,18598.654897
438,18491.565030
439,18483.964220
440,18472.455574
441,18542.903601
442,18388.472584
443,18526.540114
444,18614.059490
445,18611.777849
446,18548.931331
447,18498.414020
448,18652.932746
449,18676.267350
450,18647.237392
451,18492.662010
452,18540.086682
453,18561.728651
454,18497.569465
455,18533.455133
456,18525.027506
457,18577.027430
458,18626.132650
459,18611.958360
460,18507.426232
461,18433.295949
462,18430.087136
463,18507.547174
464,18564.494238
465,18560.099246
466,18531.775852
467,18478.424854
468,18410.353183
469,18458.675558
470,18478.349220
471,18564.356830
472,18556.173258
473,18537.622558
474,18538.875068
475,18568.184792
476,18595.236788
477,18569.750404
478,18572.272207
479,18501.335351
480,18509.231050
481,18583.686702
482,18465.811891
483,18561.878392
484,18484.922930
485,18469.058508
486,18487.092927
487,18647.636034
488,18622.140215
489,18611.179846
490,18602.194224
491,18620.286076
492,18626.091483
493,18528.250286
494,18537.307985
495,18601.066732
496,18491.650584
497,18550.759377
498,18586.460658
499,18676.828723
