0,2790.899430
1,3283.312955
2,3541.328841
3,3738.580027
4,3884.171554
5,4120.956840
6,4414.860848
7,4653.825426
8,4870.680120
9,5131.474460
10,5404.034681
11,5619.767149
12,5678.926055
13,5828.074115
14,6053.300082
15,6134.869511
16,6306.264857
17,6481.992729
18,6440.372219
19,6613.468125
20,6785.893958
21,6793.194445
22,6852.407961
23,7012.167532
24,6934.767860
25,7108.923632
26,7006.899631
27,7116.988980
28,7301.094150
29,7239.090122
30,7392.117202
31,7338.811739
32,7258.508670
33,7306.107623
34,7376.099942
35,7376.366235
36,7440.262202
37,7439.269943
38,7344.416033
39,7427.474025
40,7351.911086
41,7269.215615
42,7284.412986
43,7395.658405
44,7238.349824
45,7232.787496
46,7255.398142
47,7356.207849
48,7501.152350
49,7442.795764
50,7391.160477
51,7305.205239
52,7342.228481
53,7411.753997
54,7384.942662
55,7423.888782
56,7502.034693
57,7322.997094
58,7347.308545
59,7405.024981
60,7285.696248
61,7407.556406
62,7393.174721
63,7519.194045
64,7493.045565
65,7571.564010
66,7543.468037
67,7358.438832
68,7393.739861
69,7472.332421
70,7594.306638
71,7592.631631
72,7471.563903
73,7589.850269
74,7654.206490
75,7670.460216
76,7535.312689
77,7503.371419
78,7473.557370
79,7498.496006
80,7491.152362
81,7438.897321
82,7352.851733
83,7383.518490
84,7505.388853
85,7528.474966
86,7481.782285
87,7444.072281
88,7475.873677
89,7473.136686
90,7529.452817
91,7393.628298
92,7512.915193
93,7462.456292
94,7598.210484
95,7471.947799
96,7607.773064
97,7560.362667
98,7481.415365
99,7478.898292
100,7441.514347
101,7659.884488
102,7538.167677
103,7461.939720
104,7503.808745
105,7459.804173
106,7576.633868
107,7613.665702
108,7591.030385
109,7489.682284
110,7504.063594
111,7578.653359
112,7551.066699
113,7588.900318
114,7644.684877
115,7647.781821
116,7448.004887
117,7532.413482
118,7432.164302
119,7601.115870
120,7593.085735
121,7581.567798
122,7523.091736
123,7542.535383
124,7289.862779
125,7405.640431
126,7556.387895
127,7626.019347
128,7615.989187
129,7623.424518
130,7558.763742
131,7459.782177
132,7455.677133
133,7655.317449
134,7613.086604
135,7545.504326
136,7664.648388
137,7682.392933
138,7585.888194
139,7650.371755
140,7551.829342
141,7544.454066
142,7444.597527
143,7584.346307
144,7759.023760
145,7618.498182
146,7668.582813
147,7636.529993
148,7641.743914
149,7641.370075
150,7549.587983
151,7504.711506
152,7674.944575
153,7704.150093
154,7602.234531
155,7720.580207
156,7605.024674
157,7703.564297
158,7762.686856
159,7730.515199
160,7804.248336
161,7794.713004
162,7837.606991
163,7676.524706
164,7645.634134
165,7784.282662
166,7738.164776
167,7709.991192
168,7723.544987
169,7838.803043
170,7861.863882
171,7697.875064
172,7638.630708
173,7775.431458
174,7801.634546
175,7775.292262
176,7782.723952
177,7874.052591
178,7670.599176
179,7806.823486
180,7756.247230
181,7912.359968
182,7858.395371
183,7851.395006
184,7745.400982
185,7644.975237
186,7684.901062
187,7860.069438
188,7832.625440
189,7612.879358
190,7787.352996
191,7811.734506
192,7821.144994
193,7889.616049
194,7805.332247
195,7781.551399
196,7712.252703
197,7744.206148
198,7718.021313
199,7734.458850
200,7800.327956
201,7804.195427
202,7744.549466
203,7628.424138
204,7791.498581
205,7878.950320
206,7751.075285
207,7503.885864
208,7613.183050
209,7591.409726
210,7619.848056
211,7728.312770
212,7833.058592
213,7915.199457
214,7878.726047
215,7840.523482
216,7912.844938
217,7725.901733
218,7740.585247
219,7787.306646
220,7846.876802
221,7811.022717
222,7802.229408
223,7781.624693
224,7770.392645
225,7885.730284
226,7927.516687
227,7735.629480
228,7620.639072
229,7698.227695
230,7859.555860
231,7893.350966
232,7603.997457
233,7544.486502
234,7546.190087
235,7780.086789
236,7886.533188
237,7781.324799
238,7822.789528
239,7862.846493
240,7688.865965
241,7696.444498
242,7787.458798
243,7773.885958
244,7613.837762
245,7802.021194
246,7889.968689
247,7963.735446
248,7974.532439
249,7885.219423
250,7938.373179
251,7859.029800
252,7900.012052
253,7885.352679
254,7868.600303
255,7934.411646
256,7924.990888
257,7813.990110
258,7853.297140
259,7992.496879
260,7908.126654
261,7953.497927
262,8012.150924
263,7933.845722
264,7922.918616
265,7816.531743
266,7760.681187
267,7786.181219
268,7862.100470
269,7965.195946
270,7902.585540
271,7942.692983
272,7819.191962
273,7964.565568
274,7999.640684
275,7983.072837
276,7833.665274
277,7947.381252
278,7922.019727
279,7964.500365
280,7911.118466
281,7885.973487
282,7973.427481
283,7909.943180
284,7939.288311
285,7949.010337
286,8011.712816
287,7888.630900
288,7916.920119
289,7961.471536
290,8013.158025
291,7936.912759
292,7983.792386
293,7856.259984
294,7857.672085
295,7911.284074
296,7846.949804
297,7785.132540
298,7924.858459
299,7897.232361
300,7943.016355
301,7928.867147
302,7861.442282
303,7850.032689
304,7975.312260
305,7947.012283
306,7849.624842
307,7850.935293
308,7816.056912
309,7847.433589
310,7908.016724
311,7704.568364
312,7876.978575
313,7724.497242
314,7964.075289
315,7897.487291
316,7991.991279
317,7946.706373
318,7849.315715
319,7751.689876
320,7870.544545
321,7943.056048
322,8038.722197
323,7857.871452
324,7976.240646
325,7910.870270
326,7867.303925
327,7811.442658
328,7812.812531
329,7686.219767
330,7911.203958
331,7918.753311
332,7762.721520
333,7770.081234
334,7913.473360
335,7728.444494
336,7835.087630
337,7902.376166
338,8013.559298
339,7859.572847
340,7827.283238
341,7657.669101
342,7862.387404
343,7774.724191
344,7902.372238
345,7873.906702
346,7822.530679
347,7897.351942
348,7975.689818
349,7895.892820
350,7903.654383
351,7876.756508
352,7878.400021
353,7864.069702
354,7917.304424
355,7860.442446
356,7803.740721
357,7916.685415
358,8005.269794
359,7740.048429
360,7850.549798
361,7885.492605
362,7735.491696
363,7804.922038
364,7870.534540
365,7849.520869
366,7914.634483
367,7966.224302
368,7970.133688
369,7896.640717
370,7881.826763
371,8024.326773
372,7895.208799
373,7788.542494
374,7863.243165
375,7845.178145
376,7812.721417
377,7866.739020
378,7814.454605
379,7915.646875
380,7978.934734
381,7913.077199
382,7935.614418
383,7922.529038
384,7939.552681
385,7962.894993
386,7909.715852
387,7839.113890
388,8043.886219
389,7965.097341
390,7918.276168
391,7745.167258
392,7914.840941
393,7827.417411
394,7834.495069
395,7838.964758
396,7656.242886
397,7780.028574
398,7765.930356
399,7907.511177
400,7945.937320
401,7826.861429
402,7902.942653
403,7810.252466
404,7826.749075
405,7951.818746
406,7849.623108
407,7929.732357
408,7779.635513
409,7884.324068
410,7913.799227
411,7962.165130
412,8074.778414
413,7982.511599
414,7938.933841
415,8113.518110
416,8174.965261
417,8237.430014
418,8270.617128
419,8208.309338
420,8110.397541
421,8229.269232
422,8337.684501
423,8203.077497
424,8350.144523
425,8241.532753
426,8292.037395
427,8059.235934
428,7972.194005
429,8134.698683
430,8321.386535
431,8155.469915
432,8309.576417
433,8418.475584
434,8354.781026
435,8189.879971
436,8180.002739
437,8221.955422
438,8319.826509
439,8176.377617
440,8312.046577
441,8179.641459
442,8243.395908
443,8426.631663
444,8223.961343
445,8247.482038
446,8254.595971
447,8395.640546
448,8367.822696
449,8399.252820
450,8266.553714
451,8151.930733
452,8228.099349
453,8433.884453
454,8337.110703
455,8361.191962
456,8341.956532
457,8236.649470
458,8365.947981
459,8411.956727
460,8321.637804
461,8176.433350
462,8296.545448
463,8290.001974
464,8238.846049
465,8353.068962
466,8175.065384
467,8158.554571
468,8198.973991
469,8405.435370
470,8195.734597
471,8080.591089
472,8297.147766
473,8366.394647
474,8295.238063
475,8332.065635
476,8144.651407
477,8156.557943
478,8253.388768
479,8437.068010
480,8335.134148
481,8297.140506
482,8372.838210
483,8286.441713
484,8382.782141
485,8300.040037
486,8192.344510
487,8207.367866
488,8317.376324
489,8238.329571
490,8174.308377
491,8251.956404
492,8201.738941
493,8267.767684
494,8128.206986
495,8286.955831
496,8248.418666
497,8252.871710
498,8267.158443
499,8330.930956
