0,2782.660250
1,5629.871590
2,6150.082039
3,6587.408823
4,7043.401511
5,7407.981574
6,7763.044955
7,8157.938793
8,8526.556551
9,8947.603589
10,9298.797303
11,9544.661350
12,9793.527771
13,10063.481884
14,10202.696915
15,10543.404609
16,10896.213761
17,11102.610710
18,11363.313751
19,11603.882404
20,11870.802887
21,12128.452805
22,12630.309532
23,12787.200581
24,13043.109093
25,13239.575023
26,13687.797511
27,13919.074327
28,14136.500992
29,14335.856977
30,14743.598461
31,14936.604602
32,15109.835226
33,15031.177655
34,15150.999575
35,15497.127861
36,15435.805296
37,15546.347195
38,15802.821369
39,15881.191632
40,16186.676808
41,16196.568638
42,16338.141916
43,16165.727736
44,16445.083602
45,16764.147704
46,16507.493875
47,16456.536514
48,16660.140348
49,16450.030786
50,16403.024258
51,16625.719919
52,16662.537361
53,16483.349971
54,16699.141159
55,16671.456437
56,16501.106463
57,16616.571992
58,16568.132164
59,16632.091940
60,16561.942004
61,16689.159105
62,16506.856483
63,16701.425272
64,16768.756403
65,16602.720374
66,16714.237288
67,16611.569620
68,16772.769094
69,16768.970773
70,16865.598619
71,16812.401341
72,16699.522079
73,16759.138570
74,16636.905852
75,16657.784998
76,16934.728267
77,16553.055488
78,16592.438937
79,16912.721526
80,16942.145932
81,16627.628919
82,16789.528668
83,16731.930515
84,17021.142668
85,16934.957526
86,16673.425473
87,16653.400231
88,16990.957330
89,17061.775955
90,17054.012398
91,17029.805195
92,17078.018241
93,17065.671673
94,17005.025054
95,16908.032514
96,16989.035376
97,16858.537694
98,16917.149306
99,16933.734240
100,16946.082533
101,16945.934880
102,16926.089786
103,17148.181237
104,17047.166778
105,17139.912142
106,17194.623952
107,17247.488945
108,17257.983372
109,17181.326107
110,17291.230712
111,17302.484293
112,17156.869741
113,17163.055294
114,17143.542127
115,17222.815342
116,17187.167272
117,17258.414630
118,17338.698944
119,17231.515837
120,17357.131613
121,17338.046969
122,17380.285432
123,17357.519290
124,17386.810763
125,17352.206789
126,17519.149695
127,17457.141756
128,17418.061932
129,17471.731894
130,17418.460386
131,17305.202656
132,17517.405057
133,17528.992623
134,17635.465315
135,17436.447961
136,17535.988549
137,17483.037783
138,17542.513165
139,17560.301922
140,17509.407954
141,17525.922504
142,17532.324119
143,17531.858365
144,17539.046960
145,17683.685458
146,17551.621351
147,17647.045123
148,17618.053545
149,17622.354165
150,17615.811270
151,17594.817004
152,17597.985406
153,17565.602934
154,17619.877937
155,17603.288873
156,17610.142492
157,17615.662825
158,17691.176169
159,17747.131977
160,17721.530609
161,17734.294175
162,17730.016722
163,17707.596092
164,17738.597226
165,17712.033805
166,17708.552510
167,17738.923284
168,17751.763012
169,17773.837362
170,17733.627806
171,17712.372585
172,17720.682642
173,17694.038822
174,17746.387952
175,17739.606235
176,17730.168324
177,17760.355295
178,17766.207579
179,17772.214493
180,17756.769966
181,17799.618979
182,17755.852384
183,17757.093700
184,17780.529744
185,17780.816175
186,17747.788772
187,17760.747462
188,17793.331121
189,17781.142933
190,17780.484199
191,17778.050383
192,17819.304686
193,17781.465664
194,17783.071658
195,17804.124655
196,17790.512654
197,17802.863163
198,17802.850995
199,17799.367125
200,17787.102893
201,17799.377265
202,17811.683928
203,17785.466642
204,17795.342181
205,17798.653075
206,17806.899679
207,17799.121242
208,17814.862635
209,17817.685376
210,17794.811369
211,17802.115251
212,17802.608100
213,17821.213077
214,17815.907505
215,17816.808461
216,17808.539397
217,17810.338107
218,17818.231931
219,17815.585869
220,17818.085817
221,17821.023871
222,17814.852672
223,17828.085629
224,17822.095726
225,17821.343009
226,17819.274862
227,17825.339587
228,17823.945416
229,17826.340670
230,17825.519004
231,17826.232379
232,17823.919054
233,17825.086252
234,17821.379652
235,17820.860920
236,17821.797964
237,17821.407243
238,17822.588003
239,17826.981550
240,17825.998549
241,17821.806360
242,17822.371828
243,17821.110421
244,17821.905062
245,17826.238540
246,17820.283436
247,17823.486337
248,17825.196676
249,17826.095629
250,17825.659216
251,17822.222757
252,17825.877471
253,17820.870214
254,17817.897247
255,17825.134461
256,17817.324009
257,17819.928430
258,17819.432188
259,17823.805966
260,17822.286665
261,17826.913175
262,17820.341568
263,17820.225885
264,17820.631139
265,17817.662683
266,17818.239308
267,17823.343426
268,17823.713928
269,17813.954863
270,17824.350669
271,17823.273524
272,17827.049925
273,17822.398494
274,17825.282261
275,17825.467220
276,17825.519004
277,17824.620051
278,17814.646602
279,17821.893201
280,17816.893930
281,17824.111789
282,17818.983410
283,17821.775999
284,17820.556848
285,17811.708951
286,17827.880503
287,17821.949255
288,17815.950785
289,17819.051056
290,17822.508579
291,17826.014222
292,17825.561017
293,17821.429555
294,17819.234797
295,17819.900600
296,17816.958263
297,17823.857849
298,17825.005962
299,17822.743327
300,17823.776143
301,17821.183156
302,17816.847102
303,17825.144536
304,17825.315041
305,17819.482514
306,17821.283474
307,17824.041431
308,17822.927686
309,17819.029909
310,17820.640873
311,17818.837085
312,17822.160542
313,17822.164101
314,17822.814975
315,17823.567757
316,17823.353719
317,17820.921660
318,17818.631055
319,17820.028589
320,17821.120941
321,17822.382258
322,17819.779838
323,17822.783242
324,17819.837796
325,17810.632144
326,17816.191264
327,17817.684288
328,17825.492642
329,17823.567757
330,17815.768689
331,17827.880503
332,17827.049925
333,17822.258539
334,17823.947553
335,17813.638922
336,17821.217348
337,17817.209231
338,17821.039149
339,17824.740514
340,17819.825743
341,17820.151350
342,17818.982168
343,17818.364537
344,17821.877471
345,17825.271211
346,17820.284203
347,17819.710752
348,17824.082167
349,17821.828810
350,17818.141383
351,17811.331536
352,17819.808461
353,17825.822128
354,17822.766802
355,17824.718049
356,17817.611437
357,17822.895259
358,17827.675377
359,17822.422174
360,17828.085629
361,17824.456938
362,17819.493305
363,17820.673113
364,17822.470093
365,17824.303883
366,17825.760888
367,17826.375290
368,17824.160972
369,17828.017253
370,17820.834093
371,17822.489286
372,17823.227248
373,17819.233815
374,17826.232379
375,17825.271211
376,17822.116446
377,17823.001550
378,17812.572973
379,17820.687796
380,17823.183214
381,17814.190838
382,17819.967179
383,17805.881968
384,17820.375667
385,17824.601465
386,17820.808033
387,17823.231021
388,17822.095726
389,17823.857849
390,17822.424925
391,17826.571298
392,17819.654992
393,17823.791680
394,17821.616510
395,17819.019526
396,17819.462673
397,17823.046061
398,17823.700074
399,17812.509340
400,17811.727360
401,17811.236874
402,17814.902775
403,17817.071729
404,17823.074103
405,17810.899455
406,17822.565235
407,17817.273708
408,17817.618205
409,17821.706100
410,17820.750011
411,17825.740721
412,17815.040950
413,17825.603970
414,17823.874440
415,17819.055012
416,17825.492642
417,17813.788254
418,17824.414926
419,17823.404644
420,17825.629392
421,17817.326066
422,17822.116446
423,17819.754146
424,17826.502923
425,17824.248540
426,17819.361488
427,17822.708048
428,17816.298943
429,17824.252672
430,17822.375251
431,17820.372796
432,17825.629392
433,17823.080218
434,17827.049925
435,17823.259062
436,17817.675566
437,17818.825207
438,17824.111789
439,17817.804293
440,17822.711979
441,17818.438309
442,17819.701046
443,17825.587380
444,17823.267894
445,17822.947587
446,17819.949783
447,17811.948354
448,17828.085629
449,17827.948878
450,17827.196750
451,17823.147734
452,17817.059332
453,17828.085629
454,17821.421801
455,17824.235508
456,17821.436895
457,17821.504025
458,17825.945847
459,17820.746456
460,17826.232379
461,17821.285868
462,17823.649834
463,17826.981550
464,17824.499892
465,17824.200887
466,17823.120422
467,17822.163815
468,17813.688378
469,17820.853006
470,17820.890090
471,17819.281022
472,17822.772962
473,17825.623162
474,17820.743431
475,17828.085629
476,17826.306915
477,17825.510092
478,17823.791680
479,17825.629392
480,17820.461353
481,17821.649691
482,17816.127156
483,17824.344704
484,17815.306156
485,17823.216968
486,17819.473131
487,17827.812128
488,17828.085629
489,17827.049925
490,17823.806064
491,17818.402977
492,17822.695675
493,17822.567799
494,17824.180164
495,17827.743752
496,17826.502923
497,17827.675377
498,17822.463665
499,17819.227542
