0,2741.667403
1,3128.457312
2,3418.361357
3,3648.270552
4,3902.957105
5,4144.987886
6,4430.947100
7,4657.710832
8,4863.230084
9,5112.204958
10,5343.518227
11,5563.293210
12,5872.183469
13,6176.591077
14,6496.601437
15,6792.351550
16,7028.014644
17,7194.993673
18,7360.903787
19,7520.916798
20,7636.891769
21,7734.410335
22,7780.853303
23,7840.281397
24,7889.438978
25,7906.351510
26,7927.828857
27,7992.157823
28,8027.837052
29,8062.253004
30,8057.604915
31,8104.738345
32,8154.518869
33,8147.397870
34,8164.014529
35,8187.317852
36,8192.111209
37,8187.010228
38,8185.661921
39,8181.467021
40,8198.807057
41,8168.280223
42,8187.428009
43,8174.791717
44,8216.747814
45,8200.867147
46,8224.534771
47,8211.054952
48,8235.284674
49,8245.949124
50,8243.841084
51,8254.332836
52,8234.077515
53,8244.138564
54,8245.990640
55,8253.724806
56,8264.896027
57,8252.899703
58,8260.727686
59,8246.918198
60,8227.320640
61,8235.309163
62,8220.462235
63,8224.803908
64,8243.823015
65,8210.664964
66,8225.080350
67,8216.699116
68,8209.692565
69,8237.619715
70,8233.749905
71,8232.988146
72,8233.933769
73,8219.221024
74,8234.586982
75,8217.005385
76,8243.748876
77,8248.243661
78,8247.056721
79,8230.185257
80,8224.426478
81,8241.832359
82,8246.783708
83,8255.018623
84,8194.527349
85,8225.388392
86,8228.385341
87,8207.508912
88,8236.489616
89,8234.636617
90,8237.056563
91,8243.994558
92,8230.977375
93,8233.645414
94,8230.354525
95,8175.624530
96,8168.552871
97,8181.306386
98,8220.548812
99,8243.373604
100,8221.235016
101,8231.308427
102,8194.210406
103,8242.532176
104,8217.233448
105,8248.127718
106,8249.187246
107,8243.719501
108,8249.110843
109,8246.932389
110,8247.130247
111,8217.380624
112,8262.759592
113,8259.688210
114,8251.931028
115,8232.453062
116,8219.161544
117,8212.502128
118,8216.237693
119,8209.056547
120,8236.112954
121,8198.601158
122,8228.668000
123,8245.451580
124,8262.264898
125,8247.975981
126,8238.244684
127,8233.720314
128,8229.131959
129,8249.327699
130,8234.759248
131,8255.807853
132,8231.468395
133,8235.428598
134,8251.648621
135,8255.605839
136,8233.508111
137,8232.887198
138,8247.672605
139,8234.593192
140,8230.383342
141,8244.729331
142,8221.174402
143,8232.488015
144,8237.178750
145,8226.732229
146,8238.366174
147,8220.169852
148,8228.066778
149,8244.631314
150,8199.191176
151,8246.801950
152,8238.065512
153,8250.863434
154,8224.380750
155,8224.958940
156,8214.294611
157,8248.147378
158,8235.324977
159,8260.480407
160,8249.473670
161,8224.731791
162,8243.316690
163,8263.226336
164,8247.671283
165,8235.560024
166,8263.392441
167,8240.713474
168,8222.859563
169,8265.507016
170,8240.866869
171,8236.533034
172,8254.472994
173,8255.965472
174,8229.599169
175,8220.700408
176,8244.449056
177,8228.560451
178,8249.080817
179,8246.535374
180,8251.713350
181,8248.494589
182,8233.193152
183,8250.916262
184,8250.235275
185,8239.550313
186,8233.411835
187,8251.352859
188,8245.336560
189,8205.297240
190,8231.741330
191,8234.638047
192,8249.228130
193,8243.825330
194,8240.339008
195,8252.425878
196,8274.584793
197,8206.218555
198,8243.059925
199,8206.839612
200,8227.914702
201,8225.620004
202,8245.350730
203,8226.155022
204,8238.504022
205,8247.887090
206,8252.271945
207,8250.264943
208,8225.133923
209,8237.857683
210,8251.188293
211,8239.711072
212,8246.313543
213,8237.541605
214,8236.278146
215,8192.143219
216,8208.750651
217,8227.087806
218,8245.574405
219,8251.462251
220,8250.946043
221,8249.499418
222,8249.684328
223,8222.684647
224,8236.180322
225,8237.483044
226,8216.608072
227,8242.415738
228,8223.157730
229,8217.258583
230,8236.779598
231,8236.162993
232,8211.460371
233,8257.908975
234,8233.819837
235,8261.498300
236,8249.134048
237,8231.076425
238,8241.420568
239,8252.174563
240,8219.506871
241,8231.537092
242,8238.191661
243,8233.800747
244,8249.577276
245,8227.209051
246,8228.370346
247,8246.820236
248,8243.757066
249,8240.099918
250,8228.709977
251,8231.706010
252,8250.394289
253,8251.338515
254,8208.786666
255,8233.016506
256,8243.082833
257,8244.088841
258,8234.591637
259,8225.481635
260,8226.601270
261,8231.678013
262,8227.417042
263,8250.805831
264,8248.432326
265,8262.239768
266,8237.442114
267,8244.032514
268,8239.139345
269,8268.327314
270,8254.764459
271,8218.368118
272,8230.584505
273,8211.998263
274,8239.661096
275,8228.998025
276,8222.895800
277,8234.253636
278,8242.096010
279,8246.486830
280,8254.521236
281,8272.080960
282,8249.164643
283,8267.722513
284,8237.633397
285,8253.120103
286,8250.890603
287,8252.113827
288,8255.491560
289,8255.489035
290,8270.134820
291,8238.762316
292,8231.639160
293,8220.246777
294,8231.341415
295,8248.158673
296,8262.700329
297,8251.417995
298,8228.468041
299,8248.439423
300,8236.698179
301,8242.800526
302,8236.501497
303,8247.475808
304,8239.606879
305,8227.438316
306,8222.156891
307,8226.488895
308,8235.162071
309,8229.930830
310,8251.069028
311,8250.265730
312,8215.472799
313,8234.249488
314,8245.575907
315,8234.896261
316,8254.945719
317,8245.453640
318,8265.734110
319,8252.669421
320,8229.635624
321,8218.392110
322,8250.153271
323,8232.426302
324,8254.915279
325,8247.843975
326,8229.327831
327,8238.566726
328,8239.743977
329,8251.039978
330,8212.768600
331,8228.587100
332,8236.158628
333,8245.577187
334,8252.809814
335,8224.591694
336,8234.945816
337,8252.608733
338,8230.215656
339,8230.295596
340,8234.179025
341,8231.969423
342,8248.828626
343,8232.777861
344,8259.802528
345,8241.157820
346,8220.855901
347,8257.068745
348,8264.048296
349,8226.854269
350,8262.305519
351,8262.903793
352,8261.173273
353,8243.768546
354,8269.968430
355,8254.888020
356,8254.639230
357,8243.389212
358,8237.061357
359,8236.063795
360,8272.010925
361,8243.396208
362,8262.758273
363,8237.544755
364,8227.239315
365,8239.329219
366,8257.545127
367,8241.792685
368,8242.147317
369,8243.674642
370,8250.570172
371,8223.952310
372,8249.846527
373,8240.101371
374,8217.076103
375,8229.781789
376,8240.308105
377,8250.621160
378,8261.488402
379,8250.903334
380,8228.860307
381,8244.238617
382,8234.579332
383,8250.014564
384,8248.701796
385,8234.010136
386,8229.846587
387,8237.353198
388,8227.798693
389,8183.367472
390,8212.718171
391,8267.309347
392,8250.543770
393,8251.415530
394,8285.043336
395,8265.888753
396,8203.324101
397,8238.395352
398,8249.450737
399,8242.396676
400,8243.460382
401,8227.224200
402,8256.991762
403,8250.105437
404,8235.099761
405,8214.182196
406,8230.994506
407,8232.746268
408,8222.776481
409,8230.159522
410,8231.821459
411,8240.353947
412,8236.057995
413,8246.269848
414,8247.503706
415,8245.276103
416,8246.926554
417,8232.066993
418,8247.536162
419,8235.909242
420,8243.934278
421,8220.682028
422,8203.891039
423,8227.331194
424,8222.739506
425,8243.371993
426,8246.348516
427,8270.071487
428,8252.274879
429,8221.126430
430,8252.592950
431,8245.388276
432,8244.482194
433,8226.020324
434,8243.821575
435,8248.848847
436,8232.140377
437,8247.082362
438,8223.976652
439,8226.879322
440,8229.830338
441,8234.201698
442,8260.618026
443,8220.681553
444,8234.893670
445,8230.461351
446,8247.903065
447,8226.939448
448,8232.531936
449,8209.476353
450,8232.377482
451,8228.384451
452,8221.882294
453,8239.188410
454,8227.417996
455,8246.662805
456,8258.483205
457,8224.249020
458,8214.768506
459,8251.250355
460,8218.949344
461,8215.852277
462,8215.932873
463,8252.023216
464,8241.687699
465,8196.548370
466,8217.060588
467,8234.847987
468,8233.201514
469,8235.571811
470,8208.115038
471,8202.042475
472,8228.121341
473,8238.306244
474,8232.379403
475,8192.853418
476,8224.967204
477,8178.688228
478,8208.106080
479,8237.525284
480,8247.484420
481,8240.373417
482,8249.066074
483,8231.284582
484,8240.840190
485,8247.201279
486,8234.128360
487,8261.583602
488,8237.737374
489,8232.036504
490,8247.105180
491,8248.288066
492,8247.022287
493,8256.558640
494,8235.336356
495,8202.532114
496,8236.715769
497,8205.521466
498,8225.917119
499,8257.766062
