0,2745.552898
1,2772.693190
2,2790.820587
3,2836.891825
4,2848.510401
5,2836.851725
6,2904.982571
7,2894.987585
8,2859.375742
9,2915.455864
10,2866.757697
11,2864.274393
12,2827.320442
13,2877.856761
14,2909.002896
15,2922.828967
16,2905.140126
17,2929.602232
18,2963.831351
19,3015.159496
20,3008.316418
21,3062.962536
22,3126.505429
23,3018.776570
24,3048.805069
25,3030.642012
26,3066.494629
27,2929.443296
28,2982.484867
29,2937.952867
30,3011.907603
31,2965.709882
32,2921.023908
33,2873.926569
34,2789.993819
35,2714.596830
36,2732.792148
37,2830.830640
38,2821.966593
39,2785.674276
40,2805.998972
41,2771.811778
42,2934.101241
43,2921.274601
44,2959.820207
45,3055.196813
46,3039.766781
47,3015.243488
48,3155.662664
49,3329.723148
50,3399.010877
51,3383.164372
52,3424.978276
53,3608.402346
54,3570.200719
55,3606.371912
56,3591.379993
57,3675.774471
58,3820.524178
59,3737.877691
60,3637.241585
61,3764.470740
62,3848.276629
63,3794.213509
64,3893.920062
65,3999.521684
66,3983.765458
67,4169.690421
68,4072.809467
69,4253.098879
70,4440.838497
71,4380.796936
72,4353.457875
73,4350.250614
74,4277.019702
75,4340.164391
76,4419.300948
77,4367.912510
78,4415.838612
79,4421.951426
80,4514.687856
81,4525.631911
82,4576.500537
83,4672.832326
84,4482.419288
85,4645.560279
86,4571.542781
87,4513.957769
88,4551.804877
89,4812.669731
90,4708.606393
91,4609.838311
92,4622.841841
93,4546.828706
94,4546.950988
95,4721.651642
96,4847.565263
97,4793.989423
98,4917.565309
99,4920.336451
100,4899.847409
101,5022.383399
102,5243.758022
103,5162.989060
104,5217.937638
105,5199.993685
106,5292.791942
107,5244.274786
108,5416.293162
109,5661.226162
110,5586.788265
111,5713.004812
112,5762.722415
113,5954.359596
114,6124.226588
115,6093.344973
116,6089.363153
117,6192.945377
118,6208.843108
119,6369.222620
120,6598.952023
121,6645.757538
122,6745.830328
123,6787.106559
124,6969.004301
125,7096.218510
126,7034.829435
127,7094.569089
128,7113.716928
129,6982.404793
130,7201.713032
131,7288.605809
132,7352.809812
133,7447.938687
134,7345.107478
135,7432.947272
136,7552.017962
137,7514.045731
138,7464.069912
139,7520.371222
140,7604.743685
141,7598.378931
142,7587.189594
143,7678.666600
144,7642.811899
145,7616.021361
146,7736.369518
147,7739.203398
148,7688.281087
149,7595.746648
150,7771.751799
151,7690.097347
152,7809.252640
153,7706.054961
154,7701.698615
155,7763.434902
156,7775.773573
157,7879.464989
158,7808.317352
159,7840.687592
160,7956.155940
161,8003.464722
162,7994.659867
163,8033.788886
164,7998.464310
165,8032.035481
166,8042.011016
167,8070.304959
168,8021.420440
169,8040.490978
170,8062.429142
171,8105.364836
172,8014.403315
173,8036.633746
174,8094.361723
175,8085.586828
176,8120.225895
177,8134.931548
178,8138.435983
179,8172.669530
180,8144.581644
181,8127.932470
182,8106.613801
183,8148.798933
184,8152.672448
185,8162.968474
186,8187.710457
187,8161.149177
188,8159.184493
189,8172.277616
190,8189.442223
191,8163.494946
192,8173.673414
193,8175.693993
194,8199.463412
195,8196.076134
196,8197.130425
197,8219.349407
198,8215.322315
199,8205.277059
200,8213.982619
201,8210.218134
202,8193.587126
203,8226.191319
204,8216.840924
205,8192.733892
206,8221.425821
207,8232.566874
208,8221.067318
209,8225.188206
210,8228.301377
211,8215.509023
212,8225.647672
213,8212.844468
214,8232.409439
215,8221.303585
216,8216.766594
217,8230.999967
218,8231.807836
219,8229.647541
220,8232.996863
221,8235.753332
222,8238.466886
223,8234.963685
224,8238.587971
225,8239.293883
226,8240.752113
227,8241.573497
228,8241.565246
229,8236.370277
230,8240.664984
231,8236.772575
232,8240.471446
233,8240.981144
234,8237.673775
235,8241.162160
236,8231.727868
237,8235.701738
238,8237.592671
239,8242.327682
240,8237.576440
241,8233.483774
242,8238.268594
243,8235.239996
244,8236.334173
245,8238.145330
246,8234.620785
247,8238.847700
248,8241.402671
249,8233.139698
250,8236.639067
251,8239.272979
252,8234.842868
253,8237.790832
254,8231.601363
255,8235.023415
256,8240.300121
257,8242.648659
258,8237.207152
259,8241.616801
260,8243.630415
261,8243.928628
262,8236.117242
263,8244.226842
264,8239.372213
265,8242.983584
266,8232.471302
267,8234.758573
268,8238.619029
269,8242.211636
270,8241.184495
271,8234.622894
272,8222.246090
273,8234.537473
274,8237.029163
275,8241.795447
276,8236.650734
277,8235.383345
278,8240.805155
279,8240.134248
280,8243.240369
281,8239.372213
282,8241.405402
283,8239.640036
284,8241.956442
285,8230.854818
286,8240.072268
287,8240.661478
288,8235.912037
289,8237.475950
290,8238.361915
291,8236.330518
292,8243.970056
293,8238.104678
294,8233.471467
295,8241.575511
296,8235.139685
297,8242.715761
298,8241.085751
299,8239.545039
300,8234.012321
301,8240.416198
302,8244.226842
303,8242.715761
304,8237.732204
305,8241.140079
306,8241.612981
307,8238.904649
308,8231.243942
309,8237.489335
310,8234.604239
311,8240.633454
312,8241.698066
313,8240.414139
314,8239.888500
315,8241.869766
316,8242.213228
317,8235.912037
318,8241.483540
319,8242.213228
320,8240.343687
321,8244.483627
322,8239.583208
323,8239.423919
324,8235.950526
325,8234.680241
326,8242.905445
327,8235.082545
328,8237.703860
329,8241.274863
330,8240.667177
331,8240.162144
332,8241.429212
333,8243.240369
334,8241.140079
335,8241.747765
336,8236.489135
337,8242.172558
338,8235.004361
339,8238.336750
340,8236.426144
341,8225.835428
342,8229.764880
343,8240.145285
344,8230.942276
345,8237.850264
346,8241.442871
347,8243.199700
348,8231.121182
349,8243.713271
350,8243.456485
351,8240.874973
352,8242.383337
353,8235.704109
354,8237.496774
355,8240.177539
356,8241.483540
357,8244.226842
358,8243.456485
359,8242.942915
360,8241.956442
361,8239.175671
362,8237.517766
363,8234.573437
364,8242.672470
365,8239.699338
366,8244.740413
367,8241.196725
368,8227.299080
369,8240.418929
370,8235.822991
371,8240.632314
372,8238.745750
373,8243.970056
374,8239.912798
375,8240.635045
376,8233.628307
377,8223.671105
378,8239.492295
379,8239.594245
380,8237.161156
381,8236.099005
382,8241.405402
383,8239.529765
384,8236.078063
385,8235.830320
386,8233.335190
387,8227.825315
388,8235.005606
389,8238.505822
390,8236.798468
391,8242.983584
392,8236.361942
393,8240.683154
394,8240.426368
395,8237.681138
396,8237.721835
397,8241.869766
398,8234.082198
399,8234.912719
400,8240.158944
401,8231.841336
402,8236.820751
403,8237.034712
404,8238.350987
405,8238.452251
406,8240.273048
407,8236.782922
408,8240.632314
409,8238.542481
410,8240.377501
411,8238.403655
412,8237.515266
413,8242.648659
414,8234.026510
415,8239.276179
416,8241.607859
417,8244.740413
418,8244.740413
419,8242.640123
420,8238.965065
421,8231.385660
422,8234.749164
423,8242.202190
424,8229.098003
425,8236.233789
426,8240.030433
427,8243.497155
428,8240.828966
429,8229.267802
430,8229.927054
431,8240.145285
432,8238.918886
433,8239.983497
434,8237.119797
435,8237.076272
436,8240.597576
437,8236.601578
438,8232.861996
439,8236.436296
440,8237.088276
441,8242.202190
442,8238.126455
443,8240.691110
444,8237.068796
445,8242.175758
446,8241.832297
447,8240.323716
448,8234.752767
449,8243.240369
450,8240.364601
451,8238.810286
452,8233.505226
453,8236.925443
454,8237.110350
455,8236.784872
456,8239.599367
457,8238.203274
458,8236.801859
459,8237.322748
460,8240.977409
461,8233.200473
462,8238.652681
463,8236.645244
464,8239.061100
465,8238.829710
466,8238.829710
467,8241.685998
468,8240.837503
469,8231.985372
470,8237.245491
471,8242.126552
472,8242.213228
473,8236.576976
474,8231.076427
475,8239.997329
476,8237.368045
477,8242.391874
478,8237.493955
479,8236.190463
480,8241.414654
481,8242.202190
482,8240.604528
483,8235.447323
484,8244.740413
485,8244.483627
486,8243.162230
487,8243.419016
488,8225.717479
489,8241.956442
490,8239.983497
491,8239.458889
492,8241.685998
493,8240.391034
494,8230.211138
495,8243.970056
496,8236.978793
497,8242.905445
498,8244.740413
499,8243.240369
