0,2718.041028
1,5471.495551
2,5973.457798
3,6386.000083
4,6648.067270
5,7064.092729
6,7272.636912
7,7376.566047
8,7481.592033
9,7758.797540
10,7909.443041
11,8155.934013
12,8474.976132
13,8685.504601
14,8716.193458
15,8992.245439
16,9197.147140
17,9383.272724
18,9272.556335
19,9558.502827
20,9871.029136
21,10019.496339
22,10189.038507
23,10487.765817
24,10570.899810
25,10493.819807
26,10514.808884
27,10836.319071
28,11157.147987
29,11155.130419
30,11273.509299
31,10949.589722
32,11261.454027
33,11720.416989
34,11656.040946
35,11561.942750
36,11601.056700
37,11745.776994
38,11814.134784
39,11802.012525
40,12330.305101
41,12273.198019
42,12354.095458
43,12189.401295
44,12694.287992
45,12539.165355
46,12507.782155
47,12715.875809
48,13069.666300
49,12759.134869
50,12780.444533
51,12797.292314
52,13123.746566
53,13001.899541
54,12675.070761
55,12763.817562
56,12942.666358
57,13453.862321
58,13285.743829
59,13335.815726
60,13791.904942
61,13673.229683
62,13952.449990
63,13870.217411
64,13789.340911
65,14047.141840
66,13476.334349
67,13845.945012
68,13516.271285
69,13372.565473
70,13813.844371
71,13965.730145
72,14358.909176
73,14195.221308
74,14089.043773
75,14064.755796
76,13797.290897
77,14468.368342
78,14064.451914
79,14537.555830
80,14464.497616
81,14664.348163
82,14446.355850
83,14577.690438
84,14565.710302
85,14657.589991
86,15105.013030
87,15474.428277
88,15169.966430
89,15247.040472
90,15090.426289
91,15294.075696
92,15421.821192
93,15312.502016
94,14970.060005
95,15011.264531
96,15190.509903
97,15668.638098
98,15792.788712
99,15655.315109
100,15544.121566
101,15618.484395
102,15715.342890
103,15451.324397
104,15520.443977
105,15676.939051
106,15686.242656
107,15809.271043
108,15870.090204
109,16075.078998
110,15963.297155
111,15783.594372
112,15957.599979
113,16013.358325
114,16006.638278
115,16096.166926
116,16017.265003
117,16136.959358
118,16225.154757
119,16167.764965
120,16277.448851
121,16292.757856
122,16213.953235
123,16222.658756
124,16318.825212
125,16280.559978
126,16487.232348
127,16509.473283
128,16325.576471
129,16404.370647
130,16403.534111
131,16476.700455
132,16592.531554
133,16488.896732
134,16422.126247
135,16433.789482
136,16578.022100
137,16389.031485
138,16427.978240
139,16516.799301
140,16523.385807
141,16571.089174
142,16550.086736
143,16636.326223
144,16519.456401
145,16591.355550
146,16532.368954
147,16510.644453
148,16568.017851
149,16627.899859
150,16569.074889
151,16523.544120
152,16660.032399
153,16604.539098
154,16596.254428
155,16660.032399
156,16634.189894
157,16660.032399
158,16642.939706
159,16641.851734
160,16617.290119
161,16660.032399
162,16660.032399
163,16639.442350
164,16660.032399
165,16636.972818
166,16660.032399
167,16660.032399
168,16636.786037
169,16660.032399
170,16635.286123
171,16639.141809
172,16660.032399
173,16641.681852
174,16660.032399
175,16660.032399
176,16660.032399
177,16660.032399
178,16660.032399
179,16660.032399
180,16660.032399
181,16660.032399
182,16660.032399
183,16660.032399
184,16660.032399
185,16637.369410
186,16660.032399
187,16660.032399
188,16660.032399
189,16660.032399
190,16660.032399
191,16660.032399
192,16660.032399
193,16660.032399
194,16660.032399
195,16660.032399
196,16660.032399
197,16660.032399
198,16660.032399
199,16660.032399
200,16660.032399
201,16660.032399
202,16660.032399
203,16660.032399
204,16660.032399
205,16660.032399
206,16660.032399
207,16660.032399
208,16660.032399
209,16660.032399
210,16660.032399
211,16660.032399
212,16660.032399
213,16660.032399
214,16660.032399
215,16660.032399
216,16660.032399
217,16660.032399
218,16660.032399
219,16660.032399
220,16660.032399
221,16660.032399
222,16660.032399
223,16660.032399
224,16660.032399
225,16660.032399
226,16660.032399
227,16660.032399
228,16660.032399
229,16660.032399
230,16660.032399
231,16660.032399
232,16660.032399
233,16660.032399
234,16660.032399
235,16660.032399
236,16660.032399
237,16660.032399
238,16660.032399
239,16660.032399
240,16660.032399
241,16660.032399
242,16660.032399
243,16660.032399
244,16660.032399
245,16660.032399
246,16660.032399
247,16660.032399
248,16660.032399
249,16660.032399
250,16660.032399
251,16660.032399
252,16660.032399
253,16660.032399
254,16660.032399
255,16660.032399
256,16660.032399
257,16660.032399
258,16660.032399
259,16660.032399
260,16660.032399
261,16660.032399
262,16660.032399
263,16660.032399
264,16660.032399
265,16660.032399
266,16660.032399
267,16660.032399
268,16660.032399
269,16660.032399
270,16660.032399
271,16660.032399
272,16660.032399
273,16660.032399
274,16660.032399
275,16660.032399
276,16660.032399
277,16660.032399
278,16660.032399
279,16660.032399
280,16660.032399
281,16660.032399
282,16660.032399
283,16660.032399
284,16660.032399
285,16660.032399
286,16660.032399
287,16660.032399
288,16660.032399
289,16660.032399
290,16660.032399
291,16660.032399
292,16660.032399
293,16660.032399
294,16660.032399
295,16660.032399
296,16660.032399
297,16660.032399
298,16660.032399
299,16660.032399
300,16660.032399
301,16660.032399
302,16660.032399
303,16660.032399
304,16660.032399
305,16660.032399
306,16660.032399
307,16660.032399
308,16660.032399
309,16660.032399
310,16660.032399
311,16660.032399
312,16660.032399
313,16660.032399
314,16660.032399
315,16660.032399
316,16660.032399
317,16660.032399
318,16660.032399
319,16660.032399
320,16660.032399
321,16660.032399
322,16660.032399
323,16660.032399
324,16660.032399
325,16660.032399
326,16660.032399
327,16660.032399
328,16660.032399
329,16660.032399
330,16660.032399
331,16660.032399
332,16660.032399
333,16660.032399
334,16660.032399
335,16660.032399
336,16660.032399
337,16660.032399
338,16660.032399
339,16660.032399
340,16660.032399
341,16660.032399
342,16660.032399
343,16660.032399
344,16660.032399
345,16660.032399
346,16660.032399
347,16660.032399
348,16660.032399
349,16660.032399
350,16660.032399
351,16660.032399
352,16660.032399
353,16660.032399
354,16660.032399
355,16660.032399
356,16660.032399
357,16660.032399
358,16660.032399
359,16660.032399
360,16660.032399
361,16660.032399
362,16660.032399
363,16660.032399
364,16660.032399
365,16660.032399
366,16660.032399
367,16660.032399
368,16660.032399
369,16660.032399
370,16660.032399
371,16660.032399
372,16660.032399
373,16660.032399
374,16660.032399
375,16660.032399
376,16660.032399
377,16660.032399
378,16660.032399
379,16660.032399
380,16660.032399
381,16660.032399
382,16660.032399
383,16660.032399
384,16660.032399
385,16660.032399
386,16660.032399
387,16660.032399
388,16660.032399
389,16660.032399
390,16660.032399
391,16660.032399
392,16660.032399
393,16660.032399
394,16660.032399
395,16660.032399
396,16660.032399
397,16660.032399
398,16660.032399
399,16660.032399
400,16660.032399
401,16660.032399
402,16660.032399
403,16660.032399
404,16660.032399
405,16660.032399
406,16660.032399
407,16660.032399
408,16660.032399
409,16660.032399
410,16660.032399
411,16660.032399
412,16660.032399
413,16660.032399
414,16660.032399
415,16660.032399
416,16660.032399
417,16660.032399
418,16660.032399
419,16660.032399
420,16660.032399
421,16660.032399
422,16660.032399
423,16660.032399
424,16660.032399
425,16660.032399
426,16660.032399
427,16660.032399
428,16660.032399
429,16660.032399
430,16660.032399
431,16660.032399
432,16660.032399
433,16660.032399
434,16660.032399
435,16660.032399
436,16660.032399
437,16660.032399
438,16660.032399
439,16660.032399
440,16660.032399
441,16660.032399
442,16660.032399
443,16660.032399
444,16660.032399
445,16660.032399
446,16660.032399
447,16660.032399
448,16660.032399
449,16660.032399
450,16660.032399
451,16660.032399
452,16660.032399
453,16660.032399
454,16660.032399
455,16660.032399
456,16660.032399
457,16660.032399
458,16660.032399
459,16660.032399
460,16660.032399
461,16660.032399
462,16660.032399
463,16660.032399
464,16660.032399
465,16660.032399
466,16660.032399
467,16660.032399
468,16660.032399
469,16660.032399
470,16660.032399
471,16660.032399
472,16660.032399
473,16660.032399
474,16660.032399
475,16660.032399
476,16660.032399
477,16660.032399
478,16660.032399
479,16660.032399
480,16660.032399
481,16660.032399
482,16660.032399
483,16660.032399
484,16660.032399
485,16660.032399
486,16660.032399
487,16660.032399
488,16660.032399
489,16660.032399
490,16660.032399
491,16660.032399
492,16660.032399
493,16660.032399
494,16660.032399
495,16660.032399
496,16660.032399
497,16660.032399
498,16660.032399
499,16660.032399
