0,2792.080668
1,3162.427699
2,3528.552774
3,3884.127619
4,4130.001710
5,4399.083487
6,4683.870474
7,4924.970536
8,5191.596501
9,5406.057536
10,5600.508848
11,5815.795926
12,6010.817037
13,6228.641289
14,6393.199713
15,6615.335564
16,6792.049693
17,6997.468897
18,7204.342065
19,7357.097284
20,7522.368151
21,7644.726015
22,7800.316446
23,7891.372022
24,7977.084240
25,8027.951330
26,8119.721044
27,8167.770473
28,8163.092689
29,8243.869913
30,8359.502551
31,8382.325527
32,8439.053624
33,8468.352609
34,8463.583262
35,8492.364817
36,8520.821953
37,8546.983866
38,8544.681329
39,8533.844898
40,8542.179337
41,8540.945672
42,8492.524815
43,8503.885112
44,8503.518598
45,8535.075356
46,8508.248035
47,8520.601370
48,8463.333220
49,8498.671863
50,8562.984746
51,8562.286573
52,8550.333104
53,8526.896432
54,8547.611835
55,8560.100529
56,8556.853191
57,8526.587550
58,8532.972895
59,8541.000280
60,8514.232262
61,8546.860724
62,8603.548967
63,8568.063081
64,8580.487412
65,8518.840268
66,8535.291047
67,8583.961821
68,8579.882206
69,8606.655668
70,8588.511867
71,8533.970607
72,8526.529012
73,8561.374509
74,8568.674272
75,8573.658090
76,8592.012524
77,8561.446853
78,8551.498001
79,8558.812923
80,8597.244185
81,8573.548387
82,8554.089780
83,8527.190917
84,8520.502473
85,8580.062097
86,8557.807144
87,8554.682964
88,8541.679392
89,8547.007093
90,8562.599680
91,8542.884495
92,8530.900569
93,8588.824160
94,8592.569310
95,8599.375919
96,8579.722272
97,8583.591308
98,8603.747606
99,8574.954890
100,8548.656960
101,8528.863575
102,8545.112758
103,8541.392964
104,8579.749643
105,8584.791944
106,8538.702943
107,8520.078181
108,8565.846065
109,8602.252374
110,8564.977068
111,8582.608934
112,8579.990792
113,8603.832630
114,8595.907823
115,8566.280295
116,8558.031356
117,8539.023521
118,8550.358696
119,8596.244156
120,8592.808448
121,8592.642395
122,8554.606318
123,8573.537842
124,8506.385256
125,8530.371063
126,8509.304655
127,8593.482370
128,8552.670656
129,8557.298379
130,8580.166292
131,8544.749603
132,8546.813715
133,8509.871923
134,8479.624573
135,8499.988862
136,8529.596335
137,8546.279133
138,8528.896477
139,8531.773048
140,8523.011646
141,8584.075949
142,8551.841537
143,8531.194083
144,8529.406283
145,8539.971124
146,8588.817815
147,8585.268419
148,8605.392281
149,8570.424167
150,8599.658737
151,8537.049083
152,8531.845747
153,8563.412101
154,8584.827971
155,8559.967235
156,8543.431498
157,8491.996710
158,8527.157633
159,8551.454470
160,8538.642699
161,8534.065852
162,8552.667796
163,8600.182071
164,8573.723172
165,8580.715717
166,8564.682381
167,8519.162454
168,8561.558462
169,8534.263317
170,8588.657049
171,8557.601982
172,8609.817157
173,8571.580574
174,8561.413684
175,8558.711364
176,8535.832881
177,8564.637106
178,8511.407365
179,8536.398217
180,8559.115404
181,8558.293044
182,8549.618001
183,8566.209090
184,8588.865508
185,8538.823793
186,8559.229635
187,8559.633645
188,8554.108607
189,8573.504210
190,8580.908332
191,8578.096684
192,8568.270646
193,8593.913640
194,8598.689108
195,8575.150837
196,8584.488525
197,8583.978903
198,8588.863821
199,8579.920945
200,8580.818233
201,8597.393129
202,8541.313882
203,8536.834511
204,8546.280650
205,8525.260651
206,8495.130738
207,8586.391418
208,8598.925277
209,8525.758355
210,8569.548615
211,8593.376278
212,8536.431905
213,8574.252559
214,8520.347753
215,8522.949492
216,8552.495726
217,8521.408789
218,8541.732508
219,8551.375440
220,8517.182736
221,8571.379488
222,8492.468320
223,8532.420208
224,8506.953588
225,8516.097609
226,8498.558713
227,8511.448618
228,8529.107770
229,8568.289999
230,8541.716296
231,8588.837332
232,8594.152585
233,8516.620581
234,8525.868817
235,8538.160114
236,8550.178567
237,8546.693587
238,8564.839368
239,8538.615591
240,8564.445907
241,8576.201287
242,8550.480094
243,8535.363529
244,8524.243766
245,8563.087602
246,8589.363831
247,8571.298162
248,8571.704761
249,8543.667442
250,8532.921516
251,8498.687393
252,8539.357234
253,8522.282142
254,8568.352049
255,8563.591104
256,8531.747143
257,8540.771768
258,8553.581198
259,8585.736246
260,8547.606088
261,8583.407593
262,8523.309530
263,8567.146489
264,8552.510976
265,8522.741060
266,8558.607808
267,8591.128423
268,8578.082417
269,8571.724060
270,8591.478990
271,8552.410563
272,8524.302773
273,8566.755571
274,8580.927521
275,8606.033095
276,8528.893991
277,8576.841209
278,8573.122740
279,8572.641317
280,8586.950228
281,8545.942447
282,8549.213712
283,8555.754356
284,8556.976813
285,8568.941183
286,8537.939826
287,8529.781574
288,8569.719474
289,8577.809550
290,8622.316614
291,8581.255932
292,8561.864982
293,8531.449849
294,8546.290406
295,8550.648544
296,8560.458570
297,8535.733906
298,8548.167027
299,8538.979948
300,8574.847341
301,8561.642599
302,8532.706697
303,8538.948071
304,8512.939684
305,8525.724891
306,8550.636891
307,8565.329100
308,8554.767319
309,8550.110159
310,8575.182081
311,8580.182421
312,8573.933745
313,8546.630385
314,8560.093396
315,8512.408215
316,8550.644409
317,8568.579803
318,8570.917277
319,8549.831546
320,8576.983492
321,8596.245344
322,8588.512844
323,8547.574953
324,8568.032134
325,8530.821660
326,8539.279743
327,8516.803702
328,8547.197539
329,8493.562806
330,8519.063235
331,8526.021048
332,8538.693055
333,8561.646006
334,8597.215909
335,8610.437305
336,8616.486093
337,8578.659224
338,8600.607554
339,8564.381285
340,8572.360387
341,8573.425969
342,8537.614465
343,8619.133329
344,8588.684784
345,8561.775273
346,8538.267364
347,8544.363569
348,8571.169677
349,8595.956064
350,8552.700505
351,8525.083006
352,8565.213027
353,8555.952208
354,8539.529309
355,8526.303574
356,8528.482907
357,8559.740291
358,8555.117244
359,8573.924887
360,8600.447134
361,8545.033366
362,8537.828531
363,8579.908275
364,8550.889475
365,8506.099666
366,8577.111180
367,8521.382866
368,8519.616503
369,8530.206173
370,8523.726910
371,8531.616217
372,8544.715281
373,8515.705028
374,8536.918635
375,8609.759165
376,8587.878471
377,8548.916350
378,8502.964807
379,8557.818065
380,8534.236912
381,8551.180929
382,8546.891153
383,8552.072503
384,8515.681421
385,8520.646455
386,8565.704015
387,8532.699460
388,8543.150991
389,8549.695817
390,8554.241572
391,8594.436858
392,8583.144679
393,8557.781518
394,8562.102831
395,8573.278908
396,8528.680339
397,8552.940979
398,8566.551290
399,8552.940702
400,8602.191352
401,8552.677524
402,8592.653844
403,8556.527025
404,8508.814990
405,8569.638457
406,8554.782877
407,8573.698711
408,8571.667890
409,8605.153938
410,8536.236022
411,8552.301774
412,8542.083887
413,8568.551842
414,8560.116685
415,8540.017773
416,8513.902700
417,8530.834678
418,8611.397525
419,8593.812274
420,8549.417488
421,8544.306376
422,8523.877501
423,8529.721575
424,8531.484995
425,8556.993884
426,8536.231353
427,8563.760696
428,8557.131209
429,8531.728882
430,8549.483101
431,8564.242553
432,8584.742932
433,8561.754060
434,8549.085308
435,8530.222221
436,8544.069341
437,8583.723009
438,8562.450765
439,8547.496880
440,8533.509272
441,8524.163059
442,8497.307987
443,8548.852543
444,8541.797327
445,8515.796812
446,8543.888105
447,8524.294554
448,8567.585262
449,8565.217289
450,8554.913094
451,8585.704342
452,8558.322768
453,8563.634333
454,8561.102276
455,8555.679479
456,8577.633043
457,8589.060550
458,8605.547521
459,8579.029575
460,8560.354823
461,8526.732058
462,8577.913291
463,8544.646249
464,8551.044046
465,8545.950637
466,8525.631230
467,8503.510627
468,8542.982415
469,8519.077095
470,8565.914630
471,8575.954978
472,8587.934652
473,8559.894849
474,8566.146742
475,8591.819227
476,8560.881601
477,8561.651440
478,8553.541439
479,8603.302549
480,8561.559565
481,8527.223930
482,8513.805989
483,8530.883578
484,8534.368345
485,8520.553913
486,8522.040199
487,8500.092345
488,8535.454055
489,8513.757442
490,8559.265037
491,8573.877171
492,8602.670266
493,8549.830869
494,8563.357150
495,8554.464403
496,8557.497891
497,8602.308755
498,8575.307121
499,8545.201310
