0,2788.782581
1,5523.250364
2,6125.435949
3,6484.471021
4,6693.995283
5,7014.128542
6,7159.111150
7,7435.883412
8,7499.947095
9,7724.883269
10,7896.299028
11,8069.568734
12,8301.091627
13,8381.905934
14,8496.791795
15,8519.554299
16,8674.718302
17,8875.851437
18,8887.293382
19,9019.986991
20,9128.420107
21,9319.299480
22,9404.308660
23,9506.357264
24,9570.433293
25,9627.195088
26,9680.583518
27,9899.519146
28,9809.253626
29,9940.665555
30,10209.119512
31,10287.482273
32,10275.016057
33,10457.184665
34,10485.080099
35,10474.895830
36,10550.971431
37,10749.919179
38,10756.710850
39,10609.132711
40,10712.113002
41,10960.665334
42,11056.065294
43,11074.448127
44,11139.396978
45,11297.683590
46,11358.558319
47,11208.798739
48,11265.410870
49,11350.246998
50,11450.155938
51,11409.715827
52,11353.699016
53,11684.795447
54,11714.347278
55,11765.175014
56,11840.538037
57,11971.532639
58,11733.273718
59,12008.559698
60,11930.370932
61,12020.155794
62,12117.642910
63,12166.481560
64,12335.211209
65,12174.994146
66,12307.777922
67,12566.954656
68,12273.909137
69,12266.068338
70,12398.505972
71,12306.387539
72,12489.652589
73,12559.799175
74,12517.242070
75,12466.920617
76,12646.803612
77,12654.156789
78,12674.395700
79,12688.096632
80,12679.922570
81,12712.934844
82,12826.831451
83,12660.404179
84,12991.995147
85,12881.329593
86,12883.293950
87,12981.885850
88,12974.209491
89,12817.224380
90,13100.807522
91,13057.230578
92,13300.450843
93,13252.553974
94,13089.748906
95,13332.377156
96,13096.644615
97,12996.432914
98,13325.451277
99,13025.210883
100,13216.277945
101,13225.925990
102,13527.749891
103,13453.835082
104,13517.024114
105,13228.899077
106,13285.822231
107,13224.303809
108,13370.212425
109,13570.990947
110,13527.891932
111,13317.013394
112,13570.506184
113,13345.904064
114,13634.037970
115,13553.735892
116,13725.246726
117,13673.148612
118,13677.185267
119,13665.565996
120,13602.751736
121,13783.535420
122,13927.365890
123,13990.013053
124,13852.151676
125,13559.254166
126,13753.297621
127,13787.538134
128,13809.730176
129,13857.434269
130,13717.686781
131,13820.977605
132,13884.026598
133,13968.123655
134,13931.218663
135,13647.834465
136,13779.294181
137,14218.209443
138,13885.393653
139,13873.370280
140,13947.411918
141,13777.760244
142,13958.630215
143,14015.235835
144,14029.890167
145,13863.903308
146,13888.215510
147,13997.743877
148,14096.655134
149,14067.481587
150,14072.646649
151,14108.665877
152,14203.563402
153,14011.485565
154,14101.868101
155,14232.533255
156,14026.677203
157,13921.124716
158,14116.386318
159,14044.744779
160,14069.844049
161,13893.765296
162,13914.080277
163,14228.371881
164,14316.946279
165,14158.954047
166,14080.358523
167,14288.381353
168,14200.559962
169,14108.044184
170,14424.145724
171,14092.394670
172,14231.321336
173,14463.567487
174,14216.452905
175,14206.109838
176,14290.790935
177,14356.664693
178,14432.738920
179,14401.858219
180,14304.728441
181,14360.393148
182,14190.404142
183,14031.956404
184,14342.028699
185,14338.379218
186,14382.660508
187,14175.211915
188,14284.908618
189,14442.415140
190,14386.606519
191,14341.475575
192,14198.539457
193,14208.845729
194,14148.640683
195,14275.766787
196,14372.241443
197,14310.546005
198,14235.771306
199,14413.937646
200,14435.457101
201,14300.137536
202,14316.229056
203,14409.396649
204,14576.084949
205,14327.976981
206,14363.565407
207,14194.858072
208,14317.283110
209,14296.550132
210,14099.651826
211,14237.349101
212,14343.941489
213,14505.285234
214,14423.181300
215,14465.631052
216,14435.896288
217,14351.531461
218,14340.199312
219,14349.781138
220,14456.808555
221,14420.571903
222,14437.775877
223,14141.544826
224,14358.450087
225,14374.011938
226,14108.360679
227,14314.925343
228,14365.491859
229,14350.920566
230,14473.222077
231,14556.309902
232,14331.817176
233,14426.385270
234,14263.962786
235,14354.848736
236,14545.551731
237,14491.731186
238,14261.016958
239,14380.420086
240,14639.204755
241,14556.163268
242,14527.493248
243,14521.583250
244,14329.049789
245,14419.546768
246,14626.967818
247,14581.863153
248,14617.655820
249,14243.512242
250,14512.510232
251,14547.612643
252,14472.622582
253,14638.565863
254,14429.788458
255,14479.797166
256,14497.266965
257,14294.947617
258,14560.967022
259,14688.169994
260,14710.679527
261,14601.592174
262,14328.921610
263,14442.294188
264,14430.274438
265,14615.961733
266,14794.339613
267,14539.213101
268,14667.693497
269,14715.020061
270,14405.180106
271,14752.005002
272,14621.345291
273,14631.934129
274,14461.703735
275,14564.115949
276,14385.646180
277,14559.210748
278,14512.951432
279,14368.873066
280,14414.026242
281,14758.577258
282,14554.100162
283,14716.932328
284,14511.541693
285,14568.039563
286,14501.024162
287,14844.857105
288,14693.466900
289,14524.907725
290,14533.806990
291,14559.983153
292,14272.765086
293,14569.267134
294,14734.432658
295,14556.095744
296,14692.617918
297,14602.435975
298,14545.904107
299,14504.459996
300,14584.841506
301,14570.386945
302,14807.777379
303,14719.469534
304,14560.014593
305,14666.529573
306,14611.224339
307,14379.929127
308,14615.686600
309,14493.300603
310,14586.289899
311,14498.786093
312,14733.903581
313,14683.548291
314,14834.911568
315,14636.407208
316,14763.182700
317,14362.692554
318,14567.383897
319,14548.510249
320,14706.794000
321,14707.196118
322,14348.263593
323,14387.713139
324,14676.855204
325,14638.711832
326,14537.340427
327,14429.951483
328,14549.840498
329,14640.597343
330,14492.085379
331,14541.851152
332,14394.882715
333,14288.768689
334,14736.755246
335,14705.130432
336,14373.529235
337,14865.303410
338,14505.747817
339,14713.857890
340,14502.447570
341,14503.689848
342,14626.219551
343,14714.787374
344,14475.656387
345,14806.768353
346,14662.942653
347,14844.730160
348,14448.639068
349,14652.107325
350,14763.289708
351,14852.889035
352,14675.281189
353,14623.503658
354,14880.311328
355,14799.081107
356,14571.653491
357,14515.902785
358,14676.375368
359,14636.086226
360,14651.002603
361,14625.709495
362,14628.524472
363,14579.217126
364,14567.875239
365,14416.998529
366,14654.796192
367,14562.587364
368,14674.951569
369,14556.587207
370,14702.030460
371,14655.402987
372,14577.258426
373,14531.015165
374,14665.825867
375,14552.551633
376,14655.652021
377,14694.873554
378,14883.476687
379,14589.974513
380,14839.596377
381,14731.085972
382,14620.959097
383,14689.749316
384,14630.225308
385,14700.616470
386,14613.549506
387,14712.886253
388,14461.994650
389,14600.120803
390,14711.862511
391,14745.738300
392,14688.514224
393,14675.967162
394,14547.804043
395,14694.693015
396,14698.386300
397,14525.783553
398,14488.751795
399,14579.675386
400,14539.777697
401,14716.828194
402,14751.434171
403,14662.112223
404,14853.903421
405,14790.413196
406,14763.554150
407,14573.122122
408,14702.006785
409,14922.498743
410,14492.871970
411,14497.509857
412,14487.701498
413,14524.537826
414,14484.903129
415,14476.422495
416,14669.760137
417,14561.079637
418,14684.693667
419,14609.754986
420,14557.434850
421,14634.719740
422,14635.078763
423,14563.898443
424,14605.240344
425,14408.694898
426,14610.661032
427,14568.421795
428,14727.138572
429,14710.544567
430,14394.613570
431,14687.337758
432,14814.507790
433,14714.708556
434,14808.458096
435,14614.991306
436,14651.433572
437,14981.627666
438,14986.757791
439,14779.649231
440,14613.788085
441,14635.115657
442,14637.214717
443,14750.600947
444,14737.619935
445,14690.177607
446,14646.800429
447,14514.180987
448,14427.599101
449,14672.197220
450,14566.576072
451,14803.390076
452,14639.404603
453,14712.347321
454,14741.786702
455,14686.695432
456,14659.071531
457,14911.202192
458,14622.498490
459,14657.644133
460,14627.887501
461,14745.150144
462,14765.332506
463,14638.489893
464,14551.997530
465,14670.893893
466,14529.834419
467,14788.198065
468,14918.028480
469,14586.822831
470,14748.756931
471,14581.446554
472,14874.479728
473,14589.412151
474,14714.527425
475,14771.815749
476,14637.609906
477,14633.333392
478,14604.047198
479,14532.521059
480,14746.501818
481,14518.138447
482,14462.023429
483,14791.816348
484,14599.551018
485,14625.998945
486,14543.601131
487,14614.077580
488,14731.743941
489,14781.817986
490,14711.508851
491,14540.794917
492,14758.337997
493,14756.316436
494,14729.373223
495,14772.926140
496,14647.158989
497,14828.764902
498,14812.121292
499,14704.135354
