0,2801.625274
1,5595.513379
2,6151.576220
3,6631.027630
4,7066.226986
5,7498.142258
6,7912.855788
7,8336.719128
8,8760.975657
9,9065.174401
10,9382.627359
11,9712.043802
12,9985.851451
13,10176.088749
14,10468.430559
15,10748.385211
16,11014.725755
17,11228.368219
18,11566.148088
19,11895.166998
20,12155.985639
21,12414.979888
22,12554.772344
23,12761.935946
24,12958.496055
25,13109.360828
26,13318.311862
27,13417.375684
28,13617.359413
29,13687.276279
30,13831.772713
31,14045.821897
32,14142.962541
33,14225.966128
34,14249.197939
35,14468.054660
36,14544.725396
37,14592.723681
38,14642.072681
39,14758.232142
40,14937.846983
41,14981.886268
42,15122.311550
43,15098.470243
44,15052.072659
45,15327.545641
46,15333.452708
47,15410.538051
48,15346.289544
49,15439.512328
50,15508.281712
51,15635.443092
52,15600.692826
53,15688.615923
54,15879.356450
55,15873.467721
56,15955.064675
57,15932.369152
58,15916.153814
59,16056.564619
60,16074.623947
61,16010.353063
62,16060.350303
63,16223.719509
64,16345.167971
65,16596.756379
66,16569.918127
67,16504.005368
68,16645.877817
69,16686.993622
70,16789.485411
71,16928.392296
72,17023.831169
73,16984.198978
74,16919.781166
75,16943.252927
76,17050.892825
77,16775.985077
78,16913.053118
79,16994.212535
80,17141.008209
81,17229.500193
82,17153.147227
83,17050.434205
84,17040.086363
85,17118.254362
86,17204.743450
87,17110.011457
88,17069.850091
89,17283.831728
90,17247.557547
91,17253.137171
92,17295.512163
93,17408.941158
94,17304.911405
95,17325.520163
96,17348.270979
97,17390.671458
98,17401.597505
99,17593.570493
100,17594.923659
101,17449.114970
102,17444.796154
103,17464.335975
104,17457.122731
105,17609.388188
106,17541.967096
107,17478.060213
108,17541.974533
109,17613.134602
110,17598.219656
111,17559.718019
112,17623.400455
113,17602.106385
114,17576.209741
115,17674.420630
116,17662.065433
117,17786.439265
118,17690.431493
119,17651.284699
120,17561.391182
121,17630.331092
122,17684.795293
123,17635.315512
124,17614.098148
125,17742.650458
126,17672.773818
127,17751.257285
128,17583.513504
129,17787.203707
130,17817.770077
131,17732.817612
132,17738.630920
133,17667.678890
134,17668.137944
135,17735.398278
136,17824.188566
137,17708.800828
138,17753.027794
139,17703.420586
140,17850.526010
141,17693.491205
142,17690.999752
143,17715.743471
144,17678.415057
145,17825.653735
146,17773.086128
147,17802.660148
148,17761.705966
149,17686.491464
150,17759.388955
151,17682.532188
152,17765.729046
153,17715.862902
154,17855.974553
155,17730.479877
156,17685.045326
157,17662.328327
158,17642.019979
159,17694.604811
160,17712.618953
161,17832.723331
162,17724.234973
163,17659.734170
164,17695.214236
165,17769.242969
166,17668.235717
167,17666.781721
168,17623.742321
169,17585.653540
170,17644.448848
171,17648.163816
172,17776.828380
173,17724.165268
174,17808.479758
175,17720.806725
176,17821.992759
177,17774.169931
178,17692.158933
179,17673.237054
180,17626.572023
181,17678.798893
182,17854.299060
183,17786.446909
184,17661.017156
185,17602.666728
186,17688.937238
187,17717.603873
188,17878.035318
189,17805.612027
190,17750.778789
191,17769.578311
192,17756.245614
193,17762.449452
194,17726.801962
195,17770.874689
196,17612.676276
197,17596.769260
198,17655.676622
199,17609.047059
200,17694.356598
201,17688.497061
202,17756.482960
203,17745.570451
204,17744.762082
205,17857.260100
206,17821.986958
207,17756.644997
208,17865.884092
209,17687.025136
210,17674.354335
211,17639.262415
212,17589.106936
213,17582.383958
214,17711.208594
215,17713.587353
216,17728.763119
217,17976.014278
218,17876.121054
219,17769.984177
220,17764.518892
221,17798.750065
222,17764.186545
223,17927.888242
224,17823.260819
225,17899.967962
226,17816.926692
227,17944.397951
228,17878.296700
229,18044.192162
230,18040.188720
231,18029.551163
232,17992.032255
233,18056.841292
234,18172.988413
235,17984.954643
236,18046.956490
237,18107.610797
238,18047.302037
239,18012.827813
240,17952.161404
241,17994.446724
242,18118.769515
243,18047.201938
244,18074.076955
245,18069.350569
246,18111.557316
247,18115.387037
248,18035.671459
249,18088.679401
250,18173.137380
251,18094.990028
252,18192.173713
253,18287.423994
254,18197.420854
255,18269.373455
256,18234.033676
257,18265.346090
258,18402.750602
259,18333.362359
260,18217.238175
261,18251.307012
262,18295.530686
263,18189.198554
264,18165.357934
265,18277.884038
266,18267.517330
267,18277.549114
268,18237.850504
269,18225.516003
270,18270.512969
271,18356.790916
272,18380.560811
273,18377.489863
274,18337.855843
275,18239.098474
276,18370.709694
277,18258.712704
278,18214.361152
279,18325.425149
280,18288.501562
281,18230.376728
282,18323.939847
283,18332.000783
284,18338.733692
285,18300.911734
286,18420.280284
287,18340.322009
288,18370.461428
289,18285.232387
290,18408.111654
291,18363.318359
292,18384.140565
293,18207.641777
294,18284.425627
295,18208.015951
296,18353.696022
297,18400.972962
298,18410.807548
299,18162.131541
300,18227.394582
301,18270.774852
302,18463.688692
303,18331.287162
304,18336.579350
305,18292.168838
306,18512.276374
307,18474.498686
308,18516.391926
309,18498.979640
310,18450.281963
311,18309.187585
312,18324.395392
313,18402.903336
314,18409.579036
315,18404.925951
316,18399.054022
317,18459.268544
318,18356.188482
319,18416.962433
320,18367.255055
321,18351.391077
322,18247.678932
323,18426.291378
324,18553.330409
325,18493.318360
326,18415.463343
327,18318.327431
328,18268.116989
329,18289.549455
330,18252.734518
331,18332.247589
332,18380.492069
333,18284.341473
334,18308.166389
335,18364.799255
336,18413.598098
337,18387.694380
338,18316.036650
339,18360.965347
340,18472.193519
341,18526.160972
342,18353.377344
343,18340.024575
344,18289.414875
345,18434.376475
346,18514.487034
347,18297.359879
348,18511.531495
349,18452.103324
350,18342.488711
351,18313.346126
352,18518.945862
353,18423.210557
354,18284.598951
355,18390.048190
356,18437.062894
357,18499.037895
358,18272.365251
359,18279.830093
360,18069.216338
361,18392.299498
362,18489.863482
363,18509.651858
364,18514.514821
365,18506.975280
366,18309.087422
367,18487.871487
368,18499.374292
369,18405.732703
370,18329.575342
371,18304.826269
372,18322.954815
373,18263.611719
374,18246.929928
375,18197.911980
376,18167.385312
377,18219.803636
378,18321.723005
379,18348.470323
380,18452.081199
381,18372.908923
382,18351.596547
383,18334.847223
384,18391.038900
385,18388.627466
386,18343.041779
387,18496.067585
388,18292.225647
389,18432.663766
390,18373.009742
391,18362.058343
392,18299.295670
393,18305.694365
394,18241.594875
395,18364.574996
396,18323.828977
397,18267.651304
398,18244.115312
399,18315.622657
400,18381.997637
401,18416.578022
402,18397.877864
403,18307.243393
404,18306.621315
405,18425.257257
406,18368.207750
407,18297.588398
408,18438.256632
409,18374.914710
410,18460.156556
411,18513.224172
412,18583.684205
413,18489.404216
414,18381.483711
415,18373.012972
416,18396.058017
417,18428.033047
418,18453.249687
419,18377.201490
420,18310.744393
421,18376.094061
422,18184.897233
423,18290.743131
424,18336.498369
425,18331.983870
426,18423.620215
427,18540.854046
428,18539.816132
429,18427.251826
430,18434.840783
431,18407.502145
432,18288.058120
433,18229.450046
434,18254.115161
435,18431.550411
436,18301.365834
437,18374.894293
438,18472.915387
439,18391.080915
440,18482.939446
441,18278.008335
442,18334.022680
443,18387.518222
444,18361.476470
445,18431.249729
446,18526.686615
447,18500.909079
448,18451.359942
449,18488.634878
450,18503.625359
451,18586.420864
452,18394.915238
453,18481.626393
454,18474.759334
455,18500.278431
456,18477.520665
457,18495.234029
458,18308.934510
459,18301.218611
460,18325.774679
461,18437.189631
462,18509.145398
463,18451.980115
464,18457.974388
465,18397.375837
466,18484.565400
467,18512.230897
468,18426.580174
469,18314.477746
470,18498.745707
471,18442.024662
472,18380.317877
473,18433.732562
474,18392.042059
475,18417.026617
476,18489.800372
477,18477.743970
478,18389.767005
479,18350.043002
480,18281.929179
481,18542.080759
482,18439.126210
483,18293.311578
484,18292.041363
485,18123.521438
486,18191.119855
487,18280.428162
488,18457.954065
489,18475.252300
490,18423.618056
491,18575.833736
492,18571.864359
493,18466.366349
494,18583.173180
495,18436.333142
496,18300.856759
497,18513.988282
498,18423.518434
499,18558.245415
