0,2851.293247
1,3380.819481
2,3755.414002
3,4095.873659
4,4385.815669
5,4593.210367
6,4802.458228
7,5123.617507
8,5410.296764
9,5737.805929
10,6089.753433
11,6284.243970
12,6443.537627
13,6638.950473
14,6854.713477
15,6811.636371
16,7160.096951
17,7297.391546
18,7367.960609
19,7361.597953
20,7588.686662
21,7611.585403
22,7731.801753
23,7647.570836
24,7835.533870
25,7920.450205
26,7877.637181
27,7934.328498
28,7999.019130
29,8197.854487
30,8231.026409
31,8323.495750
32,8128.949187
33,8248.347742
34,8038.441331
35,8074.911983
36,8021.378839
37,8018.531783
38,8269.062182
39,8204.924186
40,8201.966884
41,8224.522052
42,8265.878729
43,8146.546998
44,8052.722216
45,8215.531580
46,8258.890441
47,8241.201398
48,8261.861656
49,8249.867426
50,8111.992977
51,8096.817368
52,8251.726715
53,8181.884392
54,8269.194430
55,8168.215585
56,8257.166278
57,8287.400378
58,8236.711951
59,8223.277090
60,8238.751414
61,8236.872949
62,8242.431999
63,8237.276169
64,8285.789590
65,8191.253479
66,8313.653428
67,8180.043836
68,8044.356378
69,8166.996862
70,8206.823471
71,8164.550517
72,8136.913217
73,8227.718952
74,8236.003474
75,8080.308647
76,8157.346892
77,8284.638468
78,8186.684027
79,8207.906724
80,8335.864469
81,8174.114987
82,8090.810818
83,8223.829581
84,8142.873446
85,8106.136051
86,8196.323625
87,8154.105080
88,8113.063510
89,8108.832911
90,8106.920396
91,8188.100749
92,8193.783918
93,8015.026910
94,8078.941801
95,8149.824974
96,8139.279736
97,8170.605228
98,8194.558753
99,8199.303060
100,8243.798442
101,8123.609455
102,8231.649513
103,8152.237586
104,8114.207204
105,8260.876505
106,8291.769629
107,8176.122381
108,8242.570194
109,8276.930526
110,8300.296099
111,8195.771953
112,8140.000328
113,8099.827867
114,8245.901533
115,8340.780010
116,8293.108205
117,8198.084257
118,8357.417367
119,8200.184193
120,8346.431234
121,8282.393639
122,8422.012258
123,8274.910481
124,8153.579234
125,8387.222075
126,8389.766143
127,8343.703431
128,8329.727969
129,8409.182032
130,8382.614438
131,8370.321346
132,8446.135319
133,8273.525399
134,8441.855743
135,8456.977948
136,8377.039776
137,8433.848395
138,8449.403273
139,8351.070605
140,8315.977218
141,8433.102754
142,8315.527413
143,8334.375294
144,8271.819131
145,8480.890138
146,8325.699833
147,8265.774692
148,8245.408663
149,8327.619528
150,8308.303231
151,8454.089347
152,8416.813344
153,8291.370645
154,8267.136664
155,8311.711508
156,8413.331254
157,8360.363034
158,8257.374947
159,8215.133629
160,8272.158596
161,8279.469699
162,8367.399002
163,8358.685448
164,8296.756338
165,8224.166784
166,8351.975527
167,8318.277694
168,8329.964862
169,8234.995805
170,8282.144299
171,8295.794208
172,8201.766600
173,8249.417200
174,8351.379628
175,8286.865892
176,8377.749556
177,8445.887249
178,8310.948336
179,8294.748365
180,8384.641451
181,8288.437279
182,8336.609292
183,8245.091398
184,8347.403691
185,8260.662208
186,8165.394255
187,8309.541001
188,8298.915392
189,8279.306839
190,8440.265243
191,8478.294986
192,8440.175183
193,8307.866299
194,8383.252275
195,8419.634175
196,8429.192099
197,8440.076238
198,8423.748525
199,8321.429855
200,8346.838206
201,8224.987136
202,8219.359610
203,8272.429565
204,8297.257282
205,8399.377535
206,8339.781698
207,8295.939435
208,8298.765698
209,8195.138668
210,8285.597230
211,8380.828642
212,8253.864247
213,8431.802031
214,8285.526322
215,8335.583788
216,8359.591678
217,8398.983538
218,8306.326565
219,8450.587889
220,8362.007249
221,8390.359889
222,8389.047925
223,8372.429524
224,8269.795697
225,8297.121111
226,8371.601078
227,8214.743468
228,8169.447978
229,8234.900109
230,8239.763488
231,8326.168010
232,8366.530383
233,8395.898314
234,8448.170165
235,8431.750988
236,8484.592060
237,8331.115208
238,8411.055773
239,8466.356554
240,8416.707465
241,8330.807754
242,8184.831543
243,8279.314171
244,8246.973854
245,8263.326638
246,8306.046268
247,8337.625020
248,8444.532574
249,8397.541103
250,8472.766708
251,8392.143733
252,8330.027360
253,8147.714463
254,8294.059009
255,8392.579996
256,8411.787458
257,8341.379929
258,8311.970029
259,8456.349607
260,8523.212630
261,8367.303111
262,8280.147764
263,8167.809300
264,8256.327458
265,8400.687825
266,8378.258896
267,8429.651477
268,8472.166535
269,8283.522483
270,8386.130029
271,8242.572330
272,8391.721391
273,8440.686881
274,8273.586465
275,8336.590636
276,8406.735405
277,8460.948004
278,8301.249927
279,8317.125499
280,8479.058998
281,8301.750048
282,8176.810851
283,8422.933279
284,8396.657096
285,8442.855843
286,8351.491535
287,8333.541261
288,8388.569192
289,8352.579847
290,8396.366708
291,8275.330514
292,8376.179188
293,8369.351772
294,8443.339116
295,8477.454529
296,8309.931132
297,8401.573274
298,8513.559637
299,8568.549962
300,8455.683525
301,8465.239408
302,8318.022467
303,8401.511816
304,8367.651749
305,8366.730285
306,8588.041586
307,8441.658387
308,8451.304128
309,8462.900983
310,8555.404731
311,8441.650088
312,8519.321841
313,8506.330340
314,8506.723763
315,8475.938008
316,8502.901301
317,8489.691160
318,8340.250112
319,8357.308214
320,8492.937386
321,8453.003967
322,8286.798027
323,8484.311506
324,8368.704268
325,8290.135371
326,8261.701856
327,8393.900570
328,8466.237839
329,8510.080855
330,8561.542088
331,8615.591161
332,8649.007836
333,8508.205819
334,8699.045781
335,8862.038700
336,8864.376928
337,8876.770345
338,8995.824640
339,8754.603855
340,8959.208860
341,8804.787655
342,9001.202457
343,8851.678548
344,8826.556520
345,8790.943198
346,8921.929305
347,8895.793074
348,8949.846677
349,8859.474334
350,8782.307136
351,8942.541187
352,8867.264435
353,8929.422986
354,9004.916438
355,8992.415613
356,8989.271344
357,8969.995002
358,8970.515461
359,8915.836093
360,8987.271515
361,8861.095968
362,8844.835784
363,8762.636435
364,8805.361488
365,8864.720058
366,8932.034325
367,8928.871717
368,8957.280538
369,8902.913962
370,9054.612669
371,9023.951816
372,8984.429571
373,8961.359677
374,8641.655881
375,8854.496372
376,8945.365118
377,8885.873132
378,8984.530380
379,8878.034040
380,8875.073695
381,8836.147061
382,8942.469895
383,8778.221370
384,8787.663687
385,8726.926010
386,8827.588842
387,9034.494693
388,8952.555067
389,8860.382360
390,8965.562892
391,8836.699063
392,8958.896105
393,8791.363153
394,8924.564357
395,8896.259933
396,8989.190940
397,8822.019777
398,8969.005454
399,8893.293108
400,8968.765306
401,8936.038038
402,8821.153107
403,8696.738672
404,8803.962668
405,8935.160036
406,8906.314583
407,8743.813476
408,8901.963562
409,8879.449730
410,8879.897721
411,8732.979447
412,9011.996872
413,8890.316233
414,8951.632832
415,8972.444869
416,8893.367066
417,8716.564078
418,8916.768266
419,8865.162734
420,8865.630546
421,8808.730237
422,8850.070526
423,8868.625928
424,8912.050786
425,9006.666586
426,9014.324463
427,8925.532456
428,8769.942662
429,8918.199056
430,8877.563771
431,8732.238050
432,8841.898055
433,8806.783484
434,8972.526375
435,8927.324434
436,8804.111540
437,8829.790028
438,8915.664212
439,8926.072072
440,8918.410865
441,8907.412612
442,8982.408273
443,8946.687450
444,8959.107306
445,9012.719335
446,9006.657451
447,8921.249083
448,8898.107248
449,8954.899054
450,8801.324138
451,8860.994965
452,9005.059510
453,8958.412525
454,8973.888479
455,8884.871229
456,8889.922960
457,8893.279362
458,8742.369085
459,8790.361562
460,8853.554178
461,8726.001687
462,8725.393260
463,8771.405815
464,8621.104594
465,9015.143661
466,8999.712493
467,8927.385543
468,8987.277727
469,8965.871869
470,8945.544780
471,8961.271483
472,8845.795671
473,8926.827886
474,8943.706077
475,8778.222313
476,8889.903720
477,8987.943397
478,9024.184374
479,8888.478440
480,8857.997348
481,8785.966188
482,8691.125781
483,8754.535879
484,8907.417066
485,8849.497510
486,8916.954217
487,8878.026830
488,8988.938418
489,8894.170342
490,8968.915875
491,8877.526305
492,8937.859145
493,8937.174145
494,8963.803959
495,8920.991722
496,8861.781494
497,8858.529160
498,8816.796913
499,8666.800415
