0,2692.876028
1,5397.395208
2,5890.413044
3,6271.744140
4,6542.932250
5,6677.997672
6,6911.941506
7,7068.031161
8,7142.919802
9,7346.482411
10,7478.310499
11,7547.228704
12,7667.169920
13,7767.384729
14,7930.615029
15,8105.114881
16,8064.654130
17,8199.821548
18,8450.282341
19,8499.706127
20,8642.466859
21,8675.147710
22,8677.129294
23,8677.430938
24,8961.494966
25,9026.562357
26,9131.178422
27,9286.330896
28,9340.188885
29,9463.454180
30,9537.439263
31,9539.971245
32,9724.661884
33,9740.755403
34,9674.877649
35,9693.999263
36,9918.686779
37,9979.901523
38,10072.743839
39,9975.238070
40,10149.918242
41,10094.162244
42,10195.250685
43,10208.830932
44,10279.061567
45,10338.383064
46,10462.155718
47,10395.454065
48,10427.392083
49,10592.776165
50,10556.335368
51,10614.861158
52,10827.850071
53,10755.510075
54,10674.003734
55,10740.178801
56,10784.987186
57,10621.686782
58,10760.896949
59,10650.315238
60,10846.387785
61,10830.942241
62,10997.830833
63,10886.869206
64,10899.901635
65,10949.768180
66,11010.578181
67,10968.266781
68,11164.629155
69,11184.833461
70,11172.126540
71,11273.979039
72,11250.276437
73,11238.001049
74,11287.123644
75,11272.852940
76,11295.585821
77,11377.619621
78,11165.508724
79,11057.867972
80,11223.952808
81,11356.846134
82,11204.508851
83,11242.017452
84,11415.342502
85,11413.880402
86,11393.068206
87,11507.966846
88,11451.567858
89,11487.363743
90,11553.122133
91,11607.357492
92,11347.820666
93,11345.553646
94,11450.497589
95,11497.373649
96,11497.606792
97,11504.978019
98,11577.041245
99,11514.857661
100,11440.559694
101,11747.601335
102,11625.144343
103,11571.189040
104,11737.030873
105,11661.178377
106,11799.341367
107,11839.423470
108,11887.515977
109,11921.818886
110,11828.100055
111,11761.119692
112,11713.573153
113,11837.559571
114,11824.911787
115,11814.685743
116,11831.986413
117,11818.590299
118,11941.886915
119,11998.559224
120,11892.089624
121,12043.604493
122,11990.443453
123,11781.089984
124,11831.551087
125,11844.876759
126,12126.987308
127,12073.847641
128,12026.588036
129,12021.380287
130,12074.177509
131,12077.973203
132,12089.015215
133,12060.898374
134,12053.444740
135,12035.664415
136,12037.912427
137,12168.150580
138,12341.770252
139,12306.925132
140,12283.504155
141,12496.960621
142,12212.595040
143,12210.841020
144,12325.521339
145,12362.255773
146,12415.757968
147,12240.344069
148,12286.818893
149,12445.513194
150,12483.800426
151,12532.337788
152,12406.397885
153,12258.427185
154,12362.457212
155,12412.446528
156,12412.343930
157,12497.115181
158,12293.683704
159,12421.464822
160,12584.236620
161,12665.240255
162,12602.389449
163,12578.456167
164,12602.631925
165,12411.675601
166,12386.627622
167,12356.435170
168,12535.467484
169,12520.645835
170,12571.058552
171,12432.065375
172,12534.879904
173,12532.658333
174,12505.693038
175,12581.595213
176,12646.195089
177,12559.105949
178,12601.523796
179,12690.388852
180,12559.491873
181,12682.677305
182,12687.098640
183,12660.826466
184,12655.462274
185,12383.257383
186,12533.940358
187,12714.224096
188,12539.211165
189,12580.137656
190,12647.212375
191,12727.780155
192,12795.035253
193,12648.523135
194,12495.595583
195,12672.161814
196,12806.474194
197,12667.499084
198,12624.447159
199,12660.905547
200,12619.597090
201,12658.847634
202,12547.298740
203,12803.647136
204,12892.469204
205,12746.914699
206,12764.718952
207,12949.550147
208,12606.757036
209,12791.423252
210,12796.570844
211,12609.924194
212,12835.851944
213,12968.856555
214,12964.652828
215,12913.037128
216,12832.998845
217,12855.071751
218,12932.404324
219,12807.289303
220,12916.888464
221,12699.716232
222,12999.837340
223,13014.215065
224,12838.366042
225,13108.715462
226,13034.744534
227,12910.645113
228,12998.978292
229,12995.675799
230,12871.553253
231,12932.364291
232,12932.324310
233,13005.464940
234,13129.480841
235,12888.410341
236,13013.060580
237,13111.303671
238,13164.694419
239,13045.512594
240,12985.399226
241,12884.818917
242,13117.754829
243,13057.171472
244,12955.825173
245,13202.569404
246,12942.508529
247,13072.081182
248,13094.231926
249,13116.981359
250,12973.243382
251,12980.027006
252,12989.772212
253,13033.465472
254,13133.805767
255,13086.193540
256,13133.756977
257,13036.018445
258,13068.421506
259,13227.053908
260,12917.248353
261,13072.691776
262,13017.472622
263,12966.747638
264,12942.582970
265,13048.379000
266,13128.171967
267,13369.608559
268,13210.247971
269,13030.680574
270,13141.771448
271,13280.347978
272,13121.999295
273,13068.220727
274,13123.364508
275,13076.729341
276,13153.312574
277,13184.159564
278,13151.334976
279,12992.422379
280,13028.132647
281,13126.467674
282,13143.631395
283,13128.678550
284,13224.702633
285,13188.304794
286,13033.396754
287,13271.775790
288,13316.327780
289,13417.923874
290,13253.621994
291,13140.828064
292,13130.069700
293,13247.682603
294,13381.776841
295,13318.913473
296,13246.203161
297,13287.285218
298,13063.474009
299,13243.931133
300,13297.376385
301,13145.188001
302,13310.284437
303,13142.097377
304,13408.805626
305,13226.611120
306,13356.268269
307,13337.183148
308,13277.430842
309,13386.685623
310,13281.070836
311,13477.324467
312,13372.576540
313,13324.183974
314,13297.886650
315,13394.308572
316,13204.718564
317,13180.555082
318,13248.301636
319,13284.657566
320,13245.824655
321,13265.498738
322,13418.192905
323,13465.861404
324,13487.593060
325,13420.793451
326,13412.107145
327,13391.275952
328,13325.304509
329,13419.478112
330,13412.601344
331,13285.969782
332,13359.226326
333,13532.261658
334,13264.562271
335,13426.456545
336,13571.220769
337,13511.447847
338,13508.465289
339,13427.148011
340,13415.603160
341,13356.798030
342,13358.119768
343,13506.958655
344,13510.977894
345,13441.417770
346,13423.243463
347,13411.582440
348,13461.326690
349,13394.834484
350,13341.919288
351,13387.854039
352,13329.015812
353,13461.303476
354,13619.167841
355,13528.117989
356,13571.820032
357,13464.792466
358,13348.300248
359,13518.943278
360,13500.085654
361,13457.534413
362,13527.177020
363,13380.815088
364,13255.292153
365,13434.044521
366,13550.442914
367,13575.781148
368,13509.356958
369,13447.141990
370,13510.093204
371,13573.943860
372,13422.592252
373,13626.185830
374,13645.369582
375,13755.620569
376,13707.838449
377,13465.604869
378,13535.418523
379,13495.624943
380,13567.471846
381,13453.088547
382,13544.025403
383,13455.120147
384,13628.635839
385,13734.979085
386,13637.452801
387,13660.990304
388,13629.998713
389,13489.487956
390,13410.480829
391,13724.794670
392,13562.940529
393,13613.735838
394,13655.089222
395,13640.390449
396,13823.021662
397,13601.814238
398,13534.098402
399,13399.710498
400,13539.171108
401,13587.288280
402,13627.852253
403,13537.734741
404,13667.999911
405,13551.411304
406,13609.982232
407,13595.452720
408,13637.211563
409,13611.877655
410,13799.522891
411,13557.676204
412,13659.829708
413,13804.302556
414,13690.720549
415,13626.481062
416,13728.337741
417,13873.366742
418,13755.345032
419,13822.119561
420,13670.856533
421,13737.636231
422,13677.212863
423,13779.166260
424,13634.102588
425,13636.285656
426,13662.985834
427,13758.932148
428,13693.629482
429,13791.167896
430,13639.576200
431,13815.168966
432,13699.984308
433,13827.793715
434,13806.167195
435,13786.808984
436,13897.999440
437,13808.265229
438,13685.138504
439,13543.704783
440,13633.898223
441,13803.576535
442,13666.374917
443,13733.311948
444,13642.090045
445,13790.859565
446,13773.093904
447,13776.831247
448,13829.545842
449,13671.626894
450,13687.487705
451,13527.589337
452,13795.353669
453,13823.875319
454,13872.595188
455,13836.618088
456,13676.069194
457,13674.948497
458,13919.339660
459,13925.486973
460,13833.892120
461,13881.721345
462,13759.639720
463,13856.617214
464,13701.486780
465,13931.319928
466,13716.529136
467,13766.211824
468,13803.328723
469,13942.977964
470,13868.552809
471,13847.515443
472,13858.328287
473,13646.986716
474,13751.626349
475,13823.262561
476,13802.581235
477,14016.173870
478,13791.786938
479,13916.848326
480,13715.326654
481,13692.590253
482,13685.308438
483,13718.872660
484,13848.350099
485,13877.417396
486,13871.200375
487,13852.807257
488,13830.054295
489,13856.931881
490,13905.498181
491,14006.644913
492,13704.260567
493,13668.790079
494,13813.006998
495,13895.795402
496,13857.149175
497,13646.319179
498,13982.109828
499,13758.096992
