0,2712.120219
1,5422.973574
2,5913.200593
3,6343.360783
4,6745.685256
5,7124.421180
6,7528.051233
7,7837.210153
8,8168.767747
9,8351.557168
10,8546.268082
11,8946.239275
12,9108.909465
13,9477.262973
14,9676.091921
15,9962.861296
16,10247.575483
17,10411.511894
18,10554.407883
19,10715.172383
20,10986.400429
21,11118.634563
22,11109.646966
23,11312.084816
24,11580.889564
25,11677.928584
26,11855.664820
27,12137.424946
28,12098.807647
29,12491.681024
30,12597.745665
31,12892.025273
32,13076.476813
33,13081.209808
34,13094.442594
35,13123.224535
36,13406.097514
37,13241.146786
38,13318.113566
39,13288.350447
40,13584.121774
41,13696.050065
42,13500.619684
43,13658.311350
44,13807.840363
45,13743.930919
46,13844.779397
47,13837.431158
48,13862.381120
49,13832.143746
50,14018.553534
51,14026.685682
52,14076.186948
53,13966.080481
54,14114.173744
55,14284.803238
56,14132.082326
57,14270.571857
58,14086.437694
59,14063.562890
60,14213.651921
61,14504.893755
62,14220.090399
63,14332.670300
64,14594.695659
65,14455.882226
66,14408.305119
67,14532.586909
68,14424.838785
69,14482.422661
70,14776.916238
71,14749.969380
72,14508.058675
73,14401.312139
74,14422.323942
75,14387.434568
76,14475.972707
77,14816.698660
78,14774.735090
79,14367.414330
80,14721.269125
81,14796.703513
82,14785.032287
83,14876.980238
84,15332.692527
85,15277.930182
86,15250.465399
87,15353.967338
88,14876.228566
89,14668.658556
90,14813.474844
91,14636.928655
92,15221.244328
93,15319.400512
94,15113.390958
95,15277.156078
96,15464.229151
97,15187.390411
98,15229.334692
99,15105.415049
100,15155.032543
101,15235.360061
102,14993.506662
103,15135.067398
104,15220.077228
105,15195.714186
106,15373.148065
107,15497.210666
108,15236.579566
109,15243.765455
110,14711.654860
111,14814.177271
112,15055.808107
113,15178.963206
114,14896.045193
115,14733.119043
116,15172.878631
117,15058.750864
118,15404.541392
119,15261.501436
120,14878.362562
121,15036.558710
122,15057.353995
123,15047.730563
124,15078.107540
125,15172.675998
126,15454.999941
127,15261.557000
128,14912.225079
129,14986.762024
130,15088.632033
131,14982.340777
132,15246.311383
133,15109.400147
134,15276.928060
135,15458.469801
136,15115.724216
137,14994.726203
138,14977.246809
139,15247.347211
140,15395.774143
141,15637.033154
142,15658.742306
143,15640.607173
144,15694.528711
145,16072.652347
146,15935.863148
147,15557.413026
148,15632.935379
149,15283.716427
150,15661.502130
151,15642.210535
152,16019.586262
153,16283.349064
154,16257.155570
155,16288.993833
156,16901.371822
157,16936.670479
158,16989.328006
159,17071.319767
160,17017.271530
161,17003.414856
162,16828.719984
163,17141.639424
164,17344.986214
165,16817.650801
166,16499.719573
167,16822.041505
168,16897.188781
169,17246.484363
170,16638.138863
171,16842.323019
172,16917.115120
173,16771.193504
174,16891.586531
175,16883.366616
176,17064.677747
177,17289.444506
178,17423.096772
179,17083.266088
180,16907.069160
181,17121.591683
182,16818.448267
183,16862.970582
184,16833.846673
185,16922.441260
186,16988.610252
187,16800.414687
188,16868.247788
189,16672.070962
190,17119.107449
191,16919.123865
192,16781.619075
193,16843.413241
194,16907.102794
195,17149.147833
196,16777.102104
197,16704.457800
198,16937.216115
199,17290.843836
200,17231.045951
201,17070.788757
202,17120.478966
203,17085.825723
204,16918.177996
205,16763.773220
206,16923.977558
207,17333.440164
208,16970.496849
209,17186.136014
210,17346.173255
211,16996.688289
212,16830.790941
213,16970.084054
214,16928.861692
215,16880.382943
216,16978.598103
217,16902.759692
218,17326.391520
219,16972.456812
220,17339.158092
221,16942.455374
222,16991.664989
223,16891.952819
224,17230.537935
225,17259.245111
226,17009.003639
227,16960.629520
228,16846.898516
229,17121.999677
230,16939.514951
231,16905.328512
232,16927.172981
233,17035.834022
234,16887.399350
235,16925.045036
236,16916.229225
237,17148.286751
238,17183.780358
239,17024.388329
240,17366.317957
241,16975.310975
242,16665.272342
243,16889.324326
244,16980.314604
245,16906.728429
246,16819.653249
247,17048.137128
248,16860.026846
249,17022.627371
250,17215.633046
251,17142.331146
252,16896.923048
253,16933.781725
254,17088.318124
255,16902.053469
256,17361.455842
257,16927.751496
258,17227.711756
259,17244.905130
260,17186.793690
261,17370.899353
262,16926.364635
263,16917.102163
264,17067.682858
265,16666.761441
266,16850.792333
267,16906.719379
268,17248.804379
269,16997.789071
270,16897.234611
271,16636.188148
272,16755.411627
273,16838.803074
274,16864.400803
275,17267.557530
276,16725.983179
277,16857.769091
278,16859.109991
279,17063.199086
280,16891.061980
281,16650.397473
282,17128.262817
283,16888.217681
284,17123.516706
285,17083.895884
286,17014.714343
287,16661.176406
288,16999.246257
289,17279.860622
290,17165.655224
291,16880.946969
292,17076.624453
293,17230.691656
294,17059.099328
295,17085.936793
296,17507.728218
297,17213.345424
298,16957.313929
299,16956.465014
300,16837.455096
301,16809.190774
302,17454.013096
303,17359.299045
304,17507.521137
305,17071.817688
306,17469.485138
307,17545.449734
308,17385.881569
309,16782.201846
310,16624.916383
311,16878.701355
312,16973.004862
313,16740.247025
314,17059.996407
315,17068.956248
316,16985.850307
317,17018.885578
318,17248.599675
319,17432.894680
320,17252.757001
321,17046.008568
322,17071.311496
323,17126.508338
324,17286.260015
325,17023.726882
326,17310.911715
327,17237.969683
328,17176.318555
329,17277.691205
330,17465.549647
331,17262.742404
332,17318.761585
333,17658.727564
334,17583.329430
335,17421.432854
336,17233.188628
337,17165.686041
338,16862.409182
339,17041.091932
340,17366.266750
341,17507.882054
342,17107.478105
343,17331.237426
344,17025.208294
345,16947.648608
346,17239.520799
347,17111.432637
348,17057.829105
349,16885.172987
350,16907.770637
351,17022.879910
352,16726.651982
353,16850.763111
354,16982.450751
355,16969.298942
356,17225.672123
357,16986.644116
358,16786.613891
359,16738.181849
360,17307.364888
361,17078.491617
362,16888.449862
363,16984.443227
364,16944.152660
365,16955.093177
366,16802.995070
367,16709.608253
368,16746.346957
369,17009.880441
370,17257.417875
371,17115.183438
372,16848.327945
373,16810.208138
374,17065.854070
375,16835.928014
376,16845.111001
377,17050.140519
378,17173.978271
379,16667.445938
380,16957.596806
381,17091.474422
382,16833.053955
383,17150.206994
384,16954.226514
385,17204.665234
386,17305.816665
387,17058.818986
388,16664.383481
389,17182.153147
390,17076.578821
391,16824.443788
392,16693.851652
393,17122.444665
394,16946.825687
395,17015.655606
396,17171.163228
397,17263.434577
398,17120.012583
399,17350.510726
400,16929.374600
401,16876.355408
402,17063.826161
403,16768.984359
404,16737.753604
405,17011.948942
406,16861.510800
407,17226.668181
408,17558.276916
409,17382.055733
410,17450.778253
411,17551.351898
412,17669.152988
413,17032.329455
414,16805.494114
415,16913.179268
416,16899.990875
417,17013.447105
418,17372.770771
419,16848.181875
420,17043.771433
421,17013.889657
422,16981.705354
423,17426.987133
424,17691.269342
425,17376.859599
426,17139.633706
427,17360.808364
428,16916.341330
429,16829.048750
430,16862.562083
431,16859.362808
432,17253.224112
433,17193.851984
434,17122.007542
435,16965.920969
436,16549.248813
437,16907.102249
438,16636.835933
439,16975.547093
440,17409.643876
441,17358.776901
442,17697.641139
443,17313.611328
444,17152.797851
445,17164.633589
446,17213.661331
447,17703.474441
448,17039.675412
449,16930.703516
450,16871.338916
451,17157.994853
452,17060.961063
453,16762.784615
454,16780.792322
455,16946.694958
456,16841.686571
457,16498.038219
458,16944.512349
459,16796.981532
460,16975.246752
461,17127.351897
462,16849.599445
463,16755.651176
464,16604.456080
465,17050.931019
466,17171.108834
467,17314.899319
468,17081.119839
469,17506.537514
470,17249.614896
471,16931.906773
472,17255.398482
473,17136.096688
474,17389.513401
475,16981.073974
476,16629.686896
477,16815.447243
478,17112.108212
479,17213.133642
480,17414.255706
481,16901.860245
482,16870.310106
483,17192.024414
484,16906.401603
485,17143.405193
486,16755.108470
487,16786.532137
488,16931.026047
489,17014.326427
490,17412.152585
491,17243.140718
492,16633.618518
493,17049.035711
494,17447.306659
495,17304.718062
496,17354.355828
497,17201.188272
498,16991.771294
499,17268.649494
