0,2780.128393
1,3158.772286
2,3500.589977
3,3855.262097
4,4085.224468
5,4306.921017
6,4546.783461
7,4757.502879
8,4998.123988
9,5205.324584
10,5402.475136
11,5520.951629
12,5675.814680
13,5839.133890
14,6002.055567
15,6144.929207
16,6254.445304
17,6423.635355
18,6548.700750
19,6699.576530
20,6876.449993
21,6991.895784
22,7102.579666
23,7238.180498
24,7363.708723
25,7436.174267
26,7485.666385
27,7517.352380
28,7575.594765
29,7651.677467
30,7678.028348
31,7726.374132
32,7737.632667
33,7779.863341
34,7858.950551
35,7856.369595
36,7877.823758
37,7862.498324
38,7925.847248
39,7923.845850
40,7911.497443
41,7931.245886
42,7936.534957
43,7893.274141
44,7933.183857
45,7951.434887
46,7892.731725
47,7919.222820
48,7960.850504
49,7926.348686
50,7943.047609
51,7878.289302
52,7912.326290
53,7909.334349
54,7924.591049
55,7872.933383
56,7888.062437
57,7936.821320
58,7959.890878
59,7921.574808
60,7932.944076
61,7936.488222
62,7970.332949
63,7959.261796
64,7971.884891
65,7971.345464
66,7938.416356
67,7943.522663
68,7925.146035
69,7953.213068
70,7953.669546
71,7945.697446
72,7943.619429
73,7962.400357
74,7958.876418
75,7972.317580
76,7955.767556
77,7931.196378
78,7909.518232
79,7910.682044
80,7914.834397
81,7904.005106
82,7912.981907
83,7944.165214
84,7981.810573
85,7970.070166
86,7972.023056
87,7955.279058
88,7947.766700
89,7938.553561
90,7939.016989
91,7921.126931
92,7909.742879
93,7943.697218
94,7952.665715
95,7969.159408
96,7978.640483
97,7950.000243
98,7902.508016
99,7906.861365
100,7939.736466
101,7963.210896
102,7929.424794
103,7894.967137
104,7964.210296
105,7925.176405
106,7959.217104
107,7932.871959
108,7920.562001
109,7940.389021
110,7945.031780
111,7934.766323
112,7931.268103
113,7933.917415
114,7924.850677
115,7933.838800
116,7960.685852
117,7936.274479
118,7936.341477
119,7927.209161
120,7953.145922
121,7964.097259
122,7932.065787
123,7965.669629
124,7920.582868
125,7975.994937
126,7966.665500
127,7957.056512
128,7922.723169
129,7929.247162
130,7967.301309
131,7977.427847
132,7954.849867
133,7980.120457
134,7935.329180
135,7890.063623
136,7875.512187
137,7932.379490
138,7961.089497
139,7947.165246
140,7924.595590
141,7989.556642
142,7985.539773
143,7951.418888
144,7986.443742
145,7959.549918
146,7934.423333
147,7901.252249
148,7922.697824
149,7949.913209
150,7956.326517
151,7929.498621
152,7933.892475
153,7948.489540
154,7956.962390
155,7954.722151
156,7940.149940
157,7923.674907
158,7939.666525
159,7939.489690
160,7928.631517
161,7928.295000
162,7909.456235
163,7933.898032
164,7937.380545
165,7924.197086
166,7898.908260
167,7892.613563
168,7923.411309
169,7983.031470
170,7952.526609
171,7935.008994
172,7933.695756
173,7920.435755
174,7931.231673
175,7961.368314
176,7908.816310
177,7897.537363
178,7886.270711
179,7939.218044
180,7959.269731
181,7964.041155
182,7960.291492
183,7968.865013
184,7952.646898
185,7960.434525
186,7954.322490
187,7951.010259
188,7926.988198
189,7949.655166
190,7927.857690
191,7907.153648
192,7955.449513
193,7951.352169
194,7931.763024
195,7938.612608
196,7940.374790
197,7956.348104
198,7924.443935
199,7952.183351
200,7937.971129
201,7905.316041
202,7911.999974
203,7945.071309
204,7924.677385
205,7920.939593
206,7955.896670
207,7959.222629
208,7948.094894
209,7935.987891
210,7946.548326
211,7957.546363
212,7910.072703
213,7945.494603
214,7938.565807
215,7905.142788
216,7912.116022
217,7950.840372
218,7959.914463
219,7960.150734
220,7937.552573
221,7948.907037
222,7945.965797
223,7957.662126
224,7958.893552
225,7954.017439
226,7937.180894
227,7941.713348
228,7961.399677
229,7953.338123
230,7915.185515
231,7940.408620
232,7944.036517
233,7980.351429
234,7953.560743
235,7922.387924
236,7947.137257
237,7945.855272
238,7965.167522
239,7943.186195
240,7935.340061
241,7897.825617
242,7890.689838
243,7910.941970
244,7902.510957
245,7909.307258
246,7876.656159
247,7940.583558
248,7944.275872
249,7909.313721
250,7927.043215
251,7921.308360
252,7929.879771
253,7924.555004
254,7893.892253
255,7925.547637
256,7918.056928
257,7899.280389
258,7935.622394
259,7961.247783
260,7951.954786
261,7949.025167
262,7943.627794
263,7931.002687
264,7949.743955
265,7976.898451
266,7958.500253
267,7909.758330
268,7936.497009
269,7947.727797
270,7968.856048
271,7948.734514
272,7957.908887
273,7929.077883
274,7928.629702
275,7928.905272
276,7948.507922
277,7915.661552
278,7947.594394
279,7940.346669
280,7931.090103
281,7932.649352
282,7939.249348
283,7942.488073
284,7976.128709
285,7955.337515
286,7963.659406
287,7974.752667
288,7967.603144
289,7943.770957
290,7965.338164
291,7930.504990
292,7949.453989
293,7940.416797
294,7908.664975
295,7900.859575
296,7906.137601
297,7951.370616
298,7939.979967
299,7903.905423
300,7953.002738
301,7893.863448
302,7941.682750
303,7938.230712
304,7924.884952
305,7959.356369
306,7933.125799
307,7931.182921
308,7942.160041
309,7935.956166
310,7921.979764
311,7956.759714
312,7931.413422
313,7956.924900
314,7937.521600
315,7909.154559
316,7933.835477
317,7945.289436
318,7943.129235
319,7919.678411
320,7886.445627
321,7931.658714
322,7868.252669
323,7928.250677
324,7910.116118
325,7941.382518
326,7933.745446
327,7936.065736
328,7953.978346
329,7949.026485
330,7905.051553
331,7943.044403
332,7897.380751
333,7938.761536
334,7947.900280
335,7924.451752
336,7907.417343
337,7925.750481
338,7906.393782
339,7915.507697
340,7905.801246
341,7938.500413
342,7944.448807
343,7956.060094
344,7932.270351
345,7933.203503
346,7944.139313
347,7927.255482
348,7898.981438
349,7899.506624
350,7898.041641
351,7916.011079
352,7940.385125
353,7922.111019
354,7932.938888
355,7949.619678
356,7899.643738
357,7939.756730
358,7959.545029
359,7929.220681
360,7925.552699
361,7985.012682
362,7979.354184
363,7972.145545
364,7928.541694
365,7917.138613
366,7890.371343
367,7946.505583
368,7948.255238
369,7886.738034
370,7929.703611
371,7953.848598
372,7932.017396
373,7961.440923
374,7963.514755
375,7932.401758
376,7946.246978
377,7958.628216
378,7958.279646
379,7976.787032
380,7969.295156
381,7946.080892
382,7929.063379
383,7953.080246
384,7965.544390
385,7963.908766
386,7879.715395
387,7913.329194
388,7926.314433
389,7960.024555
390,7947.601349
391,7940.689960
392,7940.545856
393,7945.933006
394,7924.387586
395,7924.439819
396,7962.996704
397,7949.216750
398,7963.577278
399,7942.054781
400,7905.106736
401,7969.109953
402,7950.561632
403,7942.125014
404,7933.548767
405,7945.394257
406,7924.935698
407,7923.704545
408,7935.109734
409,7934.661758
410,7915.319459
411,7914.921184
412,7891.030649
413,7926.169328
414,7946.562457
415,7879.504353
416,7930.894412
417,7925.196411
418,7956.631031
419,7947.335141
420,7948.745738
421,7936.862037
422,7954.488002
423,7935.979476
424,7918.665258
425,7924.139287
426,7932.677631
427,7954.215365
428,7882.421173
429,7922.052972
430,7907.955729
431,7911.497571
432,7897.839953
433,7910.258296
434,7930.047477
435,7881.828754
436,7917.602092
437,7935.487431
438,7944.750509
439,7922.822337
440,7904.010400
441,7918.507225
442,7925.927170
443,7947.033699
444,7927.736978
445,7959.606502
446,7903.623080
447,7965.148900
448,7916.924986
449,7925.319848
450,7914.565627
451,7948.138881
452,7945.526978
453,7939.275192
454,7962.454843
455,7948.721737
456,7921.462916
457,7930.406624
458,7905.318584
459,7956.540392
460,7953.824044
461,7963.227897
462,7958.685769
463,7964.584873
464,7919.542424
465,7931.089464
466,7974.662527
467,7970.632244
468,7943.162967
469,7964.890778
470,7990.810862
471,7959.791740
472,7971.020807
473,7983.922925
474,7943.868475
475,7916.752714
476,7938.899728
477,7948.469201
478,7998.510849
479,7993.477727
480,7949.082624
481,7942.104457
482,7944.156246
483,7926.598361
484,7945.083540
485,7923.893052
486,7923.846260
487,7971.124634
488,7997.148510
489,7963.706264
490,7908.016718
491,7924.358635
492,7949.735062
493,7962.250704
494,7914.693078
495,7974.012532
496,7944.720773
497,7956.785619
498,7893.918933
499,7891.441078
