0,2745.022353
1,2803.034794
2,2874.230317
3,2915.903424
4,3041.552535
5,3091.108316
6,3121.105858
7,3162.805339
8,3135.610601
9,3174.656654
10,3235.915700
11,3330.924667
12,3366.226795
13,3406.571924
14,3432.481841
15,3472.763263
16,3442.951715
17,3467.175066
18,3495.086058
19,3572.169570
20,3608.809061
21,3569.566594
22,3556.779048
23,3603.695856
24,3660.386436
25,3689.604120
26,3733.850288
27,3774.983639
28,3713.034192
29,3759.433739
30,3760.150421
31,3727.163996
32,3766.942578
33,3775.075670
34,3812.345148
35,3823.364166
36,3805.522629
37,3848.688951
38,3875.402972
39,3837.319096
40,3823.575344
41,3844.754744
42,3819.298550
43,3818.092170
44,3797.358666
45,3733.085427
46,3742.947061
47,3720.502533
48,3791.795339
49,3785.353000
50,3746.133162
51,3742.056330
52,3747.703546
53,3803.890693
54,3779.386448
55,3796.338777
56,3773.855118
57,3807.012632
58,3828.626713
59,3854.054096
60,3888.405331
61,3835.382949
62,3852.217011
63,3811.355109
64,3829.832293
65,3820.663119
66,3806.316975
67,3804.853378
68,3779.976042
69,3740.443568
70,3777.811764
71,3816.170579
72,3828.601440
73,3849.529185
74,3821.049735
75,3835.506077
76,3836.817345
77,3860.327420
78,3865.938266
79,3933.605814
80,3977.823556
81,3988.441343
82,3962.074818
83,3905.684781
84,3898.147478
85,3919.988811
86,3888.679898
87,3895.120192
88,3883.611600
89,3919.716083
90,3836.913137
91,3819.702908
92,3853.279428
93,3867.486262
94,3868.570487
95,3890.140433
96,3924.601708
97,3938.357477
98,3855.095210
99,3870.165540
100,3860.564842
101,3879.665849
102,3859.985115
103,3919.422629
104,3879.656801
105,3806.004493
106,3806.209300
107,3908.270509
108,3877.578492
109,3881.417516
110,3918.172200
111,3920.692357
112,3919.701364
113,3942.837891
114,3973.535485
115,3937.980262
116,4037.598816
117,4089.901870
118,4060.815957
119,4076.202997
120,4140.223419
121,4183.891451
122,4135.933119
123,4133.143734
124,4096.980918
125,4070.708286
126,4019.078697
127,4066.086612
128,4015.529331
129,3936.615328
130,3977.245848
131,3967.967306
132,3891.427392
133,3952.922286
134,4035.377220
135,4021.874374
136,4021.377099
137,3989.402896
138,3879.849579
139,3895.285126
140,3963.446562
141,4008.232682
142,4011.109166
143,4049.747675
144,4112.294827
145,4124.728382
146,4111.176858
147,4053.811175
148,4156.888074
149,4137.875743
150,4193.378437
151,4218.718275
152,4150.255358
153,4197.493509
154,4128.849859
155,4162.926028
156,4142.827349
157,4115.365981
158,4187.576930
159,4155.197745
160,4221.692655
161,4280.830166
162,4281.151373
163,4346.131529
164,4357.567835
165,4302.474550
166,4251.549482
167,4252.335178
168,4268.577084
169,4329.116605
170,4354.922022
171,4390.121972
172,4423.363887
173,4360.898527
174,4347.062509
175,4496.033158
176,4469.908888
177,4457.412914
178,4394.219807
179,4419.168580
180,4472.312013
181,4492.121644
182,4474.228835
183,4478.902770
184,4517.495965
185,4478.663921
186,4422.424588
187,4398.975786
188,4485.002139
189,4407.617574
190,4423.339660
191,4481.365878
192,4505.567141
193,4461.810452
194,4478.555899
195,4404.449417
196,4454.745698
197,4492.977527
198,4472.117156
199,4369.626644
200,4411.886553
201,4455.830192
202,4500.662076
203,4549.331741
204,4553.847416
205,4493.537104
206,4506.961032
207,4497.982360
208,4525.551671
209,4552.476183
210,4499.808013
211,4496.586924
212,4511.610661
213,4493.485211
214,4476.296940
215,4436.137261
216,4504.122394
217,4536.962194
218,4488.895558
219,4525.229961
220,4466.490057
221,4519.307533
222,4553.142834
223,4634.800558
224,4730.912673
225,4685.548261
226,4624.473206
227,4607.127340
228,4550.696461
229,4515.498785
230,4474.960069
231,4503.446825
232,4505.896942
233,4512.113141
234,4482.260422
235,4503.003190
236,4495.505633
237,4467.055353
238,4479.789864
239,4492.728430
240,4449.528015
241,4426.963758
242,4367.759263
243,4257.575841
244,4204.170868
245,4248.210369
246,4283.058482
247,4297.129053
248,4291.683274
249,4295.873952
250,4266.828127
251,4210.030490
252,4271.446426
253,4209.045634
254,4067.803964
255,4141.134949
256,4179.211801
257,4096.580039
258,4121.350664
259,4082.766633
260,4171.766092
261,4193.634831
262,4268.145850
263,4289.811404
264,4319.332270
265,4277.880503
266,4288.554692
267,4317.951339
268,4331.476340
269,4291.258514
270,4258.442249
271,4230.911192
272,4182.993161
273,4240.080948
274,4281.234725
275,4317.114729
276,4260.858626
277,4322.446767
278,4317.988273
279,4333.117021
280,4414.097535
281,4369.694506
282,4440.875078
283,4486.904132
284,4435.246962
285,4407.720566
286,4437.222071
287,4434.124391
288,4494.569756
289,4472.306367
290,4560.019542
291,4478.217519
292,4552.272090
293,4545.179296
294,4566.516007
295,4503.362366
296,4474.577445
297,4443.135968
298,4412.958328
299,4477.287839
300,4452.686598
301,4535.000005
302,4560.806998
303,4585.875006
304,4550.338255
305,4620.741386
306,4592.354695
307,4589.405501
308,4532.858429
309,4536.399305
310,4596.468412
311,4569.875763
312,4511.308638
313,4527.970790
314,4534.401901
315,4547.895548
316,4518.425926
317,4447.719381
318,4370.857217
319,4355.172309
320,4419.026615
321,4488.069451
322,4467.630927
323,4485.396629
324,4508.899236
325,4528.348420
326,4424.640587
327,4335.482550
328,4310.196262
329,4342.853645
330,4375.183795
331,4476.541984
332,4348.932405
333,4421.583766
334,4452.439880
335,4507.598379
336,4487.084812
337,4502.021856
338,4483.408283
339,4491.952273
340,4473.460043
341,4497.058800
342,4553.431893
343,4546.682227
344,4513.791938
345,4384.696312
346,4438.144895
347,4407.792861
348,4477.562847
349,4511.219822
350,4563.016932
351,4599.046363
352,4606.370186
353,4521.824006
354,4581.802580
355,4538.049706
356,4538.270278
357,4533.514605
358,4476.910731
359,4507.644441
360,4489.210705
361,4480.677217
362,4533.132368
363,4584.247549
364,4589.585003
365,4562.683510
366,4557.780760
367,4601.329298
368,4646.819207
369,4609.186132
370,4635.385742
371,4658.879264
372,4621.630841
373,4701.279734
374,4725.462833
375,4737.486819
376,4705.057679
377,4777.262814
378,4781.930374
379,4790.305531
380,4738.930672
381,4720.769026
382,4774.511565
383,4701.444420
384,4786.379209
385,4793.727311
386,4704.607320
387,4771.062927
388,4842.067127
389,4726.098254
390,4754.552300
391,4695.974122
392,4744.563453
393,4634.843716
394,4734.265770
395,4834.027197
396,4963.100169
397,4852.619509
398,4938.734085
399,4771.666898
400,4803.972893
401,4696.778848
402,4668.932388
403,4651.309061
404,4649.621289
405,4608.584993
406,4631.092769
407,4583.322478
408,4645.846678
409,4638.100922
410,4518.978211
411,4576.928742
412,4633.820124
413,4642.715145
414,4676.266060
415,4678.361369
416,4631.583633
417,4664.823579
418,4687.223789
419,4731.841998
420,4669.784810
421,4645.643844
422,4734.568622
423,4723.320491
424,4782.665461
425,4828.422833
426,4813.291002
427,4749.482172
428,4692.574567
429,4677.826776
430,4728.110466
431,4760.098819
432,4827.853635
433,4899.703437
434,4974.282758
435,4955.302427
436,4961.826397
437,4894.670626
438,4803.091156
439,4685.874852
440,4639.342435
441,4686.012917
442,4635.271987
443,4602.964626
444,4649.513399
445,4681.580598
446,4801.412958
447,4733.050717
448,4729.757769
449,4718.400074
450,4703.616831
451,4771.860067
452,4784.894402
453,4785.443038
454,4783.243032
455,4816.571006
456,4807.934721
457,4770.942845
458,4736.889373
459,4788.487144
460,4715.767129
461,4741.316571
462,4772.951620
463,4882.858334
464,4882.061435
465,4920.444915
466,4926.671178
467,4940.724417
468,4893.802572
469,4832.992871
470,4795.068360
471,4797.384121
472,4853.798790
473,4856.143071
474,4825.684605
475,4848.546876
476,4844.339068
477,4762.642088
478,4741.852626
479,4790.789022
480,4825.571475
481,4744.497245
482,4840.488642
483,4839.688951
484,4861.108083
485,4831.794701
486,4822.838591
487,4938.884142
488,4940.399931
489,4999.320212
490,5043.536530
491,5061.648264
492,5002.109421
493,4977.238275
494,5022.604577
495,4929.851901
496,4838.176755
497,4912.377139
498,4833.108144
499,4850.522519
