0,2804.350109
1,5488.652457
2,5951.181792
3,6315.537435
4,6579.622891
5,6808.205935
6,7020.393059
7,7199.278999
8,7402.476376
9,7559.312921
10,7727.011495
11,7909.232964
12,7957.795106
13,8105.742724
14,8143.457190
15,8361.945098
16,8614.249875
17,8736.117529
18,8803.335492
19,9049.223278
20,9238.025026
21,9432.307471
22,9670.688619
23,9770.995906
24,9843.055581
25,9964.432073
26,10202.329762
27,10222.793120
28,10514.870694
29,10686.552177
30,10496.154343
31,10842.592950
32,11059.111923
33,11161.637521
34,11056.178698
35,11503.368410
36,11377.867489
37,11539.921960
38,11771.767623
39,11831.014444
40,11888.130413
41,12039.839903
42,12067.182875
43,12234.164021
44,12438.835809
45,12821.870844
46,12943.288418
47,12780.375171
48,12849.435644
49,12832.659956
50,12809.786137
51,12932.887732
52,12917.719418
53,13221.427189
54,13102.904519
55,13329.344763
56,13322.057579
57,13421.142863
58,13595.609580
59,13699.001874
60,13265.525771
61,13377.408815
62,13602.433906
63,13692.563354
64,13779.589818
65,13927.939638
66,13933.678942
67,13474.607026
68,13417.000855
69,13526.603277
70,13476.586115
71,13822.404679
72,13928.481146
73,14200.577809
74,14107.195251
75,13740.355474
76,13938.096173
77,13723.314440
78,13621.828010
79,13757.765064
80,14080.345599
81,13807.674267
82,13893.155298
83,13946.581701
84,13623.325865
85,13647.203748
86,13897.719594
87,13927.640247
88,14133.147752
89,14297.113535
90,14328.944502
91,14261.923374
92,14271.339864
93,14000.727878
94,14040.624393
95,13917.530499
96,13778.804940
97,13923.045819
98,13993.684818
99,14359.214066
100,14614.581968
101,14467.586995
102,14324.012929
103,14379.957985
104,14091.305728
105,14177.567773
106,14143.546820
107,14355.128401
108,14202.432737
109,14416.080833
110,14485.650880
111,14459.911322
112,14478.420326
113,14583.718489
114,14530.056398
115,14347.314876
116,14453.648596
117,14236.896954
118,14448.583790
119,14542.435672
120,14561.928102
121,14123.225805
122,14301.479036
123,14054.355037
124,14061.606934
125,14424.908194
126,14652.028832
127,14413.793618
128,14442.403940
129,14320.147925
130,14360.373726
131,14414.947903
132,14394.026428
133,14250.471946
134,14398.538789
135,14288.068077
136,14206.755857
137,14386.460332
138,14439.372964
139,14561.137909
140,14463.149216
141,14326.515598
142,14525.798939
143,14396.041759
144,14609.964961
145,14274.216486
146,14329.071592
147,14624.676291
148,14685.270945
149,14568.488105
150,14710.752052
151,14439.805804
152,14565.242651
153,14594.721327
154,14718.062073
155,14536.985456
156,14238.650817
157,14355.789006
158,14669.709921
159,14332.899280
160,14189.199218
161,14391.563732
162,14308.152637
163,14527.253605
164,14558.936699
165,14348.406813
166,14566.981933
167,14352.735903
168,14298.977980
169,14343.476043
170,14487.923587
171,14525.714644
172,14851.582576
173,14567.688530
174,14763.039140
175,14675.703870
176,14749.940117
177,14513.812827
178,14416.343709
179,14297.462126
180,14427.029785
181,14425.553158
182,14352.454946
183,14625.170776
184,14950.977711
185,14545.012339
186,14568.648160
187,14683.536818
188,14682.610615
189,14675.355239
190,14735.607993
191,14642.621821
192,14433.795060
193,14623.312286
194,14726.135384
195,14715.990812
196,14516.641661
197,14421.851651
198,14673.005995
199,14624.420091
200,14752.228248
201,15028.308452
202,15012.679477
203,14933.845355
204,14711.849080
205,14261.952126
206,14684.022250
207,14872.957260
208,14546.302063
209,14665.344986
210,14846.297900
211,14547.152191
212,14601.764459
213,14587.069007
214,14410.584025
215,14427.502411
216,14546.206317
217,14663.986054
218,14736.687486
219,14617.225786
220,14491.274288
221,14837.240191
222,14910.634518
223,15093.912212
224,14544.072763
225,14531.262498
226,14755.051133
227,14637.090313
228,14761.698267
229,14773.962677
230,14941.236593
231,14712.810034
232,14906.617326
233,14606.862675
234,14780.040616
235,14875.977087
236,14528.047498
237,14857.540170
238,14920.399843
239,14823.296892
240,14567.985591
241,14681.324287
242,14757.007531
243,14974.283192
244,14657.991008
245,14743.867746
246,14568.950981
247,14833.380621
248,14462.323914
249,14603.416690
250,15017.910993
251,14442.574548
252,14610.017567
253,14743.513593
254,14829.252774
255,14783.217432
256,14828.658259
257,14894.715009
258,14751.694663
259,14770.557953
260,14856.863053
261,15032.711371
262,14725.511235
263,14890.133318
264,14771.120718
265,14684.471972
266,14893.766125
267,14709.755207
268,14630.151004
269,14640.478237
270,14869.934917
271,14721.196165
272,14405.705317
273,14904.831301
274,14957.457985
275,14630.507747
276,14775.908059
277,14650.212925
278,14615.578388
279,14827.997628
280,14610.514675
281,14524.377968
282,14708.075337
283,14661.384536
284,14821.077599
285,14863.149667
286,14670.164907
287,14558.694737
288,14866.778038
289,14897.743159
290,14990.056643
291,15027.434638
292,14765.282485
293,15175.513933
294,14809.171589
295,14796.613430
296,14381.281445
297,14914.983179
298,14615.812946
299,14593.509051
300,14928.793767
301,14518.433657
302,14521.446272
303,14838.249088
304,14843.429219
305,14689.060635
306,14612.767025
307,14899.771005
308,14609.882851
309,14797.270331
310,14459.743806
311,14581.729370
312,14418.007595
313,14566.239804
314,14808.802318
315,14692.367649
316,14604.955458
317,14661.812384
318,14646.394113
319,14652.904349
320,14855.083948
321,14743.920099
322,14767.068813
323,14635.254866
324,14317.775904
325,14719.707675
326,14740.560980
327,14658.831058
328,14593.442105
329,15098.248714
330,14933.518660
331,14756.022403
332,14715.391489
333,14442.797824
334,14805.389886
335,14820.235378
336,14962.519572
337,14223.520165
338,14541.280326
339,14901.421254
340,14626.077150
341,14728.764806
342,14687.397139
343,14850.369316
344,14644.760250
345,14709.945501
346,14680.310607
347,14548.313787
348,14899.679989
349,15063.533770
350,14876.055284
351,14670.648823
352,14842.951282
353,14845.946991
354,14553.000058
355,14832.828756
356,14687.813182
357,14521.147412
358,14637.630641
359,14931.301620
360,14880.191494
361,15381.628100
362,14832.691256
363,15157.201218
364,14844.215556
365,14892.261357
366,14606.971644
367,14613.008586
368,14744.665157
369,14783.527951
370,14724.408678
371,14853.787043
372,14850.638009
373,14741.588596
374,14488.151795
375,14805.761878
376,14438.812174
377,14799.660693
378,14858.984272
379,14546.990403
380,14926.336297
381,14464.693208
382,14589.879754
383,14915.412790
384,14623.354657
385,14833.035128
386,14527.727444
387,14955.972095
388,14815.496550
389,14923.706316
390,14593.435931
391,14732.718684
392,14594.668797
393,14735.210662
394,14754.526452
395,14637.782087
396,14566.731938
397,14512.658693
398,14724.311198
399,14771.803700
400,14642.403206
401,14442.499569
402,14528.461701
403,14888.487048
404,14774.941065
405,14724.389365
406,14692.542866
407,14864.202151
408,14992.090647
409,14825.025773
410,14934.374388
411,14809.231953
412,14545.046644
413,14771.944468
414,14723.252457
415,15137.556237
416,14855.703930
417,14823.841816
418,14763.893984
419,15102.099503
420,14928.720439
421,14498.437557
422,14516.305084
423,14934.773014
424,14715.259316
425,14672.637503
426,15076.372233
427,14669.492786
428,15222.786171
429,14989.302698
430,14824.153100
431,14736.734662
432,14648.438961
433,14849.736396
434,15116.258011
435,14668.539387
436,14932.818174
437,14584.763903
438,14772.723066
439,14684.006678
440,14500.069927
441,14615.120248
442,14298.550658
443,14468.144432
444,14608.225481
445,15089.246302
446,14741.302370
447,14802.386619
448,14668.637392
449,14635.636834
450,15056.497290
451,14682.071272
452,14724.884395
453,14878.459559
454,14491.777400
455,14706.486298
456,14756.323934
457,15157.535263
458,14958.825570
459,14863.500426
460,14789.370257
461,15098.148969
462,14684.298318
463,14778.900520
464,14991.008049
465,14665.324608
466,14446.431782
467,14770.775457
468,14753.044317
469,14807.784180
470,14827.717638
471,14818.434179
472,14616.269358
473,14805.811892
474,14783.260606
475,14707.715161
476,14722.615616
477,14753.741303
478,14763.125024
479,14734.333064
480,14662.107677
481,14713.636668
482,14328.624641
483,14518.790091
484,14883.641263
485,14898.701732
486,14500.061711
487,14851.556445
488,14719.978633
489,14873.358488
490,14987.802648
491,15086.036166
492,14767.507168
493,14581.243889
494,14281.460000
495,14445.259340
496,14669.073848
497,14994.645776
498,14831.689533
499,14724.225384
