0,2787.697719
1,5515.730379
2,6064.001493
3,6498.876832
4,6884.722851
5,7220.804625
6,7436.493073
7,7705.592907
8,7978.990542
9,8281.289216
10,8611.677856
11,8872.926361
12,9077.200032
13,9277.006925
14,9518.407914
15,9783.133277
16,9932.536065
17,10164.943138
18,10427.346837
19,10626.437699
20,10998.839592
21,11165.533665
22,11397.793491
23,11688.277388
24,11975.268684
25,12142.330353
26,12352.534922
27,12523.241981
28,12807.606352
29,13128.882064
30,13286.965086
31,13471.577693
32,13572.933728
33,13668.658598
34,13715.271473
35,13913.554157
36,14087.809957
37,14246.554630
38,14492.022787
39,14564.841046
40,14371.726464
41,14490.928500
42,14580.183051
43,14796.770567
44,14813.205929
45,14753.817105
46,14732.605979
47,14864.887626
48,14866.298692
49,15250.690768
50,15127.791053
51,15000.277833
52,15081.973497
53,15305.318558
54,15567.368904
55,15256.944471
56,15554.493573
57,15684.012343
58,15706.862600
59,15913.531813
60,15988.072473
61,16035.722193
62,15958.625928
63,16093.963347
64,16125.259211
65,16196.005782
66,16277.217770
67,16447.726260
68,16516.794655
69,16444.936042
70,16356.063572
71,16294.348025
72,16475.600330
73,16488.348630
74,16444.110125
75,16664.419237
76,16366.299415
77,16310.660275
78,16425.405331
79,16341.365928
80,16537.331922
81,16490.970277
82,16803.709278
83,16845.986909
84,16424.011680
85,16420.417605
86,16197.972928
87,16324.826694
88,16388.023236
89,16721.176297
90,16972.822352
91,16827.722840
92,16690.415833
93,16756.634756
94,16589.727849
95,16623.971840
96,16725.109923
97,16624.913294
98,16696.878216
99,16811.563110
100,16874.033404
101,16664.215912
102,16772.817430
103,16827.360638
104,16872.615016
105,16928.724905
106,16855.014117
107,17106.429532
108,16731.242374
109,16973.471022
110,16869.391065
111,16968.526223
112,16958.217579
113,16658.960620
114,16810.797239
115,16582.746170
116,16416.324319
117,16719.698001
118,16865.755345
119,16422.735931
120,16558.628845
121,16758.474504
122,16513.393900
123,16462.239678
124,16696.071979
125,17028.287338
126,17177.267140
127,17108.379663
128,17195.078380
129,16945.630961
130,16851.139418
131,16943.909700
132,16909.699351
133,16987.351752
134,16768.219574
135,16923.137831
136,17069.402855
137,17137.723941
138,17228.087866
139,17495.779757
140,17383.853684
141,17379.907418
142,17204.170106
143,17054.279490
144,17037.951602
145,17145.407434
146,17166.554298
147,17109.238944
148,17215.736389
149,17072.942454
150,16849.138261
151,16916.008936
152,17197.838138
153,17241.121809
154,17026.032193
155,17196.865390
156,16987.423085
157,17088.314178
158,17122.644654
159,17051.543463
160,17231.619294
161,17043.524416
162,17131.963066
163,17382.687877
164,17596.855525
165,17412.233077
166,17185.089123
167,17102.574042
168,17021.948681
169,17161.928750
170,16930.960145
171,17068.115754
172,17122.876800
173,17155.361258
174,16943.375191
175,17018.834828
176,17452.098661
177,17304.318552
178,17090.702445
179,16858.648743
180,17042.405378
181,16942.235676
182,16954.277924
183,16957.225028
184,16990.313074
185,17016.571363
186,16743.490750
187,16756.929315
188,17030.616574
189,16903.750793
190,17016.043323
191,17090.738535
192,17058.530812
193,16982.725428
194,16922.402298
195,16762.219971
196,17262.719244
197,17139.376075
198,17255.254725
199,17184.563588
200,17369.695860
201,17158.402861
202,16777.635213
203,17230.360425
204,17018.088540
205,17011.446685
206,16959.592699
207,16978.462731
208,16625.125688
209,17175.521146
210,17203.753533
211,17223.703409
212,17300.852505
213,17287.765488
214,17455.408427
215,16910.121168
216,16940.715480
217,16911.042936
218,16879.710938
219,16980.848759
220,17177.953259
221,17256.385768
222,17121.911792
223,17120.101888
224,16863.165043
225,17137.603644
226,16987.759651
227,17144.101011
228,17249.282717
229,17256.659552
230,17211.154495
231,17210.715517
232,17259.582385
233,17019.356071
234,17161.457356
235,17162.704091
236,17179.937165
237,17134.076101
238,16795.241140
239,17115.913663
240,17024.088176
241,17197.162614
242,17017.621607
243,16966.565906
244,16904.413432
245,16947.769973
246,17126.222965
247,17030.782628
248,17030.720013
249,17028.841848
250,16963.315924
251,16966.031993
252,17049.809088
253,16976.586143
254,16860.973955
255,17141.349790
256,17232.702733
257,17191.736100
258,17026.438681
259,17003.973532
260,16928.036692
261,17263.646951
262,17534.864299
263,17365.532031
264,17252.615038
265,17177.653500
266,16945.721209
267,17162.914885
268,17095.802780
269,16968.253088
270,17014.648595
271,17044.678234
272,17105.720016
273,17237.494895
274,17025.382035
275,16981.703324
276,16886.034558
277,17024.797766
278,17033.685545
279,17108.717236
280,17315.257770
281,17052.562617
282,16983.037374
283,17095.595591
284,17169.281126
285,17144.977913
286,16915.667899
287,17034.056382
288,16985.570470
289,17254.789541
290,17029.202738
291,17131.593056
292,17164.001278
293,17050.321619
294,16996.230418
295,17035.017348
296,17056.558197
297,17035.180536
298,17328.866439
299,17269.236417
300,17278.841471
301,16887.170184
302,17091.136012
303,17227.768480
304,17072.648635
305,16854.387349
306,16722.898185
307,16756.404488
308,16702.509807
309,17188.408359
310,16906.545145
311,17241.563052
312,17076.387583
313,16981.175221
314,16828.825811
315,16991.811001
316,17030.312423
317,16937.576485
318,17162.269862
319,17380.448658
320,17063.280319
321,17185.392006
322,16975.969240
323,16822.941102
324,16939.353973
325,17023.027922
326,17046.585850
327,17108.706698
328,17051.017168
329,17151.261455
330,17175.800178
331,17018.745738
332,16976.575131
333,17209.322589
334,17098.294809
335,17053.244707
336,16990.654545
337,17082.767893
338,17168.790948
339,17000.996956
340,17235.447453
341,17244.845277
342,16982.410762
343,17246.125798
344,17000.057489
345,16711.192361
346,17095.131477
347,17254.687245
348,17195.223892
349,17134.551526
350,16852.072393
351,16888.841188
352,16834.629997
353,16789.907352
354,17029.080967
355,16973.178462
356,16796.940689
357,16810.515597
358,17112.369277
359,17329.241134
360,16924.895608
361,17051.803366
362,17129.201401
363,17190.758017
364,17057.851601
365,16661.241435
366,16852.276773
367,16932.827721
368,17011.094913
369,17048.170760
370,17302.889571
371,17136.762434
372,17112.335533
373,17217.285023
374,17437.220400
375,17282.137153
376,17001.842119
377,17121.802193
378,17010.609362
379,17098.708836
380,17246.488754
381,17163.192012
382,17107.154111
383,17077.163467
384,17056.967535
385,17075.857985
386,17125.880179
387,17038.854646
388,17213.726812
389,17118.901870
390,16944.478670
391,17215.266380
392,17071.203171
393,16804.797879
394,17201.849755
395,17391.593114
396,17192.732411
397,17592.937243
398,17395.888505
399,17314.684673
400,17153.263329
401,17196.417583
402,17132.099778
403,17210.679760
404,17049.682146
405,17231.632317
406,17309.593808
407,17167.151773
408,17159.197887
409,16957.722762
410,17021.379039
411,17166.275498
412,17433.169305
413,17307.872698
414,17346.211438
415,17251.816307
416,17207.023685
417,17107.019625
418,17370.273514
419,17277.929364
420,17182.470834
421,17303.283798
422,17428.061623
423,17378.002842
424,17236.524883
425,17355.643937
426,17146.797502
427,17179.592278
428,17385.900338
429,17256.599620
430,17269.753291
431,17522.636367
432,17510.948898
433,17500.106550
434,17476.141279
435,17194.756884
436,17221.593529
437,17291.302156
438,17520.443971
439,17556.884935
440,17467.128027
441,17567.928314
442,17341.158793
443,17411.806703
444,17471.985789
445,17626.274131
446,17362.860933
447,17236.357120
448,17134.507688
449,17487.476563
450,17443.400622
451,17236.422774
452,17559.000270
453,17682.940002
454,17537.040138
455,17434.840324
456,17302.454490
457,17437.563432
458,17579.966478
459,17442.439418
460,17280.906426
461,17146.552792
462,17330.279953
463,16997.542638
464,16976.289737
465,17137.828864
466,17007.941233
467,17240.609053
468,17153.589799
469,17316.244995
470,17333.069661
471,17374.681258
472,17456.534385
473,17515.691983
474,17376.677566
475,17382.605170
476,17431.408605
477,17394.089301
478,17471.313118
479,17346.188160
480,17871.505396
481,17505.960221
482,17496.259384
483,17476.029170
484,17437.893433
485,17510.792019
486,17520.272380
487,17460.662991
488,17109.840885
489,17127.169205
490,17280.004890
491,17285.679933
492,17287.502953
493,17540.675252
494,17499.225865
495,17378.150952
496,17323.708101
497,17073.458652
498,17294.373713
499,17150.171823
