0,2791.390119
1,2819.175425
2,2821.558760
3,2913.856367
4,2868.191960
5,2840.479067
6,2824.016501
7,2802.291511
8,2750.859752
9,2733.973770
10,2757.770427
11,2810.681346
12,2847.709935
13,2780.512677
14,2821.297389
15,2790.398726
16,2826.832537
17,2858.964042
18,2847.464081
19,2870.688804
20,2806.466278
21,2890.232140
22,2846.328477
23,2850.670452
24,2835.800369
25,2879.683685
26,2946.352626
27,2949.302455
28,2922.035008
29,2955.211662
30,2920.700315
31,2872.093939
32,2830.797972
33,2834.241019
34,2797.643561
35,2728.971069
36,2796.018766
37,2833.016100
38,2833.944026
39,2862.393662
40,2842.353051
41,2795.257042
42,2850.621985
43,2865.441764
44,2812.088016
45,2802.352628
46,2808.196153
47,2849.900938
48,2811.584509
49,2758.391506
50,2694.759789
51,2665.276700
52,2683.496444
53,2724.403605
54,2773.651291
55,2813.005212
56,2834.952696
57,2845.281843
58,2864.439509
59,2870.667712
60,2875.783724
61,2899.983474
62,2885.383445
63,2851.846029
64,2825.878865
65,2796.267375
66,2803.167459
67,2835.745031
68,2881.654820
69,2873.435219
70,2876.122486
71,2824.312670
72,2908.464988
73,2873.089004
74,2817.260903
75,2841.979277
76,2864.310036
77,2874.962359
78,2883.494341
79,2930.364829
80,2946.174777
81,2967.530695
82,2922.603399
83,2825.569553
84,2848.928420
85,2851.515705
86,2839.561981
87,2834.861180
88,2797.966813
89,2802.265581
90,2793.862208
91,2792.593203
92,2789.102819
93,2855.832887
94,2864.196875
95,2856.988065
96,2853.056523
97,2811.413595
98,2900.275354
99,2903.664590
100,2830.930850
101,2837.212641
102,2832.623830
103,2886.477352
104,2831.139912
105,2808.371952
106,2806.865204
107,2681.086701
108,2709.657689
109,2681.660844
110,2749.905008
111,2730.682490
112,2696.342105
113,2672.150149
114,2692.224659
115,2754.664899
116,2754.256778
117,2786.121017
118,2820.498562
119,2824.456172
120,2829.431605
121,2771.700198
122,2837.406230
123,2820.588217
124,2881.666065
125,2909.780469
126,2927.775415
127,2897.335887
128,2884.998665
129,2931.496190
130,2964.299937
131,2997.694906
132,2940.957201
133,2906.322870
134,2927.451513
135,2955.186566
136,2963.845862
137,2938.945894
138,2893.649809
139,2869.812878
140,2908.160209
141,2965.343773
142,3039.079365
143,3060.092142
144,3068.258934
145,3053.761049
146,3047.229098
147,3015.860471
148,3031.662531
149,3003.398103
150,3011.295834
151,2930.899335
152,2931.846156
153,2846.074264
154,2866.134586
155,2806.382580
156,2769.441583
157,2760.837782
158,2802.514933
159,2829.991836
160,2844.546522
161,2830.204919
162,2770.365195
163,2800.386723
164,2791.238251
165,2779.279319
166,2721.498090
167,2682.270139
168,2707.870951
169,2736.616430
170,2717.552178
171,2771.826299
172,2813.256392
173,2762.429072
174,2749.882913
175,2722.878350
176,2789.842394
177,2803.415821
178,2789.569900
179,2779.800881
180,2799.368325
181,2849.841214
182,2824.397643
183,2826.667359
184,2775.263259
185,2756.089539
186,2690.531504
187,2685.208631
188,2665.806931
189,2652.440429
190,2579.410063
191,2621.252647
192,2548.260454
193,2574.764833
194,2545.060966
195,2541.222961
196,2537.843962
197,2521.473873
198,2571.693245
199,2556.403696
200,2538.033061
201,2578.487470
202,2699.588215
203,2686.823368
204,2654.370061
205,2579.463997
206,2547.012853
207,2532.656933
208,2560.999484
209,2588.445399
210,2601.721783
211,2514.879913
212,2509.035075
213,2598.557454
214,2575.242027
215,2590.058228
216,2586.665246
217,2612.864465
218,2603.704990
219,2592.076336
220,2617.266442
221,2605.285089
222,2620.687395
223,2570.531138
224,2603.569365
225,2613.351345
226,2642.067978
227,2646.178236
228,2667.710702
229,2496.114537
230,2576.347236
231,2558.965274
232,2541.968728
233,2522.609390
234,2468.311633
235,2456.896586
236,2442.888797
237,2419.392685
238,2418.943262
239,2509.932246
240,2438.628642
241,2448.437449
242,2430.851760
243,2454.269285
244,2487.092871
245,2432.058135
246,2482.060855
247,2497.301346
248,2511.658555
249,2514.603084
250,2531.441991
251,2524.130427
252,2540.512804
253,2540.532966
254,2553.104452
255,2482.417041
256,2424.697060
257,2402.196814
258,2428.973976
259,2498.934311
260,2513.568959
261,2475.999551
262,2473.984433
263,2430.369195
264,2303.884558
265,2356.009599
266,2315.879173
267,2324.903608
268,2391.700460
269,2419.723209
270,2375.282793
271,2442.227732
272,2442.297723
273,2422.779028
274,2435.342137
275,2434.727230
276,2452.272576
277,2472.614505
278,2472.044331
279,2519.054359
280,2523.102966
281,2586.358439
282,2568.637851
283,2568.519881
284,2641.819117
285,2620.766646
286,2582.839097
287,2560.095282
288,2637.652684
289,2619.451708
290,2599.691169
291,2592.896575
292,2494.322459
293,2504.485168
294,2568.335003
295,2486.016217
296,2450.542024
297,2433.560256
298,2411.585982
299,2459.245337
300,2351.280459
301,2392.500884
302,2368.214016
303,2309.287184
304,2242.196931
305,2243.718670
306,2263.992202
307,2234.849146
308,2268.505139
309,2231.537317
310,2323.148669
311,2275.129591
312,2257.039652
313,2218.507243
314,2214.981969
315,2219.713327
316,2191.320128
317,2244.988079
318,2306.311798
319,2262.305367
320,2260.335365
321,2256.419988
322,2181.800764
323,2203.823503
324,2202.556747
325,2162.727038
326,2100.828940
327,2093.893574
328,2052.678950
329,2028.518322
330,2047.285525
331,2095.182953
332,2074.779976
333,2126.596734
334,2122.049432
335,2121.694691
336,2158.506863
337,2212.440757
338,2173.962057
339,2173.291855
340,2195.036493
341,2164.789977
342,2170.652372
343,2193.382651
344,2214.878003
345,2164.378740
346,2118.120116
347,2161.330824
348,2157.903125
349,2211.929039
350,2173.165883
351,2191.466425
352,2159.385585
353,2107.220223
354,2168.348179
355,2188.354993
356,2170.756959
357,2227.255654
358,2230.410322
359,2267.162447
360,2400.861931
361,2381.821932
362,2368.145838
363,2435.423069
364,2402.082646
365,2328.152047
366,2329.407525
367,2307.434250
368,2270.817688
369,2249.049323
370,2318.650223
371,2278.963716
372,2306.989857
373,2279.080524
374,2203.752346
375,2199.747698
376,2202.523269
377,2208.805788
378,2123.567960
379,2151.249632
380,2145.492799
381,2154.199565
382,2101.307891
383,2081.912260
384,2077.104341
385,2132.170166
386,2080.820748
387,2084.901728
388,2160.324315
389,2184.935119
390,2171.932153
391,2177.915992
392,2207.894823
393,2238.357657
394,2260.036307
395,2232.433415
396,2220.232844
397,2209.472920
398,2175.737658
399,2196.147815
400,2216.798747
401,2206.765157
402,2182.409093
403,2164.438979
404,2092.537984
405,2027.709608
406,2012.979048
407,2072.394678
408,2062.531780
409,2042.625559
410,2006.551788
411,1987.824801
412,2049.823806
413,2057.743312
414,2035.077573
415,2067.392006
416,2172.263874
417,2131.822351
418,2129.861895
419,2209.617178
420,2200.976952
421,2227.753864
422,2168.518463
423,2184.324187
424,2120.771631
425,2163.149488
426,2189.170578
427,2259.153293
428,2181.360678
429,2149.152115
430,2132.745076
431,2169.478593
432,2223.624198
433,2202.169855
434,2211.514962
435,2174.756115
436,2178.403726
437,2232.663313
438,2210.288133
439,2187.294424
440,2231.935503
441,2267.532222
442,2310.304967
443,2307.724111
444,2340.129810
445,2395.829754
446,2386.207516
447,2401.700595
448,2422.059538
449,2357.222159
450,2318.568431
451,2264.028291
452,2338.989765
453,2307.779930
454,2276.074158
455,2218.977288
456,2243.764451
457,2291.939861
458,2325.247740
459,2353.224269
460,2330.747384
461,2330.450044
462,2306.981724
463,2274.069397
464,2299.493019
465,2314.972629
466,2342.818926
467,2342.549656
468,2358.097561
469,2384.117923
470,2414.382207
471,2411.559563
472,2456.095107
473,2459.245932
474,2491.636063
475,2475.296954
476,2491.874680
477,2518.288927
478,2497.228940
479,2555.833381
480,2615.629061
481,2556.930744
482,2589.323407
483,2684.942110
484,2649.766396
485,2700.343144
486,2631.197526
487,2602.625250
488,2597.639754
489,2598.632605
490,2612.685391
491,2533.162764
492,2546.367339
493,2476.048772
494,2488.198745
495,2414.374257
496,2483.953077
497,2490.275276
498,2457.106344
499,2356.611058
