0,2776.774731
1,5535.833521
2,6034.475512
3,6443.639928
4,6696.207872
5,6968.008344
6,7176.552217
7,7373.423798
8,7644.418335
9,7714.596577
10,7894.417796
11,8052.940786
12,8164.460963
13,8400.322510
14,8565.658023
15,8674.606519
16,8766.302279
17,8902.387833
18,9070.324352
19,9204.354711
20,9226.229917
21,9447.560020
22,9639.894342
23,9625.970485
24,9865.246711
25,9892.339636
26,10064.103066
27,10075.650437
28,10292.841866
29,10394.066080
30,10547.967175
31,10608.979937
32,10659.011687
33,10806.221396
34,10782.299819
35,10907.802655
36,11096.052958
37,11088.910815
38,11234.251230
39,11272.615287
40,11320.782077
41,11469.066026
42,11534.949152
43,11417.110904
44,11461.314934
45,11417.609563
46,11486.319464
47,11802.068762
48,11861.273740
49,11606.882018
50,11742.044670
51,11903.270052
52,12112.123092
53,11811.581384
54,11837.488583
55,12057.458320
56,12082.380017
57,12062.570695
58,12179.995569
59,12020.354715
60,12130.848062
61,12006.550404
62,12239.893838
63,12122.266870
64,12352.242777
65,12287.130958
66,12351.630467
67,12347.112975
68,12262.872494
69,12370.838713
70,12434.446253
71,12246.474657
72,12453.565322
73,12532.349978
74,12561.702258
75,12649.628817
76,12548.632369
77,12598.673954
78,12817.478613
79,12897.793597
80,12789.725940
81,12912.323649
82,12922.807193
83,12844.431302
84,12978.223015
85,12787.730363
86,13149.207138
87,12860.362295
88,12909.465237
89,13035.678033
90,12981.802144
91,13070.956801
92,12952.001953
93,13032.120185
94,13076.908416
95,13147.120407
96,13194.857801
97,13024.069747
98,13192.669236
99,13121.468160
100,13281.389281
101,13200.297978
102,13119.613636
103,13175.070299
104,13279.296388
105,13212.794144
106,13312.805405
107,13300.497552
108,13266.618205
109,13192.390661
110,13235.899224
111,13202.138117
112,13291.285938
113,13325.518405
114,13374.070360
115,13282.359802
116,13307.448364
117,13357.268011
118,13397.607859
119,13364.541134
120,13364.340558
121,13478.123996
122,13291.924057
123,13298.637766
124,13614.417965
125,13705.805414
126,13500.710569
127,13506.254239
128,13413.334455
129,13676.825886
130,13490.884503
131,13536.522543
132,13348.682369
133,13494.840456
134,13750.670209
135,13303.118518
136,13424.635172
137,13516.818679
138,13812.612557
139,13592.496071
140,13551.369156
141,13816.162000
142,13564.032807
143,13654.982147
144,13567.636521
145,13649.578732
146,13736.405405
147,13826.351385
148,13634.337967
149,13536.274567
150,13560.864237
151,13637.717027
152,13858.394722
153,13785.060002
154,13709.104574
155,13926.390791
156,13704.713019
157,13590.709050
158,13690.328342
159,13741.108251
160,13660.422815
161,13737.959398
162,13783.009906
163,13878.820012
164,13823.566639
165,13768.423398
166,13808.337892
167,13921.060336
168,13725.526791
169,13735.003486
170,13807.599022
171,13774.073138
172,13801.538786
173,13809.928052
174,13671.466512
175,13750.921645
176,14013.269348
177,13963.024676
178,13816.613883
179,13578.509150
180,13756.895850
181,13947.361044
182,13799.953725
183,14005.824418
184,13907.000451
185,14033.337850
186,13815.117245
187,14016.596398
188,13833.489305
189,13910.317499
190,13915.694840
191,13965.474252
192,13898.270256
193,13804.431657
194,13827.609383
195,14059.393799
196,14074.388136
197,14140.956781
198,13721.717452
199,13941.112801
200,14082.571315
201,13975.156270
202,14013.087102
203,14001.323204
204,13922.394183
205,13943.381667
206,13965.072282
207,13869.159615
208,14110.790106
209,13891.226259
210,14020.272421
211,14185.042889
212,14089.341518
213,14081.979918
214,14005.860127
215,14032.160736
216,14032.065485
217,14085.509035
218,14022.261532
219,14024.834020
220,14079.447667
221,13992.041118
222,13814.128843
223,14018.889388
224,13892.944528
225,13960.026294
226,13981.415269
227,14116.271357
228,13913.221615
229,13987.554895
230,14073.013425
231,13700.369035
232,13867.109139
233,14012.976523
234,14025.383945
235,14053.393414
236,14004.242545
237,14146.607829
238,14152.319692
239,13979.487455
240,14068.054480
241,14121.493348
242,13849.536148
243,13949.933748
244,14000.675559
245,13959.054541
246,14052.271020
247,14219.261421
248,14152.927527
249,14200.076870
250,14250.611302
251,14078.721265
252,14085.490269
253,13993.749307
254,14122.915985
255,14181.258664
256,14175.786836
257,14162.531064
258,14119.408528
259,14066.920511
260,14204.184845
261,14097.796959
262,14081.308378
263,14106.956071
264,14183.291287
265,14228.960258
266,14112.904998
267,14069.507468
268,14093.957820
269,14136.878399
270,14134.248211
271,14098.689050
272,14037.670266
273,14316.214988
274,14205.063698
275,14066.916923
276,14225.402818
277,14133.689134
278,14099.635909
279,14437.540089
280,14244.388061
281,14166.328053
282,14113.794056
283,14197.152070
284,14154.596087
285,14151.250233
286,14115.622743
287,14039.692942
288,14077.604785
289,14050.893085
290,14155.823553
291,14127.527768
292,14000.621536
293,14209.525501
294,14144.555222
295,14107.846118
296,14206.331245
297,14330.592306
298,14019.939549
299,14051.214117
300,14329.744563
301,14171.881034
302,14223.539682
303,14000.636847
304,14261.172037
305,14261.398616
306,14315.520429
307,14262.970345
308,14134.142909
309,14204.332670
310,14214.165457
311,14090.860712
312,14151.312429
313,14063.641941
314,14010.590683
315,14166.980077
316,14214.684962
317,14208.816411
318,14359.425083
319,14238.442867
320,14156.554566
321,14283.619627
322,14320.066712
323,14275.408903
324,14128.198301
325,14427.688577
326,14346.393698
327,14264.274565
328,14262.157447
329,14288.279561
330,14302.976738
331,14175.017245
332,14101.306336
333,14175.660810
334,14394.027231
335,14601.627024
336,14329.283690
337,14400.870603
338,14178.366695
339,14094.364543
340,14395.117867
341,14303.873855
342,14347.388460
343,14187.979802
344,14294.268555
345,14227.805731
346,14246.599077
347,14388.198989
348,14279.385440
349,14300.516852
350,14185.230574
351,14315.841355
352,14094.862359
353,14387.967358
354,14278.457221
355,14244.452450
356,14185.540932
357,14306.352247
358,14345.147965
359,14425.662620
360,14197.813989
361,14245.223299
362,14380.545685
363,14126.859451
364,14331.829123
365,14382.518864
366,14136.329295
367,14436.995829
368,14214.892838
369,14064.011366
370,14242.218763
371,14388.162365
372,14441.410594
373,14413.115211
374,14230.431720
375,14169.330377
376,14263.542595
377,14241.073006
378,14416.920473
379,14284.173771
380,14397.072826
381,14508.844393
382,14322.307976
383,14300.784264
384,14346.585614
385,14126.440238
386,14268.281803
387,14547.122206
388,14473.093698
389,14507.043957
390,14189.756408
391,14274.849499
392,14360.511983
393,14283.392766
394,14303.886540
395,14212.737047
396,14322.955237
397,14344.826025
398,14265.648077
399,14342.720021
400,14299.210751
401,14261.990973
402,14240.312621
403,14315.490413
404,14571.768603
405,14564.921115
406,14424.965694
407,14292.001947
408,14377.679184
409,14254.670043
410,14348.628782
411,14327.292818
412,14180.634746
413,14487.748719
414,14396.107800
415,14351.671166
416,14337.228795
417,14455.548293
418,14561.958368
419,14410.824934
420,14444.332889
421,14475.923298
422,14290.124438
423,14340.011414
424,14425.716753
425,14260.293473
426,14164.533999
427,14370.306112
428,14437.576456
429,14214.364235
430,14502.686811
431,14366.867090
432,14253.223805
433,14313.847140
434,14337.798031
435,14324.934335
436,14391.194921
437,14145.499767
438,14328.301471
439,14523.806878
440,14419.607980
441,14571.921645
442,14375.770327
443,14189.433394
444,14481.560560
445,14075.909804
446,14501.063868
447,14446.811394
448,14392.461566
449,14434.804864
450,14391.552445
451,14466.721131
452,14415.663837
453,14502.556112
454,14611.005834
455,14476.309867
456,14262.984234
457,14348.372871
458,14333.025089
459,14339.273343
460,14434.318919
461,14264.608084
462,14440.035939
463,14273.840773
464,14160.021227
465,14050.441136
466,14572.187164
467,14445.308969
468,14380.832112
469,14449.264914
470,14406.642850
471,14326.139116
472,14266.398350
473,14137.931593
474,14478.893971
475,14490.934113
476,14474.550617
477,14448.235488
478,14365.225622
479,14118.892378
480,14367.574357
481,14441.318315
482,14500.255308
483,14458.623198
484,14538.202831
485,14365.498587
486,14349.957983
487,14499.187509
488,14560.168375
489,14343.415300
490,14514.440706
491,14216.871570
492,14358.541475
493,14318.637446
494,14354.258701
495,14310.548374
496,14254.475280
497,14500.345668
498,14480.876978
499,14575.992497
