0,2676.538556
1,2750.388811
2,2750.642392
3,2777.033896
4,2788.459472
5,2801.456112
6,2775.316463
7,2743.080109
8,2676.306141
9,2709.094275
10,2769.317808
11,2699.857855
12,2720.022583
13,2810.272723
14,2792.617325
15,2812.378717
16,2751.192911
17,2735.619036
18,2831.648991
19,2801.020755
20,2864.466561
21,2927.541218
22,2966.809498
23,2982.987170
24,2923.610467
25,3015.992948
26,2909.299880
27,2917.312739
28,3061.617952
29,3131.840704
30,3251.436924
31,3339.880603
32,3340.549271
33,3250.905179
34,3223.809010
35,3198.729941
36,3293.673700
37,3260.669648
38,3240.529866
39,3354.888469
40,3351.457797
41,3322.378164
42,3326.951123
43,3334.259228
44,3435.276032
45,3430.476094
46,3535.606598
47,3538.823010
48,3524.399111
49,3569.182146
50,3682.857482
51,3737.200705
52,3792.299513
53,3793.554044
54,3766.851372
55,3880.928922
56,4011.087841
57,4113.245712
58,4070.478267
59,4142.942299
60,4180.611857
61,4305.253912
62,4389.685994
63,4364.600166
64,4328.218319
65,4439.721421
66,4528.748535
67,4610.973219
68,4572.997986
69,4612.323172
70,4514.267384
71,4561.649700
72,4650.178816
73,4651.501903
74,4709.608611
75,4771.315403
76,4867.165884
77,4989.696417
78,5092.532144
79,5205.609811
80,5291.313074
81,5316.823316
82,5351.053202
83,5505.526610
84,5433.386617
85,5562.739306
86,5799.164842
87,5831.191744
88,6048.081688
89,6194.779038
90,6377.291834
91,6382.594439
92,6504.733745
93,6670.099613
94,6705.701465
95,6727.673861
96,6820.035473
97,6802.789075
98,6838.361787
99,6827.261881
100,6904.657413
101,6926.475702
102,7080.468860
103,6952.016717
104,6971.738872
105,7032.576051
106,7147.988433
107,7213.989237
108,7195.710659
109,7215.872063
110,7233.341550
111,7287.172797
112,7410.305724
113,7318.076396
114,7391.541651
115,7413.636666
116,7459.676533
117,7499.775329
118,7543.823317
119,7562.937437
120,7585.185391
121,7569.623430
122,7576.214267
123,7575.098717
124,7574.274335
125,7577.024025
126,7647.950894
127,7671.924992
128,7734.140561
129,7701.226104
130,7783.525316
131,7693.621052
132,7812.099659
133,7922.346233
134,7852.212312
135,7809.874971
136,7894.924937
137,7881.798066
138,7944.383075
139,7960.582992
140,7921.027952
141,7912.513702
142,7965.326265
143,7889.487605
144,7916.128883
145,8018.936415
146,7972.615821
147,8061.084284
148,8100.951285
149,8063.737489
150,8047.300792
151,8101.113768
152,8013.573995
153,8089.180946
154,8104.663222
155,8088.212354
156,8093.972653
157,8075.468540
158,8084.867309
159,8114.917399
160,8139.325489
161,8094.705330
162,8106.581675
163,8113.356427
164,8111.889457
165,8120.216567
166,8170.260012
167,8158.160446
168,8193.262213
169,8179.649361
170,8152.023988
171,8147.607708
172,8162.975464
173,8169.454721
174,8167.783813
175,8181.129854
176,8203.449841
177,8197.068157
178,8201.658002
179,8202.331684
180,8193.078381
181,8205.989539
182,8202.488732
183,8195.648516
184,8196.687000
185,8200.785966
186,8199.403635
187,8213.534379
188,8191.492149
189,8207.577475
190,8213.561557
191,8203.156042
192,8206.405553
193,8210.646201
194,8211.872013
195,8217.713692
196,8215.458519
197,8223.567413
198,8228.404226
199,8215.293136
200,8224.366280
201,8218.650564
202,8227.954917
203,8234.817828
204,8229.331637
205,8225.605910
206,8220.932426
207,8215.822573
208,8222.507644
209,8215.266637
210,8217.280873
211,8216.826417
212,8223.535873
213,8227.025263
214,8229.767860
215,8229.806758
216,8230.432038
217,8226.439559
218,8224.216695
219,8231.516848
220,8232.088461
221,8230.036212
222,8233.892603
223,8232.615750
224,8232.359459
225,8230.634615
226,8231.501979
227,8233.744346
228,8233.561491
229,8235.911923
230,8233.163591
231,8233.408681
232,8235.883513
233,8234.624317
234,8237.896846
235,8239.158563
236,8236.818665
237,8238.968561
238,8236.400394
239,8237.135413
240,8238.465186
241,8238.618687
242,8240.117422
243,8238.689098
244,8240.589558
245,8235.963017
246,8233.632379
247,8232.753189
248,8238.807351
249,8237.299566
250,8238.146552
251,8230.480881
252,8234.802483
253,8237.598291
254,8239.665163
255,8237.287927
256,8237.582842
257,8235.851170
258,8235.124772
259,8237.387301
260,8239.667537
261,8241.305785
262,8238.735194
263,8239.649418
264,8238.937321
265,8235.124772
266,8236.938772
267,8237.883043
268,8236.867598
269,8237.393803
270,8240.361514
271,8239.751623
272,8236.938754
273,8237.186232
274,8241.065824
275,8240.695894
276,8235.812949
277,8238.953067
278,8241.305785
279,8237.615334
280,8230.986807
281,8235.765173
282,8238.453269
283,8239.641632
284,8239.641632
285,8239.983798
286,8240.611809
287,8240.091353
288,8236.549483
289,8237.834120
290,8235.589118
291,8236.868075
292,8236.935117
293,8234.191148
294,8234.067854
295,8237.236353
296,8236.804687
297,8234.704638
298,8238.323299
299,8238.807351
300,8240.361514
301,8240.361514
302,8235.978163
303,8236.953237
304,8233.882747
305,8235.755848
306,8237.253751
307,8236.898180
308,8238.606770
309,8237.607072
310,8237.478797
311,8238.967369
312,8241.777921
313,8238.917904
314,8235.175547
315,8240.102136
316,8241.065824
317,8238.236840
318,8237.978756
319,8235.724870
320,8240.593689
321,8240.695894
322,8240.353728
323,8235.777786
324,8236.681889
325,8235.977086
326,8238.636807
327,8235.034494
328,8238.111001
329,8239.345086
330,8234.683668
331,8239.022483
332,8234.628712
333,8241.065824
334,8239.899712
335,8241.305785
336,8241.065824
337,8234.634925
338,8240.121553
339,8236.917425
340,8236.821813
341,8234.388146
342,8233.023618
343,8240.137299
344,8237.883043
345,8237.687887
346,8238.480932
347,8238.629513
348,8239.000232
349,8238.019622
350,8238.547974
351,8238.846731
352,8236.124083
353,8236.226288
354,8239.175898
355,8239.578704
356,8237.853997
357,8237.170947
358,8235.596907
359,8235.236721
360,8237.218026
361,8240.275055
362,8235.034096
363,8235.338824
364,8238.720892
365,8235.560801
366,8235.088479
367,8236.636731
368,8236.657881
369,8237.032731
370,8233.881828
371,8237.186232
372,8237.075351
373,8237.381862
374,8236.451893
375,8236.661817
376,8234.757601
377,8232.100603
378,8237.446070
379,8239.558827
380,8238.378727
381,8236.954057
382,8234.072793
383,8237.210241
384,8237.621847
385,8236.533307
386,8238.078212
387,8236.722359
388,8238.850862
389,8238.705146
390,8238.550348
391,8240.695894
392,8234.388497
393,8237.269391
394,8228.525901
395,8233.383143
396,8230.991781
397,8231.921742
398,8237.139067
399,8236.773268
400,8239.141731
401,8240.223758
402,8237.847032
403,8238.212832
404,8234.764095
405,8240.275055
406,8236.462981
407,8236.057888
408,8239.630000
409,8236.781139
410,8240.117422
411,8240.121553
412,8240.593689
413,8237.983804
414,8229.976903
415,8238.496677
416,8241.219326
417,8237.346612
418,8241.219326
419,8239.425203
420,8237.505343
421,8234.462130
422,8239.060622
423,8238.125303
424,8238.440280
425,8239.050171
426,8239.004364
427,8237.552406
428,8240.223758
429,8237.614244
430,8231.669831
431,8240.361514
432,8238.705146
433,8239.889378
434,8239.667537
435,8240.833649
436,8239.645286
437,8239.106569
438,8240.102136
439,8239.186469
440,8240.747190
441,8241.777921
442,8240.035094
443,8239.649418
444,8237.164455
445,8234.667027
446,8236.773268
447,8236.592389
448,8231.827294
449,8236.171550
450,8238.386512
451,8236.832350
452,8235.356861
453,8238.335216
454,8239.173151
455,8237.771209
456,8237.924711
457,8240.121553
458,8240.361514
459,8239.279487
460,8238.669596
461,8235.376035
462,8236.190694
463,8236.868075
464,8238.677944
465,8238.359309
466,8236.530024
467,8234.429811
468,8237.818834
469,8236.820893
470,8236.652722
471,8232.777188
472,8233.333409
473,8237.733672
474,8236.695156
475,8239.318867
476,8238.799566
477,8238.255273
478,8240.035094
479,8232.439588
480,8239.106569
481,8240.589558
482,8240.589558
483,8239.899712
484,8237.348254
485,8235.964693
486,8237.501110
487,8238.795435
488,8233.416749
489,8234.076524
490,8237.871040
491,8237.595917
492,8238.292267
493,8236.238307
494,8238.378727
495,8238.937321
496,8236.666932
497,8238.465186
498,8239.034607
499,8237.021509
