0,2768.685880
1,5518.388588
2,6097.596004
3,6601.072656
4,7057.905752
5,7428.637171
6,7818.136111
7,8249.542092
8,8597.602004
9,8965.942841
10,9292.129117
11,9617.973318
12,9916.237651
13,10215.219302
14,10558.282872
15,10834.190613
16,11089.032949
17,11478.588363
18,11740.001273
19,12052.856347
20,12291.536462
21,12515.354555
22,12759.533538
23,13094.660828
24,13406.178648
25,13723.465536
26,13980.010169
27,14163.010098
28,14289.886914
29,14402.033820
30,14591.211674
31,14845.465276
32,15061.747771
33,15137.105279
34,15171.047570
35,15323.235398
36,15450.128405
37,15517.904099
38,15658.793608
39,15711.469919
40,15817.637908
41,15874.696467
42,16097.568549
43,16236.834276
44,16292.903878
45,16374.332428
46,16482.879389
47,16543.290216
48,16657.898392
49,16819.703775
50,16778.181526
51,16807.747642
52,16815.244050
53,16967.209077
54,17010.771308
55,16988.972333
56,17048.942013
57,17115.797225
58,17225.279873
59,17135.375796
60,17234.590746
61,17345.752268
62,17447.596009
63,17365.383726
64,17486.205384
65,17478.614408
66,17652.535141
67,17885.059923
68,17966.092992
69,17967.698997
70,17986.242179
71,17971.180910
72,18130.739965
73,18164.849149
74,18229.650964
75,18151.828818
76,18151.199362
77,18188.529548
78,18327.777589
79,18447.966074
80,18451.942125
81,18442.437016
82,18551.570493
83,18457.202684
84,18573.114114
85,18613.230803
86,18673.296972
87,18785.894368
88,18808.653577
89,18828.265427
90,18626.141334
91,18663.569575
92,18813.398110
93,18736.990190
94,18680.009471
95,18738.615272
96,18706.904971
97,18891.902826
98,18901.854303
99,18772.376348
100,18820.188747
101,18989.994923
102,18951.452718
103,18990.486901
104,18740.520536
105,18925.259132
106,18811.283094
107,18798.698497
108,18839.168902
109,18866.005102
110,18769.484129
111,18789.159771
112,18868.965019
113,18860.105590
114,18864.430039
115,18980.940978
116,19007.207587
117,19074.306881
118,18846.371320
119,18908.420192
120,18813.593647
121,18857.634660
122,18926.558668
123,18884.846470
124,18786.719309
125,18707.113732
126,18839.383068
127,18561.553363
128,18747.346271
129,18840.392913
130,18812.705706
131,19051.793800
132,18867.922158
133,18877.712793
134,18835.941496
135,18862.969640
136,18811.099498
137,18773.569414
138,18777.785871
139,18881.088418
140,18940.752453
141,18947.149417
142,18821.228679
143,18840.665308
144,18913.876598
145,18934.732015
146,18833.262835
147,18876.297164
148,18797.305980
149,18952.901052
150,18884.064172
151,18858.984668
152,18957.143178
153,18771.678832
154,18798.724565
155,18896.920528
156,18799.049716
157,18910.475884
158,18905.742138
159,18879.669875
160,18957.889485
161,18941.497529
162,18996.175407
163,18893.966809
164,18794.766535
165,18870.656367
166,18915.851805
167,18874.569217
168,18901.095522
169,18908.093908
170,18940.951722
171,19014.191149
172,19055.615777
173,18939.105483
174,18851.190796
175,18856.808151
176,18968.404276
177,19002.006985
178,18885.033651
179,18850.133554
180,18823.018644
181,18747.127406
182,18802.490941
183,18807.338629
184,18757.651147
185,18750.964994
186,18530.009520
187,18736.953868
188,18900.445602
189,18772.549652
190,18889.964219
191,18909.315369
192,18902.873663
193,18833.582084
194,18877.601366
195,18974.228826
196,18943.969970
197,18835.768943
198,18808.536987
199,19030.284055
200,19112.699444
201,18907.810495
202,18926.133914
203,18987.852818
204,18896.125825
205,18805.715175
206,19111.918188
207,18941.308461
208,19016.257238
209,19057.613872
210,19068.964017
211,19185.363194
212,19117.956003
213,19099.255647
214,18879.593507
215,18958.723733
216,18870.802216
217,19058.864683
218,18908.117500
219,18832.793937
220,18911.839061
221,18892.409942
222,18914.788338
223,19002.874174
224,19030.080522
225,19110.283630
226,19074.673583
227,19026.585696
228,19068.667788
229,19017.726901
230,19046.014666
231,19098.502686
232,19046.545740
233,19152.607028
234,19224.604925
235,19178.774737
236,19107.335416
237,19262.059413
238,19282.111865
239,19419.685443
240,19293.998343
241,19267.557633
242,19244.666751
243,19292.058133
244,19307.859841
245,19272.953868
246,19285.987658
247,19127.071953
248,19159.592675
249,19170.642757
250,19081.201408
251,19185.202099
252,19185.859504
253,19236.200133
254,19117.729127
255,19179.812225
256,18931.267446
257,19068.294885
258,19029.566696
259,19051.545929
260,19159.466313
261,19148.105629
262,19075.301151
263,19110.296312
264,19103.437431
265,19170.209774
266,19271.144727
267,19259.649216
268,19194.205627
269,19340.999633
270,19184.099060
271,19032.113093
272,18917.981016
273,19233.004082
274,19229.780647
275,19216.163105
276,19148.302877
277,19054.742445
278,19277.297724
279,19261.597197
280,19210.736011
281,19205.430706
282,19214.878173
283,19225.771453
284,19184.841673
285,19130.545475
286,19100.156669
287,19268.363528
288,19216.987516
289,19354.180323
290,19250.589290
291,19256.967090
292,19217.898934
293,19138.866062
294,19186.014415
295,19159.738552
296,19271.492075
297,19232.538902
298,19258.176039
299,19306.963607
300,19272.288043
301,19377.968667
302,19234.514762
303,19283.147122
304,19360.669839
305,19156.109872
306,19076.618178
307,19116.184291
308,19230.808651
309,19249.948777
310,19259.867253
311,19206.013236
312,19186.850732
313,19211.817642
314,19255.992873
315,19196.643721
316,19177.719327
317,19203.935437
318,19108.656730
319,19153.164067
320,19132.090396
321,19121.954839
322,19199.335590
323,19259.810451
324,19172.007082
325,19315.195990
326,19138.571545
327,19213.670141
328,19125.401854
329,19240.155916
330,19303.556915
331,19229.695708
332,19193.049481
333,19325.608270
334,19301.521113
335,19331.889742
336,19308.081963
337,19277.046793
338,19186.858252
339,19247.521926
340,19238.985886
341,19215.701545
342,19341.453075
343,19299.920018
344,19267.871226
345,19293.891398
346,19250.984809
347,19305.694908
348,19241.320262
349,19286.974644
350,19204.253651
351,19316.220574
352,19322.890119
353,19407.013834
354,19348.897164
355,19356.098939
356,19358.275846
357,19482.781227
358,19320.150006
359,19393.082800
360,19239.166156
361,19151.225569
362,19224.247410
363,19259.620982
364,19276.450929
365,19334.773905
366,19190.403225
367,19153.935059
368,19159.016152
369,19178.009204
370,19124.139695
371,19233.386659
372,19137.451959
373,19341.936816
374,19201.651497
375,19249.614650
376,19431.532313
377,19253.996095
378,19198.851591
379,19264.963335
380,19296.747624
381,19284.367041
382,19211.350380
383,19122.946509
384,19143.258063
385,19288.875860
386,19271.701749
387,19140.290121
388,19149.112626
389,19130.680821
390,19113.777430
391,19268.533510
392,19194.961179
393,19262.657398
394,19272.942197
395,19303.859453
396,19187.457947
397,19309.886557
398,19190.015732
399,19176.003079
400,19468.811818
401,19252.488146
402,19239.811520
403,19374.128811
404,19304.436101
405,19193.748215
406,19260.528382
407,19252.026103
408,19266.971733
409,19303.163180
410,19200.593635
411,19236.838598
412,19246.847811
413,19461.105778
414,19421.696104
415,19201.537617
416,19271.914561
417,19267.794706
418,19231.499220
419,19179.074621
420,19226.206499
421,19239.471921
422,19248.707041
423,19347.939601
424,19299.321618
425,19232.458009
426,19221.962241
427,19287.669257
428,19417.244058
429,19283.946957
430,19179.055398
431,19208.858330
432,19157.252600
433,19072.922473
434,19066.917052
435,19191.405510
436,19134.243140
437,19196.416103
438,19110.357549
439,19247.510738
440,19327.642686
441,19203.179542
442,19146.846229
443,19235.900147
444,19263.399935
445,19295.536374
446,19336.390764
447,19262.848401
448,19181.877384
449,19355.634197
450,19347.918159
451,19342.310979
452,19233.514898
453,19313.719535
454,19322.877334
455,19219.319916
456,19333.134559
457,19310.232849
458,19346.953080
459,19225.248350
460,19065.769273
461,19292.047490
462,19301.080068
463,19284.289233
464,19141.048974
465,19194.066485
466,19242.909279
467,19378.789191
468,19387.401905
469,19330.830146
470,19338.686059
471,19279.279428
472,19311.719530
473,19207.541453
474,19286.091436
475,19202.371806
476,19350.073524
477,19313.520374
478,19198.226159
479,19116.570891
480,19203.157649
481,19317.880617
482,19318.409308
483,19375.502239
484,19265.486772
485,19305.516931
486,19215.205690
487,19129.851989
488,19135.370588
489,19231.860675
490,19243.388909
491,19343.813675
492,19281.445053
493,19129.150167
494,19054.963286
495,19091.824439
496,19156.714935
497,19162.125384
498,19155.501506
499,19221.316545
