0,2796.825826
1,5512.404126
2,6023.787428
3,6305.156636
4,6446.998555
5,6745.300773
6,6785.845464
7,7011.261917
8,7197.592273
9,7219.388094
10,7360.988355
11,7517.438778
12,7512.647448
13,7596.260295
14,7686.828687
15,7816.265346
16,7981.284779
17,7921.366040
18,8122.470517
19,8167.472212
20,8211.889223
21,8385.644501
22,8376.667656
23,8541.913322
24,8681.858994
25,8747.271539
26,8663.194017
27,8881.656135
28,8994.458202
29,9065.279317
30,8976.405944
31,9166.555159
32,9194.484404
33,9376.143046
34,9415.204638
35,9365.374827
36,9514.345543
37,9506.847569
38,9567.634200
39,9631.959808
40,9696.795192
41,9681.116415
42,9712.766889
43,9997.476121
44,9913.612338
45,9943.589767
46,9976.850179
47,10081.814111
48,10262.891798
49,10269.727571
50,10253.153878
51,10375.704487
52,10532.382073
53,10544.223654
54,10529.635277
55,10435.839522
56,10485.256325
57,10694.814758
58,10655.733912
59,10764.058345
60,10901.407713
61,10783.535376
62,10932.287298
63,10943.544979
64,10811.178718
65,10858.571219
66,10933.545104
67,10814.215687
68,10990.321847
69,10880.333390
70,10893.900671
71,11032.534638
72,11156.621898
73,11112.200807
74,11275.406298
75,11306.395780
76,11283.010077
77,11263.552092
78,11182.819186
79,11233.823689
80,11405.160928
81,11305.391867
82,11278.857288
83,11331.767772
84,11442.645119
85,11451.841108
86,11559.531321
87,11693.497193
88,11454.876472
89,11578.356264
90,11641.917339
91,11446.188231
92,11429.455396
93,11754.325178
94,11796.921894
95,11683.752760
96,11762.398422
97,11682.838552
98,11805.635277
99,11980.164183
100,11873.149434
101,11916.200249
102,11807.856791
103,11919.089403
104,11850.537182
105,11788.743527
106,11922.561262
107,11962.133944
108,11912.451022
109,12030.894339
110,12059.695674
111,11927.421799
112,11946.514348
113,11987.589056
114,11971.489952
115,12046.843682
116,12120.286617
117,12157.420091
118,12007.623625
119,12040.770211
120,11997.661456
121,12059.869890
122,12105.141099
123,12143.483708
124,12208.523439
125,11999.904359
126,12099.399779
127,12248.703013
128,12182.957739
129,12027.476800
130,12208.520922
131,12269.413954
132,12254.221330
133,12231.904090
134,12265.599739
135,12171.520245
136,12286.525537
137,12183.965840
138,12289.581200
139,12477.574221
140,12395.846007
141,12493.937013
142,12292.779518
143,12555.937015
144,12507.620680
145,12436.342967
146,12355.681965
147,12480.133665
148,12429.792636
149,12375.942714
150,12532.142547
151,12672.852111
152,12658.854506
153,12768.170061
154,12755.404622
155,12736.144644
156,12684.562089
157,12647.803298
158,12581.200490
159,12739.931893
160,12905.596370
161,12782.969680
162,12711.159261
163,12744.972592
164,12549.582433
165,12649.098414
166,12664.801844
167,12671.485849
168,12762.229408
169,12760.502915
170,12822.821401
171,12906.150143
172,12655.843177
173,12748.939367
174,12970.505189
175,12725.791176
176,12917.646071
177,13011.875284
178,12783.337147
179,12912.660390
180,12889.988644
181,12947.460733
182,12829.016327
183,12957.093460
184,13020.641676
185,12841.392245
186,13012.018961
187,13017.314279
188,13001.353876
189,12997.600855
190,12998.401314
191,12860.456298
192,12868.491768
193,13052.296078
194,12967.085241
195,13167.132861
196,13236.928075
197,13085.613822
198,13253.398926
199,13291.802959
200,13028.798728
201,13108.500969
202,13090.173636
203,13079.487432
204,13202.132531
205,13175.126980
206,13367.877106
207,13292.763998
208,13392.501200
209,13200.324951
210,13263.681953
211,13252.313380
212,13152.243357
213,13297.002892
214,13298.801430
215,13427.667205
216,13121.812733
217,13277.733442
218,13194.929064
219,13201.220875
220,13206.948513
221,13339.135009
222,13237.987019
223,13433.893617
224,13437.666480
225,13301.296602
226,13199.393070
227,13318.441013
228,13219.152225
229,13273.570340
230,13202.441317
231,13434.649651
232,13212.436503
233,13213.105491
234,13263.147124
235,13382.720837
236,13382.296804
237,13502.090847
238,13522.231748
239,13510.493703
240,13341.476482
241,13424.651099
242,13185.151174
243,13377.569655
244,13322.839621
245,13393.891833
246,13414.294911
247,13585.316213
248,13477.201296
249,13561.196497
250,13442.536234
251,13630.695746
252,13453.489243
253,13575.455242
254,13508.385118
255,13594.839569
256,13475.992737
257,13469.871147
258,13479.924634
259,13651.927185
260,13547.084020
261,13386.395810
262,13321.912436
263,13415.824790
264,13460.018199
265,13485.995185
266,13464.497957
267,13497.916286
268,13647.660152
269,13591.704489
270,13651.884434
271,13541.577573
272,13523.820740
273,13551.379718
274,13384.663051
275,13593.272826
276,13630.534462
277,13702.855769
278,13670.135015
279,13610.850167
280,13528.692405
281,13547.589214
282,13605.494130
283,13577.636367
284,13347.998101
285,13623.392999
286,13481.350444
287,13563.239678
288,13629.052032
289,13674.982375
290,13620.959535
291,13661.226114
292,13618.907768
293,13594.632500
294,13830.403538
295,13634.747397
296,13592.201425
297,13488.736953
298,13611.020065
299,13598.330406
300,13559.774694
301,13461.545433
302,13659.390844
303,13677.374302
304,13709.098478
305,13660.443696
306,13667.152541
307,13679.120144
308,13781.194591
309,13700.799447
310,13568.388119
311,13691.829948
312,13917.124745
313,13907.756452
314,13667.666155
315,13760.265640
316,13553.701845
317,13633.763513
318,13769.258911
319,13921.902811
320,13738.619408
321,13791.825485
322,13712.468326
323,13787.823400
324,13629.745617
325,13695.317189
326,13679.327138
327,13695.949125
328,13445.549534
329,13739.493285
330,13785.312006
331,13602.541004
332,13612.630590
333,13452.147711
334,13533.427885
335,13725.822865
336,13617.965033
337,13679.764235
338,13561.247558
339,13605.425556
340,13718.426416
341,13570.055773
342,13693.375365
343,13687.085278
344,13436.930460
345,13876.078216
346,13841.430753
347,13778.315022
348,13738.866663
349,13555.090891
350,13754.908754
351,13702.322909
352,13911.979130
353,13834.519501
354,13725.971560
355,13601.321238
356,13876.601580
357,13997.906232
358,13747.961123
359,13943.053627
360,13738.964182
361,13924.583247
362,13796.243339
363,13685.066831
364,13750.001249
365,13788.245759
366,13564.987512
367,13526.362404
368,13621.097411
369,13659.829992
370,13829.493729
371,13872.368201
372,13861.397672
373,13721.393770
374,13656.452202
375,13702.094990
376,13815.455797
377,13860.511804
378,13802.989414
379,13697.862060
380,13644.391923
381,13682.344252
382,13833.811668
383,13883.553401
384,13991.368248
385,13896.914552
386,13766.678627
387,13888.793587
388,13983.248256
389,13918.794304
390,13918.751911
391,13853.338661
392,13704.907582
393,13788.788036
394,13884.783262
395,13879.251117
396,13703.549885
397,13639.230886
398,13963.691178
399,13945.783811
400,13836.104934
401,13655.586773
402,13798.033222
403,13840.520568
404,13801.387476
405,13866.134999
406,13810.662675
407,13848.393275
408,13935.868062
409,13957.177837
410,13846.405654
411,13831.020248
412,13702.520969
413,13928.540932
414,13810.447890
415,13483.347686
416,13817.088229
417,13770.791577
418,13759.217067
419,13851.798743
420,13963.406069
421,13885.594109
422,13732.052568
423,13841.115459
424,13787.140244
425,13943.450160
426,13942.254650
427,13875.389466
428,13963.515697
429,13870.458014
430,13935.969112
431,13890.265004
432,13887.228204
433,13893.143584
434,13859.677249
435,14003.593472
436,13812.258460
437,13953.911566
438,13764.722989
439,13880.085324
440,13946.140789
441,13980.416339
442,13877.900727
443,13817.833409
444,14040.556059
445,13905.471219
446,13966.322985
447,13943.082298
448,14010.546949
449,13854.953712
450,13920.367338
451,13782.026511
452,13757.768000
453,14095.507430
454,13895.018441
455,13980.023855
456,13803.764521
457,13904.879959
458,13717.946328
459,13981.257702
460,13870.973139
461,13672.348082
462,13882.526817
463,13878.672360
464,13743.094949
465,13747.615518
466,13876.008855
467,13931.713339
468,13922.663317
469,13859.580273
470,14087.349233
471,13830.803079
472,13874.668142
473,13845.567112
474,13977.859899
475,13902.103727
476,13960.709454
477,13734.965057
478,13715.401830
479,14011.558757
480,13832.015141
481,13664.862042
482,13675.535661
483,13901.810862
484,13807.356489
485,14113.787144
486,13782.125479
487,13883.803262
488,13896.430954
489,13901.381428
490,13905.588324
491,13888.082541
492,13878.418817
493,14033.487049
494,13813.300041
495,13853.854457
496,13920.277489
497,13921.931835
498,13854.696541
499,13974.497489
