0,2797.339730
1,5774.155826
2,6482.696640
3,6829.478787
4,7155.711375
5,7464.427222
6,7577.230459
7,7701.887974
8,7941.286608
9,8066.244612
10,8164.497020
11,8214.263822
12,8359.083083
13,8489.727538
14,8668.606361
15,8645.412020
16,8715.695158
17,8791.891979
18,8873.049602
19,8984.848348
20,8931.498946
21,9084.359732
22,9104.235898
23,9361.387206
24,9306.088320
25,9434.692779
26,9599.294632
27,9596.092793
28,9642.055751
29,9627.836965
30,9654.316634
31,9693.033860
32,9838.944470
33,9618.471127
34,10072.054272
35,10011.713601
36,10033.439611
37,10081.296764
38,10184.368998
39,10211.887813
40,10245.162771
41,10198.396606
42,10259.838607
43,10406.662230
44,10670.147770
45,10655.054717
46,10720.120633
47,10657.032688
48,10750.218963
49,10875.020872
50,10706.061374
51,10706.435394
52,10843.281403
53,10895.057703
54,11143.480227
55,11073.264303
56,10799.468017
57,10980.473673
58,11068.257682
59,11107.807528
60,11139.360034
61,11057.885236
62,11256.412373
63,11148.235497
64,11330.317638
65,11602.825881
66,11833.310996
67,11421.098036
68,11661.691838
69,11656.106830
70,11592.804693
71,11750.599223
72,11493.921266
73,11560.797701
74,11507.563182
75,11726.733475
76,11469.263934
77,11566.324780
78,11600.091144
79,11726.069338
80,11856.917312
81,11658.965923
82,11956.601119
83,11749.376402
84,12025.521796
85,11969.546801
86,11979.509557
87,12043.737478
88,11956.850516
89,12106.136105
90,12031.924111
91,12089.381222
92,12167.593004
93,12041.993504
94,12190.435896
95,12113.992934
96,12150.820424
97,12359.435220
98,12231.790379
99,12360.854394
100,12222.521960
101,12388.495345
102,12310.248083
103,12418.783339
104,12467.985945
105,12375.763431
106,12353.377054
107,12478.614814
108,12415.695960
109,12441.478363
110,12348.121639
111,12371.882007
112,12469.779298
113,12551.165112
114,12384.571909
115,12311.226095
116,12259.502466
117,12454.772713
118,12395.244285
119,12635.893533
120,12585.328461
121,12806.638431
122,12772.274629
123,12692.197671
124,12737.316867
125,12918.148838
126,12747.665394
127,12937.750450
128,12815.338995
129,12775.919803
130,12519.888723
131,12708.238650
132,12799.306170
133,12615.844705
134,13005.295819
135,12810.871288
136,12676.040381
137,12876.580269
138,12855.072897
139,12750.254223
140,12784.637153
141,12939.530805
142,12884.004052
143,13020.457418
144,12937.329941
145,13088.150874
146,12870.023916
147,13047.261201
148,12826.692495
149,12905.504651
150,13001.228538
151,12979.148493
152,12891.158540
153,13195.580475
154,12901.651235
155,12922.148881
156,13039.788230
157,13247.586540
158,12992.016521
159,13118.697159
160,12886.959914
161,12967.271929
162,13096.469694
163,13017.461962
164,13037.569161
165,13216.655737
166,13336.279275
167,12966.132108
168,13179.464203
169,13143.343744
170,12977.812051
171,13083.281261
172,13167.614987
173,13318.953826
174,13533.881882
175,13637.864044
176,13408.300338
177,13320.223139
178,13326.396282
179,13424.463558
180,13641.105450
181,13229.666906
182,13354.925780
183,13467.755979
184,13146.424374
185,13153.677361
186,13351.660280
187,13646.891865
188,13633.992136
189,13352.901254
190,13506.123987
191,13624.021237
192,13398.969189
193,13043.061134
194,13524.836789
195,13425.236377
196,13568.547327
197,13513.716879
198,13566.463835
199,13485.511418
200,13561.772592
201,13614.448291
202,13581.665001
203,13573.881445
204,13461.006308
205,13386.458646
206,13659.498741
207,13681.211191
208,13887.401178
209,13923.365508
210,13758.415177
211,13822.156167
212,13787.116419
213,13649.552507
214,13627.059607
215,13587.048916
216,13614.256090
217,13675.133736
218,13797.238352
219,13892.470630
220,13723.174537
221,13881.927748
222,13712.414729
223,13625.466440
224,13607.225691
225,13637.457191
226,13604.752798
227,13818.589928
228,13909.795443
229,13969.367297
230,13874.335995
231,13927.445064
232,13809.964288
233,13656.753761
234,13509.141937
235,13695.100097
236,13801.305569
237,13824.027098
238,14090.400932
239,13947.424495
240,13698.993438
241,13730.429072
242,13858.437122
243,14067.767962
244,14161.281939
245,13839.895075
246,13634.730391
247,13928.801350
248,14024.231658
249,13852.000408
250,13695.367939
251,13834.196432
252,13717.748041
253,13983.415078
254,13985.363533
255,13926.054783
256,14189.750701
257,13908.646173
258,13794.434813
259,14080.036885
260,13737.677643
261,13764.518621
262,13728.260769
263,13926.913282
264,13955.539918
265,13781.988512
266,14060.360678
267,14068.015714
268,14012.066919
269,14049.330197
270,13853.986110
271,14137.476988
272,13777.795252
273,14241.528136
274,13950.497903
275,13999.635565
276,14065.107613
277,14292.677481
278,14053.854143
279,14221.893741
280,13886.358903
281,13823.377409
282,13864.657581
283,14193.979037
284,14072.727008
285,14211.681548
286,14290.599387
287,14265.075898
288,14004.117437
289,14274.712823
290,14099.996779
291,14054.115961
292,14057.167395
293,13838.721274
294,14034.354025
295,14178.283037
296,14258.564540
297,14234.825722
298,14384.210425
299,14211.655328
300,14264.920093
301,14199.980392
302,14201.455514
303,14229.783748
304,14353.128954
305,14119.866661
306,14357.607568
307,14195.439725
308,14352.289660
309,14378.917605
310,14111.378142
311,14102.094004
312,14235.282074
313,14149.169240
314,14212.537955
315,14132.779475
316,14187.751177
317,14349.893348
318,14412.451410
319,14132.820277
320,14064.388333
321,14281.170331
322,14503.471274
323,14458.437880
324,14200.430473
325,14084.242649
326,14139.323756
327,14292.745225
328,14205.623929
329,14131.870233
330,14204.729422
331,14321.864273
332,14492.318517
333,14175.198952
334,14307.688024
335,14443.197040
336,14204.458041
337,14143.496118
338,13976.284666
339,14057.314892
340,14215.416207
341,14181.172976
342,13866.007897
343,14178.800642
344,14253.359457
345,14055.564668
346,14136.503894
347,14246.646621
348,14390.470092
349,14292.673616
350,14176.603269
351,14407.163021
352,14441.660320
353,14322.808779
354,14071.510017
355,14168.227816
356,14689.728358
357,14273.768497
358,14344.041126
359,14086.386215
360,14532.217561
361,14239.525341
362,14294.245196
363,14380.971232
364,14203.971091
365,14186.782260
366,14297.831999
367,14287.884214
368,14172.926045
369,14433.133495
370,14119.644272
371,14423.615907
372,14348.358052
373,14518.370574
374,14566.862106
375,14252.250234
376,14309.221881
377,14577.654398
378,14153.839178
379,14083.398264
380,14530.163997
381,14296.063340
382,14634.946315
383,14167.817843
384,14173.214326
385,14242.132344
386,14118.889432
387,14049.949276
388,14346.128511
389,14424.513842
390,14672.266778
391,14419.927950
392,14326.468332
393,14516.674022
394,14307.808139
395,14303.224167
396,14034.856193
397,14395.687070
398,14426.833682
399,14241.028080
400,14399.589668
401,14589.481838
402,14381.395227
403,14439.256765
404,14237.609236
405,14122.042900
406,14578.525164
407,14393.259074
408,14509.776721
409,14624.760129
410,14299.363531
411,14023.176175
412,14504.601627
413,14189.595431
414,14429.062244
415,14711.343371
416,14611.461780
417,14388.007577
418,14446.130692
419,14284.723083
420,14261.487345
421,14673.286515
422,14565.161842
423,14781.333678
424,14840.195058
425,14660.654176
426,14368.928023
427,14356.775679
428,14374.758275
429,14564.775264
430,14270.700096
431,14346.807170
432,14373.689748
433,14571.579601
434,14775.205315
435,14510.679909
436,14619.583552
437,14540.783685
438,14295.671797
439,14203.333961
440,14520.147347
441,14797.964467
442,14524.310361
443,14231.007770
444,14212.176000
445,14470.599357
446,14347.863172
447,14440.083600
448,14413.145022
449,14868.204810
450,14649.329068
451,14861.705943
452,14527.038469
453,14209.534649
454,14378.342477
455,14532.105489
456,14433.394527
457,14242.910448
458,14459.235800
459,14580.139294
460,14609.857498
461,14459.623162
462,14561.361500
463,14661.223726
464,14792.426762
465,14703.761560
466,14609.296967
467,14655.403822
468,14368.296422
469,14303.408081
470,14559.123532
471,14766.341139
472,14636.502197
473,14696.593001
474,14857.784339
475,14737.235588
476,14603.167255
477,14617.065454
478,14719.851659
479,14671.184683
480,14411.273492
481,14512.960281
482,14634.557032
483,14654.272023
484,14749.055941
485,14454.629859
486,14479.052497
487,14721.721149
488,14744.247109
489,14917.318050
490,14635.660993
491,14737.002652
492,14986.053919
493,14689.499369
494,14385.318299
495,14436.567334
496,14351.267401
497,14604.230277
498,14635.136403
499,14707.731625
