0,2766.988828
1,5518.276495
2,6167.744949
3,6638.574963
4,7084.513506
5,7415.192699
6,7812.386856
7,8168.892540
8,8513.686860
9,8801.553329
10,9151.388342
11,9504.093309
12,9799.831082
13,10201.973714
14,10600.159251
15,10930.169929
16,11169.180933
17,11444.802090
18,11643.964161
19,12170.007367
20,12322.665703
21,12516.896275
22,12699.449059
23,13051.603653
24,13401.242983
25,13546.895099
26,13664.569444
27,13746.432008
28,13907.580457
29,14166.509695
30,14265.343687
31,14473.596120
32,14596.351477
33,14627.550693
34,14786.688086
35,14857.914569
36,14944.316862
37,14910.115663
38,14995.986347
39,15056.330418
40,15246.319623
41,15324.805515
42,15375.580956
43,15476.731620
44,15584.624259
45,15644.440029
46,15754.599611
47,15698.836824
48,15723.003389
49,15629.319990
50,15896.114104
51,15818.154231
52,16011.888356
53,15960.190834
54,16029.549364
55,15917.322961
56,15935.372747
57,16041.712164
58,16191.207131
59,16133.754530
60,16223.926071
61,16155.646704
62,16278.051472
63,16252.318791
64,16317.708293
65,16283.948910
66,16328.622529
67,16471.461479
68,16382.613679
69,16392.373855
70,16316.546203
71,16328.172082
72,16450.806223
73,16488.425934
74,16410.145712
75,16465.131661
76,16588.299390
77,16583.956806
78,16623.106857
79,16490.996350
80,16529.098886
81,16610.774489
82,16652.591443
83,16724.605868
84,16688.129995
85,16526.485140
86,16619.389461
87,16599.768133
88,16552.266609
89,16630.211179
90,16706.454052
91,16819.431707
92,16754.394012
93,16682.774748
94,16626.090383
95,16684.287633
96,16813.908083
97,16841.607198
98,16736.427909
99,16658.323875
100,16602.152006
101,16725.459731
102,16729.412687
103,16554.964323
104,16656.323923
105,16758.262440
106,16782.525358
107,16927.207876
108,16908.090254
109,17031.525592
110,16823.791282
111,16859.340399
112,16837.006703
113,17107.298999
114,17029.650972
115,17032.719272
116,17024.902599
117,17053.783519
118,17052.509949
119,17073.755184
120,17114.830288
121,17117.080634
122,17017.792600
123,17081.927929
124,17078.709495
125,16865.594615
126,16956.493954
127,17066.272516
128,17055.735709
129,17013.105487
130,17091.010557
131,17113.430221
132,17081.421761
133,17060.951334
134,17032.934435
135,16895.649379
136,17028.841859
137,17074.530368
138,17039.707932
139,17104.641386
140,17034.805510
141,17165.359383
142,17252.917159
143,17246.287249
144,17188.797063
145,17046.674308
146,17078.916217
147,16966.047255
148,17024.190930
149,17023.799678
150,17176.936423
151,17147.963695
152,17194.320121
153,17143.361707
154,17119.119838
155,17113.960405
156,17241.710291
157,17005.842790
158,16981.489374
159,17211.497700
160,17192.930950
161,17234.147631
162,17119.233859
163,17211.698410
164,17100.899469
165,17072.183532
166,17163.558728
167,17259.182269
168,16981.018286
169,17167.031354
170,17127.685044
171,17219.023339
172,17262.247163
173,17089.270793
174,17158.475517
175,17048.725607
176,17185.449912
177,17097.105026
178,17123.218381
179,17228.912069
180,17229.180627
181,17111.542932
182,17030.439795
183,17020.606458
184,17159.455780
185,17190.717035
186,17098.210988
187,17165.144995
188,17118.395970
189,17185.116569
190,17062.854716
191,16989.068680
192,17043.088044
193,17046.289801
194,17077.128991
195,17230.515842
196,17107.215586
197,17068.532046
198,17042.018461
199,17028.254609
200,17080.336338
201,17196.520007
202,17161.078595
203,17211.194639
204,17199.605751
205,17140.962681
206,17086.801738
207,17117.615398
208,17043.525413
209,17008.045457
210,17125.727209
211,17169.058675
212,17203.720749
213,17150.958978
214,17264.338609
215,17297.884770
216,17123.174426
217,17214.368235
218,17142.642953
219,17311.515750
220,17272.844472
221,17322.988720
222,17349.283068
223,17376.964256
224,17228.882607
225,17217.984372
226,17282.907194
227,17292.940102
228,17217.227741
229,17329.137431
230,17275.711305
231,17420.253984
232,17400.157954
233,17461.649905
234,17418.693054
235,17518.278824
236,17513.608780
237,17305.073025
238,17384.772925
239,17449.399785
240,17586.386059
241,17479.342502
242,17431.856192
243,17405.815612
244,17662.154731
245,17550.426597
246,17523.051621
247,17643.793000
248,17506.434659
249,17469.658278
250,17570.787397
251,17471.829267
252,17756.535807
253,17594.083776
254,17574.195565
255,17474.905630
256,17403.246551
257,17483.501013
258,17497.994559
259,17457.241528
260,17421.301591
261,17560.261870
262,17608.145165
263,17568.978372
264,17350.559630
265,17584.102465
266,17533.395532
267,17732.949369
268,17797.671150
269,17933.664270
270,17640.304228
271,17809.383286
272,17820.961489
273,17999.270854
274,18230.793560
275,17869.730780
276,17915.148753
277,18250.365536
278,18245.611774
279,18265.316480
280,18302.796923
281,18477.500282
282,18557.407864
283,18457.218390
284,18426.045671
285,18625.173691
286,18727.225633
287,18471.014179
288,18631.491616
289,18670.931689
290,18616.093856
291,18452.184180
292,18528.870495
293,18475.639894
294,18647.193036
295,18695.998400
296,18775.812548
297,18768.150460
298,18805.894816
299,18729.859036
300,18694.951899
301,18589.191688
302,18683.986962
303,18770.673383
304,18783.921045
305,18790.754375
306,18481.527267
307,18500.686627
308,18509.284535
309,18638.651297
310,18797.407269
311,18794.730315
312,18911.228060
313,18769.133088
314,18821.291889
315,18839.097212
316,18905.376450
317,18737.694695
318,18808.360637
319,18804.312237
320,18839.657281
321,18695.832845
322,18735.477172
323,18758.403754
324,18562.976288
325,18802.317856
326,18626.512470
327,18998.030615
328,18817.761508
329,18835.863214
330,18867.483558
331,18730.533206
332,18662.686717
333,18627.957872
334,18681.693958
335,18626.666870
336,18713.570971
337,18879.466898
338,18716.263482
339,18688.855705
340,18706.490097
341,18809.787560
342,18683.884010
343,18615.123786
344,18723.685671
345,18641.979771
346,18793.732852
347,18884.403838
348,18919.082305
349,18816.278912
350,18936.325661
351,18668.487649
352,18883.875808
353,18677.657600
354,18766.759234
355,18898.410469
356,18839.343325
357,18638.591079
358,18654.818568
359,18869.051388
360,18914.535283
361,18925.230843
362,18913.396531
363,18822.815299
364,18721.993877
365,18863.610496
366,18884.541885
367,18905.399614
368,18828.082050
369,18752.924586
370,18715.353846
371,18835.638213
372,18867.361036
373,18907.319419
374,18902.300190
375,18688.753996
376,18786.606316
377,18927.943320
378,18828.959303
379,18943.399840
380,18748.494336
381,18765.371968
382,18820.134509
383,18826.607198
384,18737.422892
385,18658.256076
386,18733.539177
387,18947.075489
388,19063.484849
389,18791.235582
390,18703.227333
391,18663.262694
392,18675.928341
393,18714.565343
394,18784.066291
395,18739.465814
396,18755.187610
397,18576.910347
398,18778.164559
399,18925.770954
400,19084.691905
401,18902.011027
402,18867.553194
403,18899.080323
404,18873.907382
405,18745.320037
406,18717.577757
407,18848.366232
408,18802.888463
409,18778.749746
410,18769.394561
411,18601.095480
412,18748.513005
413,18768.013354
414,18868.103928
415,18892.561635
416,18756.057453
417,19041.930354
418,19124.595875
419,19110.159924
420,19098.303827
421,18925.418149
422,18926.418468
423,18956.303245
424,19001.269163
425,19058.102092
426,18894.332548
427,18930.256314
428,18869.207418
429,18932.403217
430,18861.752926
431,18822.559754
432,18936.281939
433,19005.632731
434,18943.614394
435,18876.542472
436,19055.331060
437,18857.278975
438,18858.404906
439,18934.052978
440,18863.356867
441,18901.123193
442,18926.803757
443,18900.806971
444,18940.384937
445,18947.502141
446,18984.831928
447,18882.017677
448,18870.592040
449,18877.635085
450,18834.613876
451,18951.109045
452,18959.734882
453,19168.533747
454,19091.814853
455,18992.591127
456,19033.041983
457,18960.282671
458,18756.021928
459,18820.446593
460,18953.982307
461,18920.373041
462,19058.364314
463,19004.974615
464,18876.372405
465,18843.291220
466,18790.291643
467,18887.946578
468,18967.307936
469,19029.859801
470,19089.700703
471,19134.052527
472,19013.947560
473,18953.933726
474,18886.265910
475,18956.052187
476,18995.748486
477,19030.922409
478,19071.961873
479,19052.533683
480,18935.941436
481,19090.304142
482,19130.945257
483,19186.113141
484,18950.645432
485,19015.546489
486,18853.304049
487,18923.590777
488,18912.677947
489,18759.137317
490,18846.522504
491,18940.886921
492,18868.228876
493,18977.776126
494,19016.714668
495,19084.529862
496,19071.183771
497,19175.297612
498,19099.843874
499,18970.829872
