0,2690.301430
1,5334.015185
2,5844.233137
3,6232.499202
4,6479.325759
5,6675.852959
6,6778.252855
7,6964.148175
8,7047.053510
9,7159.955220
10,7412.719070
11,7458.482919
12,7604.831004
13,7545.296352
14,7622.174347
15,7737.127811
16,7859.362642
17,7960.256119
18,7970.483511
19,8029.307269
20,8118.992751
21,8147.655335
22,8212.276612
23,8260.551959
24,8401.866489
25,8455.244090
26,8373.610164
27,8625.676858
28,8667.302272
29,8786.595352
30,8749.868475
31,8801.304427
32,8823.247185
33,8933.481547
34,8989.718841
35,9028.880130
36,9040.656025
37,9137.937074
38,9035.376417
39,9158.008964
40,9304.610111
41,9208.298723
42,9310.226891
43,9326.272519
44,9399.178400
45,9525.471984
46,9448.691287
47,9406.996763
48,9475.371447
49,9498.974964
50,9603.264888
51,9537.801092
52,9654.786700
53,9772.683778
54,9635.248072
55,9626.688262
56,9664.698915
57,9690.750993
58,9831.914557
59,9784.396439
60,9789.925340
61,9834.850367
62,9935.526189
63,9801.166534
64,9820.854756
65,9920.566914
66,9974.975521
67,10053.498713
68,10151.919296
69,10189.648986
70,10210.843225
71,10147.669312
72,10293.492304
73,10086.432756
74,10146.695132
75,10114.689107
76,10135.951917
77,10328.152829
78,10314.029494
79,10356.821750
80,10431.627015
81,10399.438665
82,10402.142234
83,10467.730285
84,10615.953715
85,10518.861414
86,10479.246777
87,10600.693999
88,10542.887968
89,10351.217143
90,10529.516550
91,10720.756913
92,10741.229192
93,10607.408917
94,10481.718905
95,10781.474293
96,10805.817363
97,10790.181156
98,10730.559971
99,10786.987041
100,10862.612593
101,10955.061592
102,10661.231224
103,10792.287418
104,10847.826031
105,10771.656722
106,10947.857418
107,10921.344104
108,10894.056971
109,10968.415371
110,10972.999642
111,10965.867119
112,11077.532682
113,11002.343908
114,10928.718743
115,11015.261170
116,11074.787284
117,11110.577837
118,11189.482111
119,11290.306260
120,11265.152062
121,11349.648088
122,11310.799711
123,11464.538592
124,11331.576529
125,11280.313789
126,11281.419674
127,11227.080909
128,11365.228345
129,11470.603348
130,11581.603843
131,11351.778211
132,11501.383538
133,11483.042639
134,11561.547310
135,11406.431273
136,11483.098595
137,11575.633661
138,11477.073976
139,11628.591070
140,11648.070955
141,11791.665575
142,11716.851439
143,11886.787481
144,11734.736841
145,11808.812767
146,11665.143904
147,11664.627463
148,11610.760739
149,11834.038054
150,11721.767768
151,11876.804029
152,11871.361465
153,12006.329279
154,11904.011169
155,11994.547114
156,11851.154302
157,11849.466508
158,11952.499372
159,12063.990865
160,12002.272693
161,12126.973937
162,11938.562010
163,12017.613868
164,12061.661992
165,12112.978355
166,12033.350442
167,12052.017010
168,12052.019970
169,12058.035219
170,12057.129145
171,12138.534731
172,11957.162882
173,12242.943713
174,12139.835726
175,12162.452640
176,12170.299353
177,12162.490629
178,12279.790716
179,12318.666132
180,12243.808724
181,12457.396217
182,12350.344265
183,12342.832546
184,12263.028290
185,12212.477189
186,12322.416336
187,12348.440897
188,12445.485973
189,12354.009210
190,12203.297917
191,12273.952780
192,12346.084536
193,12329.020294
194,12377.750321
195,12418.404297
196,12463.530370
197,12329.049068
198,12372.564977
199,12432.014942
200,12464.452162
201,12576.361533
202,12430.054556
203,12527.737853
204,12409.317720
205,12572.161687
206,12432.574762
207,12495.226120
208,12556.128885
209,12601.632199
210,12585.036842
211,12458.563122
212,12323.336635
213,12633.192436
214,12632.294522
215,12522.092284
216,12738.775315
217,12730.702521
218,12444.200346
219,12633.804427
220,12522.424452
221,12604.823581
222,12585.553095
223,12508.042558
224,12667.259906
225,12646.712384
226,12724.086297
227,12758.400954
228,12822.418634
229,12638.529564
230,12641.707841
231,12705.302763
232,12790.467371
233,12759.971080
234,12721.929389
235,12721.234099
236,12695.293803
237,12824.140966
238,12768.477257
239,12815.919986
240,12884.425898
241,12862.551673
242,12790.968419
243,12799.877093
244,12793.228959
245,12950.468995
246,12800.983370
247,12844.637663
248,12697.383880
249,12913.820289
250,12887.013426
251,13079.344199
252,13070.435454
253,13009.991002
254,12956.781718
255,12994.486523
256,12922.896358
257,12959.249894
258,13016.160227
259,12959.473628
260,12812.129597
261,13001.955782
262,13032.908326
263,13053.481617
264,13283.190188
265,13027.498299
266,13004.489371
267,13137.279653
268,13123.821663
269,12987.749293
270,13073.589321
271,12953.258595
272,12971.213181
273,13038.963012
274,13006.360365
275,12960.132084
276,13157.314844
277,13120.887929
278,13143.936924
279,13100.779204
280,13120.324408
281,13243.161083
282,13140.244337
283,13154.363909
284,13085.730933
285,13278.960760
286,13169.862920
287,13224.996011
288,13226.145420
289,13077.009221
290,13172.494087
291,13354.524683
292,13125.939884
293,13175.474835
294,13249.565738
295,13227.089753
296,13245.982753
297,13287.488408
298,13531.038774
299,13260.290432
300,13298.844364
301,13290.932483
302,13322.852685
303,13321.583656
304,13327.343483
305,13287.968278
306,13425.642795
307,13273.058832
308,13267.318227
309,13283.212879
310,13293.317653
311,13426.668756
312,13385.704581
313,13375.724010
314,13227.710835
315,13463.697423
316,13479.146903
317,13401.349035
318,13346.274407
319,13398.133104
320,13621.253251
321,13499.364785
322,13562.200681
323,13470.955356
324,13585.194111
325,13556.911001
326,13515.703451
327,13393.981597
328,13485.368510
329,13511.500464
330,13268.213345
331,13308.322696
332,13550.740518
333,13595.313450
334,13396.273654
335,13333.788108
336,13357.817282
337,13456.958403
338,13665.080326
339,13525.145436
340,13264.949033
341,13362.889766
342,13425.396223
343,13561.012178
344,13577.979098
345,13279.248576
346,13426.437817
347,13602.797238
348,13701.581656
349,13610.660214
350,13616.386530
351,13509.690778
352,13610.359924
353,13535.441739
354,13613.647016
355,13552.528222
356,13638.215409
357,13394.387720
358,13681.044727
359,13648.811456
360,13609.843257
361,13708.401831
362,13496.899884
363,13619.121840
364,13556.829163
365,13599.885676
366,13552.426226
367,13604.792079
368,13613.760836
369,13701.728931
370,13790.337995
371,13618.106048
372,13427.999136
373,13735.211761
374,13643.689281
375,13533.717617
376,13618.032078
377,13665.580919
378,13532.122631
379,13698.776953
380,13730.760413
381,13577.869455
382,13562.928814
383,13605.843530
384,13801.429063
385,13616.288707
386,13643.860481
387,13879.191233
388,13776.097247
389,13810.525934
390,13695.768756
391,13616.206217
392,13774.893909
393,13626.097084
394,13729.080798
395,13747.817776
396,13663.502783
397,13648.884976
398,13599.873299
399,13607.754187
400,13421.500804
401,13582.593731
402,13617.463925
403,13799.670936
404,13670.267059
405,13721.087992
406,13650.929549
407,13689.403185
408,13586.566944
409,13717.088573
410,13614.992568
411,13737.228073
412,13757.696293
413,13853.279251
414,13823.189991
415,13827.594960
416,13824.481921
417,13774.292129
418,13739.213187
419,13655.490684
420,13630.107707
421,13546.826969
422,13528.778919
423,13596.694539
424,13820.161747
425,13765.542068
426,13794.678246
427,13931.947305
428,13762.100316
429,13955.858156
430,13779.694803
431,13751.594623
432,13723.255239
433,13890.536902
434,13807.717698
435,13843.117521
436,13723.011554
437,13902.896991
438,13861.526876
439,13771.135892
440,13884.223838
441,13651.556754
442,13916.243335
443,13662.588260
444,13821.112958
445,13615.642494
446,13823.716304
447,14002.174542
448,13926.046378
449,13942.933141
450,13705.263843
451,13687.113410
452,13648.855101
453,13872.876828
454,13954.655519
455,13939.187705
456,13962.577673
457,14017.088527
458,13879.382056
459,13728.432838
460,13745.562089
461,14001.072144
462,13976.244007
463,13767.065330
464,13753.033313
465,13816.969731
466,13776.481276
467,13770.605716
468,13840.029353
469,13747.892194
470,13688.255654
471,13739.508849
472,13830.769669
473,13951.758366
474,13723.859969
475,13654.604650
476,13985.373988
477,13883.516032
478,14092.499583
479,13884.702299
480,13838.160087
481,13831.784805
482,14157.163464
483,13925.214721
484,13816.039698
485,13909.433590
486,13897.219827
487,13984.027249
488,13955.543305
489,13928.039586
490,14069.403873
491,14016.098653
492,13880.838599
493,13966.984629
494,13816.745754
495,13790.057979
496,13725.350855
497,13846.515598
498,13840.435377
499,13909.868777
