0,2731.503562
1,3234.805241
2,3537.053833
3,3732.825494
4,3916.477463
5,4106.346399
6,4276.526176
7,4440.278898
8,4620.691447
9,4814.780184
10,4984.936448
11,5154.803605
12,5288.129813
13,5477.836541
14,5603.435720
15,5776.732073
16,5933.334426
17,6052.783577
18,6180.861633
19,6272.246761
20,6401.989905
21,6484.798521
22,6596.276259
23,6675.855914
24,6750.858937
25,6823.346846
26,6926.724408
27,7000.527995
28,7077.243209
29,7173.422702
30,7243.376552
31,7295.743638
32,7372.685086
33,7432.100587
34,7498.160323
35,7545.930437
36,7586.746975
37,7653.136014
38,7693.717304
39,7755.026707
40,7784.428761
41,7822.530210
42,7861.863186
43,7872.977074
44,7899.716674
45,7939.100235
46,7969.124688
47,8014.473215
48,8048.139932
49,8070.045853
50,8108.393843
51,8136.869993
52,8173.395826
53,8189.097698
54,8222.342528
55,8261.986696
56,8276.140937
57,8297.103219
58,8335.815421
59,8356.288356
60,8380.251328
61,8407.359540
62,8434.755588
63,8456.738160
64,8478.274370
65,8494.626250
66,8515.272384
67,8525.902063
68,8536.494849
69,8541.749500
70,8554.926040
71,8565.085915
72,8577.380405
73,8585.724496
74,8588.473937
75,8593.732970
76,8601.148553
77,8615.530928
78,8625.158565
79,8634.469897
80,8638.793094
81,8646.414689
82,8654.718938
83,8661.911447
84,8671.810884
85,8676.003489
86,8680.548168
87,8688.349387
88,8698.634445
89,8709.586788
90,8714.475668
91,8720.936545
92,8727.468654
93,8734.157981
94,8736.635245
95,8744.811708
96,8747.883407
97,8761.076355
98,8766.372618
99,8771.597919
100,8774.764741
101,8778.585764
102,8785.097033
103,8791.837084
104,8796.758463
105,8802.352673
106,8807.312312
107,8812.878656
108,8818.460537
109,8820.025301
110,8822.826970
111,8827.364490
112,8830.947477
113,8832.168654
114,8834.214459
115,8835.960949
116,8839.529575
117,8844.165287
118,8850.601867
119,8856.907258
120,8859.216337
121,8861.417563
122,8865.698378
123,8866.491300
124,8869.082823
125,8870.620704
126,8871.872764
127,8872.200813
128,8874.973694
129,8878.206967
130,8879.785811
131,8883.820705
132,8885.476348
133,8888.279166
134,8889.447665
135,8892.164921
136,8892.480723
137,8893.791769
138,8896.936824
139,8899.731023
140,8902.488052
141,8904.172201
142,8906.193570
143,8908.614428
144,8912.011183
145,8914.371868
146,8916.629212
147,8919.318531
148,8921.862378
149,8922.350116
150,8924.242189
151,8925.297816
152,8926.858856
153,8928.564081
154,8929.465533
155,8930.500126
156,8931.767768
157,8933.363902
158,8934.656698
159,8934.656698
160,8936.690641
161,8937.899382
162,8939.146278
163,8942.026133
164,8942.648698
165,8943.675379
166,8944.325867
167,8946.626460
168,8947.535714
169,8949.892035
170,8951.575005
171,8952.316880
172,8953.456820
173,8956.140761
174,8958.140293
175,8960.760646
176,8962.580888
177,8963.631355
178,8966.513009
179,8968.899918
180,8972.184238
181,8973.641903
182,8974.803338
183,8975.406814
184,8976.086443
185,8979.316427
186,8979.387603
187,8980.644846
188,8981.545113
189,8982.624214
190,8984.343064
191,8985.108400
192,8985.252243
193,8985.704400
194,8986.669189
195,8986.899937
196,8988.283891
197,8989.938487
198,8991.422506
199,8992.478378
200,8993.380818
201,8995.601178
202,8996.616870
203,8996.664856
204,8998.060833
205,9000.538139
206,9002.183105
207,9004.145453
208,9006.027935
209,9009.390308
210,9011.343122
211,9014.043026
212,9016.127400
213,9017.371405
214,9019.096602
215,9023.183671
216,9024.012791
217,9026.645079
218,9027.633718
219,9030.545622
220,9031.343181
221,9032.145528
222,9034.628190
223,9034.652500
224,9037.230976
225,9038.957949
226,9040.534549
227,9041.225947
228,9044.573665
229,9046.437747
230,9048.939658
231,9051.682578
232,9052.884091
233,9055.785179
234,9056.734537
235,9058.344283
236,9060.667934
237,9061.769939
238,9063.268502
239,9064.420327
240,9065.265164
241,9065.720857
242,9067.196509
243,9069.552942
244,9071.079155
245,9073.025306
246,9074.029469
247,9074.751031
248,9075.562607
249,9077.734362
250,9079.489499
251,9081.238352
252,9081.819984
253,9083.567368
254,9085.878181
255,9087.113724
256,9088.970543
257,9089.793335
258,9090.409160
259,9091.406903
260,9092.171111
261,9093.024742
262,9093.663408
263,9094.268797
264,9095.967186
265,9096.736470
266,9098.317024
267,9099.270659
268,9099.270659
269,9101.423603
270,9102.020984
271,9103.384352
272,9104.034916
273,9105.535611
274,9106.025150
275,9106.684346
276,9107.563804
277,9108.200910
278,9110.107700
279,9110.883547
280,9112.548899
281,9112.572644
282,9112.776768
283,9113.637592
284,9114.533458
285,9115.211079
286,9116.658985
287,9116.949112
288,9118.159293
289,9119.521899
290,9121.384661
291,9123.779276
292,9124.932789
293,9126.986312
294,9128.685502
295,9129.510528
296,9131.215073
297,9132.196248
298,9133.356278
299,9134.629919
300,9135.338595
301,9135.925991
302,9137.981583
303,9138.993692
304,9140.210417
305,9141.780871
306,9142.949766
307,9143.570495
308,9145.486559
309,9146.103058
310,9147.181129
311,9148.062044
312,9148.183408
313,9149.836744
314,9152.307527
315,9153.217609
316,9156.019934
317,9157.294555
318,9157.882149
319,9158.685836
320,9159.486535
321,9160.192372
322,9162.170465
323,9162.251392
324,9163.569468
325,9164.539191
326,9164.987251
327,9165.479933
328,9166.522088
329,9169.137596
330,9170.038832
331,9170.127305
332,9171.822524
333,9172.077150
334,9172.986255
335,9173.918992
336,9174.688668
337,9175.063679
338,9176.334010
339,9177.301319
340,9177.792579
341,9178.173843
342,9178.340359
343,9178.596816
344,9179.280244
345,9180.138184
346,9182.124242
347,9182.747685
348,9183.959164
349,9185.186204
350,9186.507569
351,9187.079380
352,9188.615773
353,9189.549715
354,9190.415124
355,9191.275184
356,9191.854755
357,9192.266319
358,9192.953723
359,9193.569479
360,9194.139094
361,9195.279069
362,9196.460831
363,9198.244670
364,9198.412124
365,9198.728663
366,9199.228088
367,9199.603012
368,9199.645451
369,9199.967647
370,9200.640716
371,9201.349358
372,9201.377727
373,9201.663855
374,9201.769813
375,9202.287908
376,9202.674354
377,9203.823982
378,9205.382560
379,9205.382560
380,9205.842993
381,9206.528355
382,9207.183520
383,9207.206023
384,9207.693866
385,9207.962777
386,9208.404892
387,9208.791465
388,9209.422683
389,9209.702223
390,9210.357091
391,9210.477715
392,9211.136944
393,9211.240225
394,9212.260682
395,9213.142166
396,9213.435806
397,9214.541194
398,9215.041395
399,9216.062741
400,9216.646989
401,9216.646989
402,9216.646989
403,9217.178573
404,9217.201114
405,9218.155061
406,9219.264216
407,9220.005074
408,9220.845808
409,9220.952362
410,9220.952362
411,9222.141877
412,9223.256170
413,9224.061342
414,9224.404032
415,9224.915188
416,9225.720360
417,9226.915941
418,9227.376087
419,9227.443487
420,9228.316058
421,9229.482646
422,9230.164670
423,9230.948780
424,9231.293806
425,9231.311149
426,9231.311149
427,9231.656176
428,9231.846723
429,9232.001202
430,9232.780735
431,9233.352378
432,9233.697404
433,9233.905295
434,9234.303733
435,9234.875375
436,9235.447018
437,9235.828113
438,9236.226551
439,9237.143220
440,9237.696137
441,9238.422258
442,9238.992518
443,9239.390956
444,9239.962599
445,9240.652651
446,9241.432185
447,9242.366197
448,9242.747292
449,9242.937839
450,9243.473413
451,9243.993026
452,9244.786909
453,9245.306522
454,9246.309679
455,9246.583950
456,9247.724242
457,9248.171717
458,9248.518125
459,9249.102736
460,9249.723416
461,9249.896620
462,9249.932689
463,9250.185170
464,9250.293376
465,9250.329445
466,9250.545857
467,9250.581926
468,9250.726201
469,9250.762270
470,9250.942613
471,9250.978682
472,9250.978682
473,9251.159026
474,9251.339370
475,9251.447576
476,9251.663988
477,9251.844332
478,9252.024676
479,9252.060744
480,9252.060744
481,9252.060744
482,9252.060744
483,9252.060744
484,9252.060744
485,9252.060744
486,9252.060744
487,9252.060744
488,9252.060744
489,9252.060744
490,9252.060744
491,9252.060744
492,9252.060744
493,9252.060744
494,9252.060744
495,9252.060744
496,9252.060744
497,9252.060744
498,9252.060744
499,9252.060744
