0,2762.556122
1,5533.113837
2,6100.119211
3,6522.496930
4,6836.811360
5,7237.286451
6,7518.834587
7,7807.054729
8,8171.474860
9,8417.618374
10,8684.458369
11,8920.709657
12,9152.908218
13,9392.961979
14,9499.976464
15,9764.421776
16,9940.279370
17,10334.290685
18,10366.852196
19,10587.512306
20,10607.479101
21,10836.162842
22,11007.054169
23,11244.278214
24,11183.239792
25,11254.577792
26,11538.643976
27,11727.377628
28,11918.791549
29,11987.037756
30,12050.160518
31,12249.921009
32,12473.451213
33,12591.709249
34,12512.520063
35,12632.201830
36,12641.030982
37,12871.094322
38,13017.235652
39,13122.998531
40,13010.407255
41,13133.949489
42,13235.673775
43,13398.988762
44,13538.277926
45,13608.244809
46,13825.310336
47,13808.004052
48,13923.686292
49,14070.179108
50,14149.882977
51,14307.657525
52,14380.079407
53,14488.974427
54,14712.099893
55,14711.814221
56,14731.504436
57,14753.510932
58,14939.998198
59,14837.747959
60,14721.198816
61,15067.004656
62,15363.103323
63,15562.117284
64,15375.968818
65,15366.269426
66,15481.970313
67,15529.550465
68,15350.812126
69,15530.487463
70,15577.722385
71,15588.874993
72,15496.494338
73,15791.405559
74,15817.751128
75,15750.231436
76,15664.710560
77,15953.952292
78,15757.422742
79,15821.412669
80,16009.399578
81,16034.829836
82,15796.171932
83,15845.896407
84,15917.854564
85,15925.469985
86,16110.354463
87,15959.491448
88,15821.408446
89,15877.329489
90,15961.385284
91,15719.301811
92,15825.066435
93,15803.333958
94,15682.307193
95,15861.993541
96,15950.713125
97,15937.466140
98,15867.523956
99,15969.367976
100,15977.138557
101,16066.594427
102,16108.704744
103,16059.496438
104,16085.765241
105,16185.633234
106,16098.990374
107,15904.699699
108,16054.435990
109,16287.271706
110,15962.324260
111,16216.990174
112,16146.092678
113,16077.241098
114,16074.459101
115,16110.710560
116,16069.785516
117,15956.377650
118,16248.274614
119,15917.062806
120,16049.812859
121,16092.217747
122,16093.679621
123,16253.907920
124,16147.722646
125,16165.043560
126,16200.367987
127,16142.353896
128,16018.117642
129,15931.132370
130,16057.654669
131,15888.696663
132,16001.337283
133,16149.773179
134,16260.754799
135,16168.908732
136,15989.162687
137,16369.169779
138,16516.611677
139,16283.343114
140,16525.251507
141,16409.811670
142,16475.888240
143,16492.351984
144,16612.218693
145,16491.100886
146,16620.962224
147,16649.246784
148,16476.903181
149,16222.170668
150,16255.833601
151,16236.316221
152,16331.051514
153,16269.226453
154,16337.406164
155,16452.757880
156,16383.291471
157,16406.782672
158,16615.107582
159,16443.235694
160,16460.115089
161,16718.086184
162,16747.534998
163,16779.219846
164,16791.097538
165,16715.853830
166,16686.722899
167,16451.255999
168,16300.828240
169,16532.402337
170,16467.096697
171,16434.425220
172,16551.406173
173,16435.439274
174,16523.550424
175,16560.912101
176,16803.144999
177,16757.565235
178,16660.421189
179,16688.349562
180,16796.442736
181,16606.090069
182,16446.814184
183,16605.936554
184,16636.708225
185,16588.250852
186,16689.964826
187,16652.608423
188,16644.965879
189,16648.317458
190,16729.773418
191,16896.891526
192,16454.954355
193,16740.128988
194,16560.391434
195,16508.239106
196,16637.248910
197,16733.269856
198,16577.164113
199,16717.601054
200,16956.834397
201,16911.512644
202,17015.786440
203,16822.015090
204,16992.843076
205,17037.692349
206,16895.851913
207,16663.614833
208,16734.006772
209,16809.066858
210,16655.388681
211,17066.958896
212,16886.560552
213,16868.432009
214,16882.821007
215,16707.971827
216,16858.006646
217,16767.657040
218,16674.266585
219,16808.590131
220,16871.218488
221,17056.449417
222,16944.498554
223,16699.043910
224,16743.535983
225,16750.215398
226,16996.641569
227,16752.321056
228,16747.887381
229,16723.849115
230,16816.138785
231,17035.319772
232,17116.563173
233,16916.333272
234,16850.990777
235,16572.375236
236,16979.059899
237,16816.907938
238,16939.572770
239,16904.653616
240,16968.763891
241,16849.368277
242,17094.834006
243,17220.616719
244,17010.328398
245,16762.815944
246,16897.027006
247,17159.010532
248,16762.365912
249,16685.503978
250,16605.039343
251,16647.832516
252,17030.534043
253,16883.963248
254,16906.492477
255,16701.162721
256,16543.387098
257,16726.447812
258,16748.375025
259,16960.229770
260,16724.940371
261,16937.825288
262,17010.822771
263,16861.571123
264,16696.809363
265,16936.015575
266,16753.350461
267,16841.014439
268,16816.472253
269,16940.230263
270,16709.603396
271,16952.716790
272,16834.573625
273,17088.989353
274,17173.449789
275,16875.518920
276,16930.230947
277,16831.538144
278,16949.426059
279,16851.347674
280,16519.209363
281,16800.433970
282,16980.861761
283,16991.808036
284,16910.470549
285,16911.081102
286,16934.304608
287,16788.766894
288,16818.853463
289,16678.174866
290,16779.675843
291,16797.775856
292,16914.001596
293,17019.802523
294,16800.312942
295,16936.236841
296,17197.315024
297,17064.042963
298,16955.003734
299,16814.622834
300,17164.995742
301,17016.771465
302,16816.988208
303,16708.782041
304,16900.898333
305,16891.720004
306,17194.703423
307,16936.343916
308,16597.480885
309,16937.942072
310,16833.445761
311,17145.623900
312,17112.949646
313,16881.296801
314,17021.857234
315,16922.051998
316,16933.137025
317,17148.407141
318,17181.570387
319,16991.099415
320,16992.426249
321,16646.497442
322,16700.291481
323,16812.894121
324,16791.237991
325,16757.469092
326,16860.474770
327,16604.582839
328,16584.098030
329,16501.281083
330,16755.995562
331,17042.526350
332,17066.825590
333,17039.602687
334,16991.413774
335,16891.446178
336,17027.765191
337,17120.142651
338,16887.582061
339,17010.169101
340,17181.672842
341,16675.672821
342,16700.394530
343,16662.501419
344,16834.928521
345,16699.329178
346,16840.791411
347,16912.548750
348,16877.707329
349,16624.658017
350,16897.133367
351,17098.648654
352,16848.507634
353,16880.597268
354,16896.494574
355,17083.113511
356,17007.079293
357,16949.075967
358,16738.739397
359,16829.482657
360,16785.014822
361,17042.285128
362,16968.902026
363,16997.465645
364,16943.568374
365,17060.969386
366,17176.215766
367,17035.759714
368,16944.577963
369,16625.243321
370,16586.302870
371,16707.024259
372,16630.270317
373,16879.452956
374,16858.316515
375,16674.976417
376,16850.359629
377,16736.355663
378,16821.154352
379,17002.768604
380,17046.974009
381,16862.839799
382,17173.625735
383,16987.887630
384,17008.224669
385,17071.624829
386,17036.748805
387,16946.174154
388,17018.867675
389,17223.704597
390,16898.570771
391,16812.016214
392,17176.346635
393,17068.729936
394,17037.159034
395,17088.790641
396,17017.314683
397,16688.733446
398,17070.935211
399,16975.901994
400,17083.404924
401,16942.688711
402,17006.672882
403,16927.778090
404,17003.183013
405,17040.272550
406,16645.372023
407,16808.170149
408,16916.923307
409,16865.142231
410,16796.055430
411,16733.804797
412,16921.150543
413,17118.694000
414,17100.072798
415,17040.180186
416,17048.236835
417,17148.810786
418,17199.212913
419,16813.320308
420,16993.962560
421,16864.179381
422,16824.587011
423,16964.089757
424,16981.153115
425,16761.257898
426,16938.882429
427,17062.773208
428,17040.432759
429,17090.581413
430,17180.948812
431,16859.823833
432,17000.902538
433,17012.745504
434,16789.031009
435,17052.375840
436,16799.540050
437,17217.208049
438,17191.271281
439,17031.517426
440,16913.158516
441,16803.162456
442,17013.248851
443,17094.778303
444,17173.286048
445,17084.072540
446,17132.063818
447,17257.739373
448,17385.140923
449,17188.420871
450,17103.847812
451,17259.834479
452,17127.924172
453,17312.457209
454,17112.315428
455,16995.042784
456,17116.682820
457,17004.394212
458,17069.464336
459,17080.116511
460,17031.460776
461,16911.355467
462,16779.530933
463,16632.385056
464,16734.438046
465,16956.697679
466,17257.790693
467,17180.522460
468,17010.888083
469,16971.311405
470,17016.257824
471,17411.660507
472,17292.695393
473,17184.004125
474,16729.893724
475,16946.476743
476,17194.419560
477,17408.875308
478,17120.068670
479,17170.624919
480,16921.776933
481,17314.564590
482,17246.917688
483,17169.034255
484,17321.443018
485,17346.901765
486,17378.343764
487,17400.369616
488,16999.363365
489,17114.361322
490,17310.374635
491,16970.322310
492,17055.365987
493,17148.455333
494,17119.515476
495,17535.398416
496,17199.594526
497,17261.963692
498,17289.595024
499,17247.937113
