0,2805.535575
1,5817.903073
2,6576.521962
3,7141.586281
4,7656.875500
5,8136.202388
6,8532.436147
7,9039.101220
8,9301.973654
9,9625.584527
10,10010.836648
11,10324.809824
12,10519.364717
13,10908.874294
14,11334.215796
15,11504.221234
16,11746.228036
17,12105.119763
18,12402.501016
19,12467.200182
20,12803.228738
21,12934.167129
22,13380.051898
23,13386.349588
24,13570.218538
25,13929.941192
26,14136.714029
27,14096.004567
28,14208.593458
29,14515.534776
30,14653.891773
31,14953.376162
32,15083.427505
33,15048.424437
34,15259.127737
35,15346.331926
36,15232.949984
37,15368.519639
38,15863.218225
39,15986.033022
40,15581.143850
41,15810.177313
42,15940.951780
43,15582.190012
44,15818.632295
45,16030.395325
46,15943.502013
47,15669.414908
48,15312.221079
49,15509.004966
50,15384.005554
51,15699.269197
52,15393.521972
53,15599.965493
54,15762.450655
55,15843.906598
56,15693.592042
57,15696.770186
58,16017.909410
59,16095.961583
60,16244.180718
61,16205.987063
62,16151.398435
63,16386.057109
64,16330.940630
65,16693.541351
66,16438.530979
67,16405.815797
68,16685.629489
69,16851.643102
70,16794.752153
71,16609.939840
72,16738.947574
73,16951.114181
74,16752.944563
75,16912.521898
76,16874.971675
77,16813.665570
78,16600.826457
79,16571.800385
80,16626.302015
81,16684.821512
82,16844.733280
83,16593.242565
84,17000.890413
85,17004.967054
86,17077.593669
87,17008.706787
88,17047.450663
89,17272.221836
90,17671.197491
91,17640.262520
92,17756.174618
93,17771.905360
94,17667.378058
95,17653.717174
96,17332.684544
97,17484.747098
98,17617.818195
99,17667.850850
100,17410.120969
101,17740.741356
102,17607.904297
103,17415.372794
104,17706.843414
105,17563.930972
106,17757.651766
107,17715.595916
108,17883.122713
109,17831.998527
110,17710.290021
111,17403.936439
112,17683.883672
113,17641.237545
114,17836.696604
115,17633.259192
116,17990.420940
117,17811.417214
118,17703.305940
119,17696.114229
120,17903.631509
121,17505.021813
122,17371.063266
123,17274.493906
124,17234.055028
125,17574.998116
126,17554.382797
127,17460.703407
128,17432.146048
129,17445.332682
130,17610.353784
131,17478.479379
132,17745.432708
133,17465.168030
134,17546.032560
135,17691.470823
136,17696.374858
137,17559.138071
138,17633.892045
139,17243.152459
140,17795.828928
141,17799.322396
142,17662.199589
143,17490.244058
144,17565.582087
145,17335.466821
146,17554.785242
147,17612.196008
148,17465.091332
149,17358.941150
150,17124.473333
151,17453.518087
152,17052.862145
153,17331.427606
154,17413.266665
155,17440.919461
156,17570.743479
157,17765.519282
158,17789.579804
159,17393.058440
160,17504.869833
161,17754.406123
162,17385.720268
163,17444.247916
164,17788.302001
165,17700.871727
166,17509.553488
167,17275.415738
168,17239.352190
169,17237.385304
170,17441.265208
171,17493.421598
172,17436.270184
173,17763.952577
174,17762.026506
175,17720.315643
176,17734.909096
177,17935.354842
178,17972.508557
179,17652.619094
180,17703.829889
181,17866.018441
182,17807.187578
183,17709.428640
184,17524.080051
185,17502.256132
186,17630.326528
187,17344.833226
188,17404.241543
189,17853.832831
190,17675.885706
191,17656.502444
192,17928.249310
193,17582.610352
194,17617.197162
195,17955.550981
196,17707.922389
197,17496.328616
198,17697.099892
199,17681.761368
200,17746.034443
201,17905.474160
202,17719.221116
203,17935.690439
204,17557.332072
205,17499.357090
206,17608.429114
207,17815.150170
208,17708.996993
209,17749.316606
210,17752.530895
211,17820.734207
212,17647.290537
213,17506.571770
214,17548.436669
215,17595.813478
216,17462.963711
217,17726.558551
218,17632.249747
219,17726.874578
220,17514.267469
221,17568.426701
222,17648.252499
223,17699.456900
224,17504.764043
225,17315.786129
226,17302.464881
227,17509.913511
228,17829.900940
229,17471.268417
230,17715.639910
231,17762.671394
232,17808.701311
233,17713.597078
234,17586.596911
235,17405.506174
236,17338.864048
237,17263.782468
238,17456.324724
239,17612.730126
240,17541.387193
241,17442.375479
242,17599.797980
243,17737.457460
244,17346.323896
245,17572.577065
246,17663.550035
247,17478.559756
248,17363.442251
249,17278.708789
250,17738.737441
251,17708.245030
252,17316.103046
253,17527.387558
254,17579.614975
255,17585.450226
256,17610.873931
257,17571.452986
258,18078.859920
259,17682.664232
260,17390.698481
261,17645.527733
262,17855.363611
263,17931.682935
264,17863.990318
265,17807.130897
266,17734.036057
267,17624.003094
268,17630.593877
269,17751.674679
270,17851.206067
271,17761.007630
272,17381.434771
273,17581.486206
274,18049.071664
275,17976.413632
276,17640.873169
277,17636.247818
278,17758.817673
279,18074.952890
280,17522.900894
281,17868.810147
282,18026.673242
283,18018.009323
284,17744.882349
285,17654.550089
286,17960.085626
287,17803.005139
288,17683.744729
289,17732.995860
290,17530.958437
291,17559.529797
292,17878.279518
293,17744.145902
294,17512.630168
295,17659.954288
296,17834.554924
297,17494.918363
298,17468.804373
299,17828.699124
300,17537.799115
301,17370.224407
302,17571.299866
303,17514.905222
304,17833.172530
305,17508.908159
306,17642.938844
307,17957.047026
308,18214.424410
309,18004.673869
310,17928.733507
311,17701.154184
312,17578.036336
313,17524.236396
314,17624.051824
315,17796.904947
316,17849.922903
317,17790.963952
318,17879.784226
319,18018.520789
320,17839.205483
321,17939.737856
322,17773.905897
323,17653.200182
324,17539.183318
325,17763.883052
326,17808.166158
327,17702.603924
328,17734.481844
329,17711.626632
330,17576.835664
331,17523.352829
332,17918.857111
333,17756.457366
334,17631.247827
335,17521.659048
336,17446.030161
337,17529.677986
338,17540.319540
339,17622.468679
340,17433.392602
341,17526.903756
342,17642.155192
343,17690.095004
344,17722.281701
345,17577.749480
346,17551.760343
347,17716.077723
348,17722.695240
349,17861.694421
350,17692.187585
351,17682.608351
352,17853.344664
353,17888.259252
354,17794.161827
355,17565.011143
356,17795.654488
357,17884.898315
358,17801.536637
359,17559.665457
360,17692.269632
361,17852.239378
362,17654.434521
363,17533.228982
364,17957.481114
365,17762.731744
366,17855.358431
367,17887.057520
368,17802.456525
369,17983.625987
370,17795.445868
371,17515.413024
372,17560.621700
373,17539.681530
374,17265.225892
375,17262.626532
376,17704.765178
377,17391.863126
378,17507.248573
379,17508.455255
380,17544.636369
381,17517.796356
382,17760.254674
383,17450.737082
384,17597.583093
385,17578.213809
386,17685.189933
387,17648.259823
388,17615.966938
389,17698.179524
390,17745.560912
391,18054.218372
392,17964.174109
393,17853.140003
394,17773.281112
395,17594.381011
396,17479.068526
397,17677.229302
398,17743.872881
399,17533.448466
400,17619.544306
401,17748.406344
402,17785.160123
403,17624.945386
404,17417.966490
405,17463.621702
406,17951.494246
407,17601.465050
408,17911.983116
409,17674.949119
410,17743.932441
411,17834.756996
412,17933.811323
413,17631.159092
414,17516.544261
415,17450.169151
416,17723.431201
417,17587.026748
418,17760.594193
419,17800.037730
420,17601.926820
421,17623.944050
422,17816.598170
423,17524.151833
424,17377.234579
425,17808.357994
426,17752.630198
427,17827.827564
428,17955.005756
429,18011.186047
430,17944.723060
431,17461.807490
432,17483.523127
433,17778.391449
434,17489.142424
435,17737.881456
436,17636.723644
437,17530.679340
438,17629.325501
439,17410.631068
440,17857.607127
441,17989.686646
442,17770.617522
443,17569.877815
444,17668.747013
445,17858.884660
446,17820.269932
447,17848.525651
448,17693.563407
449,17498.097591
450,17512.967605
451,17572.179201
452,17824.513323
453,17444.425919
454,17880.363495
455,17891.792698
456,17734.541490
457,17517.312409
458,17488.527893
459,17651.910524
460,17572.646838
461,17866.413284
462,18049.971810
463,17922.784667
464,18024.023534
465,17867.711420
466,17504.219463
467,17611.251095
468,17630.255179
469,17532.990114
470,17815.337648
471,17756.671449
472,17596.800094
473,17514.969133
474,17952.320090
475,17825.329817
476,17511.015939
477,17740.813260
478,17656.701375
479,17347.925566
480,17643.191926
481,17715.679514
482,17428.022411
483,17961.909353
484,17788.291596
485,17858.849330
486,17690.019829
487,17976.025809
488,17560.858803
489,17410.597172
490,17842.077902
491,17816.433442
492,17752.554345
493,17863.913537
494,17866.108426
495,17700.140917
496,17734.345630
497,18087.721732
498,17606.400339
499,17441.567554
