0,2831.031340
1,3230.877795
2,3540.828524
3,3778.942406
4,4010.021939
5,4259.822935
6,4511.128653
7,4804.415588
8,5026.965781
9,5236.359656
10,5473.341640
11,5654.461842
12,5845.987929
13,5994.686547
14,6111.839616
15,6193.328980
16,6294.843059
17,6435.163832
18,6505.792834
19,6606.114153
20,6710.058427
21,6764.833829
22,6800.601293
23,6848.604191
24,6912.651613
25,6980.640996
26,7000.640858
27,7058.002870
28,7131.569327
29,7168.425104
30,7321.525122
31,7374.546126
32,7399.622998
33,7421.826926
34,7448.770970
35,7510.136801
36,7512.863721
37,7563.906270
38,7646.305707
39,7607.794035
40,7671.852461
41,7691.789015
42,7712.019656
43,7724.111065
44,7704.690553
45,7747.006405
46,7768.195062
47,7778.323718
48,7773.857472
49,7779.158292
50,7765.120880
51,7772.952019
52,7775.683065
53,7745.257455
54,7765.476582
55,7791.482927
56,7737.129222
57,7765.904276
58,7779.124788
59,7771.570901
60,7786.190350
61,7746.205262
62,7754.362508
63,7791.794286
64,7764.725638
65,7768.101153
66,7766.732905
67,7793.255413
68,7753.951736
69,7785.747885
70,7823.948172
71,7859.130511
72,7885.876588
73,7888.823738
74,7956.006821
75,7934.936030
76,8026.521061
77,8128.495233
78,8154.150706
79,8130.799171
80,8203.551795
81,8185.418827
82,8208.242464
83,8156.073399
84,8161.154216
85,8173.077942
86,8181.385988
87,8188.029860
88,8223.397261
89,8206.340266
90,8163.219347
91,8179.821844
92,8251.443743
93,8238.402340
94,8234.843418
95,8268.924074
96,8264.455467
97,8260.615158
98,8280.884870
99,8289.673171
100,8345.608393
101,8477.186407
102,8646.540284
103,8813.342005
104,8946.854957
105,8998.036718
106,9077.315515
107,9126.790230
108,9161.540776
109,9198.933991
110,9171.777139
111,9218.744873
112,9228.069733
113,9288.199835
114,9206.384690
115,9234.801058
116,9223.409469
117,9241.161868
118,9187.415661
119,9219.622927
120,9218.570122
121,9189.562278
122,9180.222537
123,9189.676205
124,9206.153857
125,9261.439989
126,9242.120303
127,9235.279339
128,9181.857522
129,9175.703680
130,9233.023916
131,9241.016136
132,9251.218764
133,9232.378206
134,9267.214753
135,9282.097409
136,9268.566465
137,9278.842257
138,9258.196381
139,9248.416041
140,9300.155380
141,9301.048036
142,9260.737311
143,9257.849274
144,9201.947328
145,9271.567367
146,9235.488079
147,9284.967494
148,9281.417746
149,9296.811686
150,9278.984997
151,9242.901489
152,9240.037659
153,9262.606019
154,9293.921045
155,9240.506183
156,9277.191421
157,9252.314982
158,9236.996706
159,9291.185619
160,9298.795125
161,9271.238968
162,9236.073086
163,9236.602656
164,9244.052044
165,9263.533970
166,9200.370865
167,9188.898227
168,9255.542017
169,9251.047723
170,9272.013095
171,9284.011332
172,9232.113976
173,9271.012730
174,9305.502826
175,9279.517114
176,9230.304293
177,9240.248878
178,9301.245359
179,9310.715952
180,9279.791996
181,9232.294753
182,9275.534957
183,9276.456956
184,9239.117571
185,9226.026159
186,9169.366123
187,9257.339511
188,9249.909299
189,9252.354861
190,9283.902934
191,9308.575682
192,9278.976154
193,9288.385459
194,9247.263478
195,9256.557793
196,9293.841038
197,9264.563772
198,9259.577794
199,9228.299670
200,9229.297593
201,9249.323010
202,9276.983333
203,9252.254853
204,9237.537749
205,9261.357916
206,9214.246615
207,9237.918080
208,9256.528120
209,9270.808434
210,9233.994878
211,9238.247648
212,9235.137648
213,9237.339298
214,9297.266011
215,9249.246292
216,9257.687338
217,9218.346306
218,9209.191902
219,9283.105987
220,9279.058032
221,9258.769684
222,9286.462371
223,9262.461294
224,9244.633635
225,9260.654062
226,9257.802267
227,9283.860904
228,9318.500230
229,9308.021774
230,9328.126773
231,9307.515167
232,9331.925698
233,9322.449576
234,9300.083344
235,9295.796676
236,9320.143746
237,9321.155228
238,9271.253160
239,9279.319014
240,9272.111251
241,9291.273591
242,9318.324881
243,9341.057794
244,9277.394683
245,9284.499402
246,9311.483873
247,9369.826978
248,9354.168149
249,9349.414978
250,9298.063688
251,9307.437636
252,9290.345292
253,9310.522589
254,9321.024221
255,9295.019099
256,9329.058618
257,9365.812332
258,9281.166937
259,9341.448271
260,9339.354629
261,9327.677706
262,9306.986722
263,9283.890722
264,9324.284010
265,9328.945778
266,9360.979526
267,9372.821932
268,9361.824881
269,9382.217203
270,9371.922776
271,9357.053533
272,9387.752562
273,9375.300658
274,9351.801871
275,9352.960959
276,9410.486184
277,9387.150040
278,9374.063286
279,9389.684495
280,9396.561994
281,9375.257306
282,9357.279273
283,9304.257374
284,9379.819631
285,9376.845640
286,9359.139062
287,9358.135793
288,9405.064912
289,9427.500676
290,9384.695263
291,9399.928762
292,9404.027716
293,9379.449352
294,9380.326570
295,9378.418131
296,9389.253175
297,9406.120354
298,9409.499571
299,9354.287376
300,9346.901811
301,9367.049596
302,9353.673913
303,9396.937907
304,9364.813208
305,9366.659853
306,9401.651856
307,9424.857865
308,9384.248310
309,9399.374803
310,9385.734575
311,9432.674769
312,9470.997754
313,9448.289207
314,9425.166372
315,9481.312272
316,9577.430195
317,9550.993721
318,9587.101511
319,9709.193889
320,9651.894621
321,9704.272249
322,9726.036395
323,9698.786663
324,9677.479321
325,9712.699609
326,9731.013466
327,9721.402011
328,9749.229147
329,9764.257740
330,9755.674898
331,9751.874766
332,9750.693953
333,9753.487262
334,9701.959329
335,9692.955328
336,9730.963673
337,9688.989424
338,9722.358671
339,9691.487484
340,9676.299781
341,9747.563688
342,9776.035999
343,9764.723132
344,9699.411792
345,9748.922027
346,9731.091508
347,9772.374449
348,9734.934320
349,9726.877806
350,9660.401570
351,9705.093249
352,9742.615283
353,9751.155406
354,9764.391171
355,9777.315719
356,9744.901056
357,9727.504931
358,9681.641903
359,9684.408109
360,9738.650660
361,9746.431311
362,9751.758703
363,9780.577704
364,9786.423367
365,9734.612729
366,9748.739901
367,9795.985860
368,9745.024092
369,9783.062051
370,9745.145012
371,9764.570078
372,9738.920978
373,9714.443186
374,9705.226947
375,9737.906962
376,9725.022121
377,9710.868659
378,9734.324169
379,9745.059906
380,9654.052151
381,9657.607694
382,9717.422530
383,9765.414245
384,9723.957774
385,9755.050387
386,9722.071828
387,9749.971856
388,9642.091964
389,9715.713627
390,9689.281122
391,9719.896107
392,9678.178613
393,9741.025256
394,9781.606089
395,9790.269219
396,9767.637263
397,9684.266307
398,9708.937166
399,9683.016401
400,9748.178714
401,9758.108616
402,9737.378058
403,9769.993813
404,9714.482570
405,9748.634449
406,9741.335160
407,9719.545888
408,9790.113687
409,9782.755003
410,9791.209101
411,9762.406639
412,9770.697708
413,9749.870218
414,9765.009614
415,9766.270563
416,9771.751057
417,9723.338746
418,9748.242688
419,9742.547963
420,9730.399239
421,9759.625923
422,9732.585288
423,9752.183911
424,9775.653130
425,9712.927066
426,9740.640835
427,9732.455931
428,9782.747486
429,9764.690623
430,9721.292503
431,9739.926968
432,9712.120282
433,9710.757759
434,9770.858543
435,9767.617642
436,9751.934442
437,9746.733667
438,9750.305895
439,9646.371812
440,9712.383775
441,9748.239307
442,9728.245664
443,9725.179480
444,9724.415152
445,9679.250853
446,9742.075583
447,9753.120222
448,9800.624366
449,9766.274682
450,9715.741822
451,9783.962477
452,9776.189846
453,9767.254157
454,9716.712033
455,9775.498828
456,9745.240496
457,9748.367493
458,9764.337900
459,9737.649006
460,9773.083524
461,9774.209245
462,9728.926750
463,9775.101906
464,9761.903197
465,9713.514340
466,9679.748761
467,9720.681927
468,9697.517067
469,9743.955967
470,9743.315207
471,9724.710000
472,9743.417127
473,9759.459208
474,9699.387178
475,9702.418273
476,9696.742988
477,9755.060335
478,9741.694757
479,9708.620274
480,9685.534253
481,9731.351346
482,9739.320291
483,9743.692031
484,9763.961718
485,9746.982951
486,9729.935069
487,9768.633334
488,9764.899996
489,9788.014785
490,9753.662647
491,9748.211578
492,9712.324824
493,9755.185251
494,9718.069103
495,9719.257789
496,9707.416340
497,9717.804136
498,9784.766064
499,9747.561142
