0,2779.630299
1,2784.910695
2,2855.246239
3,2899.001041
4,2871.495732
5,2898.196347
6,2913.903459
7,2985.461168
8,2978.767375
9,3101.048945
10,3194.258954
11,3097.813061
12,3190.667660
13,3284.011988
14,3308.852838
15,3285.115010
16,3348.821520
17,3312.737825
18,3337.283897
19,3387.639943
20,3429.636207
21,3460.612954
22,3514.489567
23,3562.442169
24,3691.306646
25,3742.943199
26,3768.684780
27,3865.816625
28,3890.875198
29,3849.501821
30,3921.397980
31,3895.749235
32,3935.020097
33,3940.690596
34,3846.435042
35,3914.154865
36,3977.308330
37,3918.241509
38,3902.565119
39,4003.114530
40,4021.061903
41,4022.781869
42,4021.555272
43,3860.158098
44,3892.572410
45,3889.998092
46,3977.390682
47,3891.941752
48,3952.091373
49,4035.953489
50,4120.642121
51,4174.598140
52,4179.880375
53,4042.881282
54,4092.385246
55,4042.376450
56,3964.597845
57,4097.761923
58,4036.235514
59,4130.262005
60,4215.048090
61,4335.771564
62,4487.835348
63,4396.909487
64,4446.319119
65,4388.506201
66,4399.342245
67,4428.044525
68,4498.659807
69,4432.092902
70,4382.541450
71,4532.142175
72,4488.072903
73,4512.861626
74,4454.727783
75,4501.801965
76,4438.359413
77,4425.146248
78,4370.202705
79,4416.245642
80,4375.531601
81,4322.159236
82,4383.221202
83,4286.403476
84,4340.504876
85,4384.661606
86,4517.703231
87,4505.101305
88,4432.548765
89,4486.580147
90,4506.051225
91,4577.504575
92,4561.007818
93,4620.426709
94,4545.889409
95,4605.044415
96,4519.127770
97,4511.445241
98,4460.160424
99,4520.957134
100,4453.254327
101,4408.627610
102,4375.334189
103,4402.321746
104,4301.409861
105,4319.543214
106,4323.018026
107,4425.163516
108,4578.286152
109,4611.482050
110,4597.644491
111,4495.235619
112,4583.028775
113,4540.509714
114,4524.480452
115,4417.409143
116,4436.662745
117,4502.934546
118,4380.441631
119,4455.865678
120,4469.302186
121,4441.787505
122,4552.486113
123,4627.376068
124,4535.364827
125,4535.155315
126,4433.218820
127,4445.035947
128,4507.651735
129,4437.858976
130,4356.587240
131,4318.677497
132,4386.186650
133,4460.051557
134,4459.877607
135,4491.753494
136,4455.597448
137,4511.241679
138,4554.968962
139,4527.473701
140,4537.797188
141,4711.903940
142,4722.859440
143,4727.161558
144,4800.383357
145,4680.388185
146,4570.167387
147,4655.148896
148,4591.068352
149,4493.280708
150,4390.219702
151,4300.178453
152,4325.541201
153,4366.822761
154,4435.846918
155,4527.876788
156,4434.484841
157,4538.638736
158,4464.428737
159,4473.216897
160,4420.807493
161,4425.323846
162,4500.266441
163,4516.732718
164,4490.362906
165,4494.404710
166,4504.384422
167,4515.842251
168,4495.038041
169,4577.792408
170,4604.978503
171,4528.739452
172,4555.318676
173,4463.667689
174,4500.207316
175,4483.101107
176,4469.104742
177,4443.850958
178,4491.730365
179,4421.318758
180,4471.814238
181,4532.262812
182,4540.226519
183,4480.717784
184,4456.896232
185,4525.132651
186,4627.924606
187,4563.857753
188,4548.508204
189,4578.604460
190,4595.848703
191,4563.212279
192,4593.591871
193,4584.372091
194,4561.718285
195,4464.313604
196,4411.076246
197,4405.771161
198,4464.117273
199,4447.443575
200,4590.457927
201,4640.838207
202,4529.017838
203,4609.462946
204,4588.358919
205,4607.528073
206,4578.246564
207,4679.076374
208,4723.861640
209,4661.475964
210,4676.992288
211,4655.546540
212,4590.201241
213,4671.270833
214,4661.775026
215,4710.540931
216,4634.842008
217,4658.049005
218,4629.158167
219,4681.132034
220,4687.483129
221,4640.823704
222,4646.674249
223,4658.370974
224,4672.131065
225,4741.902824
226,4742.125258
227,4793.240087
228,4826.048950
229,4767.727424
230,4756.649896
231,4711.077736
232,4586.033663
233,4567.255750
234,4645.155370
235,4713.168387
236,4693.859327
237,4641.054969
238,4743.557697
239,4750.292100
240,4786.894094
241,4799.120452
242,4857.546743
243,4740.593711
244,4679.225295
245,4708.265369
246,4743.519141
247,4674.165881
248,4686.231219
249,4660.149946
250,4704.561492
251,4747.802360
252,4600.558739
253,4653.496576
254,4535.222079
255,4497.684067
256,4452.428181
257,4531.083277
258,4555.103451
259,4655.531337
260,4721.673226
261,4511.884953
262,4661.656305
263,4582.456022
264,4623.632772
265,4526.879566
266,4630.782853
267,4771.687822
268,4756.147265
269,4836.618459
270,4656.436277
271,4715.425030
272,4728.185795
273,4571.360551
274,4510.671755
275,4458.944042
276,4497.598983
277,4603.872126
278,4473.475518
279,4482.746491
280,4469.119252
281,4310.291363
282,4322.189727
283,4384.987502
284,4412.459162
285,4356.771183
286,4257.766235
287,4398.277097
288,4566.212326
289,4556.974540
290,4416.327835
291,4386.196454
292,4299.469653
293,4336.149358
294,4373.989469
295,4401.357703
296,4427.026535
297,4308.096112
298,4418.706490
299,4509.583428
300,4489.167396
301,4498.358360
302,4433.978520
303,4449.666874
304,4580.717431
305,4545.019133
306,4546.810098
307,4604.091977
308,4652.713310
309,4625.859225
310,4642.413459
311,4529.729116
312,4573.297610
313,4561.340739
314,4560.294595
315,4597.458937
316,4664.818758
317,4651.136120
318,4668.530239
319,4754.697259
320,4811.166733
321,4785.251005
322,4688.946332
323,4724.847132
324,4757.691262
325,4651.611569
326,4703.729013
327,4705.630100
328,4720.949193
329,4591.122758
330,4644.050078
331,4611.984655
332,4650.882372
333,4700.760543
334,4672.011685
335,4656.413142
336,4718.141180
337,4598.886527
338,4727.647266
339,4678.689609
340,4708.681092
341,4740.505060
342,4753.822112
343,4701.761129
344,4638.355434
345,4649.372427
346,4728.809778
347,4654.020550
348,4684.608341
349,4611.259204
350,4590.686276
351,4562.073434
352,4507.151028
353,4587.280252
354,4534.106980
355,4398.168215
356,4399.057588
357,4401.777351
358,4427.769804
359,4510.159624
360,4514.695708
361,4427.667637
362,4430.481357
363,4400.277246
364,4383.451923
365,4411.436626
366,4419.343627
367,4415.073899
368,4527.484521
369,4561.850815
370,4524.570290
371,4599.941701
372,4731.047342
373,4691.098695
374,4672.936948
375,4640.081015
376,4677.300495
377,4675.446135
378,4747.064287
379,4820.015273
380,4748.564260
381,4660.349910
382,4684.873661
383,4756.383872
384,4698.447037
385,4762.831993
386,4751.560421
387,4628.201387
388,4666.813180
389,4755.096274
390,4634.058780
391,4619.509133
392,4687.601792
393,4641.455502
394,4658.546467
395,4589.482542
396,4638.320246
397,4656.745429
398,4629.894619
399,4633.942262
400,4581.298830
401,4570.757796
402,4600.910616
403,4603.016311
404,4691.227774
405,4679.510019
406,4655.212284
407,4702.606178
408,4541.181040
409,4513.577647
410,4502.097665
411,4532.593302
412,4587.750876
413,4727.811017
414,4815.872310
415,4777.764939
416,4698.126225
417,4622.858231
418,4561.152566
419,4593.803262
420,4590.776925
421,4597.369740
422,4532.537684
423,4563.151683
424,4540.006815
425,4509.659631
426,4481.116189
427,4470.620396
428,4515.505033
429,4448.845456
430,4431.305761
431,4390.406925
432,4434.514971
433,4467.790263
434,4570.905369
435,4538.851752
436,4680.513736
437,4599.918792
438,4574.512492
439,4375.814346
440,4444.012024
441,4403.522348
442,4422.022023
443,4330.668548
444,4417.517498
445,4451.428698
446,4479.117508
447,4385.960234
448,4292.845111
449,4398.172357
450,4384.528866
451,4414.987324
452,4435.435738
453,4298.334401
454,4342.641866
455,4274.273996
456,4210.959152
457,4281.321659
458,4347.043516
459,4378.427963
460,4457.567605
461,4435.586929
462,4449.053132
463,4457.480750
464,4527.051440
465,4415.725034
466,4379.224001
467,4405.401254
468,4423.851929
469,4426.907324
470,4486.476031
471,4627.319143
472,4467.261518
473,4572.016132
474,4542.147757
475,4540.925607
476,4628.765509
477,4520.104625
478,4512.721936
479,4516.237115
480,4498.759927
481,4428.289817
482,4458.376575
483,4387.750238
484,4458.452206
485,4411.781882
486,4389.652449
487,4336.025599
488,4409.765116
489,4472.770697
490,4424.491555
491,4501.538633
492,4523.058375
493,4482.499373
494,4434.770629
495,4413.839804
496,4464.566454
497,4425.040627
498,4514.184541
499,4489.497494
