0,2812.472020
1,3270.566124
2,3567.433391
3,3930.814794
4,4204.926448
5,4540.666870
6,4736.408692
7,4946.593837
8,5154.071645
9,5411.676233
10,5614.018103
11,5797.027787
12,6000.518876
13,6183.402860
14,6378.374438
15,6525.424033
16,6636.463155
17,6792.888433
18,6954.727406
19,7100.658362
20,7217.487854
21,7343.277919
22,7484.506095
23,7536.491718
24,7661.409681
25,7694.771187
26,7787.096697
27,7828.220986
28,7887.995440
29,7926.496134
30,7994.540984
31,8045.633430
32,8053.747783
33,8071.392228
34,8106.947209
35,8138.353174
36,8177.641085
37,8198.664474
38,8243.629068
39,8267.801185
40,8285.645132
41,8301.526482
42,8337.197305
43,8295.917465
44,8322.006649
45,8309.043540
46,8331.198111
47,8318.735746
48,8337.013592
49,8346.396676
50,8341.608581
51,8338.988649
52,8347.251123
53,8338.677953
54,8345.707542
55,8334.657710
56,8327.459883
57,8321.724459
58,8306.961011
59,8334.026667
60,8324.822481
61,8309.292412
62,8301.762770
63,8318.518276
64,8317.160772
65,8311.508813
66,8326.430491
67,8318.292415
68,8322.042511
69,8330.285881
70,8330.663653
71,8318.473539
72,8320.603218
73,8335.659355
74,8308.005216
75,8302.909170
76,8276.301028
77,8279.750626
78,8326.065045
79,8326.616100
80,8314.446153
81,8305.030615
82,8300.409069
83,8297.926176
84,8306.255246
85,8315.929268
86,8324.190869
87,8304.331740
88,8313.203251
89,8295.641524
90,8330.855995
91,8331.996671
92,8336.039287
93,8332.580047
94,8331.282902
95,8311.798613
96,8314.752702
97,8316.537691
98,8320.465892
99,8333.583580
100,8318.157334
101,8301.362786
102,8319.520800
103,8322.590153
104,8324.173298
105,8322.691662
106,8312.803671
107,8304.034277
108,8324.520236
109,8321.366958
110,8305.245825
111,8312.989460
112,8296.368591
113,8330.053470
114,8303.885825
115,8311.602385
116,8350.308716
117,8337.555765
118,8328.817612
119,8355.776630
120,8337.506753
121,8305.264933
122,8323.004751
123,8290.203270
124,8313.514914
125,8306.223879
126,8315.358250
127,8346.388517
128,8324.632194
129,8324.410529
130,8354.155192
131,8297.921501
132,8325.998805
133,8276.354285
134,8304.352852
135,8324.264702
136,8312.534666
137,8314.924224
138,8292.400742
139,8322.210501
140,8325.301765
141,8306.201017
142,8329.394314
143,8330.873532
144,8300.963635
145,8302.311735
146,8279.116806
147,8300.773316
148,8292.585033
149,8298.127133
150,8315.558255
151,8321.529755
152,8334.941133
153,8334.394833
154,8318.175449
155,8315.591474
156,8319.213387
157,8308.343234
158,8304.677436
159,8300.795762
160,8335.400838
161,8332.094387
162,8312.151000
163,8338.213713
164,8322.402206
165,8316.443502
166,8278.875882
167,8259.287280
168,8290.699775
169,8315.589726
170,8296.316653
171,8319.212142
172,8347.873295
173,8274.385997
174,8281.017995
175,8319.620677
176,8299.095255
177,8298.462230
178,8314.014297
179,8324.245970
180,8303.770619
181,8308.397436
182,8321.711564
183,8327.679835
184,8282.487558
185,8326.124154
186,8302.856832
187,8300.113590
188,8315.588001
189,8317.452414
190,8322.289603
191,8324.088158
192,8339.558573
193,8339.364460
194,8306.514625
195,8325.566324
196,8321.852398
197,8304.383319
198,8285.383427
199,8316.892725
200,8326.209395
201,8315.504148
202,8317.008335
203,8290.358999
204,8278.355346
205,8291.057490
206,8279.083869
207,8287.836643
208,8330.325802
209,8314.378389
210,8310.307154
211,8324.067169
212,8329.703683
213,8326.559442
214,8337.343905
215,8321.876390
216,8301.371815
217,8320.400656
218,8313.048382
219,8297.843418
220,8300.612152
221,8307.810389
222,8348.224848
223,8322.877504
224,8325.687455
225,8326.342650
226,8297.127575
227,8302.476119
228,8323.585924
229,8332.676554
230,8323.075628
231,8321.604177
232,8323.938614
233,8313.850528
234,8317.739868
235,8314.048372
236,8354.079349
237,8307.035739
238,8299.657187
239,8286.749078
240,8310.128128
241,8315.663581
242,8334.451638
243,8304.651792
244,8332.208442
245,8317.614568
246,8296.435844
247,8291.146478
248,8317.606788
249,8333.909558
250,8314.009747
251,8323.494045
252,8320.959536
253,8316.592721
254,8274.613796
255,8294.583776
256,8321.783804
257,8338.567561
258,8329.301484
259,8321.842425
260,8326.187004
261,8341.268845
262,8299.583417
263,8333.880242
264,8322.970236
265,8335.790566
266,8327.786860
267,8313.170606
268,8329.119531
269,8335.721858
270,8313.928952
271,8328.388384
272,8295.191174
273,8287.770847
274,8334.060732
275,8338.968918
276,8311.950248
277,8324.317009
278,8314.266237
279,8310.321385
280,8323.148421
281,8299.801584
282,8282.880797
283,8302.308576
284,8302.509652
285,8317.582717
286,8329.053147
287,8345.477059
288,8303.669509
289,8314.802915
290,8279.577176
291,8328.732482
292,8334.484501
293,8331.418390
294,8312.026687
295,8320.325962
296,8295.648783
297,8319.869513
298,8314.080097
299,8293.528386
300,8326.492989
301,8328.872249
302,8320.004547
303,8308.068661
304,8320.042952
305,8315.737050
306,8282.819727
307,8319.614337
308,8324.816922
309,8330.365851
310,8326.670256
311,8323.165168
312,8319.497885
313,8291.110386
314,8310.940564
315,8304.335397
316,8308.874055
317,8312.015154
318,8304.769820
319,8327.584606
320,8323.881487
321,8321.729189
322,8318.407324
323,8328.774710
324,8307.588932
325,8330.444354
326,8325.200829
327,8334.958138
328,8319.239178
329,8342.530838
330,8295.671197
331,8295.897116
332,8322.078141
333,8332.611337
334,8288.076230
335,8261.753000
336,8305.991360
337,8307.941473
338,8309.576669
339,8334.985596
340,8343.199059
341,8306.160152
342,8313.353836
343,8307.118012
344,8302.804220
345,8308.953441
346,8320.219583
347,8294.134793
348,8340.726813
349,8343.639456
350,8334.386793
351,8319.962872
352,8339.243692
353,8319.901617
354,8326.089560
355,8286.969857
356,8284.572136
357,8319.756585
358,8315.988348
359,8299.759116
360,8282.042577
361,8297.847399
362,8311.420777
363,8310.996505
364,8327.835048
365,8323.795301
366,8326.609717
367,8319.383341
368,8300.869999
369,8309.810899
370,8315.574629
371,8307.875899
372,8316.327576
373,8325.581415
374,8303.189252
375,8317.897037
376,8321.359759
377,8283.395268
378,8277.380891
379,8321.933807
380,8334.372754
381,8317.101872
382,8332.704066
383,8299.646402
384,8305.084266
385,8304.086863
386,8323.482529
387,8312.941256
388,8337.096829
389,8334.486916
390,8328.777188
391,8352.729624
392,8320.904814
393,8296.102411
394,8323.965549
395,8312.279280
396,8324.100658
397,8317.916950
398,8322.830590
399,8313.136887
400,8334.405799
401,8319.837040
402,8312.426384
403,8317.910424
404,8315.115291
405,8310.765042
406,8322.033347
407,8304.020174
408,8323.418412
409,8329.281509
410,8337.156056
411,8308.196040
412,8319.435695
413,8327.255477
414,8332.083861
415,8320.865418
416,8315.232726
417,8320.130144
418,8342.781136
419,8330.127691
420,8329.619040
421,8321.795053
422,8325.800944
423,8294.648513
424,8341.349845
425,8348.878576
426,8339.332487
427,8340.625500
428,8298.179650
429,8313.220395
430,8345.499974
431,8293.191177
432,8344.615461
433,8335.075135
434,8298.192351
435,8304.354573
436,8341.785010
437,8326.479571
438,8330.599366
439,8322.731525
440,8342.726333
441,8317.302287
442,8310.424643
443,8333.955866
444,8317.976965
445,8305.889446
446,8297.268064
447,8301.884900
448,8324.281717
449,8307.145205
450,8328.482743
451,8334.741844
452,8316.635188
453,8317.354154
454,8333.278984
455,8312.739429
456,8337.801074
457,8303.521115
458,8325.213320
459,8293.542678
460,8356.398068
461,8339.431268
462,8314.740922
463,8310.867786
464,8333.249829
465,8302.647093
466,8309.684627
467,8321.736820
468,8321.632345
469,8319.415524
470,8339.601008
471,8337.369351
472,8329.837455
473,8340.403218
474,8322.500967
475,8325.849321
476,8318.701849
477,8309.211151
478,8306.485789
479,8329.365785
480,8307.303769
481,8314.372880
482,8327.010960
483,8329.076442
484,8318.924939
485,8317.039306
486,8316.498437
487,8357.078271
488,8343.589446
489,8329.151769
490,8331.726829
491,8327.556103
492,8337.958492
493,8301.331966
494,8326.018385
495,8315.557683
496,8285.700895
497,8295.008739
498,8291.163458
499,8285.909990
