0,2754.886413
1,5482.406951
2,6164.465004
3,6668.103044
4,7118.188109
5,7414.488351
6,7853.799261
7,8260.139019
8,8723.623502
9,9019.547380
10,9437.660024
11,9905.636142
12,10138.539490
13,10466.966987
14,10725.351384
15,11096.235275
16,11186.107406
17,11541.378256
18,11926.275998
19,12124.207904
20,12360.161203
21,12529.467397
22,12735.369377
23,12838.617768
24,13080.646894
25,13187.696368
26,13168.768895
27,13540.411948
28,13515.779741
29,13677.447996
30,13767.335941
31,14051.616426
32,14128.434345
33,14252.134379
34,14232.417438
35,14339.006243
36,14530.985843
37,14573.694568
38,14640.111495
39,14604.744339
40,14708.980745
41,14678.806234
42,14713.120584
43,14690.448418
44,14814.900607
45,14987.321774
46,15089.239494
47,15201.412160
48,15106.077715
49,15298.628477
50,15486.939033
51,15642.913862
52,15765.561108
53,15840.372339
54,15860.971463
55,15825.181345
56,15950.813365
57,15940.430292
58,15977.301999
59,16031.447346
60,16203.961008
61,16420.529151
62,16415.107883
63,16410.342070
64,16491.678429
65,16590.259962
66,16423.669810
67,16525.316465
68,16510.367091
69,16355.983701
70,16612.662722
71,16610.186863
72,16280.553095
73,16313.672110
74,16436.021641
75,16551.362414
76,16637.181064
77,16718.881583
78,16891.758924
79,16798.036550
80,16879.673917
81,16725.856254
82,16735.019670
83,16750.174597
84,16730.120621
85,16957.659732
86,16920.719328
87,17130.498698
88,17231.820455
89,17370.113412
90,17352.183519
91,17289.446551
92,17366.077283
93,17454.873146
94,17723.647067
95,17717.088226
96,17486.205006
97,17425.233845
98,17540.715451
99,17348.873495
100,17469.223123
101,17517.048050
102,17564.883431
103,17716.822533
104,17693.205289
105,17685.479406
106,17812.598308
107,18037.929033
108,17661.509979
109,17717.079999
110,17834.006097
111,17896.746318
112,17719.411357
113,17816.675109
114,17905.676895
115,17865.143163
116,17873.599620
117,17929.803855
118,17783.275477
119,18082.051084
120,17807.074187
121,17594.818983
122,17686.443237
123,17798.541461
124,17983.596188
125,18054.196152
126,17855.150281
127,17919.067596
128,17915.758155
129,17890.044581
130,17936.006747
131,17965.848916
132,17880.576158
133,17754.607598
134,17768.898571
135,17802.286612
136,17806.689433
137,17883.780047
138,18002.685892
139,17968.583775
140,17850.881743
141,17644.064392
142,17695.013646
143,17642.606310
144,17706.046577
145,17847.089221
146,17961.495016
147,17836.735992
148,17935.336012
149,17920.217365
150,17891.368387
151,17883.889980
152,17806.227659
153,17659.897305
154,17887.554173
155,17701.423071
156,17704.237090
157,17839.238929
158,17910.692709
159,17892.232820
160,17949.245573
161,17793.453950
162,17700.153450
163,17776.144025
164,17729.318286
165,17885.697834
166,17825.241223
167,17851.259944
168,17820.034484
169,17919.683290
170,18095.632405
171,17934.044026
172,18100.369602
173,17946.301149
174,18001.363452
175,17896.601018
176,18018.820815
177,17808.562084
178,18144.206052
179,17885.709472
180,17882.213289
181,17983.230229
182,18036.023768
183,17954.344614
184,17989.818187
185,18082.260222
186,17933.317428
187,17838.205226
188,17897.322787
189,17752.546098
190,17779.211346
191,17850.110256
192,17899.946071
193,18037.443391
194,18079.236417
195,17986.384430
196,18043.723492
197,18009.264757
198,17997.212710
199,17827.129984
200,17977.869426
201,17910.991083
202,17854.466895
203,17878.850242
204,17894.909281
205,17873.758396
206,17863.532413
207,17836.003820
208,17947.319917
209,17966.783396
210,18107.272982
211,17716.934840
212,18045.534429
213,18033.985188
214,17907.251179
215,17856.997310
216,18245.761213
217,18124.573566
218,18159.979358
219,18274.987069
220,18005.546204
221,17863.567503
222,17887.074457
223,18061.405696
224,18127.693041
225,17881.108525
226,17849.513690
227,17948.311230
228,17862.938971
229,18075.889200
230,18078.795284
231,18058.790210
232,18087.378221
233,18033.368987
234,18112.755489
235,18124.024837
236,18176.705009
237,18066.901602
238,18049.405366
239,17781.181776
240,17804.765495
241,17835.921351
242,18020.016117
243,18138.779391
244,17912.105482
245,18103.593894
246,18058.935709
247,18019.034519
248,18027.476851
249,17715.060192
250,18037.221884
251,18249.356385
252,18206.070671
253,18332.433097
254,18287.893800
255,18144.962905
256,18303.926078
257,18094.454982
258,18119.818140
259,18040.511938
260,18144.769940
261,18025.550702
262,17964.931182
263,18015.019934
264,18109.906571
265,18254.183997
266,18087.769904
267,18106.252679
268,18233.793161
269,18383.231425
270,18422.024473
271,18475.364718
272,18452.440109
273,18149.248953
274,18454.889420
275,18479.919320
276,18556.691057
277,18328.669055
278,18323.221449
279,18249.750489
280,18139.230779
281,18427.690573
282,18495.900826
283,18566.910863
284,18672.926841
285,18531.886733
286,18367.753273
287,18570.555295
288,18416.843556
289,18398.129245
290,18254.346415
291,18338.266271
292,18554.311379
293,18443.211866
294,18289.252751
295,18172.660451
296,18430.953147
297,18582.764349
298,18517.871497
299,18353.496921
300,18431.365745
301,18308.307582
302,18585.773829
303,18602.716947
304,18390.354833
305,18661.131102
306,18512.320748
307,18221.197613
308,18315.237278
309,18453.119035
310,18537.925280
311,18577.077381
312,18651.505928
313,18639.347175
314,18632.153010
315,18791.130769
316,18858.528736
317,18822.374503
318,18711.116848
319,18685.063310
320,18594.806677
321,18664.100090
322,18797.505974
323,18534.882732
324,18676.584361
325,18765.198503
326,18608.551028
327,18632.720580
328,18731.169700
329,18834.757090
330,18764.431085
331,18538.373508
332,18634.182235
333,18583.154178
334,18912.390140
335,18824.561779
336,18829.081065
337,18606.320991
338,18761.091910
339,18695.722488
340,18645.966264
341,18878.099966
342,18592.013823
343,18407.434228
344,18831.395301
345,18599.318410
346,18510.228229
347,18285.371667
348,18546.392251
349,18723.130403
350,18959.583360
351,18763.495039
352,18852.134178
353,18571.503611
354,18645.607821
355,18506.861949
356,18769.010289
357,18938.315972
358,18649.459174
359,18768.533734
360,18690.377555
361,18457.180428
362,18599.849987
363,18657.022943
364,18928.745440
365,18727.624243
366,18682.385774
367,18770.984046
368,18813.208659
369,18951.548517
370,18752.655832
371,18737.949888
372,18748.110579
373,18792.540329
374,18906.291502
375,18837.781027
376,18886.156397
377,18692.664513
378,18904.794671
379,18821.703201
380,18756.419878
381,18811.929673
382,18691.951999
383,18762.915084
384,18801.042617
385,18638.635520
386,18659.379415
387,18711.014950
388,18566.308917
389,18751.947847
390,18791.249179
391,18711.672028
392,18801.964383
393,18962.903530
394,18906.238673
395,18758.518784
396,18399.803488
397,18598.003499
398,18477.418291
399,18707.914046
400,18677.073699
401,18734.063035
402,18452.749711
403,18769.691845
404,18788.627259
405,18751.788584
406,18812.433766
407,18793.992021
408,18668.902134
409,18842.096702
410,19038.930249
411,18904.674336
412,18868.151320
413,18634.049729
414,18686.441470
415,18829.529319
416,18743.417860
417,18714.373509
418,18664.258278
419,18783.961833
420,18858.062185
421,18818.143871
422,18804.409084
423,18710.191034
424,18740.133950
425,18834.800471
426,18726.764056
427,18859.846827
428,18814.368856
429,18897.248283
430,18910.429691
431,18817.289972
432,18704.911646
433,18640.679205
434,18701.677233
435,18857.770642
436,18904.013011
437,18765.325288
438,18794.944647
439,18718.214411
440,18888.603587
441,18893.476870
442,18853.142173
443,18748.396409
444,18757.893640
445,18583.031091
446,18613.552253
447,18630.155084
448,18719.186249
449,18626.748699
450,18734.861476
451,18858.816023
452,18803.666351
453,18615.158861
454,18762.624080
455,19010.187159
456,18729.257160
457,18651.443916
458,18741.513857
459,18812.992962
460,18822.163287
461,18952.029210
462,18916.545814
463,18929.396053
464,18837.407030
465,18537.769637
466,18603.722800
467,18598.658294
468,18652.440474
469,18623.172059
470,18684.093507
471,18725.684038
472,18857.496371
473,18898.157527
474,18901.860551
475,18861.682896
476,18784.979636
477,18769.431385
478,18801.112976
479,18689.853748
480,18683.033546
481,18659.438185
482,18958.574844
483,18783.140893
484,18821.750293
485,18801.695209
486,18977.428055
487,18843.605990
488,18749.016723
489,18638.854747
490,18525.884059
491,18642.901683
492,18710.210957
493,18760.634545
494,18895.671879
495,18827.492028
496,18961.987583
497,18968.414421
498,18756.182494
499,18733.401864
