0,2766.133592
1,2801.945791
2,2828.455613
3,2962.609319
4,3013.561564
5,2880.321177
6,2939.278207
7,2993.362767
8,3029.879632
9,3050.363681
10,3132.707211
11,3058.502073
12,2979.234233
13,2939.187042
14,2896.197015
15,2904.832793
16,2929.170220
17,2970.098341
18,2968.504461
19,2901.277570
20,2905.536573
21,2922.925814
22,2980.653637
23,3001.450457
24,2921.644425
25,3017.552968
26,3110.810969
27,3038.911315
28,3024.525261
29,2996.608031
30,3033.540913
31,2992.219387
32,2953.731765
33,2903.050797
34,2880.373104
35,2824.895112
36,2851.482570
37,2847.716970
38,2896.529866
39,2933.867525
40,3045.265336
41,3041.235194
42,3103.900096
43,3040.522214
44,3001.070296
45,3086.247352
46,3142.889034
47,3171.288996
48,3153.174964
49,3155.696281
50,3199.491696
51,3308.956128
52,3266.636984
53,3345.611247
54,3474.068595
55,3592.359243
56,3657.427373
57,3722.536107
58,3730.158198
59,3759.713924
60,3812.189652
61,3887.627922
62,3965.054295
63,4007.062932
64,3982.134960
65,4080.122522
66,4147.572035
67,4217.500091
68,4193.815789
69,4313.387404
70,4370.838337
71,4288.743571
72,4356.041028
73,4344.844631
74,4540.271754
75,4530.418055
76,4499.937433
77,4520.292143
78,4670.102993
79,4702.676935
80,4743.781133
81,4961.960431
82,5128.109337
83,5304.987472
84,5575.068117
85,5537.293524
86,5674.145926
87,5863.690421
88,5915.784177
89,6139.572983
90,6237.811244
91,6575.284856
92,6681.624852
93,6611.748211
94,6908.116127
95,6984.345781
96,7128.730339
97,7160.769707
98,7264.088295
99,7415.790760
100,7546.561031
101,7633.091259
102,7697.140097
103,7722.486163
104,7965.699669
105,8092.219954
106,8058.153750
107,8016.480687
108,8139.512729
109,8171.091823
110,8128.121643
111,8266.078177
112,8363.799906
113,8419.153993
114,8326.287468
115,8396.336162
116,8332.810193
117,8341.447862
118,8325.394604
119,8388.165522
120,8434.989789
121,8452.537373
122,8432.199588
123,8449.167686
124,8526.277348
125,8542.808603
126,8550.205830
127,8564.689899
128,8625.054135
129,8549.390711
130,8517.748767
131,8526.073413
132,8610.279004
133,8615.341896
134,8578.216472
135,8649.496197
136,8645.075505
137,8602.360606
138,8611.677588
139,8677.228716
140,8709.420785
141,8697.091330
142,8704.919780
143,8734.862904
144,8738.128297
145,8783.285506
146,8785.737736
147,8773.398588
148,8765.277557
149,8783.057850
150,8804.227392
151,8794.484917
152,8803.763058
153,8810.024326
154,8837.125612
155,8837.128556
156,8824.555266
157,8881.260869
158,8854.844225
159,8896.694894
160,8863.472228
161,8915.053823
162,8880.787705
163,8912.176384
164,8906.493676
165,8925.188195
166,8910.572787
167,8907.434774
168,8907.231758
169,8901.256256
170,8947.259389
171,8970.974862
172,8953.798584
173,8952.489120
174,8975.819219
175,8969.417649
176,8975.830836
177,8959.951560
178,8978.796579
179,8965.061087
180,8969.925506
181,8959.768226
182,8965.696253
183,8992.840419
184,8992.935821
185,9004.332005
186,9001.850428
187,8996.301399
188,8993.909313
189,9002.248701
190,8994.070227
191,9001.855395
192,9013.330810
193,9010.143090
194,9009.788709
195,9018.303241
196,9021.977990
197,9019.748674
198,9018.174681
199,9016.178048
200,9021.452273
201,9014.082468
202,9023.615900
203,9016.037372
204,9019.637200
205,9012.211233
206,9019.515851
207,9011.044103
208,9021.514700
209,9024.430992
210,9022.675862
211,9017.200047
212,9021.086710
213,9023.102264
214,9024.430992
215,9024.430992
216,9016.625796
217,9022.807672
218,9022.807672
219,9021.463480
220,9016.079279
221,9020.394394
222,9019.533168
223,9024.430992
224,9022.406719
225,9024.430992
226,9022.969726
227,9022.331863
228,9024.160021
229,9022.038648
230,9016.619714
231,9021.226143
232,9024.024536
233,9022.605917
234,9022.840588
235,9020.210479
236,9024.363250
237,9024.363250
238,9024.430992
239,9022.948575
240,9023.780369
241,9021.270526
242,9024.430992
243,9024.430992
244,9024.430992
245,9020.952296
246,9022.587933
247,9024.430992
248,9024.430992
249,9024.430992
250,9024.430992
251,9023.338906
252,9022.263029
253,9022.573494
254,9020.381813
255,9024.430992
256,9022.235184
257,9024.430992
258,9022.970059
259,9020.668731
260,9024.430992
261,9022.663160
262,9024.430992
263,9022.650912
264,9022.954882
265,9024.737712
266,9024.737712
267,9024.839951
268,9023.402406
269,9020.011559
270,9017.168289
271,9024.839951
272,9025.044431
273,9025.146671
274,9024.428017
275,9020.784102
276,9025.135232
277,9022.028494
278,9025.012517
279,9024.394099
280,9026.782508
281,9024.953285
282,9020.247076
283,9024.352370
284,9026.680268
285,9024.983940
286,9026.986987
287,9025.388312
288,9021.327032
289,9025.749899
290,9021.640810
291,9023.787669
292,9024.677942
293,9025.015096
294,9026.160865
295,9024.136928
296,9025.024331
297,9024.201800
298,9025.439262
299,9025.106558
300,9021.823719
301,9024.404991
302,9023.965765
303,9026.697694
304,9027.907145
305,9028.009385
306,9028.622824
307,9027.616047
308,9022.881247
309,9026.093419
310,9029.542982
311,9029.849701
312,9029.542982
313,9029.682777
314,9029.682777
315,9028.011307
316,9028.621651
317,9030.385645
318,9032.916895
319,9031.209116
320,9033.428094
321,9035.268410
322,9035.881849
323,9036.086329
324,9032.771002
325,9036.597527
326,9037.313206
327,9035.881849
328,9032.210433
329,9035.826465
330,9034.108988
331,9036.018509
332,9037.517686
333,9036.495288
334,9033.157292
335,9040.380400
336,9031.346665
337,9040.966683
338,9042.016236
339,9042.322956
340,9039.863494
341,9042.936395
342,9042.527435
343,9044.061032
344,9044.367752
345,9045.901348
346,9045.719006
347,9047.128226
348,9047.230466
349,9040.032986
350,9042.576167
351,9042.719915
352,9043.465523
353,9048.252864
354,9048.661823
355,9042.751293
356,9045.857752
357,9048.866302
358,9049.070782
359,9049.173022
360,9049.097321
361,9042.967209
362,9049.479741
363,9049.176421
364,9048.415322
365,9048.157422
366,9046.194083
367,9045.647902
368,9040.764361
369,9048.457343
370,9043.362752
371,9043.151081
372,9048.559583
373,9045.101099
374,9047.235046
375,9046.928327
376,9047.619300
377,9045.487823
378,9047.710524
379,9045.801187
380,9047.783959
381,9047.361762
382,9049.173022
383,9047.114901
384,9048.045499
385,9048.833591
386,9049.012037
387,9049.786461
388,9046.911435
389,9049.684221
390,9049.684221
391,9049.833936
392,9050.188130
393,9045.107135
394,9046.756154
395,9050.589800
396,9049.453968
397,9051.637804
398,9051.349224
399,9049.698739
400,9052.086949
401,9046.302493
402,9052.685808
403,9053.883528
404,9049.550467
405,9052.985238
406,9046.039225
407,9053.134953
408,9049.306034
409,9052.835523
410,9053.440933
411,9053.915097
412,9055.380677
413,9057.326971
414,9055.067578
415,9057.626400
416,9057.999603
417,9057.603079
418,9061.015176
419,9064.962431
420,9065.860720
421,9067.807014
422,9070.202452
423,9071.699602
424,9067.869919
425,9069.487600
426,9070.352167
427,9072.258961
428,9072.448176
429,9066.591964
430,9075.592189
431,9077.239053
432,9074.375086
433,9077.729353
434,9075.692361
435,9079.484777
436,9079.634492
437,9080.682496
438,9081.431070
439,9083.077934
440,9080.736567
441,9077.885420
442,9083.826509
443,9082.310018
444,9085.024228
445,9084.143374
446,9085.772803
447,9086.671092
448,9084.689702
449,9081.490590
450,9084.402706
451,9084.670224
452,9087.419667
453,9087.419667
454,9087.419667
455,9087.419667
456,9087.419667
457,9083.101095
458,9079.744729
459,9084.940094
460,9084.940094
461,9084.410191
462,9084.882554
463,9086.238982
464,9087.419667
465,9081.155804
466,9087.506149
467,9083.279346
468,9083.375683
469,9086.778134
470,9087.679113
471,9087.679113
472,9087.635872
473,9087.592631
474,9084.611854
475,9087.722354
476,9087.765595
477,9087.765595
478,9086.591479
479,9082.445940
480,9087.549390
481,9087.506149
482,9084.381985
483,9084.982198
484,9087.419667
485,9084.141172
486,9086.126469
487,9083.079215
488,9085.000754
489,9085.964227
490,9079.478085
491,9087.419667
492,9087.419667
493,9086.549371
494,9085.048768
495,9087.419667
496,9086.935025
497,9086.935025
498,9087.419667
499,9085.366606
