0,2706.470214
1,2692.811779
2,2709.992280
3,2731.134865
4,2800.925811
5,2819.931400
6,2719.973293
7,2655.621516
8,2611.013669
9,2561.733151
10,2647.134400
11,2652.574467
12,2660.340608
13,2692.208802
14,2636.107234
15,2655.304670
16,2641.002177
17,2707.829521
18,2645.600831
19,2605.122790
20,2659.268353
21,2677.024444
22,2649.639226
23,2606.947120
24,2561.960552
25,2607.870094
26,2580.022072
27,2619.046945
28,2609.640053
29,2597.989459
30,2634.513909
31,2665.397396
32,2611.381016
33,2614.533089
34,2649.367191
35,2581.045228
36,2601.269413
37,2629.138073
38,2634.515833
39,2630.482164
40,2608.540755
41,2674.345454
42,2724.179621
43,2689.423105
44,2675.108832
45,2636.581811
46,2623.363329
47,2595.413093
48,2583.173234
49,2535.244108
50,2585.072012
51,2553.277590
52,2525.562479
53,2565.915084
54,2590.361407
55,2622.113386
56,2700.247350
57,2723.441895
58,2699.904349
59,2728.719623
60,2735.946381
61,2778.763302
62,2793.192718
63,2707.243471
64,2691.236212
65,2623.000537
66,2670.022602
67,2689.497293
68,2687.227644
69,2648.432203
70,2621.261828
71,2615.208528
72,2635.159891
73,2722.643288
74,2731.936437
75,2755.699367
76,2768.067919
77,2742.159687
78,2738.438528
79,2667.004835
80,2663.852648
81,2674.516266
82,2666.810039
83,2672.787275
84,2719.620094
85,2715.202558
86,2774.083660
87,2747.415461
88,2769.189133
89,2759.656188
90,2741.442450
91,2761.201530
92,2711.507010
93,2663.732755
94,2686.173586
95,2709.493637
96,2629.766900
97,2621.061177
98,2623.084263
99,2637.259722
100,2642.941749
101,2653.736110
102,2607.051419
103,2599.141599
104,2573.193224
105,2534.477653
106,2446.688281
107,2403.628065
108,2392.698321
109,2400.675653
110,2379.400746
111,2407.330887
112,2425.607901
113,2491.090284
114,2449.111692
115,2512.169222
116,2488.572363
117,2504.458693
118,2499.928707
119,2494.196927
120,2566.354458
121,2580.568011
122,2599.236903
123,2614.674098
124,2642.465563
125,2607.238591
126,2577.941310
127,2581.162181
128,2628.825968
129,2557.317936
130,2586.677119
131,2559.147700
132,2558.275077
133,2547.926019
134,2586.839031
135,2556.637883
136,2568.201998
137,2543.530835
138,2542.832685
139,2506.470146
140,2564.426717
141,2597.967637
142,2612.291118
143,2562.644979
144,2490.932071
145,2558.062421
146,2508.378877
147,2566.986509
148,2571.892715
149,2620.457298
150,2618.758256
151,2582.214943
152,2593.251284
153,2573.955935
154,2533.695036
155,2616.658462
156,2614.445914
157,2669.526568
158,2635.179599
159,2610.143122
160,2570.902653
161,2630.253491
162,2621.952629
163,2499.278925
164,2509.829299
165,2525.829940
166,2495.776585
167,2470.963772
168,2535.621975
169,2566.327956
170,2615.149106
171,2614.469519
172,2599.756445
173,2578.367447
174,2534.182364
175,2579.818440
176,2653.521071
177,2664.591174
178,2693.609784
179,2657.075544
180,2672.197497
181,2678.029275
182,2640.283458
183,2672.120271
184,2698.938871
185,2708.186927
186,2639.201021
187,2575.992728
188,2562.285820
189,2515.899965
190,2495.976285
191,2561.989583
192,2539.379366
193,2517.572141
194,2472.158854
195,2487.814208
196,2521.482124
197,2492.503693
198,2505.334200
199,2461.682442
200,2474.047185
201,2468.902487
202,2536.450229
203,2601.474987
204,2578.399335
205,2550.579050
206,2553.906435
207,2547.716628
208,2619.600707
209,2633.587117
210,2603.541876
211,2630.689477
212,2698.069403
213,2656.099732
214,2603.188866
215,2571.378752
216,2576.161041
217,2494.092769
218,2476.505502
219,2480.137014
220,2475.526194
221,2494.943796
222,2565.122092
223,2599.520648
224,2528.638586
225,2460.438388
226,2534.911529
227,2577.327119
228,2555.978472
229,2562.480066
230,2638.618717
231,2624.873988
232,2501.370166
233,2406.587555
234,2441.494104
235,2376.781314
236,2446.312608
237,2482.438388
238,2438.552029
239,2460.816376
240,2433.529192
241,2484.889164
242,2507.727235
243,2518.458575
244,2623.351400
245,2629.376518
246,2579.464818
247,2597.876011
248,2631.256955
249,2647.371192
250,2656.749196
251,2618.743713
252,2598.433733
253,2593.587059
254,2542.054157
255,2528.278014
256,2527.970026
257,2490.305494
258,2449.731239
259,2472.399605
260,2464.300742
261,2508.507140
262,2538.545281
263,2589.811758
264,2580.989024
265,2612.815847
266,2573.583628
267,2636.635406
268,2617.093480
269,2597.015772
270,2571.426527
271,2547.875000
272,2520.387876
273,2469.438459
274,2502.840278
275,2510.245511
276,2510.018336
277,2546.795618
278,2530.314647
279,2538.047675
280,2553.742006
281,2563.276095
282,2644.580510
283,2629.989402
284,2688.588392
285,2740.831571
286,2681.650147
287,2630.358479
288,2607.370500
289,2565.306937
290,2622.681556
291,2580.505071
292,2596.194544
293,2574.967003
294,2637.200182
295,2683.045099
296,2607.199013
297,2635.240517
298,2629.853717
299,2643.860328
300,2643.776252
301,2631.904631
302,2553.870197
303,2546.896588
304,2541.605995
305,2537.445878
306,2577.862885
307,2568.964506
308,2572.862985
309,2590.840550
310,2662.706721
311,2697.875692
312,2678.697003
313,2610.003301
314,2642.066593
315,2679.841575
316,2675.943921
317,2641.847517
318,2619.929456
319,2627.823894
320,2654.047130
321,2601.470893
322,2613.961719
323,2601.764325
324,2573.058706
325,2641.195803
326,2665.514577
327,2620.204904
328,2615.567425
329,2625.014645
330,2620.752232
331,2617.695504
332,2676.362476
333,2649.684683
334,2577.903735
335,2626.035604
336,2606.076691
337,2596.539052
338,2519.146846
339,2563.950773
340,2576.224247
341,2522.544823
342,2541.474871
343,2512.429992
344,2513.311781
345,2493.581950
346,2525.959446
347,2537.856320
348,2545.808387
349,2563.963635
350,2632.846081
351,2631.688964
352,2646.948784
353,2692.589761
354,2697.691390
355,2690.438033
356,2707.632885
357,2643.876813
358,2576.941162
359,2605.057748
360,2674.565812
361,2640.684934
362,2598.054503
363,2639.198256
364,2612.946294
365,2617.894956
366,2595.088651
367,2647.574061
368,2698.975780
369,2678.895644
370,2649.354390
371,2663.500124
372,2655.315237
373,2635.275007
374,2676.608685
375,2712.221334
376,2736.167843
377,2729.715111
378,2737.550673
379,2720.720130
380,2723.383570
381,2718.082488
382,2653.735445
383,2622.485773
384,2692.283527
385,2696.260169
386,2712.333365
387,2794.197505
388,2787.805491
389,2849.541447
390,2827.413752
391,2793.460301
392,2802.442844
393,2866.501013
394,2809.518665
395,2853.096969
396,2779.223013
397,2730.417853
398,2707.055665
399,2676.369741
400,2659.398882
401,2607.090168
402,2536.658583
403,2523.443258
404,2512.583306
405,2566.245866
406,2567.686126
407,2634.198198
408,2670.024243
409,2656.638793
410,2645.875592
411,2645.119671
412,2720.415982
413,2676.845785
414,2708.623364
415,2682.081321
416,2643.031026
417,2634.899948
418,2671.630427
419,2655.523237
420,2666.755813
421,2690.491881
422,2677.309333
423,2722.525177
424,2748.867959
425,2733.319391
426,2709.806012
427,2679.508946
428,2729.711664
429,2706.905488
430,2763.960492
431,2774.626119
432,2778.077142
433,2696.879233
434,2685.665241
435,2671.018263
436,2684.354347
437,2766.324391
438,2771.050776
439,2791.039696
440,2793.441097
441,2770.447905
442,2754.189253
443,2719.494389
444,2687.100608
445,2684.067986
446,2643.444642
447,2666.009550
448,2673.063887
449,2604.409564
450,2600.402962
451,2577.063611
452,2579.057619
453,2621.506107
454,2618.041796
455,2607.403253
456,2658.252133
457,2672.606652
458,2632.287211
459,2561.411511
460,2637.258220
461,2650.848396
462,2658.408155
463,2735.204010
464,2692.354946
465,2739.501503
466,2741.700399
467,2684.503410
468,2634.119175
469,2662.020769
470,2643.342173
471,2670.678177
472,2665.838323
473,2681.117995
474,2649.755635
475,2643.441621
476,2611.456339
477,2566.197562
478,2599.630605
479,2595.449152
480,2621.334348
481,2580.102317
482,2645.821241
483,2575.155044
484,2464.082851
485,2491.131958
486,2556.666539
487,2518.853903
488,2574.064726
489,2599.509820
490,2552.898932
491,2541.177568
492,2619.288347
493,2596.114847
494,2555.679368
495,2494.211229
496,2517.052640
497,2507.983994
498,2426.780119
499,2383.035678
