0,2729.947165
1,5774.709474
2,6564.778131
3,7110.141602
4,7541.803210
5,7935.913134
6,8309.948573
7,8614.618939
8,9007.171203
9,9319.452107
10,9624.412140
11,9857.810858
12,10273.825906
13,10741.565707
14,11043.015844
15,11113.538367
16,11294.195910
17,11628.909649
18,11890.664506
19,12473.863032
20,12523.070621
21,12473.495101
22,12939.492710
23,13083.496316
24,13515.914709
25,13418.655853
26,13330.207499
27,14138.752775
28,14122.855762
29,14161.102306
30,14392.492548
31,14595.249464
32,14877.272525
33,14874.097132
34,15074.119799
35,14725.990700
36,14780.540544
37,14543.416077
38,14318.586522
39,14975.830708
40,14609.388656
41,14586.348402
42,14948.370121
43,14963.546582
44,14880.581436
45,14979.840169
46,15047.085262
47,15027.307679
48,14881.832656
49,14810.502194
50,14349.490229
51,14703.422582
52,15116.646736
53,15226.580020
54,15181.770610
55,15010.465238
56,15155.964161
57,15361.275942
58,15386.503750
59,15277.468815
60,15139.364397
61,14820.317943
62,15166.594614
63,15200.932647
64,15164.915351
65,15129.122101
66,14896.302200
67,15204.762792
68,14940.793706
69,15057.207937
70,14648.849260
71,14829.776051
72,15063.077707
73,14768.109424
74,14414.616580
75,14459.103807
76,14559.370106
77,14994.232683
78,14987.003324
79,14847.398446
80,14952.791290
81,14509.071166
82,14664.481219
83,14889.388902
84,15562.355350
85,15088.639875
86,15083.847028
87,15096.062816
88,15074.093015
89,14827.369169
90,14605.074941
91,14796.440932
92,14533.481359
93,14627.839870
94,14677.014978
95,15114.263491
96,14996.338256
97,14847.918803
98,15250.999087
99,15110.160817
100,14760.372854
101,14877.661564
102,15502.839557
103,14884.859354
104,14912.722597
105,15306.721296
106,15040.982380
107,15239.608874
108,15130.370936
109,14808.323209
110,15044.702697
111,15140.596846
112,15442.214619
113,14630.703064
114,14886.097650
115,15057.840262
116,14855.132535
117,15054.753223
118,15319.717507
119,14947.209146
120,14724.456222
121,14762.299464
122,14972.632329
123,14747.169989
124,14750.644697
125,14829.180501
126,14580.058762
127,15154.307555
128,14938.758710
129,14813.064872
130,15080.401380
131,14770.796163
132,14947.550339
133,15081.906744
134,15258.920598
135,14707.768817
136,15191.584795
137,14774.234375
138,14802.587170
139,15073.497289
140,14855.241044
141,14775.348543
142,15114.997163
143,15052.697740
144,15073.269728
145,14773.443537
146,14784.223810
147,14655.792048
148,14952.161740
149,14692.956229
150,14878.831026
151,14692.885048
152,15234.238315
153,15226.652174
154,14879.952584
155,14913.427734
156,14722.829060
157,15222.528419
158,15090.994906
159,15219.932468
160,14444.523328
161,14867.331284
162,14632.928558
163,14806.544216
164,14826.270224
165,15266.893890
166,14914.626560
167,14994.855529
168,15125.766371
169,15061.052845
170,14614.729094
171,14859.685892
172,15505.930297
173,15316.726161
174,14960.949657
175,15184.578219
176,15131.893202
177,15075.158092
178,15635.628392
179,15209.575830
180,15291.791151
181,15503.807435
182,15109.162230
183,15119.478893
184,15429.671326
185,15449.537844
186,15447.478130
187,15632.177529
188,15648.530729
189,15690.608987
190,15947.707754
191,15851.815151
192,16101.519096
193,15851.045185
194,16099.537009
195,16216.153948
196,16456.719113
197,16157.091958
198,16007.094272
199,16343.506789
200,16051.303920
201,16298.163198
202,16037.101912
203,16047.674759
204,15403.291050
205,15833.660097
206,15814.417630
207,15836.438344
208,15958.056364
209,16195.409567
210,16636.039820
211,15997.449372
212,15752.795615
213,15687.146972
214,16030.447157
215,16139.314371
216,16409.067800
217,16637.657766
218,16166.536550
219,16354.908224
220,16539.201838
221,16437.087310
222,16379.533765
223,16816.765819
224,17228.197266
225,17277.227302
226,17054.910281
227,16446.936566
228,16678.612480
229,16493.894309
230,16515.765299
231,16691.201036
232,16647.707303
233,16864.031857
234,16833.648492
235,16897.037852
236,16893.973144
237,17167.604345
238,16807.330871
239,16701.004258
240,16175.817143
241,16365.409402
242,16570.009558
243,16898.392314
244,16531.595275
245,16182.071912
246,16835.266457
247,17128.227051
248,17144.526046
249,16955.809863
250,16919.210480
251,16658.181507
252,17095.707581
253,16853.507396
254,16830.161610
255,16193.821243
256,16690.044341
257,16669.024325
258,17079.716918
259,16625.161354
260,16708.590544
261,16582.833523
262,16483.301564
263,17036.583576
264,17035.246272
265,17106.500751
266,16995.945396
267,17293.334415
268,17279.047227
269,16973.217977
270,16663.555362
271,17366.107184
272,17327.937380
273,17084.929505
274,16955.196780
275,17056.866585
276,17140.963300
277,17468.519464
278,17115.448981
279,17405.320369
280,16930.950570
281,17054.971092
282,17604.910550
283,16915.371332
284,16477.345245
285,16478.649810
286,17006.177155
287,16597.201236
288,16473.599144
289,16617.204021
290,17093.446734
291,17341.369109
292,17242.326317
293,17338.681734
294,17061.770458
295,17285.977107
296,17364.748294
297,17160.014334
298,16574.764753
299,16708.745452
300,16760.768220
301,17418.696888
302,16782.166543
303,17429.037969
304,17361.051930
305,17607.716677
306,16985.978846
307,16962.605965
308,16925.961778
309,16972.480822
310,17273.985613
311,17653.233984
312,17364.785266
313,16976.020619
314,16894.299727
315,16633.734886
316,16775.176072
317,16617.723804
318,17011.388647
319,17180.910766
320,16859.394746
321,16904.126451
322,17636.945114
323,17904.297643
324,17185.107211
325,17358.183433
326,16923.165514
327,17060.979153
328,17437.280919
329,17429.141484
330,16655.263128
331,17373.408989
332,16583.074975
333,15958.356648
334,16133.383399
335,16546.809778
336,16273.994286
337,15951.582088
338,17116.574438
339,17022.280633
340,17478.147013
341,17222.184304
342,17277.343711
343,16588.327376
344,16846.571065
345,16805.852085
346,17111.387612
347,17719.651932
348,17046.263822
349,17162.599843
350,17575.413340
351,17215.157542
352,17636.153436
353,17474.991428
354,16880.049798
355,16862.548015
356,17005.030029
357,16706.102509
358,16831.550155
359,16839.577814
360,16684.703503
361,17309.110609
362,17284.359214
363,17073.512763
364,16193.186219
365,16900.706048
366,17333.645800
367,17446.067317
368,17345.148802
369,17014.878429
370,17452.939928
371,17513.226327
372,17090.196642
373,17053.624965
374,16805.054204
375,17108.792719
376,16886.371452
377,16923.721477
378,17192.624848
379,17339.593901
380,17431.402223
381,17321.840423
382,17267.284984
383,16971.013049
384,16797.486898
385,16710.965873
386,17181.266770
387,17251.127004
388,16690.786462
389,16845.885379
390,16854.060304
391,17194.709492
392,17116.758353
393,17367.155756
394,17012.159767
395,17023.875870
396,16595.531449
397,17416.542557
398,16965.685224
399,17191.395639
400,17055.518153
401,17101.006848
402,16948.575908
403,17274.634900
404,17161.925947
405,17014.975213
406,17580.354936
407,17119.541294
408,17294.363434
409,16996.518387
410,17082.419841
411,17451.786650
412,16984.427246
413,17002.703666
414,17289.401523
415,17451.633242
416,17200.960440
417,17386.300880
418,16488.125294
419,16792.462383
420,17174.797522
421,17068.831148
422,17308.779839
423,17561.008984
424,17775.800533
425,17247.169879
426,17200.731280
427,17234.204448
428,16722.991139
429,17291.967296
430,16482.357372
431,16664.740895
432,16723.483108
433,16876.267409
434,16952.123295
435,16637.567366
436,16897.810448
437,17406.490016
438,17269.674628
439,17107.806505
440,16818.565915
441,16837.686559
442,17352.520098
443,17126.734917
444,17263.147977
445,17625.555157
446,17376.325469
447,16959.582030
448,17325.703984
449,17323.216196
450,17482.456500
451,17384.823096
452,17508.651987
453,17672.577428
454,17185.041311
455,17216.541867
456,17106.801758
457,16891.826660
458,16820.867666
459,17675.625558
460,17105.099288
461,17331.396078
462,17485.303866
463,16861.267212
464,17487.327498
465,17059.018675
466,17494.203603
467,17107.623312
468,17311.781020
469,17147.223485
470,17012.335018
471,17378.995741
472,16984.439022
473,17285.503166
474,16723.232701
475,17017.357036
476,16774.967417
477,16568.846787
478,17107.766033
479,17708.460616
480,17176.823340
481,17628.702621
482,17795.576106
483,18019.320736
484,17264.406687
485,17156.993620
486,17147.379719
487,17612.098922
488,16853.684887
489,17074.490256
490,16908.706176
491,17156.806126
492,17324.382080
493,17616.097188
494,17078.976902
495,17497.858162
496,17180.985715
497,17446.066439
498,17159.870265
499,16906.369337
