0,2800.891166
1,2777.211684
2,2835.735035
3,2712.645547
4,2767.275405
5,2826.678446
6,2860.900075
7,2879.841626
8,2808.577205
9,2889.354065
10,2891.160701
11,2918.816792
12,2834.838887
13,2868.032833
14,2879.285409
15,2857.510208
16,2881.862449
17,2906.997219
18,2894.255937
19,2893.952013
20,2890.371596
21,2901.086447
22,2920.609105
23,2895.900750
24,2944.417773
25,3004.376915
26,2954.793942
27,3008.206130
28,2999.622326
29,2981.477843
30,3042.490248
31,3047.412918
32,3068.203775
33,3157.271562
34,3079.988450
35,3083.088011
36,3075.786252
37,3060.325592
38,3018.200251
39,3006.715912
40,3057.541721
41,3031.781168
42,3106.139137
43,3096.904842
44,3139.355319
45,3102.635580
46,3076.036447
47,3062.039529
48,3063.475051
49,3088.585889
50,3093.306954
51,3254.642637
52,3237.620479
53,3211.450536
54,3147.154744
55,3073.228410
56,3188.763921
57,3202.245229
58,3327.390992
59,3310.354622
60,3367.246067
61,3326.691115
62,3401.393678
63,3364.252149
64,3348.514346
65,3347.327765
66,3331.786780
67,3352.524992
68,3372.859813
69,3326.265577
70,3282.851033
71,3271.213083
72,3276.124533
73,3351.888811
74,3472.190727
75,3484.607095
76,3544.564568
77,3449.053350
78,3503.657870
79,3573.355276
80,3627.335699
81,3596.046639
82,3609.175216
83,3571.358347
84,3630.368938
85,3863.125147
86,3836.713228
87,3885.915057
88,3919.699849
89,3952.678492
90,4052.088657
91,4019.615498
92,4051.041147
93,4052.117320
94,3975.426109
95,3986.026132
96,3931.827188
97,3894.714754
98,3987.707445
99,4061.528127
100,4026.152972
101,4053.668118
102,4045.746039
103,4110.026163
104,4078.854191
105,4220.386807
106,4298.852033
107,4263.907778
108,4282.174790
109,4525.091205
110,4717.949325
111,4722.593113
112,4717.637366
113,4696.879897
114,4704.053760
115,4717.187639
116,4751.558822
117,4875.087076
118,4946.418596
119,5136.880616
120,5363.828028
121,5557.470188
122,5666.716752
123,5717.742924
124,5760.570099
125,5661.873531
126,5767.921903
127,5717.920627
128,5934.861774
129,6085.574965
130,6114.867030
131,6170.709264
132,6260.662542
133,6385.940087
134,6464.418070
135,6497.776959
136,6534.769669
137,6703.944520
138,6801.020821
139,6815.194702
140,6926.521685
141,6941.190119
142,7049.010489
143,7093.513895
144,7165.908513
145,7177.284959
146,7040.008222
147,7131.775750
148,7274.080378
149,7313.252805
150,7321.913910
151,7310.439754
152,7224.524122
153,7394.033001
154,7393.313184
155,7496.135184
156,7545.294057
157,7557.524209
158,7561.903126
159,7613.527836
160,7671.134849
161,7702.632866
162,7695.784304
163,7720.432700
164,7721.043221
165,7673.200212
166,7671.017716
167,7706.655945
168,7686.714677
169,7690.755922
170,7702.741981
171,7698.937350
172,7745.980569
173,7750.482568
174,7759.434716
175,7754.077055
176,7757.489340
177,7763.096273
178,7761.924443
179,7773.214807
180,7779.662976
181,7780.352357
182,7783.168792
183,7789.895930
184,7791.692189
185,7792.543718
186,7799.380437
187,7796.028480
188,7800.838713
189,7805.543798
190,7772.860378
191,7773.966544
192,7778.397143
193,7781.252994
194,7802.784227
195,7804.869425
196,7805.308156
197,7823.155529
198,7825.186346
199,7827.985269
200,7827.042165
201,7827.535315
202,7827.174945
203,7831.040547
204,7830.052884
205,7833.691176
206,7833.876782
207,7834.816758
208,7836.213658
209,7836.935115
210,7838.417518
211,7838.090603
212,7838.303160
213,7839.481259
214,7841.159425
215,7843.026273
216,7843.097756
217,7843.607621
218,7844.645752
219,7844.845474
220,7845.752703
221,7846.180083
222,7846.108334
223,7847.295628
224,7847.348087
225,7846.935741
226,7846.922881
227,7847.260825
228,7847.765587
229,7848.057726
230,7847.950592
231,7847.693797
232,7847.228941
233,7847.721639
234,7848.728459
235,7849.742504
236,7849.078149
237,7849.817488
238,7849.602732
239,7849.247408
240,7849.204042
241,7849.006136
242,7849.328026
243,7849.546241
244,7849.542475
245,7848.884019
246,7849.265328
247,7849.633778
248,7850.230374
249,7850.692833
250,7851.152851
251,7851.234000
252,7851.142962
253,7851.419577
254,7850.865285
255,7850.747997
256,7851.018713
257,7851.720003
258,7851.413147
259,7851.622005
260,7851.543296
261,7851.524006
262,7851.990985
263,7852.532417
264,7852.845438
265,7853.325011
266,7853.785295
267,7854.215869
268,7854.395017
269,7854.930019
270,7855.034448
271,7854.936449
272,7854.832021
273,7855.004738
274,7855.207165
275,7855.207165
276,7855.305164
277,7855.354163
278,7855.354163
279,7855.354163
280,7855.354163
281,7855.354163
282,7855.354163
283,7855.354163
284,7855.354163
285,7855.354163
286,7855.354163
287,7855.354163
288,7855.354163
289,7855.354163
290,7855.354163
291,7855.354163
292,7855.354163
293,7855.354163
294,7855.354163
295,7855.354163
296,7855.354163
297,7855.354163
298,7855.354163
299,7855.354163
300,7855.354163
301,7855.354163
302,7855.354163
303,7855.354163
304,7855.354163
305,7855.354163
306,7855.354163
307,7855.354163
308,7855.354163
309,7855.354163
310,7855.354163
311,7855.354163
312,7855.354163
313,7855.354163
314,7855.354163
315,7855.354163
316,7855.354163
317,7855.354163
318,7855.354163
319,7855.354163
320,7855.354163
321,7855.354163
322,7855.354163
323,7855.354163
324,7855.354163
325,7855.354163
326,7855.354163
327,7855.354163
328,7855.354163
329,7855.354163
330,7855.354163
331,7855.354163
332,7855.354163
333,7855.354163
334,7855.354163
335,7855.354163
336,7855.354163
337,7855.354163
338,7855.354163
339,7855.354163
340,7855.354163
341,7855.354163
342,7855.354163
343,7855.354163
344,7855.354163
345,7855.354163
346,7855.354163
347,7855.354163
348,7855.354163
349,7855.354163
350,7855.354163
351,7855.354163
352,7855.354163
353,7855.354163
354,7855.354163
355,7855.354163
356,7855.354163
357,7855.354163
358,7855.354163
359,7855.354163
360,7855.354163
361,7855.354163
362,7855.354163
363,7855.354163
364,7855.354163
365,7855.354163
366,7855.354163
367,7855.354163
368,7855.354163
369,7855.354163
370,7855.354163
371,7855.354163
372,7855.354163
373,7855.354163
374,7855.354163
375,7855.354163
376,7855.354163
377,7855.354163
378,7855.354163
379,7855.354163
380,7855.354163
381,7855.354163
382,7855.354163
383,7855.354163
384,7855.354163
385,7855.354163
386,7855.354163
387,7855.354163
388,7855.354163
389,7855.354163
390,7855.354163
391,7855.354163
392,7855.354163
393,7855.354163
394,7855.354163
395,7855.354163
396,7855.354163
397,7855.354163
398,7855.354163
399,7855.354163
400,7855.354163
401,7855.354163
402,7855.354163
403,7855.354163
404,7855.354163
405,7855.354163
406,7855.354163
407,7855.354163
408,7855.354163
409,7855.354163
410,7855.354163
411,7855.354163
412,7855.354163
413,7855.354163
414,7855.354163
415,7855.354163
416,7855.354163
417,7855.354163
418,7855.354163
419,7855.354163
420,7855.354163
421,7855.354163
422,7855.354163
423,7855.354163
424,7855.354163
425,7855.354163
426,7855.354163
427,7855.354163
428,7855.354163
429,7855.354163
430,7855.354163
431,7855.354163
432,7855.354163
433,7855.354163
434,7855.354163
435,7855.354163
436,7855.354163
437,7855.354163
438,7855.354163
439,7855.354163
440,7855.354163
441,7855.354163
442,7855.354163
443,7855.354163
444,7855.354163
445,7855.354163
446,7855.354163
447,7855.354163
448,7855.354163
449,7855.354163
450,7855.354163
451,7855.354163
452,7855.354163
453,7855.354163
454,7855.354163
455,7855.354163
456,7855.354163
457,7855.354163
458,7855.354163
459,7855.354163
460,7855.354163
461,7855.354163
462,7855.354163
463,7855.354163
464,7855.354163
465,7855.354163
466,7855.354163
467,7855.354163
468,7855.354163
469,7855.354163
470,7855.354163
471,7855.354163
472,7855.354163
473,7855.354163
474,7855.354163
475,7855.354163
476,7855.354163
477,7855.354163
478,7855.354163
479,7855.354163
480,7855.354163
481,7855.354163
482,7855.354163
483,7855.354163
484,7855.354163
485,7855.354163
486,7855.354163
487,7855.354163
488,7855.354163
489,7855.354163
490,7855.354163
491,7855.354163
492,7855.354163
493,7855.354163
494,7855.354163
495,7855.354163
496,7855.354163
497,7855.354163
498,7855.354163
499,7855.354163
