0,2784.574568
1,3361.121143
2,3761.669791
3,4091.847519
4,4413.198058
5,4724.139185
6,4975.453088
7,5251.623409
8,5507.479579
9,5727.499766
10,6003.162325
11,6236.229304
12,6470.720542
13,6682.058002
14,6896.855572
15,7084.017490
16,7290.187981
17,7485.500200
18,7686.619160
19,7868.488651
20,8062.299133
21,8213.540109
22,8354.442601
23,8472.401659
24,8546.753985
25,8627.991939
26,8703.901665
27,8783.335148
28,8867.974048
29,8935.587140
30,8988.237296
31,9051.474992
32,9103.597209
33,9156.026951
34,9195.883404
35,9213.594286
36,9227.820684
37,9253.546584
38,9289.519925
39,9307.760722
40,9310.200089
41,9314.613211
42,9322.906427
43,9335.767969
44,9341.372528
45,9341.372528
46,9341.372528
47,9341.372528
48,9341.372528
49,9341.372528
50,9341.372528
51,9341.372528
52,9341.372528
53,9341.372528
54,9341.372528
55,9341.372528
56,9341.372528
57,9341.372528
58,9341.372528
59,9341.372528
60,9341.372528
61,9341.372528
62,9341.372528
63,9341.372528
64,9341.372528
65,9341.372528
66,9341.372528
67,9341.372528
68,9341.372528
69,9341.372528
70,9341.372528
71,9341.372528
72,9341.372528
73,9341.372528
74,9341.372528
75,9341.372528
76,9341.372528
77,9341.372528
78,9341.372528
79,9341.372528
80,9341.372528
81,9341.372528
82,9341.372528
83,9341.372528
84,9341.372528
85,9341.372528
86,9341.372528
87,9341.372528
88,9341.372528
89,9341.372528
90,9341.372528
91,9341.372528
92,9341.372528
93,9341.372528
94,9341.372528
95,9341.372528
96,9341.372528
97,9341.372528
98,9341.372528
99,9341.372528
100,9341.372528
101,9341.372528
102,9341.372528
103,9341.372528
104,9341.372528
105,9341.372528
106,9341.372528
107,9341.372528
108,9341.372528
109,9341.744163
110,9342.115799
111,9342.859070
112,9343.230705
113,9343.973976
114,9345.088882
115,9346.947060
116,9349.176873
117,9354.008134
118,9360.697573
119,9368.873553
120,9387.826963
121,9415.699624
122,9434.281398
123,9434.281398
124,9434.281398
125,9434.281398
126,9434.281398
127,9434.281398
128,9434.281398
129,9434.443839
130,9434.443839
131,9434.443839
132,9434.606280
133,9434.931161
134,9435.418484
135,9435.905806
136,9436.880451
137,9438.504859
138,9441.266354
139,9444.840052
140,9451.012803
141,9461.409016
142,9474.891605
143,9474.891605
144,9474.891605
145,9474.891605
146,9474.891605
147,9474.891605
148,9474.891605
149,9474.891605
150,9474.891605
151,9474.891605
152,9474.891605
153,9474.891605
154,9474.891605
155,9474.891605
156,9474.891605
157,9474.891605
158,9474.891605
159,9474.891605
160,9474.891605
161,9474.891605
162,9474.891605
163,9474.891605
164,9474.891605
165,9474.891605
166,9474.891605
167,9474.891605
168,9474.891605
169,9474.891605
170,9474.891605
171,9474.891605
172,9474.891605
173,9474.891605
174,9474.891605
175,9474.891605
176,9474.891605
177,9474.891605
178,9474.891605
179,9474.891605
180,9474.891605
181,9474.891605
182,9474.891605
183,9474.891605
184,9474.891605
185,9474.891605
186,9474.891605
187,9474.891605
188,9474.891605
189,9474.891605
190,9474.891605
191,9474.891605
192,9474.891605
193,9474.891605
194,9474.891605
195,9475.397462
196,9476.685353
197,9476.685353
198,9477.973244
199,9481.836916
200,9484.918555
201,9491.863867
202,9501.384960
203,9516.057616
204,9540.251366
205,9576.265814
206,9639.602147
207,9740.011138
208,9796.912606
209,9796.960889
210,9797.009173
211,9797.057457
212,9797.154024
213,9797.443727
214,9797.781713
215,9798.312834
216,9799.230225
217,9800.147616
218,9801.789263
219,9804.734571
220,9808.742121
221,9808.935255
222,9808.935255
223,9808.935255
224,9808.935255
225,9808.935255
226,9808.935255
227,9808.935255
228,9808.935255
229,9808.935255
230,9808.935255
231,9808.935255
232,9808.935255
233,9808.935255
234,9808.935255
235,9808.935255
236,9808.935255
237,9808.935255
238,9808.935255
239,9808.935255
240,9808.935255
241,9808.935255
242,9808.935255
243,9808.935255
244,9808.935255
245,9808.935255
246,9808.980373
247,9808.980373
248,9809.025491
249,9809.070609
250,9809.115726
251,9809.205962
252,9809.386433
253,9809.566904
254,9809.857407
255,9810.353702
256,9810.940233
257,9812.313562
258,9814.002716
259,9816.949642
260,9820.214690
261,9820.214690
262,9820.214690
263,9820.357090
264,9820.499490
265,9820.641890
266,9820.926689
267,9821.496289
268,9822.350689
269,9823.774688
270,9826.337886
271,9829.470685
272,9834.169882
273,9841.289878
274,9853.678671
275,9855.814670
276,9855.814670
277,9855.814670
278,9855.814670
279,9855.814670
280,9855.814670
281,9855.814670
282,9855.814670
283,9855.814670
284,9855.814670
285,9855.814670
286,9855.814670
287,9855.814670
288,9855.814670
289,9855.814670
290,9855.814670
291,9855.814670
292,9855.814670
293,9855.814670
294,9855.814670
295,9855.814670
296,9855.814670
297,9855.814670
298,9855.814670
299,9855.814670
300,9855.814670
301,9855.814670
302,9855.814670
303,9855.814670
304,9855.814670
305,9855.814670
306,9855.814670
307,9855.814670
308,9855.814670
309,9855.814670
310,9855.814670
311,9855.814670
312,9855.814670
313,9855.814670
314,9855.814670
315,9855.814670
316,9855.814670
317,9855.814670
318,9855.814670
319,9855.814670
320,9855.814670
321,9856.120626
322,9856.120626
323,9856.426582
324,9857.038494
325,9857.344451
326,9858.568275
327,9860.098055
328,9862.239747
329,9864.993352
330,9869.888648
331,9878.761373
332,9892.835351
333,9911.804626
334,9932.303681
335,9932.303681
336,9932.303681
337,9932.303681
338,9932.303681
339,9932.303681
340,9932.303681
341,9932.303681
342,9932.303681
343,9932.303681
344,9932.303681
345,9932.303681
346,9932.303681
347,9932.303681
348,9932.303681
349,9932.303681
350,9932.303681
351,9932.303681
352,9932.303681
353,9932.303681
354,9932.303681
355,9932.303681
356,9932.303681
357,9932.545665
358,9932.787650
359,9932.787650
360,9933.029635
361,9933.271619
362,9933.755589
363,9933.997574
364,9934.481543
365,9936.175436
366,9938.595283
367,9941.741084
368,9947.306732
369,9956.060846
370,9970.864578
371,9992.885185
372,9992.885185
373,9992.927850
374,9993.055845
375,9993.226505
376,9993.311835
377,9993.653154
378,9994.207799
379,9995.061098
380,9996.170387
381,9998.090309
382,10000.863531
383,10003.466093
384,10003.466093
385,10003.466093
386,10003.466093
387,10003.466093
388,10003.466093
389,10003.466093
390,10003.466093
391,10003.466093
392,10003.466093
393,10003.466093
394,10003.466093
395,10003.466093
396,10003.466093
397,10003.466093
398,10003.466093
399,10003.466093
400,10003.466093
401,10003.466093
402,10003.466093
403,10003.466093
404,10003.466093
405,10003.466093
406,10003.466093
407,10003.466093
408,10003.466093
409,10003.466093
410,10003.466093
411,10003.466093
412,10003.466093
413,10003.466093
414,10003.466093
415,10003.466093
416,10003.466093
417,10003.466093
418,10003.466093
419,10003.466093
420,10003.466093
421,10003.466093
422,10003.466093
423,10003.466093
424,10003.466093
425,10003.466093
426,10003.466093
427,10003.466093
428,10003.466093
429,10003.466093
430,10003.466093
431,10003.466093
432,10003.466093
433,10003.466093
434,10003.466093
435,10003.466093
436,10003.466093
437,10003.466093
438,10003.466093
439,10003.466093
440,10003.466093
441,10003.466093
442,10003.466093
443,10003.466093
444,10003.466093
445,10003.466093
446,10003.466093
447,10003.466093
448,10003.466093
449,10003.466093
450,10003.466093
451,10003.466093
452,10003.466093
453,10003.466093
454,10003.466093
455,10003.466093
456,10003.466093
457,10003.466093
458,10003.466093
459,10003.466093
460,10003.466093
461,10003.466093
462,10003.466093
463,10003.466093
464,10003.466093
465,10003.466093
466,10003.466093
467,10003.466093
468,10003.466093
469,10003.466093
470,10003.466093
471,10003.466093
472,10003.466093
473,10003.466093
474,10003.466093
475,10003.466093
476,10003.466093
477,10003.466093
478,10003.466093
479,10003.466093
480,10003.466093
481,10003.466093
482,10003.466093
483,10003.466093
484,10003.466093
485,10003.466093
486,10003.466093
487,10003.466093
488,10003.466093
489,10003.466093
490,10003.466093
491,10003.466093
492,10003.466093
493,10003.466093
494,10003.466093
495,10003.466093
496,10003.466093
497,10003.466093
498,10003.466093
499,10003.466093
