0,2792.094686
1,5747.322034
2,6501.876307
3,7176.725437
4,7620.903957
5,8035.663784
6,8453.398070
7,8702.211980
8,9199.045317
9,9632.047968
10,9867.307293
11,10265.597637
12,10531.014096
13,10816.115146
14,11017.129676
15,11365.095492
16,11794.881278
17,12184.017361
18,12325.168357
19,12540.040309
20,12866.671444
21,13013.005395
22,13113.966796
23,13432.352964
24,13718.928481
25,13646.927923
26,13875.112298
27,14010.038360
28,14286.716810
29,14420.216817
30,14660.588236
31,14880.279592
32,14870.831782
33,15218.301681
34,15302.108869
35,15638.449456
36,15560.474460
37,15553.560695
38,15897.399952
39,15848.225995
40,16014.567554
41,16362.280729
42,16372.355496
43,16278.821792
44,16345.730232
45,16531.890092
46,16366.291061
47,16507.512223
48,16403.116679
49,16268.367493
50,16344.639791
51,16318.092848
52,16324.389224
53,16423.166936
54,16615.734726
55,16535.226630
56,16738.479920
57,16250.578992
58,16233.864816
59,16210.137073
60,16388.836743
61,16706.336652
62,16403.589324
63,16611.887584
64,16626.306127
65,16488.198941
66,16551.987972
67,16632.371624
68,16405.891799
69,16492.121477
70,16540.082701
71,16706.463527
72,16940.984857
73,16659.199180
74,16725.791494
75,16604.280167
76,16492.419983
77,16582.121262
78,16714.580254
79,16426.860954
80,16441.857501
81,16482.342134
82,16688.110599
83,16749.593768
84,16622.693957
85,16613.056876
86,16601.530026
87,16636.081913
88,16778.375682
89,16683.007958
90,16786.208116
91,16761.977032
92,16877.246004
93,16776.193975
94,16631.542475
95,16420.081774
96,16683.627931
97,16705.533675
98,16555.915521
99,16505.407317
100,16663.901396
101,16762.717856
102,16681.891113
103,16790.787735
104,16683.550116
105,16316.549767
106,16590.469593
107,16515.788179
108,16642.950126
109,16800.450955
110,16339.565784
111,16211.574355
112,16594.446360
113,16483.325591
114,17073.840342
115,16826.990570
116,16402.853555
117,16808.453822
118,16603.347464
119,16627.841875
120,16857.564369
121,16758.651444
122,16812.453501
123,17042.665487
124,16653.489504
125,16838.780373
126,16936.906521
127,16958.619027
128,16966.549869
129,17035.654152
130,17009.258288
131,17200.326177
132,17344.272870
133,17238.695264
134,17031.623821
135,17230.037800
136,17254.264185
137,17122.004786
138,17085.216717
139,16877.258076
140,17038.740415
141,17327.317003
142,17221.427247
143,17067.211844
144,17068.305216
145,17079.858726
146,17048.669025
147,17078.701652
148,17212.340625
149,17071.555158
150,17157.700144
151,16930.272023
152,17065.246518
153,17091.403797
154,17060.006822
155,16991.967384
156,16921.061547
157,17131.737715
158,16875.533269
159,17129.189084
160,16978.071918
161,17071.158978
162,16868.408560
163,16847.881380
164,16934.881521
165,17285.507252
166,17311.957095
167,17222.912996
168,17235.658840
169,17213.584028
170,17226.705494
171,16983.394905
172,17178.202901
173,17099.749955
174,17330.662260
175,17499.584806
176,17238.390650
177,17379.369007
178,17297.758826
179,16770.949597
180,17061.152382
181,16646.164417
182,16803.762169
183,17079.827060
184,16782.871565
185,16969.156557
186,16990.373256
187,17025.609102
188,16983.131190
189,17076.130299
190,17003.935605
191,17142.253141
192,17294.397361
193,16979.126600
194,17164.680124
195,17065.231786
196,17194.297312
197,17309.430980
198,16984.981632
199,17241.611817
200,17111.922249
201,17112.255557
202,16985.183149
203,16980.065879
204,17429.771874
205,17330.147631
206,17455.995786
207,17022.055460
208,17189.344928
209,16934.954656
210,16956.747008
211,17245.600562
212,16872.366153
213,16780.870471
214,16948.328665
215,16799.001348
216,16921.144589
217,17098.509161
218,16850.470366
219,16964.773140
220,16914.452802
221,17138.453028
222,17197.948413
223,17170.264774
224,17121.626080
225,16923.461442
226,17025.649747
227,17102.405158
228,17088.735460
229,17391.510567
230,17372.083245
231,17421.707705
232,17155.345747
233,16953.071855
234,17228.524654
235,17125.836987
236,17358.205493
237,17200.744754
238,16954.174052
239,17341.315301
240,17361.448784
241,17568.186889
242,17817.437664
243,17529.830118
244,17908.422638
245,17771.416617
246,17931.613871
247,17709.226430
248,17853.360229
249,17722.012114
250,17421.446405
251,18021.231112
252,17513.123599
253,17539.415957
254,17719.495470
255,17944.880487
256,17863.468924
257,17671.703371
258,17748.314678
259,18020.081527
260,17723.855463
261,17493.946673
262,17646.295369
263,17776.238139
264,17939.239837
265,17890.704355
266,17776.018970
267,17677.976813
268,17788.800134
269,17568.553745
270,17705.447274
271,17604.098984
272,17821.636831
273,17743.324439
274,17930.287017
275,17743.850973
276,17483.013831
277,17706.589672
278,18159.537900
279,18223.649465
280,18155.261320
281,17749.064243
282,17937.613909
283,17935.827833
284,17992.313219
285,18053.241157
286,17822.893221
287,18033.203418
288,17879.790661
289,17698.009757
290,17878.279290
291,17983.000344
292,18159.065326
293,18017.994575
294,17956.834776
295,17830.726390
296,17858.515961
297,18203.927945
298,17843.023185
299,17901.008618
300,17662.548121
301,17842.122721
302,17800.077754
303,18129.597114
304,17860.699047
305,17916.030988
306,17780.772651
307,18081.234296
308,17911.006267
309,18380.826478
310,18300.898792
311,17721.047947
312,18194.928182
313,17965.829427
314,17945.185689
315,17728.398402
316,17927.695543
317,18093.592351
318,18223.382009
319,17940.527670
320,17818.215777
321,18039.000612
322,18111.088696
323,18105.454692
324,18071.849644
325,18326.974369
326,18253.180254
327,18121.667337
328,18096.909203
329,18260.501615
330,18283.692200
331,18263.970975
332,18120.821861
333,18168.865351
334,18025.275070
335,17875.295814
336,18089.409496
337,17797.502972
338,18210.583140
339,18289.833203
340,18416.498755
341,18078.363657
342,18305.306457
343,17931.828857
344,18305.953326
345,18241.879460
346,17814.410212
347,17643.644289
348,17823.574151
349,17968.388182
350,17889.666447
351,17965.289262
352,18146.486530
353,18078.660636
354,17809.945630
355,18061.080130
356,17903.251372
357,17986.741963
358,17932.426108
359,18086.246492
360,18030.513416
361,17795.954388
362,18265.942804
363,18044.585265
364,17849.830848
365,18144.732687
366,18120.537541
367,18124.026922
368,18168.336789
369,17861.351715
370,17871.337658
371,18072.760340
372,18204.711506
373,18359.909915
374,18104.838901
375,18154.067422
376,18233.020069
377,18285.395948
378,18229.874510
379,18092.726458
380,17689.531387
381,18161.386391
382,18033.173737
383,17913.228896
384,18056.492431
385,18273.256129
386,18376.708260
387,18446.341554
388,18246.642751
389,18080.757473
390,18112.050781
391,17995.803174
392,18149.083250
393,18203.806462
394,18202.304227
395,18340.038991
396,18262.528775
397,18230.870529
398,18046.982867
399,17820.264452
400,18307.145361
401,18236.031025
402,18021.019555
403,18057.462897
404,18007.058548
405,18241.100215
406,17553.542331
407,17989.089289
408,18395.638444
409,18560.491487
410,18169.237784
411,17946.011865
412,17941.868327
413,17931.603768
414,17979.811912
415,18042.090601
416,17839.762457
417,18237.534206
418,18309.731953
419,18385.360641
420,17914.937229
421,18033.842870
422,17954.256333
423,18060.876629
424,18154.266693
425,18380.270860
426,18516.370699
427,18193.691899
428,18388.062378
429,18252.104233
430,17973.270458
431,18113.408308
432,17915.569474
433,17851.638994
434,17897.516326
435,17920.466125
436,18019.807578
437,18151.310696
438,18299.283175
439,18234.645039
440,18185.124411
441,18410.769940
442,18198.651144
443,18208.376833
444,18312.218364
445,18417.030551
446,18346.390719
447,18264.193508
448,18252.808829
449,18229.893735
450,18226.564044
451,18271.296853
452,17826.172275
453,18123.456812
454,18192.831822
455,17859.923963
456,17826.309860
457,17822.128661
458,17892.418216
459,18025.975039
460,18285.003417
461,18106.227131
462,18095.453672
463,17867.484321
464,18167.889107
465,18338.499260
466,18148.664105
467,18124.594411
468,18229.113706
469,18216.338830
470,18403.521655
471,18189.577769
472,17905.204334
473,17953.603181
474,18178.625415
475,18167.514672
476,17865.865118
477,17773.259584
478,17866.203878
479,18095.798835
480,17895.452784
481,17985.453914
482,17635.607412
483,18238.062886
484,18188.847170
485,18218.065925
486,18030.245953
487,18202.653772
488,17990.504588
489,18056.866806
490,18422.845552
491,18156.434907
492,18247.597773
493,18261.669606
494,17988.247658
495,18197.042690
496,18080.867926
497,18229.833216
498,18360.539870
499,18055.726298
