0,2769.914206
1,2947.826575
2,3169.930502
3,3300.059533
4,3434.753445
5,3680.731567
6,4067.169192
7,4256.137164
8,4499.108760
9,4632.071664
10,4726.228377
11,4874.195456
12,5040.770669
13,5209.668618
14,5330.035678
15,5417.511774
16,5642.788739
17,5710.210373
18,5788.382489
19,5934.903326
20,6080.799338
21,6164.231992
22,6358.115155
23,6471.808421
24,6471.179595
25,6493.082595
26,6566.615185
27,6589.676699
28,6580.487572
29,6569.046053
30,6579.583028
31,6655.405629
32,6664.142883
33,6709.079538
34,6762.692028
35,6804.603736
36,6795.436448
37,6820.343204
38,6897.318438
39,6938.797199
40,6882.295143
41,7011.259546
42,7046.758030
43,7279.843291
44,7297.624249
45,7332.220444
46,7429.243850
47,7435.015468
48,7529.995732
49,7566.965463
50,7612.576752
51,7659.575228
52,7711.998251
53,7696.699792
54,7673.230830
55,7801.111590
56,7918.924282
57,7914.959188
58,8004.420805
59,8029.722125
60,8110.340998
61,8105.690805
62,8155.108434
63,8162.353164
64,8047.746798
65,8034.677192
66,8018.611386
67,8114.252981
68,8060.236928
69,8110.029689
70,8111.592575
71,8109.433436
72,8161.092197
73,8172.123962
74,8170.887059
75,8192.629414
76,8239.408944
77,8294.167556
78,8291.084809
79,8306.528707
80,8271.633210
81,8195.872195
82,8241.467648
83,8238.379781
84,8233.060108
85,8274.580895
86,8319.502069
87,8315.296244
88,8339.365994
89,8445.300491
90,8409.935105
91,8364.078400
92,8371.896917
93,8330.422233
94,8287.295637
95,8338.474694
96,8330.952488
97,8348.878213
98,8353.310445
99,8406.461938
100,8424.146906
101,8402.249064
102,8440.593878
103,8437.201763
104,8434.047988
105,8463.366770
106,8402.351225
107,8481.207811
108,8543.426445
109,8585.669633
110,8594.825113
111,8575.431966
112,8578.747808
113,8571.606624
114,8645.429497
115,8643.005049
116,8628.593938
117,8621.349597
118,8598.973072
119,8645.450410
120,8679.712212
121,8691.095921
122,8713.542922
123,8755.883171
124,8748.805692
125,8809.159539
126,8808.429731
127,8777.904688
128,8785.480730
129,8867.248605
130,8863.407130
131,8853.241401
132,8888.817994
133,8861.240122
134,8906.134186
135,8888.319681
136,8924.148576
137,8922.758534
138,8934.245560
139,8910.182140
140,8935.257743
141,8944.796180
142,8953.741923
143,8984.212874
144,8975.600203
145,8976.719029
146,8986.943218
147,8968.432721
148,8941.325344
149,8965.746590
150,8967.101161
151,8971.324807
152,8990.148516
153,9004.695526
154,8958.494168
155,9010.080490
156,9000.548923
157,9009.661350
158,9029.520652
159,9040.797931
160,9069.410049
161,9104.985857
162,9150.015763
163,9124.218496
164,9144.775140
165,9189.909070
166,9209.791202
167,9263.787861
168,9269.465349
169,9273.398298
170,9289.240695
171,9310.366474
172,9336.749078
173,9338.507907
174,9339.710132
175,9338.377547
176,9330.735167
177,9348.676595
178,9360.505115
179,9350.207303
180,9366.273186
181,9387.447649
182,9389.349377
183,9387.737926
184,9397.600103
185,9411.397592
186,9398.453831
187,9409.485866
188,9388.952700
189,9426.962312
190,9445.537877
191,9416.363688
192,9408.979758
193,9421.089825
194,9440.893018
195,9440.350640
196,9449.706786
197,9451.867358
198,9446.748111
199,9441.599963
200,9455.252355
201,9444.285008
202,9452.035418
203,9448.418516
204,9443.970503
205,9464.909515
206,9457.604226
207,9464.372899
208,9470.720969
209,9497.822063
210,9509.610380
211,9540.438908
212,9561.498705
213,9588.433411
214,9609.549080
215,9616.129116
216,9615.397734
217,9610.016185
218,9623.745322
219,9625.133095
220,9625.166157
221,9618.595089
222,9621.124183
223,9627.011969
224,9624.862043
225,9626.806769
226,9626.643812
227,9621.631581
228,9626.530350
229,9628.125342
230,9624.034442
231,9627.037316
232,9627.729467
233,9628.328488
234,9627.701623
235,9629.387023
236,9623.525778
237,9623.913869
238,9628.525469
239,9630.153982
240,9627.756885
241,9628.923151
242,9629.371111
243,9628.323801
244,9623.929642
245,9625.824604
246,9623.872857
247,9626.982034
248,9620.390317
249,9626.666467
250,9629.501245
251,9623.793196
252,9622.451307
253,9618.804606
254,9626.055819
255,9623.963766
256,9628.724419
257,9623.586704
258,9623.108803
259,9627.723445
260,9626.238303
261,9625.746839
262,9626.432925
263,9628.788970
264,9628.578824
265,9625.803543
266,9629.010932
267,9628.141696
268,9626.886545
269,9628.674168
270,9627.733572
271,9635.273757
272,9634.958255
273,9639.195246
274,9638.469295
275,9641.357327
276,9643.730158
277,9638.970696
278,9647.324967
279,9643.928983
280,9650.773722
281,9655.379050
282,9649.733333
283,9647.448420
284,9647.586374
285,9657.237012
286,9660.778763
287,9666.551928
288,9665.884944
289,9664.151999
290,9661.856467
291,9665.021842
292,9666.056163
293,9668.580304
294,9668.155681
295,9665.485142
296,9670.192210
297,9668.588784
298,9670.081312
299,9666.816720
300,9664.254674
301,9672.177502
302,9671.906234
303,9671.975392
304,9680.857585
305,9678.445644
306,9672.771753
307,9680.403495
308,9686.463395
309,9692.048599
310,9690.702337
311,9694.044661
312,9693.452505
313,9701.397427
314,9708.729022
315,9713.011306
316,9718.136159
317,9723.605793
318,9719.309507
319,9725.635290
320,9721.033467
321,9722.221438
322,9726.006792
323,9725.700080
324,9725.403964
325,9729.966284
326,9718.103162
327,9722.156235
328,9730.044996
329,9729.911958
330,9731.488300
331,9730.889105
332,9726.191832
333,9728.502914
334,9731.432145
335,9733.862561
336,9725.735230
337,9731.498728
338,9721.246428
339,9723.640732
340,9727.259185
341,9724.170867
342,9728.087581
343,9726.513698
344,9729.728472
345,9725.696198
346,9728.987360
347,9724.437528
348,9729.992014
349,9728.105547
350,9731.294529
351,9729.428289
352,9724.993353
353,9720.049029
354,9721.749303
355,9724.832206
356,9734.071432
357,9735.616723
358,9748.926307
359,9764.206608
360,9787.890335
361,9812.444394
362,9836.849192
363,9856.735896
364,9882.570220
365,9885.646372
366,9887.954055
367,9882.163183
368,9880.181607
369,9879.531798
370,9884.078034
371,9884.807258
372,9887.748045
373,9887.812174
374,9888.559063
375,9879.256161
376,9888.060237
377,9882.671215
378,9883.231957
379,9881.271034
380,9887.554047
381,9888.916420
382,9883.865483
383,9887.560335
384,9889.753710
385,9875.474604
386,9877.010315
387,9883.968545
388,9886.311435
389,9879.547730
390,9880.249540
391,9885.246462
392,9888.236765
393,9889.229998
394,9883.579318
395,9888.296667
396,9881.819359
397,9889.597084
398,9886.572012
399,9886.346785
400,9884.114907
401,9880.699109
402,9872.618496
403,9879.856364
404,9884.032377
405,9884.862293
406,9891.122995
407,9889.897663
408,9882.990625
409,9883.198390
410,9884.858929
411,9884.843181
412,9887.421624
413,9883.279411
414,9889.896675
415,9890.551421
416,9886.998069
417,9887.965917
418,9891.518504
419,9887.689937
420,9882.622519
421,9883.212981
422,9882.337114
423,9892.998772
424,9897.951115
425,9897.385184
426,9911.809773
427,9932.327963
428,9978.741717
429,10021.068820
430,10052.776510
431,10070.240055
432,10079.121842
433,10081.212982
434,10082.199738
435,10080.720045
436,10071.413538
437,10076.359506
438,10072.856135
439,10079.779373
440,10079.909689
441,10081.924589
442,10077.716130
443,10072.053314
444,10082.259635
445,10073.511266
446,10076.082392
447,10075.746786
448,10080.290265
449,10082.563465
450,10079.254524
451,10082.105734
452,10076.192909
453,10077.039238
454,10074.796823
455,10077.879759
456,10079.622236
457,10079.968898
458,10074.064369
459,10076.151801
460,10081.773368
461,10079.547646
462,10071.050210
463,10078.835567
464,10075.371795
465,10084.468102
466,10077.579480
467,10080.898899
468,10080.206155
469,10081.957155
470,10081.242858
471,10073.564495
472,10076.662804
473,10080.039309
474,10083.091582
475,10069.754560
476,10080.675559
477,10075.568914
478,10078.060866
479,10080.848884
480,10077.131147
481,10071.147455
482,10081.485842
483,10082.881764
484,10081.696445
485,10081.279400
486,10085.581151
487,10083.930556
488,10081.632981
489,10082.789219
490,10083.786099
491,10082.765268
492,10081.929147
493,10088.865172
494,10088.402785
495,10089.225371
496,10077.339082
497,10088.468472
498,10082.691884
499,10083.368894
