0,2799.981020
1,2839.312613
2,2871.984950
3,2895.439534
4,2917.334148
5,2968.753862
6,3096.029802
7,3090.772565
8,3047.913661
9,3044.228236
10,3086.396785
11,3253.218978
12,3262.594348
13,3365.546321
14,3448.890030
15,3448.599580
16,3456.718762
17,3374.991115
18,3473.801786
19,3373.872811
20,3363.153637
21,3383.343109
22,3386.556102
23,3470.607757
24,3558.499962
25,3552.299135
26,3456.060484
27,3497.776074
28,3594.076199
29,3633.941172
30,3797.713846
31,3818.796058
32,4013.352558
33,3997.628528
34,4010.419307
35,3934.196927
36,3982.302326
37,4111.248269
38,4086.009654
39,4024.952432
40,4085.958171
41,4036.508782
42,4077.513123
43,4082.169842
44,4095.148538
45,4092.920008
46,4076.881083
47,4151.089447
48,4222.028945
49,4253.573424
50,4320.652532
51,4295.517739
52,4278.157210
53,4406.933136
54,4474.124530
55,4632.660018
56,4699.557690
57,4823.545994
58,5070.389112
59,5089.482405
60,5086.641886
61,5282.216273
62,5338.986821
63,5503.181850
64,5553.078798
65,5639.738454
66,5746.587777
67,5917.665294
68,5934.867462
69,5999.429429
70,5940.345205
71,5965.704983
72,6172.903250
73,6265.399103
74,6229.220779
75,6208.796097
76,6213.896639
77,6264.845808
78,6300.886320
79,6451.119929
80,6567.404816
81,6615.618974
82,6794.342969
83,6872.799347
84,6969.602393
85,7008.203284
86,7213.234980
87,7331.495955
88,7280.748677
89,7441.239826
90,7487.292781
91,7489.992636
92,7602.528507
93,7697.662151
94,7664.542088
95,7662.007024
96,7600.797165
97,7684.712083
98,7771.962361
99,7892.453995
100,7986.128979
101,8009.987618
102,7939.738897
103,8153.834138
104,8132.978654
105,8120.492230
106,8232.817723
107,8169.563102
108,8238.954795
109,8295.760294
110,8294.586365
111,8359.032880
112,8522.672121
113,8524.497769
114,8444.287492
115,8474.617766
116,8504.643725
117,8580.113781
118,8651.353560
119,8749.902748
120,8693.776229
121,8615.510306
122,8733.382944
123,8718.919511
124,8761.808072
125,8760.850856
126,8851.057837
127,8843.119416
128,8897.704251
129,8966.959767
130,8953.273001
131,8926.758949
132,8966.824820
133,8954.374667
134,8970.182861
135,9012.984517
136,8998.647282
137,9116.828872
138,9155.757419
139,9121.731451
140,9117.389865
141,9198.895110
142,9233.134654
143,9202.473936
144,9256.702919
145,9281.310896
146,9285.451137
147,9304.562152
148,9317.915247
149,9335.019787
150,9313.429770
151,9313.986658
152,9411.896780
153,9385.488097
154,9422.791179
155,9464.152217
156,9482.778218
157,9478.025238
158,9450.791266
159,9473.495350
160,9550.922806
161,9550.908664
162,9512.228926
163,9553.101798
164,9542.283956
165,9523.411186
166,9535.166218
167,9535.836592
168,9583.834409
169,9574.313509
170,9592.662065
171,9605.628735
172,9602.293370
173,9599.926710
174,9577.641574
175,9621.592397
176,9612.434945
177,9633.810418
178,9663.973849
179,9658.428196
180,9660.376073
181,9684.047264
182,9692.118268
183,9683.578381
184,9661.637153
185,9684.278892
186,9678.709483
187,9698.919381
188,9704.972351
189,9660.895700
190,9666.326867
191,9696.558561
192,9710.846913
193,9720.123702
194,9712.438423
195,9726.493980
196,9738.118775
197,9755.408288
198,9774.238030
199,9795.988147
200,9836.865548
201,9860.885959
202,9878.799918
203,9897.784575
204,9913.223790
205,9927.595650
206,9932.761970
207,9923.314548
208,9927.140697
209,9931.344188
210,9935.525271
211,9942.846750
212,9949.501533
213,9936.998356
214,9941.814120
215,9937.849497
216,9948.820229
217,9944.710951
218,9940.157457
219,9940.111505
220,9942.327735
221,9939.578868
222,9947.735719
223,9941.512629
224,9952.653303
225,9946.440055
226,9954.363305
227,9940.492259
228,9945.335201
229,9949.625142
230,9949.817629
231,9942.861176
232,9949.595478
233,9945.149913
234,9947.816766
235,9952.608549
236,9940.440477
237,9952.167972
238,9950.212280
239,9954.053882
240,9950.374593
241,9949.596099
242,9957.445637
243,9957.197159
244,9955.697372
245,9954.138278
246,9953.150981
247,9952.414399
248,9959.537772
249,9950.829497
250,9952.887826
251,9956.660658
252,9955.845599
253,9960.735752
254,9957.242851
255,9955.908795
256,9959.232379
257,9960.200113
258,9949.634959
259,9950.146687
260,9949.974207
261,9959.277650
262,9959.813784
263,9962.197622
264,9956.896144
265,9961.004443
266,9960.639210
267,9958.502712
268,9952.562357
269,9961.799091
270,9960.354567
271,9951.195562
272,9956.856817
273,9959.650766
274,9954.852030
275,9962.140232
276,9954.542655
277,9956.453421
278,9956.525494
279,9958.874606
280,9953.176431
281,9960.933939
282,9960.335754
283,9959.614733
284,9967.060218
285,9950.777906
286,9961.619646
287,9957.421275
288,9963.008920
289,9964.434896
290,9962.466487
291,9973.971644
292,9985.736169
293,9997.411832
294,10004.654193
295,10020.849001
296,10035.859553
297,10038.304102
298,10050.764597
299,10058.030075
300,10064.646186
301,10074.478954
302,10075.183776
303,10090.702382
304,10085.774709
305,10084.220092
306,10096.335858
307,10096.719134
308,10094.812480
309,10102.355479
310,10103.184784
311,10100.283155
312,10092.468261
313,10106.998866
314,10101.338598
315,10107.849598
316,10111.091448
317,10107.487030
318,10110.171901
319,10111.630105
320,10111.760317
321,10107.326016
322,10101.523525
323,10118.789383
324,10111.123205
325,10117.274981
326,10108.360324
327,10112.438562
328,10116.093873
329,10110.264040
330,10117.625764
331,10117.741569
332,10114.051994
333,10120.974090
334,10120.998312
335,10119.166401
336,10120.503225
337,10113.464594
338,10118.031164
339,10122.521811
340,10116.352122
341,10120.284974
342,10119.335404
343,10113.290486
344,10117.056408
345,10118.869719
346,10119.781822
347,10118.875071
348,10116.603179
349,10115.083560
350,10117.260596
351,10116.443688
352,10116.545690
353,10120.882277
354,10119.775008
355,10116.018891
356,10115.067701
357,10122.313070
358,10109.476777
359,10121.076026
360,10115.575388
361,10113.164384
362,10112.675639
363,10118.517113
364,10116.937800
365,10112.451448
366,10123.980919
367,10125.235832
368,10131.835521
369,10127.731911
370,10130.523245
371,10136.475433
372,10144.226469
373,10145.836176
374,10144.013661
375,10157.488696
376,10165.968604
377,10163.276806
378,10162.830857
379,10167.310180
380,10173.824556
381,10171.733981
382,10177.720752
383,10176.109654
384,10181.047995
385,10179.565808
386,10184.876049
387,10191.801642
388,10177.845642
389,10188.442404
390,10186.355990
391,10185.358169
392,10186.345740
393,10180.805687
394,10191.051826
395,10188.068088
396,10191.137375
397,10190.361219
398,10187.085385
399,10183.894327
400,10185.138755
401,10190.804094
402,10188.247189
403,10190.762767
404,10193.972222
405,10185.411530
406,10181.117210
407,10182.560131
408,10187.152894
409,10191.539002
410,10185.699745
411,10183.125709
412,10181.600004
413,10188.524818
414,10186.882088
415,10186.372453
416,10187.901925
417,10185.785234
418,10185.226563
419,10184.099851
420,10182.095642
421,10181.865288
422,10186.991294
423,10187.723579
424,10185.033128
425,10189.823009
426,10183.590958
427,10183.612667
428,10175.065114
429,10177.006554
430,10182.627676
431,10188.778841
432,10184.006143
433,10186.872504
434,10182.725136
435,10182.647959
436,10189.606977
437,10189.421579
438,10186.211864
439,10187.674963
440,10179.350048
441,10191.723810
442,10190.109054
443,10184.539607
444,10185.464689
445,10186.139002
446,10188.432708
447,10178.791870
448,10192.178094
449,10187.354482
450,10188.153122
451,10182.908570
452,10175.588732
453,10176.315283
454,10184.049646
455,10184.963536
456,10189.074140
457,10183.233276
458,10191.360809
459,10183.894491
460,10189.258966
461,10190.460752
462,10190.504780
463,10186.907646
464,10185.088645
465,10193.972222
466,10193.972222
467,10185.399691
468,10190.396400
469,10183.468212
470,10189.533091
471,10184.874587
472,10188.886069
473,10183.858766
474,10187.403143
475,10186.621165
476,10187.285256
477,10189.014811
478,10192.317135
479,10181.995383
480,10185.272433
481,10182.246487
482,10185.906885
483,10182.310343
484,10187.216183
485,10187.683367
486,10180.011340
487,10187.506714
488,10187.761540
489,10189.175951
490,10184.923342
491,10193.972222
492,10188.237856
493,10190.775739
494,10190.103957
495,10189.186620
496,10185.931195
497,10185.177161
498,10191.405869
499,10192.243806
