0,2825.910504
1,5595.010952
2,6208.614344
3,6530.720827
4,6684.178866
5,6768.620509
6,6997.103884
7,7191.768769
8,7416.451008
9,7569.493799
10,7528.271247
11,7637.025951
12,7897.816412
13,7760.755239
14,7876.105196
15,8149.649829
16,8011.133852
17,8287.776140
18,8071.300439
19,8617.747799
20,8612.383281
21,8791.827643
22,8792.196980
23,9075.107098
24,9205.117360
25,9218.311126
26,9523.770237
27,9549.768737
28,9447.844146
29,10028.206018
30,9724.461715
31,10118.831947
32,10213.658668
33,10368.285327
34,10162.665520
35,10083.304972
36,10383.207336
37,10609.187843
38,10600.229175
39,10799.118772
40,11146.454281
41,11187.783915
42,11127.415225
43,11073.120707
44,11372.572681
45,11131.779565
46,11745.374534
47,11827.919776
48,11715.508413
49,12039.060728
50,11763.249468
51,12459.927986
52,11854.779893
53,11852.410526
54,12219.719267
55,12768.285465
56,12643.239315
57,12685.031800
58,12435.436960
59,12446.682661
60,12837.362299
61,12761.957474
62,12861.616823
63,12670.602868
64,12460.735871
65,12745.420150
66,12863.992380
67,12957.184356
68,12650.814541
69,12205.309195
70,12435.720719
71,12834.103301
72,12607.487169
73,12641.351556
74,12842.826061
75,13016.589769
76,12889.097030
77,13379.049430
78,12954.450490
79,13009.619419
80,13288.845429
81,13532.301322
82,13693.709652
83,12981.641161
84,13409.772513
85,12884.173566
86,13252.149958
87,13864.078368
88,13528.676022
89,13292.944597
90,13527.482220
91,13491.722855
92,13328.868571
93,13032.438885
94,13645.845398
95,13908.297437
96,13507.484307
97,13728.957081
98,13026.972338
99,12998.946883
100,13431.055139
101,13889.879907
102,14313.832911
103,14112.153216
104,13282.335106
105,13537.315863
106,13677.853249
107,13637.096755
108,13485.294727
109,13789.505204
110,13869.134541
111,13470.685034
112,13712.605100
113,13955.828750
114,13692.466781
115,13217.717928
116,13370.239421
117,13135.182652
118,13204.358564
119,13422.661506
120,13488.794167
121,13675.512471
122,13765.056663
123,13574.863055
124,14153.665977
125,14437.316419
126,13766.084056
127,14299.079920
128,13826.375166
129,13861.260505
130,13747.901059
131,13522.178178
132,13805.999456
133,13546.807180
134,13363.252101
135,14010.133377
136,13678.119056
137,13724.509584
138,14161.624689
139,14124.016446
140,14028.051250
141,13970.401911
142,13344.369281
143,13473.523606
144,13446.068072
145,13424.041424
146,13775.419888
147,14104.905939
148,13619.705156
149,13801.851933
150,13531.267475
151,13914.234843
152,13621.581135
153,13299.067575
154,13703.463155
155,14398.493779
156,14139.253681
157,13978.082040
158,13354.607695
159,13696.511100
160,13849.954419
161,14342.223320
162,13818.898447
163,13891.468487
164,13384.928767
165,13667.764307
166,13809.704224
167,14046.076986
168,14093.102584
169,13832.147234
170,13828.454583
171,13810.765200
172,13722.751050
173,13942.491055
174,13528.031877
175,13704.611642
176,13537.018130
177,13632.575307
178,13954.665446
179,14130.301487
180,13994.844950
181,14065.383729
182,13640.863370
183,13782.678277
184,13317.693066
185,13303.425164
186,12835.748535
187,13476.939102
188,14049.191600
189,13659.714223
190,13505.386992
191,13535.680296
192,13361.991115
193,13642.160497
194,13031.224249
195,13843.482123
196,13874.711585
197,13558.042105
198,13562.695565
199,13857.210372
200,13357.214626
201,13511.143345
202,14026.592378
203,14069.600703
204,14450.416411
205,13694.739281
206,13294.505517
207,13640.099507
208,13994.862793
209,13786.763591
210,13201.169319
211,13685.405931
212,13697.470954
213,13318.040084
214,13851.642267
215,13628.688283
216,14089.207713
217,13813.508668
218,13568.669304
219,13411.446012
220,13463.972492
221,13325.549082
222,13435.312905
223,13468.350523
224,13518.998492
225,13699.217361
226,13408.752865
227,13417.422155
228,13713.426401
229,13793.769620
230,13404.800870
231,13871.463133
232,13405.850260
233,13617.772947
234,13719.809812
235,13406.883145
236,13742.940916
237,13576.722413
238,13867.509271
239,13805.227985
240,13278.263304
241,13522.659191
242,13256.330823
243,13511.432980
244,13425.772693
245,13651.766831
246,13684.369544
247,13124.776037
248,13266.889998
249,13996.922206
250,13801.945110
251,14141.398909
252,14330.213693
253,14442.667034
254,14509.400649
255,13443.563584
256,13822.720836
257,14153.701371
258,14267.538274
259,14159.482234
260,13958.065173
261,13806.499103
262,13415.657867
263,13531.060356
264,13796.915696
265,13344.074964
266,13412.704621
267,13079.188544
268,13209.027558
269,13402.901522
270,13803.801189
271,14104.338566
272,13561.664591
273,13603.181669
274,13916.825884
275,13570.766268
276,13546.453639
277,13428.898832
278,13992.915444
279,13649.749212
280,13901.681374
281,14024.057217
282,13941.048667
283,13928.145415
284,13989.283411
285,13287.332074
286,13385.371833
287,13467.184867
288,13533.423817
289,13480.440476
290,13752.963677
291,13184.963568
292,13729.368123
293,13558.762145
294,14069.958950
295,13665.884306
296,13706.473109
297,13849.315880
298,13900.910473
299,13682.967455
300,14218.469144
301,14311.431769
302,14214.718934
303,13814.860544
304,13656.169996
305,13720.021354
306,13692.754917
307,13864.505114
308,13964.273672
309,14148.822154
310,13568.819354
311,13153.421880
312,13537.248604
313,13303.301955
314,13433.401113
315,13638.035691
316,13469.716941
317,13449.579558
318,13177.678471
319,13062.002876
320,13685.688310
321,13775.521124
322,14098.692078
323,13619.777010
324,14064.225767
325,13568.685078
326,13975.241509
327,13658.307830
328,13906.537638
329,14267.342408
330,14228.694193
331,13814.634389
332,13748.619690
333,13565.317022
334,13631.858349
335,14245.608806
336,14016.070039
337,13828.056404
338,13687.970030
339,13897.210695
340,13175.709484
341,13633.108085
342,13795.988980
343,14196.396658
344,14220.778946
345,13464.483583
346,13265.719271
347,13689.485294
348,13791.382798
349,13867.797877
350,13826.520590
351,13658.686916
352,13938.271023
353,13564.790770
354,13821.218353
355,13718.621860
356,13856.908303
357,13876.536355
358,14287.119037
359,14040.927643
360,14137.918173
361,13502.667872
362,14053.507815
363,13786.423393
364,13669.821446
365,13506.638204
366,13566.228758
367,13539.440700
368,13591.643846
369,13928.277179
370,14494.942775
371,13968.329399
372,13959.326449
373,13636.880193
374,13580.078244
375,13578.737645
376,13811.589709
377,13340.689034
378,13737.041205
379,13671.181643
380,13674.295534
381,13373.989654
382,13848.841839
383,13876.367463
384,13809.712688
385,13816.954270
386,13950.945799
387,13732.230597
388,13752.771940
389,14008.643969
390,13924.508541
391,13996.148422
392,13742.564656
393,13812.895714
394,13686.344631
395,13707.747585
396,13713.206016
397,13920.016873
398,14124.737129
399,13626.836012
400,13643.512000
401,13985.354910
402,14202.102811
403,13852.747109
404,13733.189235
405,13427.815052
406,14110.541996
407,13629.207159
408,13980.616771
409,14100.382571
410,14271.750123
411,13842.530531
412,14118.781496
413,13850.191232
414,13602.592571
415,13597.081019
416,13487.289511
417,13620.197124
418,14030.511757
419,13551.563558
420,13618.267420
421,13985.742725
422,14079.328602
423,13666.341536
424,13256.545268
425,13382.364289
426,14076.918947
427,13942.164062
428,13760.237294
429,13863.547786
430,14301.254295
431,13636.926490
432,13970.864953
433,13750.485129
434,13941.040284
435,13418.092793
436,13642.130905
437,14085.995851
438,13691.656347
439,13098.627851
440,13781.322291
441,13839.802216
442,13548.736805
443,13713.097938
444,14389.284006
445,13886.176285
446,14289.031540
447,14025.301610
448,13863.318551
449,14109.471970
450,14040.943210
451,13759.435161
452,13844.471594
453,14109.153874
454,14108.065436
455,13881.220844
456,13767.907179
457,13736.136489
458,14016.607235
459,13886.184212
460,13901.024435
461,13718.808494
462,13314.417123
463,13770.949148
464,14088.303440
465,13740.685084
466,13639.832687
467,13744.522998
468,13546.732310
469,13532.510017
470,13748.636699
471,13482.828150
472,13625.927601
473,14193.724415
474,14032.497635
475,14099.214290
476,14135.496646
477,14231.521514
478,13993.820222
479,13666.705374
480,13194.092687
481,13181.570593
482,14119.466061
483,13810.213331
484,13354.209474
485,13910.911835
486,13905.180053
487,13710.964177
488,13991.111503
489,13799.097693
490,13557.162185
491,13693.124986
492,13726.925497
493,13659.767439
494,13937.126102
495,14346.382501
496,13685.227490
497,13694.014931
498,13494.049741
499,13864.959690
