0,2803.781670
1,3571.757510
2,3969.318322
3,4327.902553
4,4655.080515
5,5001.298144
6,5329.193831
7,5544.922905
8,5765.874568
9,5943.889763
10,6139.851511
11,6301.979493
12,6413.929082
13,6552.024983
14,6682.791898
15,6828.252814
16,6954.503989
17,7049.626157
18,7161.319190
19,7251.596233
20,7335.384148
21,7435.660712
22,7485.514980
23,7518.763030
24,7542.001433
25,7564.682032
26,7577.207117
27,7581.659960
28,7589.237605
29,7592.831128
30,7592.831128
31,7592.831128
32,7592.831128
33,7592.831128
34,7592.831128
35,7592.831128
36,7592.831128
37,7592.831128
38,7592.831128
39,7592.831128
40,7592.831128
41,7592.831128
42,7592.831128
43,7592.831128
44,7592.831128
45,7592.831128
46,7592.831128
47,7592.831128
48,7592.831128
49,7592.831128
50,7592.831128
51,7592.831128
52,7592.831128
53,7592.831128
54,7592.831128
55,7592.831128
56,7592.831128
57,7592.831128
58,7592.831128
59,7592.831128
60,7592.831128
61,7592.831128
62,7592.831128
63,7592.831128
64,7592.831128
65,7592.831128
66,7592.831128
67,7592.831128
68,7592.831128
69,7592.831128
70,7592.831128
71,7592.831128
72,7592.831128
73,7592.831128
74,7592.831128
75,7592.831128
76,7592.831128
77,7592.831128
78,7592.831128
79,7592.831128
80,7592.831128
81,7592.831128
82,7592.831128
83,7592.831128
84,7592.831128
85,7592.831128
86,7592.831128
87,7592.831128
88,7592.831128
89,7592.831128
90,7592.831128
91,7592.831128
92,7592.831128
93,7592.831128
94,7592.831128
95,7592.831128
96,7592.831128
97,7592.831128
98,7592.831128
99,7592.831128
100,7592.831128
101,7592.831128
102,7592.831128
103,7592.831128
104,7592.831128
105,7592.831128
106,7592.831128
107,7592.831128
108,7592.831128
109,7592.831128
110,7592.831128
111,7592.831128
112,7592.831128
113,7592.831128
114,7592.831128
115,7592.831128
116,7592.831128
117,7592.831128
118,7592.831128
119,7592.831128
120,7592.831128
121,7592.831128
122,7592.831128
123,7592.831128
124,7592.831128
125,7592.831128
126,7592.831128
127,7592.831128
128,7592.831128
129,7592.831128
130,7592.831128
131,7592.831128
132,7592.831128
133,7592.831128
134,7592.831128
135,7592.831128
136,7592.831128
137,7592.831128
138,7592.831128
139,7592.831128
140,7592.831128
141,7592.831128
142,7592.831128
143,7592.831128
144,7592.831128
145,7592.831128
146,7592.831128
147,7592.831128
148,7592.831128
149,7592.831128
150,7592.831128
151,7592.831128
152,7592.831128
153,7592.831128
154,7592.831128
155,7592.831128
156,7592.831128
157,7592.831128
158,7592.831128
159,7592.831128
160,7592.831128
161,7592.831128
162,7592.831128
163,7592.831128
164,7592.831128
165,7592.831128
166,7592.831128
167,7592.831128
168,7592.831128
169,7592.831128
170,7592.831128
171,7592.831128
172,7592.831128
173,7592.831128
174,7592.831128
175,7592.831128
176,7592.831128
177,7592.831128
178,7592.831128
179,7592.831128
180,7592.831128
181,7592.831128
182,7592.831128
183,7592.831128
184,7592.831128
185,7592.831128
186,7592.831128
187,7592.831128
188,7592.831128
189,7592.831128
190,7592.831128
191,7592.831128
192,7592.831128
193,7592.831128
194,7592.831128
195,7592.831128
196,7592.831128
197,7592.831128
198,7592.831128
199,7592.831128
200,7592.831128
201,7592.831128
202,7592.831128
203,7592.831128
204,7592.831128
205,7592.831128
206,7592.831128
207,7592.831128
208,7592.831128
209,7592.831128
210,7592.831128
211,7592.831128
212,7592.831128
213,7592.831128
214,7592.831128
215,7592.831128
216,7592.831128
217,7592.831128
218,7592.831128
219,7592.831128
220,7592.831128
221,7592.831128
222,7592.831128
223,7592.831128
224,7592.831128
225,7592.831128
226,7592.831128
227,7592.831128
228,7592.831128
229,7592.831128
230,7592.831128
231,7592.831128
232,7592.831128
233,7592.831128
234,7592.831128
235,7592.831128
236,7592.831128
237,7592.831128
238,7592.831128
239,7592.831128
240,7592.831128
241,7592.831128
242,7592.831128
243,7592.831128
244,7592.831128
245,7592.831128
246,7592.831128
247,7592.831128
248,7592.831128
249,7592.831128
250,7592.831128
251,7592.831128
252,7592.831128
253,7592.831128
254,7592.831128
255,7592.831128
256,7592.831128
257,7592.831128
258,7592.831128
259,7592.831128
260,7592.831128
261,7592.831128
262,7592.831128
263,7592.831128
264,7592.831128
265,7592.831128
266,7592.831128
267,7592.831128
268,7592.831128
269,7592.831128
270,7592.831128
271,7592.831128
272,7592.831128
273,7592.831128
274,7592.831128
275,7592.831128
276,7592.831128
277,7592.831128
278,7592.831128
279,7592.831128
280,7592.831128
281,7592.831128
282,7592.831128
283,7592.831128
284,7592.831128
285,7592.831128
286,7592.831128
287,7592.831128
288,7592.831128
289,7592.831128
290,7592.831128
291,7592.831128
292,7592.831128
293,7592.831128
294,7592.831128
295,7592.831128
296,7592.831128
297,7592.831128
298,7592.831128
299,7592.831128
300,7592.831128
301,7592.831128
302,7592.831128
303,7592.831128
304,7592.831128
305,7592.831128
306,7592.831128
307,7592.831128
308,7592.831128
309,7592.831128
310,7592.831128
311,7592.831128
312,7592.831128
313,7592.831128
314,7592.831128
315,7592.831128
316,7592.831128
317,7592.831128
318,7592.831128
319,7592.831128
320,7592.831128
321,7592.831128
322,7592.831128
323,7592.831128
324,7592.831128
325,7592.831128
326,7592.831128
327,7592.831128
328,7592.831128
329,7592.831128
330,7592.831128
331,7592.831128
332,7592.831128
333,7592.831128
334,7592.831128
335,7592.831128
336,7592.831128
337,7592.831128
338,7592.831128
339,7592.831128
340,7592.831128
341,7592.831128
342,7592.831128
343,7592.831128
344,7592.831128
345,7592.831128
346,7592.831128
347,7592.831128
348,7592.831128
349,7592.831128
350,7592.831128
351,7592.831128
352,7592.831128
353,7592.831128
354,7592.831128
355,7592.831128
356,7592.831128
357,7592.831128
358,7592.831128
359,7592.831128
360,7592.831128
361,7592.831128
362,7592.831128
363,7592.831128
364,7592.831128
365,7592.831128
366,7592.831128
367,7592.831128
368,7592.831128
369,7592.831128
370,7592.831128
371,7592.831128
372,7592.831128
373,7592.831128
374,7592.831128
375,7592.831128
376,7592.831128
377,7592.831128
378,7592.831128
379,7592.831128
380,7592.831128
381,7592.831128
382,7592.831128
383,7592.831128
384,7592.831128
385,7592.831128
386,7592.831128
387,7592.831128
388,7592.831128
389,7592.831128
390,7592.831128
391,7592.831128
392,7592.831128
393,7592.831128
394,7592.831128
395,7592.831128
396,7592.831128
397,7592.831128
398,7592.831128
399,7592.831128
400,7592.831128
401,7592.831128
402,7592.831128
403,7592.831128
404,7592.831128
405,7592.831128
406,7592.831128
407,7592.831128
408,7592.831128
409,7592.831128
410,7592.831128
411,7592.831128
412,7592.831128
413,7592.831128
414,7592.831128
415,7592.831128
416,7592.831128
417,7592.831128
418,7592.831128
419,7592.831128
420,7592.831128
421,7592.831128
422,7592.831128
423,7592.831128
424,7592.831128
425,7592.831128
426,7592.831128
427,7592.831128
428,7592.831128
429,7592.831128
430,7592.831128
431,7592.831128
432,7592.831128
433,7592.831128
434,7592.831128
435,7592.831128
436,7592.831128
437,7592.831128
438,7592.831128
439,7592.831128
440,7592.831128
441,7592.831128
442,7592.831128
443,7592.831128
444,7592.831128
445,7592.831128
446,7592.831128
447,7592.831128
448,7592.831128
449,7592.831128
450,7592.831128
451,7592.831128
452,7592.831128
453,7592.831128
454,7592.831128
455,7592.831128
456,7592.831128
457,7592.831128
458,7592.831128
459,7592.831128
460,7592.831128
461,7592.831128
462,7592.831128
463,7592.831128
464,7592.831128
465,7592.831128
466,7592.831128
467,7592.831128
468,7592.831128
469,7592.831128
470,7592.831128
471,7592.831128
472,7592.831128
473,7592.831128
474,7592.831128
475,7592.831128
476,7592.831128
477,7592.831128
478,7592.831128
479,7592.831128
480,7592.831128
481,7592.831128
482,7592.831128
483,7592.831128
484,7592.831128
485,7592.831128
486,7592.831128
487,7592.831128
488,7592.831128
489,7592.831128
490,7592.831128
491,7592.831128
492,7592.831128
493,7592.831128
494,7592.831128
495,7592.831128
496,7592.831128
497,7592.831128
498,7592.831128
499,7592.831128
