0,2782.583259
1,5494.639498
2,6016.915202
3,6623.260702
4,7061.203816
5,7374.967564
6,7861.330169
7,8262.423208
8,8616.579537
9,8954.673506
10,9253.696031
11,9659.056464
12,10157.836164
13,10654.117514
14,10990.625919
15,11505.200610
16,11945.830033
17,12291.606060
18,12488.181262
19,12802.611163
20,13111.922929
21,13423.037142
22,13845.009962
23,13945.832230
24,14441.332554
25,14551.656323
26,14698.895179
27,14916.503982
28,15038.126023
29,15244.903432
30,15500.540843
31,15692.849373
32,15655.473714
33,15812.915565
34,16048.828686
35,16312.040152
36,16300.541944
37,16489.992896
38,16626.672697
39,16523.379594
40,16687.333758
41,16754.108736
42,16763.329961
43,16825.570735
44,16790.389398
45,16745.645916
46,16723.877205
47,16784.992353
48,17234.719987
49,17064.102335
50,17172.165973
51,17157.537878
52,17168.698673
53,17237.886953
54,17257.511412
55,17296.632377
56,17380.278428
57,17229.584441
58,17339.907663
59,17404.461548
60,17439.736599
61,17453.940649
62,17573.815077
63,17511.456225
64,17768.209732
65,17827.598701
66,17922.419923
67,17896.899999
68,17857.592038
69,17919.315593
70,17996.789886
71,18100.195823
72,17962.864397
73,18046.320864
74,17995.296012
75,18034.301656
76,18103.016937
77,18107.997852
78,18108.820796
79,18035.182268
80,18137.948264
81,18147.728252
82,18119.218433
83,18197.627898
84,18250.823916
85,18162.609229
86,18150.608032
87,18218.134008
88,18216.974575
89,18217.404384
90,18160.096205
91,18233.995710
92,18231.943277
93,18228.805167
94,18289.218959
95,18366.822730
96,18334.219955
97,18346.764144
98,18422.520298
99,18360.557238
100,18336.621073
101,18478.456475
102,18394.302099
103,18489.831902
104,18515.335193
105,18486.707138
106,18635.365880
107,18638.044025
108,18549.271925
109,18630.225427
110,18598.736826
111,18747.094946
112,18637.156777
113,18758.994718
114,18742.885439
115,18795.895916
116,18610.437197
117,18662.536910
118,18823.069937
119,18764.139792
120,18729.061732
121,18711.108460
122,18721.082133
123,18565.804362
124,18697.236362
125,18797.405718
126,18766.456103
127,18838.852423
128,18972.160347
129,18833.426208
130,18795.078680
131,18809.962874
132,18747.764812
133,18785.636128
134,18815.247321
135,18891.740030
136,18948.680220
137,18990.124730
138,18939.358017
139,18988.320341
140,19050.466962
141,18978.192997
142,19018.842321
143,19013.245228
144,18916.605713
145,18965.981342
146,18967.120086
147,19111.345481
148,19055.078535
149,19065.487968
150,19127.311565
151,19101.912334
152,19090.984271
153,19068.607756
154,19106.851691
155,19142.245880
156,19114.163669
157,19125.496939
158,19141.737414
159,19016.301024
160,19092.316812
161,19105.140224
162,19158.659338
163,19109.728498
164,19162.856360
165,19226.104340
166,19224.820097
167,19172.282921
168,19229.230118
169,19198.896630
170,19243.389341
171,19291.980748
172,19305.406514
173,19248.752774
174,19281.021746
175,19259.303434
176,19219.122640
177,19211.975272
178,19237.896158
179,19234.717731
180,19239.387229
181,19304.187804
182,19241.130410
183,19238.544425
184,19254.736138
185,19310.677719
186,19294.251837
187,19278.147800
188,19301.998492
189,19321.597711
190,19323.797342
191,19331.119611
192,19331.855178
193,19330.228967
194,19326.280991
195,19316.980679
196,19324.312019
197,19347.925767
198,19353.082479
199,19395.078260
200,19422.249892
201,19435.582488
202,19534.184053
203,19625.881667
204,19727.353139
205,19773.906133
206,19817.535948
207,19835.452064
208,19843.606070
209,19850.001411
210,19903.089167
211,19964.320155
212,20133.470405
213,20341.827665
214,20447.609613
215,20507.450149
216,20529.127221
217,20504.332538
218,20513.690073
219,20528.271299
220,20508.529753
221,20519.112722
222,20517.200987
223,20530.821515
224,20521.425181
225,20518.525188
226,20527.671996
227,20532.584901
228,20533.085629
229,20534.021191
230,20542.081887
231,20545.473516
232,20547.064182
233,20566.266433
234,20571.619023
235,20560.204565
236,20582.534513
237,20572.191937
238,20577.912474
239,20585.038851
240,20576.176737
241,20578.352817
242,20578.679320
243,20574.613322
244,20571.429396
245,20572.053453
246,20561.013434
247,20567.512208
248,20575.273772
249,20581.994525
250,20572.503599
251,20584.534306
252,20577.249419
253,20589.416442
254,20589.657994
255,20598.680615
256,20618.096760
257,20653.152095
258,20691.262873
259,20705.592475
260,20684.501807
261,20716.417344
262,20706.481905
263,20715.780149
264,20719.320761
265,20703.688206
266,20713.236101
267,20705.840370
268,20711.535005
269,20698.916858
270,20696.176415
271,20715.620094
272,20714.939803
273,20704.338602
274,20702.066310
275,20707.983937
276,20714.242775
277,20699.478335
278,20702.701532
279,20704.477817
280,20691.533658
281,20715.886725
282,20713.992982
283,20714.673337
284,20697.181720
285,20719.568284
286,20715.882494
287,20702.403991
288,20716.549468
289,20701.297726
290,20720.698771
291,20706.160639
292,20709.723467
293,20699.644910
294,20700.588967
295,20703.797998
296,20705.395868
297,20716.860651
298,20708.614610
299,20709.733441
300,20715.679907
301,20717.177547
302,20715.409188
303,20707.232980
304,20721.653375
305,20704.549914
306,20709.470737
307,20710.203931
308,20713.956497
309,20709.063617
310,20709.139625
311,20690.148105
312,20714.974529
313,20710.006627
314,20713.472413
315,20713.135819
316,20717.165028
317,20703.645617
318,20709.268487
319,20718.900994
320,20713.194836
321,20729.495469
322,20734.534925
323,20740.196648
324,20717.275769
325,20735.178054
326,20726.606733
327,20735.279351
328,20736.573115
329,20743.221075
330,20721.914317
331,20718.739579
332,20725.327218
333,20725.480379
334,20730.643303
335,20720.662961
336,20737.303347
337,20738.588066
338,20736.155748
339,20729.883059
340,20735.522758
341,20737.827837
342,20730.709508
343,20735.660445
344,20723.139404
345,20737.224423
346,20734.321347
347,20738.207506
348,20735.345140
349,20733.327372
350,20736.755730
351,20738.775536
352,20731.851648
353,20723.305539
354,20735.662617
355,20728.465735
356,20722.240059
357,20713.319461
358,20722.300524
359,20743.272256
360,20733.014490
361,20744.008345
362,20730.523214
363,20730.335092
364,20736.861302
365,20730.692350
366,20737.957754
367,20726.340167
368,20720.590077
369,20725.904285
370,20737.888001
371,20725.488232
372,20719.582726
373,20737.617796
374,20744.842197
375,20742.613350
376,20739.761253
377,20729.506614
378,20732.174266
379,20720.386582
380,20740.463151
381,20719.935765
382,20720.960427
383,20731.352604
384,20718.749521
385,20729.464160
386,20730.726868
387,20731.156710
388,20736.778344
389,20733.377077
390,20743.822741
391,20737.211005
392,20737.742897
393,20740.006446
394,20729.248709
395,20714.352892
396,20741.858423
397,20728.032519
398,20731.594779
399,20735.389287
400,20740.697392
401,20732.885700
402,20740.500161
403,20746.154149
404,20747.885296
405,20760.226604
406,20732.390549
407,20754.871513
408,20762.435298
409,20778.364442
410,20781.718512
411,20776.289290
412,20763.782928
413,20773.222441
414,20767.555366
415,20778.758444
416,20769.808102
417,20742.450142
418,20764.363523
419,20781.181092
420,20769.436250
421,20781.249855
422,20770.683573
423,20767.706444
424,20791.085046
425,20776.991295
426,20774.416482
427,20766.524885
428,20767.945301
429,20784.654518
430,20773.997336
431,20778.313405
432,20777.100860
433,20774.522480
434,20767.987544
435,20773.744459
436,20753.416810
437,20775.663128
438,20769.982026
439,20773.510719
440,20773.952421
441,20768.051434
442,20779.174355
443,20785.169348
444,20765.873486
445,20766.750778
446,20775.131133
447,20764.760336
448,20759.799889
449,20769.379058
450,20778.953647
451,20776.660216
452,20781.249580
453,20773.079136
454,20760.004883
455,20771.279788
456,20775.291867
457,20779.958318
458,20776.123031
459,20777.911279
460,20765.637372
461,20780.332210
462,20768.197848
463,20775.313502
464,20771.719854
465,20773.288582
466,20766.081491
467,20775.895753
468,20781.037671
469,20774.269018
470,20770.589208
471,20769.753456
472,20778.694231
473,20773.820629
474,20769.168652
475,20778.239141
476,20779.279873
477,20787.062232
478,20773.814847
479,20785.060537
480,20752.800603
481,20778.745812
482,20778.167009
483,20780.154994
484,20779.377114
485,20778.087261
486,20768.916799
487,20768.129998
488,20765.826104
489,20776.437927
490,20772.016218
491,20773.665737
492,20772.492939
493,20780.185246
494,20772.133685
495,20776.308672
496,20757.706043
497,20774.799828
498,20767.418084
499,20777.765974
