0,2750.629961
1,5423.907161
2,5972.616997
3,6250.336378
4,6545.073344
5,6729.517446
6,6931.753525
7,7053.359235
8,7221.756347
9,7416.082568
10,7596.335230
11,7755.261545
12,7851.035305
13,8199.326567
14,8234.906897
15,8352.030499
16,8658.790610
17,8856.655268
18,9001.553382
19,8824.401774
20,9232.232744
21,9389.625689
22,9623.502076
23,9802.449039
24,9852.092511
25,10189.326681
26,10216.573806
27,10203.625613
28,10335.232558
29,10332.099971
30,10485.030544
31,10742.033810
32,10742.508005
33,10899.956110
34,11035.843895
35,11223.410162
36,11365.422943
37,11249.134718
38,11402.866775
39,11728.497928
40,11655.000895
41,11876.001583
42,12199.423525
43,12227.184387
44,12319.672077
45,12208.607850
46,12250.058522
47,12614.318706
48,12763.323821
49,12874.733969
50,12965.473954
51,12906.264818
52,13445.979618
53,13282.313206
54,13062.948947
55,13307.482020
56,13436.243970
57,13558.626281
58,13262.816312
59,13264.447886
60,13444.726891
61,13473.024810
62,13385.482382
63,13649.540301
64,13921.425760
65,13760.070308
66,13490.098017
67,13874.745324
68,13700.432846
69,13906.122003
70,13790.279630
71,13975.666082
72,13825.203807
73,14014.894970
74,13907.881998
75,14067.979083
76,14088.249485
77,13799.640986
78,13837.417217
79,13462.347620
80,13804.124450
81,13999.818117
82,13953.103593
83,13929.578870
84,13814.951821
85,14373.434726
86,14006.257589
87,14377.583137
88,14071.441456
89,13833.318618
90,14136.322230
91,13980.617473
92,14097.177179
93,14181.582604
94,13766.548394
95,13680.763139
96,14225.599878
97,14001.066322
98,14105.467725
99,14044.734856
100,14300.375893
101,14322.895315
102,14195.699090
103,13934.688342
104,14187.739571
105,13955.350336
106,13950.118619
107,14138.677133
108,14469.469492
109,14189.299040
110,14099.215174
111,14144.303676
112,13961.713488
113,14000.315195
114,14403.224099
115,14472.675147
116,14481.176992
117,13947.577732
118,13999.485848
119,14239.933603
120,14113.493175
121,14205.640823
122,14141.869839
123,14119.625529
124,14087.156551
125,13860.133489
126,13978.418007
127,14306.491163
128,14279.888029
129,14699.639496
130,14454.040867
131,14446.615008
132,14322.752078
133,14228.842917
134,14356.784601
135,14061.971019
136,14263.803563
137,14324.178888
138,14001.539833
139,14420.326520
140,14193.764343
141,14243.346454
142,14394.767037
143,14395.035777
144,14212.610598
145,14303.750996
146,14337.054470
147,14138.824905
148,14080.270570
149,14179.191122
150,14159.702923
151,14509.143662
152,14252.090634
153,14489.858433
154,14433.144485
155,13965.438154
156,14141.097648
157,14093.915193
158,14081.465298
159,14243.758013
160,14031.490910
161,14219.130767
162,14029.224459
163,14377.154484
164,14334.947118
165,14465.204936
166,14192.256835
167,14386.451649
168,14390.547393
169,13892.692706
170,13903.038247
171,13955.958130
172,14183.471312
173,14337.183048
174,14018.102438
175,13849.408953
176,13959.456319
177,13879.222719
178,13935.781370
179,14381.356523
180,14023.822104
181,14341.596557
182,14534.697303
183,14512.058213
184,14002.711534
185,14006.160061
186,14000.521996
187,14082.326625
188,14076.872987
189,14057.138016
190,14214.907283
191,14192.851482
192,14431.022197
193,14204.335211
194,14142.359329
195,13950.286832
196,13909.334358
197,14127.513229
198,13829.979469
199,14034.882414
200,14215.088765
201,14108.943345
202,14241.808080
203,14042.966401
204,13705.972430
205,13897.000699
206,13962.453854
207,14147.127978
208,14575.615269
209,14121.314695
210,14045.589692
211,14466.849531
212,14157.976308
213,13832.325159
214,14068.482258
215,14260.870639
216,14179.912772
217,14340.446152
218,14037.729242
219,14220.880457
220,14010.156034
221,14052.896672
222,14103.462140
223,14304.344798
224,14059.867695
225,13849.128971
226,13903.582120
227,14088.207798
228,14102.610825
229,14421.344390
230,14004.070513
231,14522.920999
232,14254.225362
233,14291.019129
234,14290.847724
235,14243.103351
236,14132.737470
237,14232.179133
238,14240.546727
239,14144.199740
240,14008.386435
241,14130.870701
242,14204.149838
243,14164.751799
244,14297.750713
245,13912.743731
246,14319.907657
247,14506.724456
248,14134.559614
249,14435.522935
250,14357.170204
251,14425.408150
252,14392.574256
253,14291.677404
254,14233.373714
255,14586.522516
256,14670.371929
257,14426.321454
258,14536.755117
259,14656.974763
260,14015.518488
261,14398.437185
262,14502.370469
263,14407.029158
264,14520.680231
265,14234.551475
266,14375.067881
267,14607.423948
268,14359.535667
269,14530.466197
270,14414.964947
271,14564.435273
272,14344.522889
273,14019.424802
274,14469.647761
275,14007.404355
276,14231.882019
277,14251.640283
278,14776.746179
279,14334.835899
280,14416.987778
281,14592.178916
282,14261.694998
283,14320.348354
284,14426.773558
285,14390.175246
286,14895.786355
287,14725.913360
288,14432.910132
289,14607.278661
290,14322.185341
291,14655.693520
292,14592.138654
293,14571.221284
294,14309.002283
295,14345.761521
296,14638.245752
297,14637.304718
298,14348.643936
299,14481.866650
300,14742.531229
301,14664.112097
302,14427.527275
303,14620.360744
304,14743.002937
305,14709.524543
306,14874.951907
307,14651.544944
308,14688.121792
309,14619.456150
310,14548.049488
311,14641.877927
312,14697.659209
313,14540.733174
314,14542.609903
315,14497.184417
316,14653.491486
317,14813.545668
318,14660.566542
319,14430.719432
320,14194.368904
321,14387.724445
322,14437.399768
323,14829.268560
324,14227.633976
325,14429.247083
326,14515.431385
327,14930.907793
328,14724.864117
329,14851.332204
330,14311.584355
331,14667.450336
332,14639.809137
333,14546.674595
334,14644.820807
335,14317.487003
336,14656.771113
337,14584.625277
338,14351.428153
339,14555.642488
340,14605.907556
341,14458.037147
342,14618.935963
343,14628.830809
344,14240.000990
345,14853.805979
346,14946.074355
347,14783.406840
348,14511.420195
349,14441.987364
350,14555.525109
351,14600.914865
352,14612.864320
353,14392.650862
354,14525.270055
355,14881.147433
356,14990.295641
357,14729.310074
358,14424.494623
359,14582.408176
360,14471.310698
361,14610.871295
362,14568.740712
363,14791.542685
364,14872.976225
365,14603.031267
366,14442.069407
367,14839.778458
368,14478.787762
369,14471.260219
370,14246.260184
371,15099.574685
372,15011.224653
373,14840.644606
374,14482.705877
375,14569.379657
376,14426.567619
377,14695.479425
378,14435.658080
379,14876.568470
380,14638.913982
381,14687.252157
382,14597.474268
383,14253.781335
384,14618.124556
385,14643.592084
386,14824.531818
387,14461.347506
388,14787.271186
389,14678.116519
390,14561.486894
391,14434.728899
392,14620.255738
393,14551.717287
394,14517.239031
395,14490.150103
396,14480.725464
397,14309.228366
398,14485.463739
399,14693.031052
400,14220.808677
401,14440.463958
402,14726.960241
403,14566.074311
404,14884.502042
405,14887.085173
406,14871.377039
407,14875.953768
408,14573.504612
409,14468.681791
410,14545.177203
411,14518.687789
412,14690.372723
413,14894.703670
414,14619.357716
415,15040.205913
416,15232.005451
417,14903.564203
418,14494.950503
419,14530.023164
420,14438.444309
421,14608.856629
422,14535.398342
423,14585.226614
424,14358.937459
425,14429.546471
426,14472.643523
427,14457.463376
428,14669.151602
429,14690.876886
430,14581.891398
431,14958.827138
432,14480.630099
433,14541.547343
434,14282.815654
435,14670.192049
436,14749.885114
437,14651.115049
438,14682.073836
439,14688.616137
440,14528.729468
441,14424.018705
442,14674.696369
443,14549.270584
444,14516.264892
445,14485.497077
446,14379.774625
447,14121.268842
448,14319.330485
449,14802.948413
450,14588.112743
451,14632.833000
452,14492.867021
453,14619.573080
454,14791.610098
455,14559.516101
456,14462.816820
457,14374.017719
458,14251.118108
459,14569.800438
460,14457.504599
461,14408.098253
462,14597.736165
463,14716.891509
464,14744.264263
465,14601.450183
466,14705.198343
467,14427.794469
468,14525.303450
469,14734.595672
470,15030.177853
471,14787.284805
472,14818.877412
473,14850.198878
474,14425.878658
475,14436.181962
476,14835.069097
477,14706.200015
478,14581.184509
479,14672.396112
480,14682.425767
481,14809.733662
482,14635.866006
483,14633.061549
484,14612.159120
485,14684.517048
486,14478.977914
487,14563.438957
488,14345.134467
489,14231.376349
490,14795.661945
491,14579.669668
492,14464.805720
493,14408.922838
494,14607.318103
495,14818.253112
496,14810.558125
497,14727.179510
498,14634.788914
499,14484.306009
