0,2789.019332
1,5559.342668
2,6067.352680
3,6465.764633
4,6897.828689
5,7267.919558
6,7610.623648
7,7997.524593
8,8314.455880
9,8670.674910
10,9094.175347
11,9363.651790
12,9692.914258
13,10077.021498
14,10404.946214
15,10739.532317
16,10969.091786
17,11278.568717
18,11482.688135
19,11727.513413
20,12084.457460
21,12321.937731
22,12591.744473
23,12866.273086
24,13336.522200
25,13636.432156
26,13847.513079
27,14115.636862
28,14267.749730
29,14465.640132
30,14503.062854
31,14600.711199
32,14771.034851
33,15094.215955
34,15272.259214
35,15355.620704
36,15512.892077
37,15559.879587
38,15608.197207
39,15829.948091
40,15961.071999
41,15800.419186
42,15907.254209
43,15832.202149
44,15851.943650
45,16009.093617
46,16105.855458
47,15951.470836
48,16154.031317
49,16394.765805
50,16340.011715
51,16460.670640
52,16321.036480
53,16306.567584
54,16657.910431
55,16616.923533
56,16705.982172
57,16704.718341
58,16657.075861
59,16600.956049
60,16563.878899
61,16649.721431
62,16645.609830
63,16524.057192
64,16650.996773
65,16766.671306
66,16794.452147
67,16574.130564
68,16484.803954
69,16746.216391
70,16682.719691
71,16681.294505
72,16780.734431
73,16749.724176
74,16760.539273
75,16662.669113
76,16653.673116
77,16820.724204
78,16921.745012
79,16796.568809
80,16595.531545
81,16435.611315
82,16597.214366
83,16831.893453
84,16906.616611
85,16755.414735
86,16789.601399
87,16769.221678
88,16782.068508
89,16451.385662
90,16691.452569
91,16839.259946
92,16577.528695
93,16743.666977
94,16683.625837
95,16612.135260
96,16754.849686
97,16732.394587
98,16957.249785
99,17042.122790
100,16941.723483
101,16846.977001
102,17055.911559
103,16994.603935
104,16914.581637
105,17097.821756
106,16930.405393
107,16994.617427
108,17057.645074
109,16940.772189
110,16877.216041
111,16817.044964
112,16940.245189
113,16866.565888
114,16979.412994
115,16826.204529
116,17016.188578
117,16846.572305
118,16704.456044
119,16759.585776
120,16845.010515
121,16804.016170
122,16788.341212
123,17006.129969
124,16813.078742
125,16920.915256
126,16966.482390
127,16852.220551
128,16889.452278
129,16903.167487
130,16774.216621
131,16838.186324
132,16971.412831
133,16800.960500
134,16872.238085
135,16931.218248
136,16905.672551
137,16818.294902
138,16909.215708
139,16856.020840
140,16766.865398
141,17091.184919
142,17149.969030
143,17060.809099
144,16898.870244
145,16547.487842
146,16760.017896
147,16985.982411
148,16800.429023
149,16761.863429
150,16639.850467
151,16588.645550
152,17006.745806
153,16797.470343
154,16829.029886
155,16694.108551
156,16967.469356
157,17068.574902
158,17112.034022
159,16961.488814
160,17011.924567
161,16923.599461
162,17021.130327
163,16865.747662
164,16891.491400
165,16963.790894
166,17004.437143
167,16760.547284
168,16823.435239
169,16816.598523
170,16906.139345
171,16935.523373
172,16792.156106
173,16887.222319
174,16995.156717
175,16664.669837
176,16857.641471
177,16847.943604
178,16866.451514
179,16917.975171
180,16921.454395
181,16973.437158
182,16966.448779
183,17071.229739
184,16672.315960
185,16799.787517
186,16912.460846
187,16783.029892
188,16965.781314
189,16969.020571
190,16700.396626
191,16767.698745
192,16852.158047
193,16934.991268
194,16791.426665
195,16807.353822
196,16793.881476
197,16748.800246
198,16812.819234
199,16715.820659
200,16921.571498
201,16893.046683
202,16814.907708
203,16868.529077
204,16833.073138
205,16944.138801
206,16895.435700
207,16965.107706
208,16850.124940
209,16892.408056
210,16932.014842
211,17073.215060
212,16990.575724
213,17088.718044
214,17006.007975
215,17084.538745
216,17008.410540
217,17023.166595
218,16852.772509
219,16956.107499
220,16974.071015
221,16990.399787
222,16989.043097
223,16902.422413
224,16988.824181
225,16819.321471
226,16691.571498
227,16806.708079
228,16806.134747
229,16875.020512
230,16953.258330
231,16642.402642
232,16995.702587
233,16832.945307
234,16749.391252
235,16937.768542
236,16948.974074
237,16884.638389
238,17204.467532
239,16865.040274
240,16878.336394
241,16873.368872
242,16857.537573
243,16782.010009
244,16914.238345
245,16908.540078
246,16851.364059
247,16873.737770
248,16863.706858
249,16940.845552
250,16728.073756
251,16750.499303
252,16794.158310
253,16770.946646
254,16840.598336
255,16926.657300
256,16901.123309
257,16897.956144
258,16798.258098
259,16884.901869
260,17050.121450
261,16898.105691
262,17180.124258
263,16982.531238
264,16777.766566
265,17102.240389
266,17086.582052
267,16799.527519
268,16794.795261
269,16751.541921
270,16949.833241
271,16885.708025
272,16974.965544
273,17022.428269
274,16979.656145
275,16970.736527
276,16807.360958
277,16958.749889
278,17124.788806
279,16953.449157
280,16894.786934
281,16745.290367
282,16713.120814
283,16895.261628
284,16994.181296
285,16941.781168
286,16702.776626
287,16962.043185
288,16841.271471
289,16559.355114
290,16589.993288
291,16879.983812
292,16998.032466
293,17047.917450
294,16928.822109
295,16886.975086
296,16918.479002
297,16823.828336
298,16939.272097
299,16942.125276
300,16981.164880
301,17214.312794
302,16926.146740
303,16783.104484
304,16906.999288
305,16728.269428
306,17009.320594
307,16967.953557
308,16934.530631
309,16809.061107
310,16711.001627
311,16905.267183
312,16971.696150
313,16862.659921
314,16750.129997
315,16975.772451
316,16867.567333
317,17076.338923
318,16623.880157
319,16815.905190
320,16862.375711
321,16868.340350
322,16987.640179
323,17124.539879
324,17202.749072
325,16913.424502
326,16985.233956
327,16789.911041
328,16896.207281
329,16848.944310
330,16863.524106
331,16751.753276
332,17081.941061
333,17130.340225
334,17051.886279
335,16944.651898
336,16818.388474
337,16956.780362
338,16973.584498
339,17006.186341
340,17027.283025
341,16963.993252
342,16946.206984
343,16896.496217
344,16822.017598
345,16926.054190
346,16722.765680
347,16526.743710
348,16864.482547
349,17001.624124
350,16861.712430
351,16869.925605
352,16634.970353
353,16687.361259
354,16787.636508
355,16853.657946
356,16839.538865
357,16970.759019
358,16815.479208
359,16860.815683
360,16751.064317
361,16862.029963
362,16709.806103
363,16782.989426
364,16817.673514
365,17150.754512
366,16989.119177
367,17012.377769
368,16784.101076
369,16951.053463
370,16929.008084
371,16817.221964
372,16772.215296
373,16714.985464
374,16697.841245
375,16639.515723
376,16547.802289
377,16840.224001
378,16817.815268
379,16688.556315
380,16876.771281
381,16872.115046
382,17053.204722
383,16829.092485
384,16719.827129
385,16843.317413
386,16902.553159
387,16705.026280
388,16827.696554
389,16751.984277
390,16903.986269
391,16906.540625
392,16855.180310
393,16749.774872
394,17062.546502
395,16990.372510
396,16970.430908
397,16759.870569
398,16820.946703
399,16691.197403
400,16917.221613
401,16794.420140
402,16767.041945
403,16717.781880
404,16863.603760
405,16992.607835
406,17000.726977
407,16895.989307
408,16815.981169
409,16810.088434
410,16759.746978
411,16770.049376
412,16994.479538
413,16925.447134
414,16918.464452
415,16962.325822
416,16930.772578
417,16571.270657
418,16812.010017
419,16901.594908
420,16947.234442
421,17074.454956
422,16962.950838
423,16807.949455
424,16769.623078
425,16858.077863
426,17040.642248
427,16727.542127
428,16644.086118
429,16728.412007
430,16600.791238
431,16640.759734
432,16568.486636
433,16879.677025
434,16826.476432
435,16709.127343
436,16863.538910
437,16989.917315
438,16817.200576
439,16985.322921
440,16903.648808
441,16702.113271
442,16527.053551
443,16657.214151
444,16782.232054
445,16818.065318
446,16812.725171
447,16730.420751
448,16852.408410
449,16774.289353
450,16949.200771
451,17017.950690
452,16732.360475
453,16928.615584
454,16992.748325
455,17042.072518
456,16907.055456
457,16800.603808
458,16810.622134
459,17056.249374
460,17007.357747
461,16860.425580
462,17143.171873
463,17188.999933
464,16917.202138
465,16903.170042
466,16854.132038
467,16872.960598
468,17054.859480
469,16853.254808
470,17050.171103
471,16801.115852
472,17033.448666
473,17146.158969
474,17195.554544
475,17056.562248
476,17050.161089
477,16875.374573
478,16812.271137
479,17072.681103
480,17053.052199
481,17124.121642
482,16743.647223
483,16905.352288
484,16730.292883
485,16614.392946
486,16970.849913
487,16987.501182
488,17040.264052
489,16966.675347
490,17016.794339
491,16984.503682
492,16799.934070
493,17009.217614
494,17007.091576
495,16865.620627
496,16996.048776
497,16948.884804
498,17042.715666
499,16870.072780
