0,2762.172789
1,5556.560231
2,6118.109030
3,6566.725449
4,6984.366228
5,7440.146238
6,7757.040946
7,8046.590729
8,8334.831474
9,8649.408723
10,8946.043916
11,9324.384691
12,9654.690236
13,9953.025383
14,10255.457146
15,10614.912081
16,11011.528616
17,11259.683325
18,11575.047674
19,11810.333553
20,11976.690251
21,12111.954237
22,12344.358280
23,12671.653400
24,12865.081607
25,13037.310357
26,13097.203895
27,13373.840760
28,13594.540013
29,13523.772417
30,13644.874915
31,13727.467882
32,13953.294045
33,14012.734066
34,14149.381452
35,14175.892251
36,14301.765642
37,14473.380489
38,14674.626443
39,14889.116510
40,14956.015468
41,15148.563844
42,15356.188890
43,15511.350548
44,15589.393427
45,15538.213727
46,15783.759107
47,15734.297546
48,15882.353835
49,15983.572392
50,15924.315092
51,16071.185270
52,16176.342791
53,16136.402700
54,16154.694072
55,16182.299161
56,16264.190613
57,16325.007791
58,16311.019405
59,16395.692708
60,16332.781154
61,16319.784822
62,16358.107305
63,16390.727910
64,16438.494863
65,16442.560494
66,16484.725626
67,16462.637082
68,16676.439187
69,16652.600365
70,16540.860364
71,16772.182898
72,16692.489140
73,16727.725482
74,16597.316136
75,16712.513928
76,16825.825927
77,16949.053659
78,17042.600051
79,17056.434494
80,16919.323892
81,17175.775911
82,17178.031421
83,16958.069292
84,17320.499800
85,17303.526863
86,17359.005642
87,17313.418077
88,17312.070361
89,17141.784563
90,17438.533480
91,17488.185866
92,17386.248219
93,17329.996062
94,17334.300397
95,17294.011386
96,17255.828044
97,17327.423964
98,17412.388413
99,17258.199433
100,17118.477206
101,17252.459268
102,17277.979037
103,17436.696084
104,17480.885163
105,17398.638522
106,17406.745576
107,17405.417474
108,17431.127418
109,17419.066179
110,17353.715837
111,17269.246394
112,17175.238912
113,17286.602488
114,17447.463490
115,17339.132807
116,17422.780585
117,17396.549171
118,17402.686294
119,17396.318452
120,17396.528534
121,17451.640062
122,17471.309881
123,17448.921057
124,17481.069420
125,17527.059015
126,17423.301863
127,17440.621081
128,17476.279457
129,17573.209689
130,17378.099105
131,17567.287653
132,17427.188389
133,17369.132314
134,17426.693657
135,17443.641200
136,17419.965243
137,17578.316498
138,17453.139800
139,17562.300952
140,17332.041732
141,17429.736200
142,17419.184788
143,17408.862404
144,17385.799623
145,17387.519205
146,17569.369689
147,17620.249021
148,17540.669751
149,17466.036738
150,17508.812890
151,17509.251223
152,17697.330182
153,17617.841081
154,17461.253082
155,17501.421278
156,17523.135766
157,17597.068633
158,17281.280697
159,17525.378982
160,17440.203728
161,17485.116774
162,17418.421218
163,17362.043311
164,17355.244294
165,17300.330064
166,17379.813159
167,17512.940081
168,17467.830726
169,17530.149654
170,17423.653727
171,17468.083469
172,17664.189748
173,17691.392888
174,17681.739004
175,17629.414202
176,17799.546849
177,17811.859198
178,17957.450704
179,17843.310436
180,17787.134430
181,17911.046486
182,17722.507520
183,17705.830327
184,18047.525459
185,17999.356516
186,17834.490248
187,17891.817805
188,17997.337545
189,17850.094017
190,17836.558108
191,17780.063330
192,17798.140868
193,17908.419096
194,17697.159748
195,17699.051024
196,17878.080430
197,17887.573826
198,17861.725247
199,17789.461047
200,17766.509926
201,17810.996112
202,17960.030415
203,17846.657963
204,17812.486313
205,18097.606992
206,17860.974007
207,17994.407045
208,17957.627440
209,17747.288775
210,17838.608161
211,18027.440250
212,17877.508563
213,17791.515984
214,17679.793640
215,17823.466722
216,17992.930085
217,17906.024122
218,17876.880937
219,17927.383695
220,17826.376964
221,17819.620937
222,17709.448707
223,17929.093371
224,17949.022830
225,17780.486203
226,17876.095132
227,17820.810037
228,17956.434245
229,18134.199585
230,17824.839254
231,17882.805038
232,17834.028686
233,18067.260323
234,17879.121209
235,17920.378909
236,17823.169845
237,17899.217995
238,17957.978415
239,18088.560966
240,18031.511261
241,18022.318241
242,17939.752627
243,18046.238884
244,17971.262837
245,17939.094307
246,17925.723945
247,17812.446068
248,17772.318255
249,17776.004336
250,17867.682712
251,17980.942232
252,18086.775320
253,18109.461199
254,18105.319450
255,18044.954386
256,18117.917687
257,17975.347408
258,17961.218894
259,17996.589881
260,17944.968297
261,17969.233103
262,18026.999861
263,17975.522706
264,17998.292809
265,18093.585188
266,17968.778259
267,17892.607369
268,17674.050620
269,17935.590399
270,17918.353327
271,18085.326389
272,17889.292755
273,18005.580651
274,17969.048354
275,18009.681381
276,18002.579939
277,18095.973091
278,17993.109589
279,17997.686026
280,18194.573972
281,17983.913769
282,18066.469746
283,18088.684762
284,18079.577511
285,18077.120910
286,17985.410820
287,18112.188074
288,17923.567341
289,17910.205825
290,17942.219944
291,17991.670469
292,18029.014141
293,17928.056468
294,17816.206259
295,17729.828585
296,17657.362425
297,17868.889339
298,18072.086291
299,17970.469340
300,17951.224794
301,17959.508943
302,18061.675760
303,17967.820086
304,18036.986480
305,18029.928582
306,18012.143943
307,17973.866032
308,17805.989251
309,17955.760829
310,17988.632167
311,18028.479340
312,18204.351986
313,17944.621156
314,18149.566688
315,18066.924544
316,18248.443045
317,18182.880607
318,18048.395679
319,17994.356892
320,17969.544847
321,18005.406596
322,18024.837065
323,17839.588449
324,18116.943026
325,18039.262677
326,17944.486149
327,17975.639928
328,17939.891390
329,17918.603664
330,18104.665493
331,17966.353226
332,17836.854929
333,17865.173319
334,17773.521123
335,17932.291072
336,17996.152035
337,17968.870021
338,18088.220989
339,18001.825341
340,18058.864610
341,18147.942281
342,17872.696062
343,17907.235307
344,17990.904286
345,17924.105495
346,18128.398583
347,18007.351634
348,17872.503181
349,17952.321181
350,18004.398671
351,18075.855426
352,18169.163409
353,18040.089312
354,18039.930524
355,17818.277101
356,17956.134715
357,17901.113069
358,17931.147299
359,18207.722018
360,18143.525867
361,18093.779040
362,17946.760153
363,17890.768324
364,18038.724823
365,18014.987246
366,18035.465779
367,18136.703938
368,18243.561979
369,18122.010054
370,18096.869153
371,18188.200919
372,18170.682439
373,18154.495333
374,18021.583475
375,17875.737666
376,17902.180683
377,17927.479838
378,18207.093820
379,18219.828941
380,18240.517645
381,18176.759725
382,17987.747762
383,18102.776125
384,18083.031041
385,18233.936493
386,18194.123201
387,18112.504438
388,18021.960988
389,18026.330369
390,17980.131074
391,17936.363446
392,18041.566993
393,18036.550162
394,18086.083298
395,18015.829131
396,17972.612314
397,17984.059676
398,17959.557290
399,17912.608921
400,18005.226465
401,18093.317613
402,17940.676265
403,17951.195150
404,18091.087416
405,18007.461939
406,17967.883144
407,17896.198803
408,18030.005078
409,17983.089102
410,18018.342067
411,17906.673788
412,17992.336316
413,18031.722392
414,17915.996831
415,17970.037100
416,18137.808323
417,18207.385278
418,18084.888205
419,18017.188181
420,18093.605016
421,18025.080419
422,18008.584853
423,18011.444224
424,18046.481365
425,17999.212502
426,18031.701298
427,17886.449313
428,18071.456062
429,18095.493035
430,18053.921004
431,17930.407184
432,17950.837811
433,17972.156967
434,17911.617371
435,18042.656679
436,18013.290484
437,18300.272077
438,18084.778208
439,18088.005807
440,18063.900385
441,17976.054845
442,17944.400916
443,18094.235818
444,18068.658109
445,18158.652241
446,18226.100282
447,18351.980461
448,18333.619391
449,18358.328506
450,18255.140887
451,18217.252880
452,18329.764470
453,18446.222674
454,18516.681305
455,18662.945798
456,18754.833743
457,18600.373493
458,18721.923253
459,18709.127021
460,18574.603819
461,18557.065350
462,18402.358640
463,18521.483427
464,18487.940650
465,18607.884004
466,18556.248784
467,18601.891897
468,18658.653297
469,18556.034896
470,18584.025657
471,18611.123337
472,18752.127946
473,18820.228668
474,18824.605643
475,18948.466900
476,18837.056376
477,18855.026104
478,18839.892792
479,18883.747027
480,19104.092315
481,19102.359868
482,19188.047378
483,19258.515117
484,19283.843709
485,19413.155785
486,19317.164634
487,19210.443408
488,19212.728204
489,19228.812362
490,19325.478063
491,19047.501626
492,19035.030556
493,19087.246225
494,19059.334244
495,19229.064866
496,19091.525198
497,19145.668210
498,19125.815624
499,19087.723092
