0,2753.665445
1,2738.830227
2,2778.945606
3,2747.191156
4,2802.559379
5,2827.816321
6,2835.529548
7,2824.114969
8,2890.863670
9,2924.870182
10,2953.958603
11,2947.441943
12,2949.094623
13,2941.029441
14,2919.375613
15,2960.974931
16,3042.836294
17,3053.109598
18,3045.639750
19,3028.272218
20,3048.426410
21,3099.703737
22,3124.492872
23,3193.313441
24,3186.095797
25,3254.220466
26,3263.378111
27,3226.462244
28,3180.691606
29,3202.212737
30,3294.228078
31,3400.584608
32,3367.525452
33,3286.001265
34,3232.613095
35,3319.151427
36,3303.129222
37,3411.758400
38,3417.773437
39,3507.237767
40,3612.531332
41,3606.919247
42,3650.354831
43,3670.015970
44,3683.112625
45,3667.409489
46,3703.971010
47,3756.725622
48,3791.581493
49,3887.797307
50,3786.813572
51,3694.940537
52,3728.026134
53,3680.913479
54,3660.917100
55,3675.241971
56,3723.899115
57,3769.109578
58,3833.809886
59,3861.093630
60,3869.098242
61,3848.287070
62,3917.832824
63,3941.821203
64,3956.522973
65,4083.302379
66,4063.506362
67,3990.264716
68,3940.608594
69,4017.064225
70,4068.716046
71,4053.032709
72,4110.969025
73,4119.455875
74,4183.793084
75,4282.755873
76,4421.733091
77,4444.081399
78,4483.028607
79,4448.853135
80,4592.838527
81,4634.288578
82,4570.433479
83,4665.409869
84,4589.198643
85,4606.364109
86,4697.377561
87,4737.917833
88,4918.895983
89,4990.720787
90,5006.496463
91,5093.074616
92,5141.697176
93,5111.279934
94,5046.299616
95,5036.474331
96,5023.872151
97,5137.848681
98,5157.150718
99,5163.406295
100,5304.317854
101,5477.352646
102,5568.515620
103,5677.528757
104,5893.205075
105,5981.169957
106,6101.364105
107,6126.625245
108,6116.939979
109,6119.241750
110,6129.052301
111,6188.535330
112,6253.172953
113,6322.056804
114,6392.685502
115,6532.984772
116,6630.448690
117,6806.946523
118,6790.242186
119,6949.356595
120,7011.652008
121,7034.412913
122,7060.092753
123,7140.086299
124,7143.025690
125,7080.072782
126,7060.402775
127,7114.948315
128,7227.979420
129,7220.867572
130,7286.033096
131,7404.388597
132,7419.678947
133,7387.574339
134,7473.618205
135,7569.910763
136,7626.403885
137,7600.312511
138,7604.678571
139,7615.178961
140,7741.896310
141,7714.467844
142,7768.908697
143,7778.880228
144,7745.354573
145,7673.264812
146,7785.918953
147,7727.215236
148,7723.278760
149,7800.727896
150,7830.546332
151,7845.702335
152,7935.934073
153,7954.904983
154,7947.044309
155,7972.762991
156,8015.762576
157,8031.448764
158,8018.390427
159,8052.657663
160,8105.896408
161,8125.890621
162,8090.123995
163,8054.289532
164,8125.546579
165,8192.584000
166,8217.976971
167,8276.377391
168,8281.609685
169,8317.147872
170,8350.802899
171,8382.385779
172,8386.945489
173,8403.103207
174,8457.311769
175,8557.758911
176,8619.515152
177,8618.971622
178,8742.579358
179,8785.601039
180,8782.578119
181,8797.933897
182,8807.192051
183,8812.980796
184,8829.100175
185,8843.322424
186,8857.436793
187,8838.925298
188,8899.940250
189,8837.090678
190,8850.287929
191,8868.888534
192,8862.415605
193,8870.408258
194,8865.735963
195,8889.752779
196,8946.329885
197,8967.175433
198,8969.314180
199,8975.659972
200,9027.613742
201,9044.722663
202,9060.972444
203,9085.753438
204,9111.201507
205,9085.342305
206,9108.809931
207,9100.564710
208,9131.358552
209,9138.329436
210,9153.643665
211,9143.882269
212,9163.732778
213,9195.694202
214,9217.425928
215,9204.302610
216,9218.508810
217,9233.412765
218,9256.396485
219,9249.630672
220,9252.973512
221,9256.308258
222,9251.528751
223,9266.831461
224,9273.071836
225,9277.405259
226,9288.468003
227,9295.606875
228,9289.908852
229,9293.922779
230,9291.129517
231,9290.406273
232,9303.105602
233,9303.337228
234,9308.565386
235,9314.076966
236,9308.264548
237,9310.273347
238,9321.690243
239,9326.451475
240,9308.949538
241,9309.580504
242,9323.069560
243,9322.390734
244,9320.598026
245,9320.249952
246,9329.759997
247,9341.489160
248,9342.778808
249,9345.013017
250,9344.488198
251,9341.253609
252,9344.333928
253,9354.704921
254,9352.062489
255,9364.468862
256,9358.243090
257,9353.728233
258,9360.260357
259,9357.887253
260,9366.286321
261,9370.144848
262,9360.708465
263,9361.464143
264,9357.402681
265,9363.135946
266,9364.376120
267,9367.830185
268,9373.844187
269,9376.667314
270,9366.513433
271,9375.963368
272,9369.453018
273,9365.148651
274,9372.386358
275,9349.173777
276,9367.035698
277,9365.956976
278,9354.886584
279,9356.654111
280,9368.110648
281,9380.235629
282,9377.069237
283,9375.341744
284,9384.452048
285,9390.299757
286,9385.956552
287,9383.906213
288,9382.087564
289,9372.285435
290,9380.008341
291,9378.226443
292,9364.787473
293,9368.448553
294,9372.591284
295,9375.039493
296,9369.038432
297,9370.307079
298,9371.894736
299,9373.757434
300,9366.154893
301,9365.297430
302,9365.682087
303,9368.747155
304,9362.500980
305,9359.484305
306,9360.642943
307,9357.720054
308,9368.459371
309,9359.088607
310,9364.580839
311,9359.363428
312,9376.840342
313,9382.372306
314,9380.908879
315,9380.044999
316,9372.307090
317,9373.450471
318,9371.316091
319,9366.117423
320,9368.803631
321,9363.777302
322,9362.817863
323,9363.394679
324,9364.058860
325,9369.904740
326,9371.429152
327,9367.104328
328,9368.233564
329,9368.867028
330,9364.478042
331,9353.494434
332,9350.561782
333,9347.917402
334,9356.160503
335,9372.913442
336,9370.220073
337,9370.607439
338,9388.233922
339,9384.372984
340,9391.251443
341,9379.163444
342,9390.458880
343,9385.971590
344,9396.781616
345,9400.687728
346,9401.970861
347,9391.606955
348,9402.709987
349,9406.698118
350,9410.296358
351,9393.705698
352,9403.560647
353,9409.378915
354,9414.657117
355,9420.492102
356,9416.372712
357,9409.129391
358,9430.375464
359,9440.986413
360,9455.922554
361,9484.892769
362,9489.907186
363,9530.632326
364,9575.775769
365,9607.347031
366,9636.275870
367,9650.789202
368,9656.481211
369,9673.143386
370,9687.082167
371,9687.218878
372,9688.054764
373,9685.023764
374,9692.844451
375,9696.923252
376,9692.591113
377,9685.629936
378,9684.666329
379,9682.042616
380,9681.583229
381,9677.904870
382,9677.381558
383,9686.176811
384,9704.954577
385,9708.713201
386,9710.230803
387,9703.662504
388,9694.535054
389,9709.213170
390,9717.015526
391,9705.568125
392,9699.945033
393,9705.780139
394,9691.922468
395,9697.585537
396,9698.123904
397,9692.792725
398,9701.000694
399,9713.836598
400,9710.178126
401,9699.642341
402,9704.473716
403,9713.943520
404,9713.697965
405,9714.602251
406,9712.838861
407,9710.177780
408,9709.536408
409,9710.176989
410,9715.545703
411,9702.643579
412,9709.187909
413,9704.052565
414,9711.340849
415,9702.154932
416,9703.452355
417,9700.681713
418,9703.379860
419,9722.319667
420,9723.602559
421,9718.250994
422,9728.443014
423,9717.729832
424,9706.917356
425,9712.571299
426,9696.199962
427,9722.986644
428,9720.432104
429,9720.968041
430,9724.305192
431,9717.341783
432,9726.793555
433,9724.820831
434,9719.968651
435,9724.821867
436,9729.651052
437,9727.848439
438,9732.486111
439,9724.627088
440,9729.859837
441,9725.750692
442,9738.961529
443,9748.483011
444,9751.357912
445,9770.474140
446,9777.646963
447,9785.629352
448,9789.450926
449,9790.483048
450,9791.575636
451,9815.968985
452,9818.587781
453,9827.721682
454,9839.926512
455,9836.133364
456,9847.231306
457,9851.307796
458,9859.813737
459,9865.455493
460,9866.783399
461,9868.229538
462,9875.709543
463,9878.344410
464,9878.884432
465,9888.177199
466,9873.983488
467,9873.225293
468,9879.820213
469,9871.756519
470,9888.009208
471,9890.171097
472,9884.145437
473,9884.800973
474,9884.813008
475,9894.496763
476,9890.560501
477,9890.302423
478,9903.507046
479,9904.149095
480,9897.251131
481,9895.175078
482,9892.373653
483,9893.913248
484,9899.078544
485,9894.168243
486,9884.091546
487,9889.685710
488,9903.863607
489,9900.087920
490,9890.925064
491,9882.306522
492,9874.168154
493,9879.561787
494,9886.417272
495,9895.056587
496,9897.634725
497,9901.579143
498,9902.133428
499,9903.643043
