0,2771.131513
1,5526.713122
2,6113.978891
3,6558.785940
4,7024.019978
5,7440.171532
6,7845.803940
7,8245.766323
8,8686.556480
9,9133.298088
10,9521.961648
11,9859.903285
12,10321.538728
13,10714.415295
14,11130.117987
15,11480.252215
16,11849.745360
17,12293.456200
18,12743.087503
19,13033.275009
20,13259.860217
21,13670.936405
22,13930.478131
23,14299.414614
24,14561.310287
25,14820.785444
26,15144.770384
27,15288.316867
28,15511.069277
29,15590.180930
30,15675.795378
31,15784.699213
32,15992.769999
33,16168.084148
34,16293.507787
35,16463.943119
36,16566.731558
37,16748.372370
38,16757.364061
39,16808.858600
40,16944.784165
41,16885.441782
42,16995.536657
43,17120.961758
44,17040.902164
45,17188.836860
46,17228.658786
47,17444.099809
48,17485.158481
49,17632.083369
50,17757.390863
51,17768.343027
52,17887.884293
53,17843.048526
54,17931.216434
55,18004.931335
56,17999.229263
57,17893.865844
58,17912.836880
59,18061.475086
60,17960.887431
61,18002.988842
62,17927.797268
63,17935.887767
64,17932.273452
65,17958.456244
66,17882.942564
67,17989.104408
68,18083.206081
69,18121.809265
70,18188.914919
71,18094.864049
72,18165.930236
73,18075.711436
74,18128.939722
75,18067.453644
76,18076.902647
77,17986.324869
78,17970.259813
79,18064.728747
80,18048.833213
81,18046.545536
82,18057.569065
83,18045.252650
84,18178.171275
85,18088.882221
86,18148.895012
87,18133.111445
88,18108.340155
89,18014.430855
90,17934.119594
91,18185.613110
92,18071.951319
93,17950.714569
94,17982.675925
95,17933.503428
96,17961.514175
97,18005.233498
98,18086.260712
99,18030.005889
100,18035.238171
101,18017.502618
102,17999.784993
103,18091.935897
104,18043.063457
105,18135.264361
106,18097.997514
107,18155.785186
108,18103.282065
109,18149.696683
110,18072.521647
111,18203.985498
112,18171.329376
113,18128.951391
114,18017.219242
115,18087.022105
116,18046.608519
117,18183.204856
118,18057.346039
119,18014.158125
120,18065.937368
121,18098.126067
122,17949.419572
123,17976.401855
124,18139.575321
125,18136.008048
126,18161.123226
127,18050.310287
128,18099.004330
129,18224.725549
130,18206.893689
131,18024.240872
132,18182.537976
133,18218.062389
134,18114.748577
135,18045.767888
136,18006.742358
137,18086.784578
138,18007.812721
139,18051.454240
140,18123.630983
141,18119.264986
142,18146.336193
143,18148.273456
144,18070.273431
145,18148.626117
146,18227.956995
147,18241.402940
148,18218.694673
149,18133.663928
150,18187.779542
151,18265.582837
152,18055.819994
153,18115.921448
154,18251.662474
155,18127.583936
156,18189.611852
157,18105.435256
158,18155.160624
159,18148.222512
160,18081.736779
161,18057.301550
162,18028.844614
163,18049.637240
164,18233.373807
165,18117.024397
166,18036.303173
167,18148.892063
168,18184.810241
169,18096.570748
170,18098.339129
171,18181.000679
172,18218.377560
173,18164.491800
174,17980.688501
175,18017.303135
176,17950.659337
177,17977.725693
178,18052.422468
179,18144.446128
180,18074.090165
181,18111.639440
182,17962.137942
183,18112.837524
184,18065.039445
185,18112.520359
186,18197.460294
187,18043.698144
188,18015.058499
189,17999.907991
190,18000.435715
191,17922.049419
192,18059.062450
193,17929.825567
194,18004.833183
195,18068.668530
196,18073.334930
197,18121.142487
198,18215.883363
199,18089.121786
200,18027.375209
201,18020.800122
202,18077.399899
203,18026.082429
204,18059.048559
205,18098.583732
206,18121.682473
207,18197.726186
208,18091.045706
209,18089.169725
210,18067.449344
211,18156.584407
212,18041.164476
213,18178.549386
214,18220.301862
215,18212.299109
216,18163.989581
217,18240.000064
218,18126.082434
219,18090.626258
220,18113.057821
221,18038.456648
222,18044.253322
223,18120.894035
224,18015.245657
225,18018.862262
226,18144.711477
227,18020.434582
228,18107.268722
229,18139.393789
230,17987.756468
231,18096.045782
232,18018.009924
233,17983.281574
234,17929.197825
235,17954.675392
236,18101.756176
237,18047.034882
238,18079.117899
239,18082.229952
240,18203.367502
241,18251.303904
242,18113.452743
243,18109.705716
244,18102.876795
245,18230.768000
246,18073.184370
247,18118.505525
248,18048.994725
249,18128.792871
250,18063.427146
251,18109.222587
252,18004.806326
253,18088.944747
254,18071.992891
255,18029.910062
256,18163.287741
257,18075.884386
258,18094.591414
259,18051.443485
260,18073.837658
261,18072.011818
262,18050.674380
263,18012.130419
264,18100.096805
265,18095.582893
266,18038.535855
267,18120.577594
268,18194.698998
269,18186.204170
270,18182.650725
271,18149.838764
272,18032.196875
273,18094.762950
274,18079.693485
275,18102.293817
276,18129.448154
277,18146.569447
278,18175.123436
279,18096.423724
280,18063.990009
281,18091.434496
282,18047.069967
283,17975.610012
284,18058.689395
285,17999.848945
286,17986.751916
287,18030.624434
288,17984.087772
289,18039.167904
290,17996.619086
291,17977.753878
292,18018.077844
293,18095.377804
294,18091.629809
295,18091.069487
296,18136.485457
297,18139.221728
298,17971.711616
299,17918.241545
300,18086.944931
301,18035.846517
302,18135.213638
303,18079.341978
304,18063.607300
305,18029.162228
306,18083.715067
307,18220.944572
308,17979.339801
309,18172.349638
310,18163.195608
311,18135.151501
312,18143.773058
313,18020.005352
314,17964.938087
315,18069.216818
316,18108.309590
317,18117.463597
318,18105.689197
319,18021.933838
320,18038.901223
321,18005.733438
322,18119.107825
323,17958.500048
324,18018.696415
325,18080.717489
326,18114.410218
327,17925.659298
328,17984.991621
329,18116.941378
330,18201.222596
331,18035.409823
332,18058.787621
333,18068.491524
334,18165.152763
335,17981.227780
336,17968.292813
337,17972.861590
338,18068.085345
339,18119.897863
340,18050.153707
341,18155.679721
342,18043.597108
343,18027.270342
344,18011.393474
345,18057.020240
346,18068.487532
347,17960.072980
348,18167.680775
349,18094.795143
350,17977.739320
351,18020.428131
352,18039.123449
353,18079.768653
354,18070.679099
355,18112.203425
356,18078.715184
357,18081.065929
358,18184.825922
359,18006.396883
360,17934.271440
361,18138.415963
362,18005.377451
363,18094.203271
364,18116.439037
365,18158.153593
366,18235.567417
367,18134.970463
368,18105.908286
369,18004.783206
370,17984.495183
371,17929.726521
372,18104.198606
373,18110.078874
374,18252.078569
375,18148.704661
376,18061.140470
377,18120.043015
378,18180.963107
379,18166.552788
380,18021.229481
381,17931.465065
382,18058.919698
383,18068.008683
384,18097.108602
385,18164.340973
386,18178.100311
387,18150.142070
388,18165.231847
389,18128.113660
390,18078.590823
391,18072.129707
392,18070.622625
393,18159.170252
394,18053.711706
395,18059.755366
396,18170.466057
397,18119.451616
398,18219.779934
399,17946.835162
400,18021.691929
401,18138.005585
402,18032.866902
403,18015.839548
404,18132.647391
405,18056.812083
406,17912.331709
407,18049.435580
408,18110.940223
409,18042.230437
410,18183.997554
411,18166.116233
412,18072.903744
413,18115.460402
414,18060.302600
415,18007.063237
416,18137.634951
417,18096.507535
418,18135.772140
419,17999.910461
420,17956.286449
421,18088.833045
422,18066.684225
423,18112.133435
424,18227.074892
425,18155.972347
426,18108.447845
427,17999.230999
428,18012.614613
429,17979.476865
430,18147.085204
431,18104.069858
432,18140.225857
433,18109.669902
434,18164.072374
435,18119.122015
436,18226.725582
437,18154.455038
438,18137.858361
439,18126.413882
440,18043.226288
441,17961.990511
442,17913.575094
443,18094.810059
444,18107.094467
445,17974.117403
446,18033.521247
447,18016.661283
448,18073.300074
449,18097.250737
450,18141.924762
451,18077.716594
452,17986.185897
453,18082.054259
454,18004.130873
455,18037.542641
456,18017.973091
457,18017.577103
458,17889.298809
459,18187.177843
460,18149.318090
461,18086.633347
462,18106.315885
463,18138.572590
464,18106.885669
465,18030.794932
466,18112.417396
467,18111.387085
468,18131.191147
469,18131.226610
470,18089.743735
471,18014.521259
472,18022.669312
473,18036.702756
474,18146.518207
475,18252.916738
476,18119.257501
477,17873.548964
478,18000.651734
479,18210.188348
480,18044.720244
481,18010.355805
482,18031.887809
483,18013.609192
484,18072.497043
485,18000.927019
486,18016.253240
487,18104.321357
488,18123.287867
489,18231.606530
490,18130.235081
491,18160.950031
492,18064.740340
493,18020.239248
494,17998.916842
495,17987.826844
496,18038.094712
497,18046.224806
498,18097.411356
499,18048.770309
