0,2798.351072
1,5963.317151
2,6819.030835
3,7254.567040
4,7613.190607
5,7889.897514
6,8088.200180
7,8308.460167
8,8411.294065
9,8582.699081
10,8756.800328
11,8964.163611
12,8981.792393
13,9094.578115
14,9214.666236
15,9283.733708
16,9324.212746
17,9525.363240
18,9622.149676
19,9634.406452
20,9794.012353
21,9946.688101
22,10119.996294
23,10193.695897
24,10222.712145
25,10330.163443
26,10244.414357
27,10374.251435
28,10347.578636
29,10421.469463
30,10589.821132
31,10677.456002
32,10783.150415
33,10896.924989
34,11108.940369
35,11064.412899
36,11002.459597
37,11001.230937
38,11068.809760
39,11119.638333
40,11371.245378
41,11255.346893
42,11498.978834
43,11409.516201
44,11501.916909
45,11503.729334
46,11704.075263
47,11834.191559
48,11685.317299
49,11777.357829
50,11819.902264
51,11802.458788
52,11757.889452
53,11733.742804
54,11880.636396
55,11871.527092
56,12030.400292
57,11949.401289
58,11912.113904
59,11919.262880
60,11992.105584
61,12141.715291
62,12125.224469
63,12075.105113
64,12015.981253
65,11989.640246
66,12271.684812
67,12243.879198
68,12150.204227
69,12185.037698
70,12462.319975
71,12373.362217
72,12334.815700
73,12178.412820
74,12420.579914
75,12089.002928
76,12404.066633
77,12416.147216
78,12452.678487
79,12542.561948
80,12537.174100
81,12563.802733
82,12539.847858
83,12506.454707
84,12347.340677
85,12531.312036
86,12630.255917
87,12719.501674
88,12586.822615
89,12770.016645
90,12605.539247
91,12717.692882
92,12631.462964
93,12545.330608
94,12648.873384
95,12814.381805
96,12641.658626
97,12413.873460
98,12671.417217
99,12722.928008
100,12915.482261
101,12607.404326
102,12538.497236
103,12676.187763
104,12867.513297
105,12986.426456
106,12744.210299
107,12686.643726
108,12912.073481
109,12903.303556
110,12676.281057
111,12717.059099
112,12755.671331
113,12861.812421
114,12992.098172
115,12847.206410
116,12791.732278
117,12849.033740
118,12756.189921
119,12885.651908
120,12878.383885
121,12938.505314
122,12900.060674
123,12949.786998
124,13046.280770
125,13091.419633
126,13211.257516
127,12894.700151
128,13014.513542
129,13154.320673
130,13206.477936
131,13140.542825
132,13129.830542
133,13213.427465
134,13206.301238
135,12997.390541
136,12962.688778
137,13035.475289
138,13088.177119
139,13218.586660
140,13021.940665
141,13372.161756
142,13262.329819
143,13252.107575
144,13021.995064
145,13202.878863
146,13222.286583
147,13167.996471
148,13169.918003
149,13176.473910
150,13107.968027
151,13235.273599
152,13068.769826
153,13178.031025
154,13575.396201
155,13198.721950
156,13314.969834
157,13286.704698
158,13299.344469
159,13458.710506
160,13237.786655
161,13146.316946
162,13482.258380
163,13260.012213
164,13253.545773
165,13272.502601
166,13295.675845
167,13563.448216
168,13147.055982
169,13104.715934
170,13352.388215
171,13160.058663
172,13451.658919
173,13533.430446
174,13444.520492
175,13338.193069
176,13312.864483
177,13486.799885
178,13462.653153
179,13638.380823
180,13616.515421
181,13540.698244
182,13576.957785
183,13533.193394
184,13450.027874
185,13401.808121
186,13450.334242
187,13421.757674
188,13441.030805
189,13725.939673
190,13854.317046
191,13713.569609
192,13662.007645
193,13732.125570
194,13573.465004
195,13541.623422
196,13372.955712
197,13524.565952
198,13859.835307
199,13567.285445
200,13460.737965
201,13626.646013
202,13400.390415
203,13684.592994
204,13435.744246
205,13731.341720
206,13633.676509
207,13970.585237
208,13770.841631
209,13611.985455
210,13724.784604
211,13585.421410
212,13841.452585
213,13784.268328
214,14070.374394
215,13890.231960
216,13680.594596
217,13800.958782
218,13887.815650
219,13997.953312
220,13900.664576
221,14038.869742
222,13982.478392
223,13918.511907
224,14235.270711
225,14131.535016
226,14086.425637
227,14313.236320
228,13984.820214
229,14011.717336
230,13868.364222
231,14127.585557
232,13992.200273
233,14150.910301
234,13999.056904
235,13960.315850
236,14131.748853
237,14292.811922
238,14342.679182
239,14231.137124
240,14273.484987
241,14283.902738
242,14283.792216
243,14216.585771
244,14314.533989
245,14275.853927
246,14204.795463
247,14245.830761
248,14277.004136
249,13947.695632
250,14551.853520
251,14107.831039
252,14574.418558
253,14377.765954
254,14251.890710
255,14571.934219
256,14364.096829
257,14269.624875
258,14483.222893
259,14526.898356
260,14418.227747
261,14548.965711
262,14461.445860
263,14571.328383
264,14833.493443
265,14777.546493
266,14877.840217
267,14377.605261
268,14337.909260
269,14546.941180
270,14808.896557
271,14811.273964
272,15072.295323
273,14644.625587
274,14559.619183
275,14727.733226
276,14766.579349
277,14798.068246
278,14716.996340
279,14742.285146
280,14772.931615
281,14665.270626
282,14565.625031
283,14980.677623
284,14823.782357
285,15202.675624
286,14727.418151
287,14997.942737
288,15171.136670
289,14985.273097
290,14919.848472
291,15134.112208
292,14925.391431
293,15038.036995
294,14752.000099
295,14912.845045
296,14772.926469
297,14850.022224
298,14711.034015
299,14842.992035
300,15038.650998
301,15168.083275
302,15042.223867
303,14982.711426
304,14976.570910
305,14789.615298
306,14811.632728
307,15114.069391
308,14970.394659
309,15187.150119
310,14963.982053
311,15018.306396
312,14883.710331
313,14894.456253
314,14832.692609
315,14993.466178
316,15134.262820
317,15056.495664
318,14943.526541
319,15105.774801
320,14890.506137
321,15393.787194
322,15107.327695
323,15278.735023
324,15169.665569
325,15071.772297
326,15257.210233
327,15313.262021
328,15199.711759
329,15244.163150
330,15139.120199
331,14764.224389
332,15123.612806
333,15024.929872
334,14866.800180
335,15190.105703
336,15102.588060
337,14859.607077
338,15271.788106
339,15224.133141
340,15282.955992
341,15110.348839
342,14941.372009
343,15063.001944
344,14950.611210
345,14932.254052
346,15475.589309
347,15125.673857
348,14987.605171
349,15065.103641
350,14859.869757
351,14845.999758
352,15175.529346
353,15272.636106
354,15135.358249
355,15179.902687
356,14995.920393
357,15212.137283
358,15052.132679
359,15290.776614
360,15254.979239
361,15116.874820
362,15061.675660
363,15127.726582
364,15161.467946
365,15295.724221
366,15150.442221
367,15346.615308
368,15136.711916
369,15379.193240
370,15200.110659
371,15301.955895
372,15328.226658
373,15119.629195
374,15411.693031
375,15169.179958
376,15370.540452
377,15180.760839
378,15337.086658
379,15406.794877
380,15350.834264
381,15318.324526
382,15227.519380
383,15283.972258
384,15459.472330
385,15148.734751
386,15147.336784
387,15322.384936
388,15349.231176
389,15453.786806
390,15508.805856
391,15359.214544
392,15660.979751
393,15445.268653
394,15514.317357
395,15319.290572
396,15542.063713
397,15334.648606
398,15616.927872
399,15470.992017
400,15539.109097
401,15473.634789
402,15388.815256
403,15492.510171
404,15429.111511
405,15575.050516
406,15229.357360
407,15469.844048
408,15153.542377
409,15765.287386
410,15083.402985
411,15376.272430
412,15401.374389
413,15552.107092
414,15709.121036
415,15675.460808
416,15575.473315
417,15663.754736
418,15234.511892
419,15212.311544
420,15451.259795
421,15479.861839
422,15333.055278
423,15407.638148
424,15493.502951
425,15428.405321
426,15505.407468
427,15501.968961
428,15311.739957
429,15370.660776
430,15211.274545
431,15045.270466
432,15498.273958
433,15937.090758
434,15671.334680
435,15752.245760
436,15207.549546
437,15351.435324
438,15193.257009
439,15418.576887
440,15341.645405
441,15192.335304
442,15673.961075
443,15856.778082
444,15268.095634
445,15675.395973
446,15650.345084
447,15674.284539
448,15642.206624
449,15835.503778
450,15445.019073
451,15589.405590
452,15655.303821
453,15282.424812
454,15459.653245
455,15730.465727
456,15603.958441
457,15638.322222
458,15195.224406
459,15092.741035
460,15203.340309
461,15337.067560
462,15492.608253
463,15405.735404
464,15246.838149
465,15258.225102
466,15467.628551
467,15560.029626
468,15497.876748
469,15428.007456
470,15750.102944
471,15377.845593
472,15366.462588
473,15473.444839
474,15406.714381
475,15349.820125
476,15479.968328
477,15784.805370
478,15723.820076
479,15336.224592
480,15534.845777
481,15543.543345
482,15311.265599
483,15661.107047
484,15555.590336
485,15529.214931
486,15240.634869
487,15338.023573
488,15464.124324
489,15431.827774
490,15477.206932
491,15549.666230
492,15513.147771
493,15439.442482
494,15581.400727
495,15493.411820
496,15576.984022
497,15548.954737
498,15429.733754
499,15429.949626
