0,2773.711576
1,5791.627369
2,6542.021193
3,7069.931666
4,7263.663385
5,7555.526728
6,7763.375705
7,7988.002136
8,8166.828670
9,8183.229739
10,8327.800842
11,8561.916227
12,8671.866484
13,8725.035211
14,8819.391974
15,8856.008263
16,8970.304257
17,9094.283385
18,9224.866619
19,9236.201743
20,9273.907633
21,9556.229592
22,9426.822573
23,9453.051032
24,9712.497383
25,9706.464192
26,9931.566086
27,9776.825498
28,9832.687353
29,10099.397909
30,10082.008255
31,10230.560106
32,10200.896482
33,10254.982507
34,10262.207491
35,10417.609578
36,10364.696625
37,10508.779511
38,10534.932809
39,10656.692830
40,10622.961735
41,10653.420414
42,10798.008277
43,10806.499000
44,10840.254621
45,10888.274771
46,10940.570046
47,11116.477561
48,11358.292106
49,11450.051227
50,11503.856614
51,11561.617846
52,11427.070661
53,11561.042636
54,11550.120187
55,11516.539155
56,11617.299574
57,11696.152573
58,11689.530748
59,11750.699232
60,12013.837908
61,12078.136398
62,12000.972420
63,12121.548348
64,12042.136222
65,12258.373034
66,12128.497553
67,12359.409293
68,12406.691850
69,12235.364203
70,12329.736248
71,12448.686810
72,12314.056214
73,12325.745704
74,12300.088654
75,12519.211342
76,12311.524445
77,12226.556008
78,12516.037180
79,12772.835487
80,12909.170175
81,12910.171216
82,12709.641608
83,12600.346402
84,12869.214417
85,12920.493535
86,12843.020458
87,12810.507413
88,12954.124861
89,12974.182663
90,12767.942510
91,12791.782739
92,12821.119433
93,12940.638269
94,13073.921048
95,13072.899872
96,13310.120702
97,13068.120544
98,13058.072082
99,13010.015697
100,13245.816517
101,13314.464186
102,13381.874192
103,13271.560638
104,13158.297707
105,13356.246513
106,13424.931000
107,13555.970215
108,13310.643674
109,13582.112557
110,13258.826328
111,13373.637212
112,13457.534315
113,13480.948342
114,13678.705584
115,13593.629544
116,13506.551173
117,13691.711622
118,13696.350009
119,13647.042619
120,13615.470829
121,13640.742429
122,13649.856447
123,13752.623986
124,13740.084894
125,13646.841685
126,13704.086481
127,13791.896584
128,13619.442719
129,13873.239822
130,13872.803393
131,13671.810001
132,13687.000466
133,13619.733983
134,13954.729847
135,14137.360461
136,13878.124586
137,13855.235771
138,14210.810934
139,13829.055124
140,13756.399090
141,13692.636701
142,14001.878166
143,14085.803910
144,13815.143836
145,14137.394410
146,13915.640339
147,14080.663053
148,14137.389996
149,13832.028478
150,13947.471833
151,13779.499301
152,14033.949967
153,13732.932841
154,13781.578322
155,13956.277947
156,14087.356926
157,13731.093454
158,13905.629156
159,14217.873635
160,14349.861937
161,14163.863643
162,14398.053604
163,14152.816788
164,14105.938670
165,14270.617712
166,14470.173181
167,14191.412813
168,14066.898360
169,14040.704288
170,14060.533716
171,14240.387298
172,14269.032040
173,13871.105390
174,14263.897873
175,13964.537196
176,14086.548503
177,14072.422737
178,14014.432272
179,14309.865341
180,14494.046378
181,14446.102240
182,14377.455574
183,14413.814655
184,14339.946261
185,14233.433659
186,14172.429567
187,14399.971679
188,14471.872804
189,14562.406095
190,14377.387130
191,14197.250470
192,14314.885937
193,14239.675930
194,14476.279357
195,14469.664609
196,14541.791275
197,14401.340274
198,14204.873692
199,14342.072402
200,14380.885106
201,14325.035372
202,14495.124796
203,14354.709632
204,14506.740591
205,13981.985437
206,14273.356985
207,14302.696805
208,14394.562016
209,14128.840494
210,14511.557999
211,14550.270299
212,14393.534147
213,14721.684573
214,14616.912230
215,14467.498980
216,14339.338703
217,14566.258978
218,14501.962955
219,14445.917020
220,14717.229263
221,14612.416028
222,14433.244730
223,14421.976993
224,14506.670832
225,14468.454447
226,14811.651874
227,14499.548499
228,14288.492233
229,14488.202416
230,14361.368827
231,14722.258764
232,14306.926080
233,14511.209051
234,14691.197387
235,14606.739893
236,14824.231164
237,14496.634763
238,14601.620314
239,14431.600655
240,14527.133412
241,14652.093844
242,14656.058725
243,14431.689922
244,14572.089761
245,14480.268514
246,14259.094881
247,14218.321465
248,14201.300285
249,14569.721551
250,14830.865365
251,14715.891397
252,14483.549179
253,14255.606068
254,14533.374671
255,14619.787495
256,14497.935990
257,14451.610633
258,14529.141619
259,14492.149714
260,14531.661357
261,14592.684101
262,14516.071591
263,14684.472120
264,14913.740084
265,14775.125595
266,14623.028091
267,14544.702857
268,14825.398834
269,14669.389520
270,14570.961249
271,14798.164674
272,14404.704602
273,14757.261955
274,14694.045689
275,14599.336369
276,14665.636046
277,14599.506168
278,14757.187305
279,14675.931833
280,14697.193656
281,14609.169919
282,14577.485645
283,14494.365376
284,14792.760997
285,14535.447922
286,14523.878673
287,14811.368966
288,14990.146228
289,14628.805585
290,14607.501883
291,14897.761234
292,15089.383786
293,15002.070013
294,14829.801122
295,14673.225726
296,14752.412924
297,14878.188740
298,14909.424102
299,14688.415494
300,14654.604490
301,15049.949397
302,14939.648040
303,14815.203171
304,14972.492240
305,14887.683625
306,14724.811267
307,14702.606859
308,15068.146828
309,14859.495101
310,14960.950170
311,14960.212239
312,14678.210918
313,14700.113497
314,14729.304106
315,14788.144930
316,15099.780410
317,14760.334375
318,14791.086519
319,14859.358584
320,14892.350632
321,15236.307245
322,14755.088038
323,15003.689553
324,14923.416851
325,14693.745044
326,14989.249499
327,14914.853354
328,14672.426165
329,14779.000567
330,15304.184861
331,15147.653819
332,14787.826155
333,14875.921097
334,14888.664866
335,14951.407765
336,15169.671585
337,14975.477043
338,15145.383549
339,14759.784264
340,15140.205956
341,15100.759087
342,14974.820134
343,15221.501703
344,15065.117829
345,14830.212556
346,15281.940255
347,14906.577467
348,14841.352455
349,15046.624365
350,15074.496157
351,15089.504414
352,15259.229552
353,15149.500554
354,15199.759309
355,15091.074346
356,14818.740721
357,15052.070247
358,14991.684064
359,15049.860926
360,14837.219115
361,15000.924227
362,14876.575523
363,15121.063840
364,15087.541212
365,15192.664885
366,14881.749738
367,15055.335136
368,15062.509011
369,15048.682716
370,15223.776989
371,15260.586331
372,15402.384954
373,15325.610234
374,14962.235852
375,15130.330563
376,15151.010130
377,15248.735727
378,15231.074563
379,14917.652763
380,14968.687598
381,15022.551901
382,14902.744961
383,14981.891186
384,14991.816654
385,15125.220389
386,15211.268769
387,14961.914286
388,15090.144196
389,14897.500155
390,15096.706484
391,14970.201689
392,15130.676641
393,15132.297634
394,15127.312100
395,15117.433955
396,15453.459617
397,15017.908503
398,14932.779004
399,14996.854546
400,15134.076077
401,14756.361030
402,15263.234102
403,15178.387542
404,15362.978929
405,15080.411880
406,15108.203034
407,14914.401632
408,15285.838179
409,15286.280632
410,15213.774681
411,15121.113150
412,15211.509420
413,15207.159418
414,15327.067700
415,15273.534586
416,15284.827727
417,15260.254073
418,15014.811486
419,15137.622953
420,15110.757236
421,15307.377838
422,15062.523167
423,15132.541219
424,15334.361815
425,14888.411422
426,15230.864899
427,15186.464367
428,15114.663693
429,15303.552580
430,15102.608829
431,15008.998292
432,15152.737565
433,15136.755421
434,15019.509713
435,14869.257129
436,15155.924797
437,14994.376848
438,15308.764556
439,15399.572771
440,15544.707172
441,15172.888628
442,15225.747748
443,15125.262733
444,15264.687232
445,15563.671540
446,15188.276606
447,15326.137717
448,15522.745833
449,15328.375396
450,15182.755070
451,15325.797963
452,15131.461370
453,14969.171050
454,15661.280113
455,15163.816469
456,15143.452276
457,15244.270036
458,15563.508022
459,15227.362233
460,15515.753580
461,15081.824824
462,14906.164774
463,15133.504715
464,15318.715638
465,15493.652380
466,15205.061495
467,15218.701756
468,15006.818746
469,15067.315153
470,15302.548977
471,15057.834157
472,14912.429612
473,15270.536376
474,15214.049978
475,15191.277857
476,15051.651501
477,15027.508920
478,15386.208918
479,15463.387472
480,15402.896569
481,15135.178414
482,15224.425445
483,15302.457354
484,15098.448157
485,15152.864471
486,15399.863981
487,15388.093144
488,15178.136479
489,15136.570977
490,15270.660616
491,15307.141447
492,15377.589774
493,15212.867582
494,15237.588781
495,15490.186421
496,15144.368683
497,15084.384011
498,15512.824787
499,15512.974482
