0,2799.918505
1,5563.577862
2,5961.137146
3,6334.044636
4,6546.872986
5,6775.199699
6,6966.970487
7,7169.944063
8,7300.439941
9,7341.680957
10,7470.098509
11,7510.447161
12,7678.008732
13,7734.679655
14,7916.674724
15,8043.222018
16,8033.067531
17,8213.788498
18,8303.292616
19,8336.389649
20,8413.509470
21,8365.290504
22,8566.553229
23,8545.029311
24,8722.221744
25,8738.241938
26,8837.745363
27,8794.899381
28,8896.048056
29,8980.775043
30,8952.687578
31,9084.714708
32,9067.050721
33,9165.809869
34,9163.212521
35,9214.889807
36,9225.124469
37,9213.688493
38,9279.477152
39,9285.232661
40,9470.478074
41,9370.658696
42,9473.854756
43,9504.053773
44,9612.837928
45,9503.940060
46,9661.210115
47,9714.100019
48,9700.267968
49,9845.061614
50,9759.779839
51,9790.510440
52,9803.218604
53,9954.107481
54,10073.595528
55,9949.851981
56,9966.571001
57,9861.264704
58,10026.098193
59,10039.801769
60,10181.398731
61,10152.097774
62,10184.640510
63,10141.724789
64,10247.679700
65,10285.597853
66,10261.309278
67,10281.603054
68,10257.738328
69,10336.327505
70,10434.135344
71,10402.765682
72,10291.846970
73,10538.587526
74,10484.506666
75,10463.129115
76,10496.350231
77,10475.156819
78,10576.183751
79,10685.549236
80,10549.150931
81,10633.041950
82,10653.105746
83,10580.898280
84,10782.539731
85,10756.104983
86,10772.313240
87,10772.486257
88,10848.428293
89,10633.683837
90,10816.888732
91,10743.473483
92,10814.379508
93,10966.116626
94,11043.203726
95,11002.498861
96,10973.198923
97,10835.774031
98,11039.559507
99,11052.934579
100,11027.172815
101,11112.489997
102,11133.519917
103,11161.456023
104,11086.304007
105,11127.749174
106,11235.907184
107,11115.933995
108,11080.503727
109,11163.942395
110,11286.717631
111,11306.382532
112,11271.938852
113,11403.649833
114,11275.838155
115,11295.984771
116,11287.457824
117,11500.760821
118,11452.576880
119,11506.626795
120,11427.427229
121,11344.470874
122,11418.564491
123,11354.067348
124,11323.848147
125,11395.358335
126,11408.269912
127,11280.978291
128,11414.903985
129,11531.806305
130,11420.609157
131,11481.908372
132,11543.584179
133,11677.720759
134,11713.540953
135,11539.377264
136,11625.018327
137,11562.014427
138,11552.766702
139,11805.686166
140,11672.356984
141,11576.652383
142,11704.014086
143,11717.267274
144,11854.165082
145,11797.756442
146,11783.911362
147,11783.725630
148,11798.385424
149,11942.491716
150,11775.292451
151,11710.398956
152,11707.012042
153,11889.446851
154,11857.019252
155,11977.200470
156,11823.244873
157,11918.209719
158,11888.706474
159,12005.483159
160,12012.061303
161,11948.164176
162,12067.519539
163,11835.098316
164,11993.540418
165,12037.116378
166,11996.259793
167,11935.607305
168,12114.974277
169,11920.938887
170,12147.641750
171,12121.780139
172,12009.422477
173,12028.820158
174,12090.447512
175,12061.300040
176,12125.129230
177,12000.001393
178,11950.347136
179,12110.754994
180,12189.869411
181,11989.074734
182,11948.718191
183,12096.790472
184,12097.451290
185,12155.562633
186,12190.339948
187,12226.772612
188,12075.953255
189,12122.826589
190,12072.998351
191,12117.691768
192,12284.754265
193,12299.268301
194,12334.168848
195,12239.385678
196,12222.076207
197,12130.215609
198,12256.619489
199,12378.510900
200,12333.483175
201,12306.998464
202,12304.633040
203,12149.310542
204,12085.885727
205,12353.367761
206,12343.168359
207,12430.719956
208,12240.227666
209,12313.446782
210,12259.040162
211,12180.241692
212,12379.179945
213,12262.530527
214,12375.112488
215,12411.487062
216,12493.953034
217,12280.769950
218,12328.417641
219,12326.423314
220,12547.862717
221,12474.285476
222,12264.082265
223,12307.574846
224,12351.428195
225,12239.654505
226,12379.098373
227,12441.314628
228,12309.641049
229,12557.029828
230,12523.346408
231,12437.550884
232,12351.464006
233,12435.339376
234,12262.596131
235,12507.223308
236,12414.981432
237,12360.573661
238,12512.549039
239,12482.221769
240,12530.527882
241,12546.332797
242,12477.352336
243,12518.198276
244,12425.588820
245,12467.658618
246,12577.561261
247,12398.836495
248,12443.409647
249,12458.908745
250,12481.166827
251,12434.803742
252,12483.910964
253,12480.454164
254,12514.234104
255,12432.712766
256,12546.125072
257,12415.383714
258,12394.784948
259,12508.233947
260,12598.976732
261,12584.094258
262,12566.078649
263,12506.169610
264,12602.083870
265,12460.362284
266,12563.838068
267,12576.309178
268,12511.952169
269,12646.307149
270,12594.217714
271,12580.235188
272,12511.511455
273,12454.461349
274,12488.249160
275,12404.800127
276,12402.455674
277,12512.658761
278,12545.033420
279,12594.139628
280,12528.916575
281,12559.362830
282,12586.934240
283,12656.718420
284,12683.394037
285,12494.707548
286,12536.000823
287,12727.746824
288,12703.404101
289,12732.764231
290,12741.651943
291,12871.206824
292,12752.970637
293,12738.785516
294,12631.575391
295,12752.701367
296,12765.961077
297,12625.737763
298,12815.323147
299,12694.665108
300,12726.461506
301,12640.382404
302,12742.457525
303,12652.669265
304,12735.387299
305,12732.504220
306,12710.005928
307,12883.957175
308,12855.565691
309,12828.473670
310,12564.548527
311,12698.425322
312,12746.033629
313,12694.122882
314,12611.462572
315,12738.704284
316,12689.742004
317,12709.455536
318,12729.713886
319,12723.031658
320,12766.066069
321,12812.475368
322,12966.153549
323,12779.360952
324,12759.699840
325,12821.112653
326,12908.305680
327,12759.277234
328,12691.570999
329,12712.718750
330,12695.829083
331,12830.999999
332,12871.198867
333,12761.176526
334,12828.255113
335,12801.001379
336,12901.914008
337,12763.675148
338,12745.582550
339,12795.273188
340,12798.720227
341,12793.280508
342,12858.242777
343,12776.959367
344,12893.765407
345,12826.500622
346,12977.614969
347,12682.127989
348,12809.805457
349,12760.599148
350,12764.693297
351,13009.312380
352,12963.075973
353,12791.711567
354,12853.324279
355,12802.668696
356,12835.381480
357,12806.205615
358,12883.211705
359,12847.020553
360,12938.519868
361,12823.441572
362,12961.316269
363,12893.316477
364,12926.505247
365,12806.252309
366,12879.060843
367,12874.896908
368,12856.618627
369,12839.556852
370,12846.366883
371,12981.145016
372,12750.890476
373,12753.534771
374,12832.532629
375,12992.648210
376,12850.898348
377,12696.186353
378,12765.045566
379,12806.303451
380,12672.946684
381,13008.319853
382,12895.300544
383,13043.116611
384,12964.053748
385,12944.266844
386,12915.213512
387,12786.507409
388,12911.083558
389,12796.706803
390,12934.425582
391,12971.526700
392,12988.780482
393,12976.825678
394,12882.547305
395,12903.141911
396,12785.635985
397,13081.447892
398,12922.528375
399,12998.965533
400,12940.683418
401,12980.605309
402,13039.568285
403,12856.993479
404,12834.937629
405,13005.754772
406,12989.678385
407,12955.306568
408,12991.750750
409,12783.049884
410,12994.720355
411,13056.405285
412,13066.671622
413,13070.639761
414,12971.672588
415,12976.630688
416,13014.993542
417,12920.673291
418,13010.567077
419,12992.510756
420,13018.638055
421,13073.996094
422,13018.598920
423,12958.695364
424,12929.404091
425,12932.228886
426,12973.137224
427,12959.668066
428,12752.618334
429,12885.382382
430,12909.703097
431,13023.953477
432,12966.425632
433,12934.396625
434,12780.946218
435,13166.277668
436,13086.436512
437,13048.521829
438,13143.550515
439,13132.577123
440,13007.397022
441,12959.491897
442,13035.363382
443,13048.419141
444,12927.800088
445,13168.716002
446,13171.261195
447,12907.506176
448,13108.874339
449,12959.954921
450,12960.817731
451,13045.946770
452,13047.486459
453,12975.185698
454,12984.774285
455,12829.973887
456,13144.347161
457,13097.056343
458,13169.077345
459,13112.252982
460,13249.535098
461,13053.656689
462,12933.084501
463,12904.253263
464,12960.285765
465,13068.944492
466,13068.435142
467,12935.831818
468,13033.470431
469,12937.719038
470,13118.659064
471,13141.986784
472,13024.888991
473,13291.049153
474,12909.278393
475,13003.451866
476,12810.380392
477,12838.465707
478,12950.950333
479,12999.941534
480,13106.908363
481,13105.313522
482,12974.000807
483,13027.021531
484,13117.826695
485,13061.617422
486,13134.911899
487,13173.974734
488,13068.448498
489,13238.761720
490,13133.776411
491,13137.825656
492,13049.139140
493,13049.825584
494,13085.781354
495,13116.049631
496,13084.455896
497,12998.008534
498,12917.600002
499,13040.798358
