0,2716.855902
1,3069.017995
2,3361.821784
3,3569.816157
4,3714.371489
5,3835.034421
6,3885.316267
7,3942.908241
8,4016.501923
9,4050.762815
10,4104.749067
11,4213.581791
12,4200.938909
13,4200.076002
14,4363.392344
15,4415.380277
16,4569.716583
17,4658.111777
18,4722.426409
19,4815.538102
20,4874.758054
21,4877.202403
22,4858.380946
23,4838.530141
24,4835.436804
25,4851.725702
26,4930.217633
27,4969.605414
28,4953.805654
29,5041.030103
30,5134.393646
31,5183.110696
32,5153.706291
33,5140.319171
34,5156.335992
35,5188.952399
36,5217.382037
37,5213.397126
38,5154.865779
39,5251.509308
40,5151.370588
41,5118.505513
42,5223.320617
43,5257.249105
44,5285.083050
45,5266.935151
46,5318.476586
47,5381.064136
48,5338.847189
49,5417.850612
50,5327.153880
51,5353.114004
52,5324.843942
53,5438.294088
54,5387.286240
55,5362.765467
56,5407.839345
57,5377.420917
58,5380.023821
59,5471.267214
60,5424.552729
61,5313.498028
62,5412.486294
63,5323.092042
64,5266.430561
65,5209.173340
66,5210.652593
67,5288.202534
68,5401.089055
69,5421.130737
70,5461.241333
71,5468.419152
72,5472.357172
73,5409.706246
74,5416.901721
75,5458.005543
76,5375.473585
77,5324.599655
78,5262.386798
79,5372.180457
80,5405.970818
81,5420.868347
82,5464.715332
83,5519.682750
84,5508.088103
85,5471.723736
86,5572.355085
87,5456.787042
88,5481.593484
89,5590.561434
90,5696.006434
91,5582.635888
92,5576.977657
93,5473.994931
94,5463.219852
95,5466.086541
96,5411.850713
97,5526.280769
98,5468.135616
99,5505.876486
100,5529.401004
101,5551.868801
102,5489.308200
103,5587.282404
104,5616.618816
105,5599.672684
106,5544.556615
107,5612.139811
108,5547.056894
109,5666.783892
110,5548.527258
111,5622.242350
112,5673.239869
113,5620.651276
114,5623.363219
115,5660.500243
116,5581.996688
117,5587.662617
118,5682.284164
119,5792.208347
120,5601.591842
121,5602.241257
122,5798.616961
123,5809.949971
124,5723.169499
125,5791.244270
126,5859.246688
127,5877.398333
128,5792.216596
129,5791.606928
130,5837.887151
131,5829.588207
132,5764.579921
133,5711.781971
134,5672.700954
135,5675.324362
136,5591.245160
137,5610.365984
138,5726.508484
139,5683.459884
140,5753.961396
141,5704.794453
142,5684.455497
143,5552.884343
144,5493.875622
145,5524.778734
146,5644.105547
147,5498.553532
148,5625.295997
149,5560.816143
150,5504.640389
151,5478.902850
152,5547.265932
153,5486.840967
154,5648.756324
155,5576.774050
156,5696.079958
157,5867.516476
158,5790.810164
159,5695.559612
160,5694.129516
161,5729.179329
162,5782.443890
163,5807.467500
164,5811.321398
165,5807.417923
166,5795.003080
167,5826.506436
168,5835.347421
169,5890.369197
170,5922.819255
171,5871.446966
172,5900.130241
173,5892.346297
174,5998.070756
175,5938.819693
176,6036.294885
177,5997.673420
178,6048.492994
179,6087.324740
180,5987.549703
181,5824.756276
182,5850.508135
183,5749.450859
184,5496.095950
185,5610.462671
186,5561.886098
187,5628.484551
188,5670.277978
189,5689.893449
190,5756.964705
191,5654.370037
192,5778.198038
193,5989.644281
194,5822.101961
195,5775.488639
196,5789.965749
197,5629.373985
198,5684.500472
199,5730.413057
200,5736.211419
201,5774.395952
202,5800.131201
203,5703.459258
204,5658.552522
205,5645.666889
206,5846.270007
207,5752.299573
208,5757.659136
209,5792.781576
210,5742.076540
211,5761.569205
212,5790.574632
213,5729.551920
214,5602.736371
215,5695.514772
216,5759.852026
217,5816.182498
218,5819.700437
219,5943.664743
220,5983.675698
221,5947.596393
222,5903.112145
223,5969.225805
224,5935.667042
225,5887.309971
226,5827.997847
227,5821.759698
228,5800.108382
229,5686.431979
230,5681.799386
231,5661.785073
232,5657.894317
233,5787.205325
234,5803.729140
235,5806.755703
236,5807.405456
237,5966.065630
238,5928.703054
239,5985.045169
240,5909.516620
241,5802.346883
242,5897.598940
243,5888.836109
244,5905.613398
245,5900.578862
246,6017.379679
247,5927.642869
248,5962.283659
249,5920.153384
250,6003.914767
251,5970.861107
252,6126.921445
253,6016.181852
254,5815.094748
255,5744.742014
256,5838.793601
257,5842.447484
258,5899.470808
259,5875.118641
260,5796.815424
261,5920.410146
262,5906.010568
263,5946.494800
264,5810.476527
265,5813.235705
266,5897.380746
267,5775.557451
268,5672.494226
269,5677.217301
270,5849.756801
271,5815.157266
272,5865.967986
273,5782.522485
274,5945.678744
275,6129.607617
276,6147.920169
277,6288.770231
278,6153.174881
279,6020.096935
280,6009.521192
281,6170.992892
282,6163.371936
283,6078.962743
284,6183.489201
285,5974.702159
286,6012.702538
287,6099.099880
288,6106.181751
289,6050.968689
290,6019.167185
291,6047.326613
292,5916.875967
293,5865.089857
294,5905.470165
295,5904.938547
296,5868.176816
297,6023.434523
298,6171.376251
299,5859.700210
300,5816.916060
301,5963.795749
302,5959.415203
303,6062.884433
304,5935.769650
305,5958.248503
306,5902.054397
307,6047.167751
308,5961.158656
309,5820.560700
310,5696.283388
311,5716.938788
312,5872.275322
313,5780.359975
314,5723.766693
315,5784.037682
316,5847.592435
317,5977.639974
318,5989.705006
319,5865.367844
320,5959.195817
321,5998.268285
322,5981.897996
323,5967.787337
324,5926.928518
325,5937.348117
326,5966.677895
327,5964.296840
328,5955.206262
329,5855.553759
330,5883.808278
331,5978.636261
332,5964.661731
333,5884.864742
334,5784.961408
335,5720.561444
336,5807.698620
337,5872.259724
338,5837.768262
339,5772.119235
340,5815.019609
341,5796.954067
342,5753.159231
343,5877.106594
344,5886.267600
345,5830.165771
346,6056.652630
347,6077.169010
348,5978.067582
349,6004.375069
350,6161.933011
351,6047.674474
352,5989.067432
353,6098.469154
354,6124.253729
355,6006.375589
356,5949.112753
357,5845.636000
358,5894.938142
359,5890.632603
360,5916.153971
361,5901.479854
362,5939.455564
363,5964.140420
364,5944.577932
365,5941.030503
366,5881.010489
367,5825.007745
368,5926.707834
369,5805.118814
370,5950.361890
371,6029.178515
372,5993.659265
373,5891.098619
374,5933.417452
375,6043.451165
376,6071.192493
377,6044.692194
378,6054.452258
379,6148.338540
380,6055.693687
381,5992.237912
382,5973.754897
383,6042.316373
384,5921.057368
385,5776.224868
386,5875.581599
387,5932.087492
388,5948.508867
389,6051.183574
390,5960.991881
391,5878.666388
392,5846.791228
393,5889.550512
394,6039.370461
395,6063.368816
396,5986.759578
397,5944.776928
398,5901.526019
399,5823.844141
400,5987.178582
401,5968.340122
402,5935.893230
403,5977.472866
404,5952.060204
405,5955.832855
406,5830.273053
407,5865.595790
408,5907.273824
409,5938.102171
410,5978.086626
411,5893.554730
412,5982.591524
413,5968.597856
414,6053.998393
415,6077.855860
416,6067.512277
417,5998.402147
418,6050.524806
419,6061.280001
420,5993.478341
421,5944.567424
422,5889.117165
423,5924.987145
424,5734.707390
425,5834.393493
426,5682.311743
427,5813.073412
428,5901.764151
429,5751.613213
430,5958.876049
431,6105.706456
432,6110.314277
433,6095.456118
434,5898.608888
435,5773.030838
436,5972.835088
437,6058.443246
438,6056.981816
439,5987.190156
440,5865.364521
441,5871.454507
442,5809.551527
443,5944.959491
444,5935.006627
445,5898.170275
446,5878.245417
447,6005.201964
448,6021.932266
449,5832.203669
450,5773.727846
451,5828.307285
452,5675.726090
453,5829.234507
454,5761.780723
455,5684.322237
456,5696.387224
457,5544.570188
458,5557.942139
459,5544.940273
460,5580.718495
461,5893.118022
462,5774.359784
463,5750.908356
464,5723.318771
465,5912.941264
466,5813.064440
467,5653.305693
468,5796.183632
469,5889.332086
470,5814.993456
471,5875.639688
472,5899.730286
473,5941.741169
474,5946.946387
475,6005.336367
476,5858.054089
477,5866.339987
478,5760.168128
479,5700.073772
480,5678.427975
481,5717.848719
482,5662.717858
483,5707.003253
484,5726.322604
485,5787.894321
486,5811.672545
487,5738.555700
488,5716.899310
489,5653.227453
490,5750.624412
491,5744.959006
492,5768.764913
493,5925.358529
494,5869.907346
495,5995.928324
496,5939.179818
497,5868.156152
498,5892.812114
499,5720.172210
