0,2713.722054
1,3024.003370
2,3245.061966
3,3465.156775
4,3678.491393
5,3834.276115
6,3957.513029
7,4150.708639
8,4329.729594
9,4454.677558
10,4594.956759
11,4758.285470
12,4919.957314
13,5008.428705
14,5071.188034
15,5135.520878
16,5178.793824
17,5298.779950
18,5368.755353
19,5561.095460
20,5696.622542
21,5677.049273
22,5704.219824
23,5807.623178
24,5750.294883
25,5839.214154
26,5922.297277
27,5888.719235
28,6065.953958
29,5983.256783
30,5948.687935
31,6119.925381
32,6279.043329
33,6283.279742
34,6208.579524
35,6184.575892
36,6220.508644
37,6154.665516
38,6155.260211
39,6250.429788
40,6335.486070
41,6288.496499
42,6471.865316
43,6411.559841
44,6461.276568
45,6553.255737
46,6507.994636
47,6592.978665
48,6645.123097
49,6759.695836
50,6718.094525
51,6754.559567
52,6766.594003
53,6938.798208
54,6772.788812
55,6765.345830
56,6689.566010
57,6736.091283
58,6916.299556
59,7007.474685
60,6957.555295
61,6939.824292
62,6816.844949
63,6943.375506
64,7018.821377
65,7092.171881
66,7135.889344
67,7135.703312
68,7080.036585
69,7348.741805
70,7323.682455
71,7167.952482
72,7371.564772
73,7205.404802
74,7133.086377
75,7208.588169
76,7143.544814
77,6948.660250
78,7015.129924
79,6995.438167
80,7135.235946
81,7259.524291
82,7152.200029
83,6921.490426
84,7188.956064
85,7115.195443
86,7030.273365
87,7133.508610
88,7210.377361
89,7055.864396
90,7140.478874
91,7172.535703
92,7171.454057
93,7236.346256
94,7245.196047
95,7278.958861
96,7263.560911
97,7353.098722
98,7261.974242
99,7211.997993
100,6888.916231
101,6988.630921
102,6980.218885
103,7055.322907
104,7135.371184
105,7067.900341
106,7122.963164
107,7123.373294
108,7152.054470
109,7216.853384
110,7236.053170
111,7427.477774
112,7231.182428
113,7258.888269
114,7283.063987
115,7188.601095
116,7165.803295
117,7121.520276
118,7252.162033
119,7228.259889
120,7053.411994
121,6961.861190
122,7124.996523
123,6998.817849
124,7022.363095
125,6729.273992
126,6926.381755
127,6969.958950
128,6799.870779
129,6856.048045
130,6963.125488
131,6984.426510
132,6758.227651
133,7015.228966
134,7150.826900
135,7068.355112
136,6900.441598
137,6811.442926
138,7165.141261
139,7219.087602
140,7155.706526
141,7233.457720
142,7445.020597
143,7316.685545
144,7251.308091
145,7164.940339
146,7193.709266
147,7409.639967
148,7419.020275
149,7348.217643
150,7208.569297
151,7192.855838
152,7302.071232
153,7383.180901
154,7151.993290
155,7022.816174
156,6928.186513
157,7026.411674
158,6901.259787
159,7035.240793
160,7121.122663
161,6924.359270
162,6925.216406
163,6855.488816
164,6852.578474
165,7190.770222
166,7356.451590
167,7023.110753
168,7174.502185
169,6918.675243
170,7079.150950
171,7166.122120
172,7150.546627
173,7267.632103
174,7258.363869
175,7126.622634
176,7208.461615
177,7168.870688
178,7149.922594
179,7074.087223
180,7080.844636
181,7188.671710
182,7253.925731
183,7308.675806
184,7062.285224
185,7227.925787
186,7191.379925
187,7210.934015
188,6941.998500
189,7122.815152
190,7032.536992
191,7129.594603
192,7176.091453
193,7143.229771
194,7122.128277
195,7001.596127
196,7177.732911
197,6961.772507
198,7059.385475
199,7120.410559
200,7197.769676
201,7073.416599
202,7253.369749
203,7184.768811
204,7176.297912
205,7140.665358
206,7020.422867
207,6971.629486
208,6888.525053
209,7014.570095
210,7087.242609
211,7233.259520
212,7087.284369
213,7026.388171
214,7054.659670
215,7067.845160
216,7064.786645
217,6869.119076
218,7132.573526
219,7130.977390
220,7091.527063
221,7088.435215
222,7096.498032
223,6911.015986
224,6921.679279
225,7137.579120
226,7244.082118
227,7224.265597
228,7024.771526
229,7126.444565
230,7200.001528
231,7235.073267
232,7191.235846
233,7095.222330
234,7219.531882
235,7067.929951
236,7141.826410
237,7208.583061
238,7242.349678
239,7272.607515
240,7319.270786
241,7184.971493
242,7152.114439
243,7218.642621
244,7224.578618
245,7362.194684
246,7114.522494
247,7006.373659
248,7095.845972
249,7187.239572
250,7086.250109
251,7104.349998
252,7064.335279
253,7057.810576
254,7168.292613
255,7155.892584
256,7310.934164
257,7223.048391
258,7029.244686
259,7239.469333
260,7177.905951
261,7117.850785
262,7101.430952
263,7128.658905
264,7148.622759
265,6951.212775
266,7046.734025
267,7171.166872
268,7095.922447
269,6991.949549
270,6943.240414
271,7058.624393
272,6984.209805
273,6923.358170
274,7024.256624
275,7084.640418
276,7169.437040
277,7207.109465
278,7219.036956
279,7138.744735
280,7128.648400
281,7245.970392
282,7294.946086
283,7463.951394
284,7376.866109
285,7415.723998
286,7355.555770
287,7399.023396
288,7425.795450
289,7490.040428
290,7143.418189
291,7354.401386
292,7250.975285
293,7195.121195
294,7276.359652
295,7276.658614
296,7036.000665
297,7184.513749
298,7049.202205
299,7366.792704
300,7337.279148
301,7390.412885
302,7071.502989
303,7191.534195
304,7183.709984
305,7234.917094
306,7263.475899
307,7494.737229
308,7458.324960
309,7345.088327
310,7298.444619
311,7172.238757
312,7249.995879
313,7378.832333
314,7478.058872
315,7609.694893
316,7426.612165
317,7477.383120
318,7329.188603
319,7447.416904
320,7432.083302
321,7376.529267
322,7160.047602
323,7378.343531
324,7422.940294
325,7249.443644
326,7084.069055
327,7325.791936
328,7274.500749
329,7097.262600
330,7261.861883
331,7179.195019
332,7406.609278
333,7428.046836
334,7295.118938
335,7324.780853
336,7117.257958
337,7369.499066
338,7399.402266
339,7479.156702
340,7403.850078
341,7244.373222
342,7373.847143
343,7402.740102
344,7450.304920
345,7356.891500
346,7350.511855
347,7311.779267
348,7300.044809
349,7079.293219
350,7392.421891
351,7335.625273
352,7162.929350
353,7389.970290
354,7462.579258
355,7545.176188
356,7293.752973
357,7364.654027
358,7477.927460
359,7433.837062
360,7458.332438
361,7261.840949
362,7335.172754
363,7209.570011
364,7156.487904
365,7141.787915
366,7187.850818
367,7379.469750
368,7282.821722
369,7283.276454
370,7367.222848
371,7458.739115
372,7322.394003
373,7140.531891
374,7174.588244
375,7250.946624
376,7298.454323
377,7214.958259
378,7315.536483
379,7328.435431
380,7288.664067
381,7300.882973
382,7233.679773
383,7324.488280
384,7457.703702
385,7200.865715
386,7211.557702
387,7336.927970
388,7436.030929
389,7316.224935
390,7427.539740
391,7179.601160
392,7181.284219
393,7129.195798
394,7187.833830
395,7302.171121
396,7350.893217
397,7216.294602
398,7329.214073
399,7199.363498
400,7349.872357
401,7404.933097
402,7524.842556
403,7324.308767
404,7343.976434
405,7440.572725
406,7260.149479
407,7342.247025
408,7241.976807
409,7208.392070
410,7101.050263
411,7214.725397
412,7162.737818
413,7190.512670
414,7292.110576
415,7358.957911
416,7457.113624
417,7331.744369
418,7239.343718
419,7445.174871
420,7616.050082
421,7383.177265
422,7388.676008
423,7210.270674
424,7521.738208
425,7195.042378
426,7174.396490
427,7414.073070
428,7415.177440
429,7455.244115
430,7477.405183
431,7346.118048
432,7314.278620
433,7248.149285
434,7201.197071
435,7357.785265
436,7275.952938
437,7336.994400
438,7270.161508
439,7378.128016
440,7240.323427
441,7385.128822
442,7245.603109
443,7455.820194
444,7238.711007
445,7456.502581
446,7377.660219
447,7222.424609
448,7222.285918
449,7301.679815
450,7459.054454
451,7353.419715
452,7466.152743
453,7437.044890
454,7354.910322
455,7433.684422
456,7277.489467
457,7366.358058
458,7302.414325
459,7263.850916
460,7311.526524
461,7240.423964
462,7413.206184
463,7329.096751
464,7232.936306
465,7415.982254
466,7565.159413
467,7449.060026
468,7436.856172
469,7253.316233
470,7287.418713
471,7226.654003
472,7322.856272
473,7159.726416
474,7327.133666
475,7286.875381
476,7237.796431
477,7368.509294
478,7495.662981
479,7331.245584
480,7494.736888
481,7448.185534
482,7527.487453
483,7433.525323
484,7355.672250
485,7221.846180
486,7365.085489
487,7376.396185
488,7415.383233
489,7294.191552
490,7443.137997
491,7265.434920
492,7342.637202
493,7516.747478
494,7303.046056
495,7067.444378
496,7271.832504
497,7126.818841
498,7088.890258
499,7073.795910
