0,2756.667296
1,5426.133869
2,5929.362946
3,6239.222702
4,6454.430851
5,6671.301690
6,6898.763982
7,6967.186036
8,7129.811112
9,7221.959752
10,7350.846526
11,7478.190280
12,7657.588877
13,7708.669270
14,7808.375393
15,7893.546271
16,7858.318831
17,8100.955113
18,8193.993759
19,8197.839267
20,8197.238629
21,8201.714136
22,8296.404710
23,8380.237636
24,8485.574030
25,8511.487864
26,8555.044190
27,8712.071991
28,8853.203598
29,8855.072188
30,8941.147520
31,9033.630595
32,9090.512523
33,9086.223082
34,9057.837431
35,9076.301723
36,9178.982428
37,9219.096617
38,9254.364110
39,9150.205386
40,9251.477278
41,9371.084543
42,9497.452299
43,9499.357708
44,9423.806723
45,9553.015110
46,9606.524841
47,9656.573509
48,9655.342962
49,9782.220935
50,9745.707866
51,9726.212069
52,9714.886719
53,9710.022852
54,9779.581158
55,9922.221926
56,9804.364275
57,9823.169231
58,10005.503290
59,9993.059732
60,10031.931774
61,10139.797946
62,10169.467833
63,10087.252410
64,10202.963328
65,10150.315438
66,10184.109339
67,10183.162795
68,10165.927921
69,10320.240653
70,10358.497741
71,10252.264181
72,10329.921808
73,10326.215006
74,10404.429303
75,10440.291248
76,10418.975496
77,10360.845252
78,10396.438732
79,10474.601902
80,10491.811200
81,10579.590528
82,10577.453125
83,10623.997196
84,10643.085025
85,10694.336713
86,10746.004652
87,10697.892371
88,10687.921383
89,10700.399289
90,10750.292601
91,10752.291968
92,10730.377400
93,10768.888445
94,10855.709529
95,10773.340572
96,10805.723275
97,10938.584425
98,10886.733900
99,10963.658699
100,10884.523871
101,11052.094004
102,11166.103941
103,11230.455456
104,11180.154164
105,11023.771041
106,11013.266777
107,11046.943386
108,10957.510973
109,11137.622241
110,11247.534022
111,11180.812823
112,11247.222563
113,11427.484947
114,11301.728379
115,11407.443249
116,11026.800126
117,11377.119190
118,11393.133278
119,11397.363821
120,11444.437732
121,11404.510151
122,11283.236329
123,11501.119424
124,11296.434317
125,11391.226673
126,11368.394316
127,11449.604354
128,11334.113041
129,11400.211113
130,11351.651322
131,11478.190686
132,11381.037074
133,11565.070699
134,11520.998592
135,11482.044957
136,11552.635227
137,11464.506085
138,11491.749777
139,11644.803099
140,11665.210348
141,11655.981647
142,11562.652867
143,11518.362609
144,11724.056498
145,11651.778182
146,11764.954006
147,11756.072965
148,11738.889690
149,11761.336375
150,11751.775386
151,11823.927877
152,11718.626141
153,11689.281838
154,11796.826410
155,11891.119319
156,11858.713854
157,11805.756869
158,11895.418894
159,11932.642890
160,11877.356498
161,11784.686498
162,11851.783767
163,12037.504432
164,12017.851641
165,11924.877138
166,11844.056343
167,11880.098014
168,11729.270630
169,11821.931832
170,12015.525964
171,11918.770211
172,11903.957773
173,12137.601473
174,11979.129262
175,11875.988106
176,12040.401067
177,12070.694707
178,12050.739987
179,12134.846617
180,12001.493682
181,11973.626317
182,12148.090044
183,12295.349148
184,12236.196566
185,11935.950669
186,12000.048242
187,12042.352478
188,12111.256777
189,12198.869311
190,12157.539640
191,12293.981265
192,12224.344470
193,12263.919654
194,12263.578709
195,12197.202915
196,12231.102361
197,12108.057960
198,12232.156956
199,12190.798083
200,12216.975694
201,12381.142019
202,12320.472855
203,12044.560334
204,12295.826735
205,12328.281768
206,12422.985679
207,12310.874491
208,12249.420844
209,12345.812605
210,12533.584821
211,12322.626827
212,12398.198525
213,12433.066867
214,12458.125668
215,12480.128392
216,12325.134093
217,12230.588839
218,12376.357344
219,12366.353419
220,12441.568564
221,12469.518129
222,12454.097504
223,12412.540906
224,12327.519756
225,12412.459148
226,12516.254936
227,12539.007202
228,12498.230226
229,12419.975799
230,12416.132292
231,12386.862975
232,12513.273041
233,12512.719698
234,12570.956307
235,12644.532651
236,12610.174140
237,12503.593721
238,12385.779666
239,12474.847389
240,12484.082387
241,12534.037947
242,12517.968043
243,12642.099097
244,12600.301992
245,12586.095368
246,12560.584167
247,12615.955402
248,12428.078078
249,12367.987360
250,12365.608429
251,12608.371889
252,12572.282986
253,12608.428624
254,12632.354005
255,12470.458655
256,12709.717809
257,12661.224456
258,12690.111931
259,12687.974312
260,12565.443517
261,12645.669000
262,12520.809887
263,12776.673788
264,12749.444257
265,12676.740696
266,12619.442925
267,12499.179104
268,12651.164605
269,12744.925385
270,12658.789760
271,12806.656756
272,12741.985134
273,12677.815289
274,12848.973384
275,12794.732870
276,12848.704439
277,12580.329485
278,12547.537167
279,12715.451376
280,12697.605382
281,12748.278797
282,12761.913623
283,12686.211046
284,12720.898056
285,12821.031054
286,12668.241878
287,12794.587510
288,12850.281539
289,12987.260417
290,12816.422142
291,12866.971003
292,12925.226768
293,12802.024883
294,12929.862608
295,12802.092131
296,12761.988690
297,12858.362138
298,12929.050444
299,12841.235645
300,12994.606478
301,12812.873662
302,12754.196594
303,12942.763276
304,12829.788297
305,12919.817557
306,12664.401059
307,12820.991145
308,12805.644724
309,12831.135983
310,12790.245593
311,12791.894412
312,12829.095569
313,12886.736092
314,12793.518680
315,12743.779609
316,12797.157519
317,12704.903301
318,12836.736802
319,12906.880458
320,12845.578376
321,12913.179590
322,12950.623829
323,12964.029970
324,12943.843879
325,12995.165069
326,13009.281056
327,12924.481228
328,12826.062947
329,12933.707079
330,12918.306848
331,12942.338263
332,12868.064736
333,12880.916303
334,13019.986002
335,12808.516128
336,12861.052640
337,12999.994793
338,12944.974748
339,13040.990893
340,12886.429408
341,12868.120403
342,12942.595469
343,13037.812568
344,13042.019165
345,12923.979881
346,12979.434364
347,12857.461170
348,13031.657101
349,12998.809101
350,12915.687967
351,12790.258467
352,12883.972842
353,12939.385110
354,13084.835257
355,12911.097110
356,12593.613883
357,12924.285462
358,12827.729618
359,13161.314074
360,13218.264366
361,13214.044440
362,13086.389362
363,13113.630038
364,13193.837481
365,13202.949413
366,13248.023800
367,12987.184392
368,12980.513724
369,12878.291262
370,12920.620222
371,12832.441560
372,12976.732836
373,13287.289093
374,13077.546613
375,13106.258933
376,13007.305306
377,13101.924076
378,13066.970537
379,13057.416418
380,13046.227649
381,13190.339371
382,13132.243834
383,13055.897312
384,13002.358433
385,12936.662670
386,13043.075939
387,13075.557790
388,12961.902286
389,13115.483410
390,13206.049850
391,13068.006642
392,13075.753098
393,13028.518083
394,13213.468121
395,13114.248991
396,13007.623852
397,13155.431215
398,13263.723680
399,13215.916087
400,13207.575337
401,13208.164258
402,13094.134045
403,12986.716013
404,13086.563459
405,13036.038337
406,13154.894113
407,13245.127146
408,12983.628418
409,13047.803840
410,13180.650238
411,13278.592011
412,13156.142228
413,13157.307198
414,13162.342833
415,13235.082884
416,13419.102247
417,13189.035438
418,13113.149804
419,13157.290616
420,13175.077224
421,13185.448372
422,13313.118800
423,13140.902034
424,13280.766071
425,13303.595922
426,13066.123013
427,12976.903830
428,13202.135123
429,13247.294874
430,13173.119535
431,13092.349639
432,13138.573439
433,13283.719347
434,13262.492843
435,13331.138830
436,13282.492594
437,13275.106795
438,13304.635453
439,13152.004948
440,13287.146721
441,13314.102779
442,13188.325508
443,13305.745443
444,13112.456484
445,13181.862029
446,13391.123156
447,13285.473712
448,13296.011267
449,13372.362894
450,13307.482846
451,13132.492946
452,13307.686739
453,13091.348700
454,13385.556586
455,13354.237464
456,13157.091282
457,13245.129207
458,13308.402039
459,13260.846760
460,13223.798444
461,13300.633246
462,13210.468636
463,13242.755043
464,12999.617829
465,13301.809797
466,13398.472903
467,13350.707598
468,13369.251611
469,13339.329531
470,13269.353748
471,13516.280197
472,13481.443061
473,13381.325001
474,13350.734425
475,13377.578901
476,13305.595403
477,13366.194578
478,13339.398179
479,13300.041067
480,13286.887092
481,13346.923064
482,13406.802572
483,13333.108614
484,13250.296312
485,13483.138786
486,13461.659197
487,13251.360346
488,13192.735660
489,13247.946109
490,13412.481710
491,13207.547781
492,13339.783084
493,13392.473726
494,13351.550337
495,13226.329432
496,13287.678618
497,13668.317597
498,13507.351077
499,13605.057887
