0,2739.743325
1,5440.808908
2,5956.646879
3,6314.723323
4,6552.558955
5,6778.636561
6,6974.990051
7,7143.851990
8,7234.247163
9,7507.057001
10,7567.336549
11,7623.125795
12,7675.402701
13,7803.879322
14,7818.569049
15,7834.310529
16,7885.246910
17,7986.417943
18,8076.629230
19,8119.648856
20,8240.027029
21,8406.723630
22,8551.505905
23,8570.092033
24,8567.690719
25,8683.391285
26,8620.533222
27,8746.017341
28,8754.251130
29,8857.943242
30,8871.869987
31,8814.804928
32,8643.738788
33,8903.431538
34,8894.327742
35,9272.186687
36,9286.685698
37,9194.048565
38,9249.744709
39,9323.121003
40,9453.349128
41,9266.355465
42,9622.524006
43,9579.296190
44,9757.640825
45,9671.547747
46,9781.965978
47,9965.004736
48,9886.547116
49,9903.585787
50,10072.549812
51,9943.264922
52,9855.184473
53,10088.556541
54,10187.418295
55,10177.770428
56,10341.155040
57,10180.803960
58,10322.599695
59,10322.663930
60,10516.588117
61,10611.151102
62,10398.651057
63,10584.931960
64,10461.005931
65,10497.450047
66,10472.103660
67,10648.772767
68,10630.365846
69,10860.800398
70,10815.686970
71,10867.469091
72,10983.829444
73,11067.063638
74,10761.272435
75,10784.177376
76,10762.584535
77,11081.288514
78,11161.552072
79,11003.333050
80,10979.052065
81,11088.254475
82,11270.813392
83,11231.472868
84,11300.780633
85,11197.516732
86,11020.211072
87,11591.574547
88,11295.759930
89,11517.372789
90,11468.401024
91,11303.003420
92,11519.556026
93,11360.583742
94,11578.358375
95,11593.188249
96,11535.838661
97,11765.995849
98,11538.589041
99,11588.572595
100,11671.498813
101,11752.275253
102,11485.782246
103,11910.559164
104,11641.792846
105,11813.306277
106,11720.144105
107,11839.532128
108,11700.950380
109,11955.694513
110,11777.810061
111,11830.485045
112,11654.337355
113,11926.006473
114,11861.728034
115,11859.537864
116,11818.412539
117,11957.121509
118,11888.378190
119,12065.847452
120,11658.079219
121,12330.061917
122,11880.724546
123,12002.439387
124,12154.556832
125,12092.128816
126,12069.040403
127,12089.595721
128,12035.311716
129,12236.740242
130,12263.525608
131,12282.503994
132,12173.835507
133,12089.488854
134,12377.205723
135,12199.291704
136,12406.744455
137,12221.604187
138,12216.566375
139,12107.058069
140,12367.311399
141,12071.100079
142,12129.904445
143,12435.563683
144,11978.903267
145,12233.150169
146,12123.244495
147,12237.920696
148,12405.389461
149,12328.127087
150,12360.048578
151,12468.243516
152,12711.633683
153,12381.152802
154,12542.070085
155,12370.893729
156,12650.442521
157,12501.908179
158,12565.161521
159,12543.925890
160,12509.048036
161,12653.648478
162,12681.536846
163,12547.453707
164,12670.422273
165,12519.904639
166,12535.965321
167,12512.740142
168,12470.588073
169,12756.459451
170,12539.603553
171,12757.673394
172,12777.911993
173,12655.111140
174,12692.571559
175,12643.662421
176,12841.348391
177,12682.158878
178,12648.824204
179,12778.086954
180,13158.531122
181,13156.085925
182,12728.203913
183,12766.560531
184,12752.340525
185,12945.542534
186,12807.684177
187,12709.354856
188,12772.037693
189,13071.207299
190,12971.735837
191,13008.850982
192,12874.788044
193,12915.797047
194,13312.721365
195,13025.691214
196,13392.567199
197,12656.747473
198,12735.917690
199,12653.087602
200,13150.422129
201,13264.282364
202,12973.431154
203,13225.170764
204,13079.784635
205,12992.940570
206,13128.636672
207,13078.376307
208,13148.007742
209,12725.159537
210,13000.860178
211,13137.877167
212,13130.867976
213,13115.036163
214,13168.747717
215,13163.397519
216,13099.166811
217,12967.874648
218,13135.642049
219,12915.302405
220,13141.249541
221,13334.416232
222,13161.783541
223,13193.854695
224,13034.701401
225,13108.596274
226,13011.279357
227,13299.012443
228,13182.158150
229,13034.334417
230,13343.701000
231,13178.655258
232,13533.494913
233,13242.316414
234,13374.496457
235,12963.434879
236,13034.661643
237,13168.698733
238,13143.939942
239,13259.138616
240,13246.712151
241,13500.894078
242,13433.963682
243,13468.153485
244,13343.310147
245,13331.174143
246,13345.202113
247,13297.171617
248,13419.464719
249,13203.781339
250,13311.312540
251,13265.461968
252,13275.775231
253,13261.164424
254,13339.467739
255,12958.350037
256,13225.780155
257,13253.949460
258,13293.698600
259,13573.828854
260,13580.804788
261,13295.894771
262,13290.053464
263,13400.989271
264,13188.791968
265,13551.428883
266,13279.055790
267,13239.433249
268,13097.604311
269,13287.455902
270,13295.536925
271,13198.964617
272,13107.965377
273,13455.794154
274,13293.012011
275,13123.544732
276,13207.903357
277,13427.352975
278,13854.214468
279,13419.649342
280,13331.453663
281,13543.338879
282,13633.617324
283,13241.445075
284,13572.499852
285,13435.135800
286,13383.146812
287,13319.287351
288,13378.678862
289,13624.371437
290,13415.992432
291,13243.038110
292,13624.755705
293,13561.000807
294,13344.073068
295,13846.307124
296,13129.860556
297,13335.099329
298,13378.977957
299,13700.830200
300,13552.061103
301,13449.549334
302,13425.712752
303,13529.617128
304,13438.679823
305,13738.950297
306,13571.474140
307,13514.453686
308,13322.712358
309,13576.841622
310,13339.767969
311,13309.801867
312,13535.938362
313,13661.982744
314,13491.010552
315,13554.352012
316,13534.090937
317,13311.484851
318,13292.942438
319,13214.983224
320,13553.448269
321,13389.933636
322,13402.181864
323,13350.448999
324,13668.870290
325,13406.853376
326,13352.288301
327,13346.034116
328,13501.424696
329,13368.320639
330,13737.811636
331,13409.841476
332,13635.465164
333,13717.656131
334,13511.577750
335,13528.917272
336,13279.520657
337,13659.373141
338,13374.466532
339,13456.453018
340,13684.199542
341,13565.031256
342,13319.054934
343,13520.608051
344,13508.580553
345,13227.985652
346,13340.670394
347,13382.934123
348,13430.501056
349,13610.144588
350,13477.961013
351,13798.920754
352,13539.723147
353,13515.897884
354,13392.415477
355,13595.635550
356,13615.991821
357,13710.640081
358,13468.353942
359,13909.016258
360,13658.158562
361,13401.213759
362,13313.557323
363,13462.965275
364,13602.641508
365,13607.488974
366,13461.890313
367,13428.191602
368,13407.179950
369,13715.689477
370,13338.390618
371,13575.636752
372,13631.096086
373,13381.214864
374,13445.240355
375,13535.298754
376,13271.975318
377,13622.679055
378,13704.844237
379,13666.808768
380,13750.895855
381,13512.013457
382,13711.273606
383,13584.929826
384,13559.431251
385,13924.033016
386,13230.928488
387,13436.466881
388,13239.923043
389,13576.796315
390,13676.766470
391,13446.992460
392,13792.241435
393,13634.239384
394,13565.872638
395,13494.695063
396,13595.497152
397,13577.655188
398,13541.309006
399,13560.723306
400,13512.833608
401,13572.411302
402,13423.103713
403,13322.017813
404,13248.029681
405,13825.988937
406,13593.309203
407,13843.775638
408,13724.599372
409,13337.010194
410,13406.537291
411,13600.253377
412,13492.616607
413,13212.324866
414,13498.162824
415,13730.666825
416,13433.837460
417,13531.951149
418,13747.686506
419,13487.446872
420,13507.744074
421,13722.888193
422,13882.374392
423,13748.705253
424,13754.292686
425,13830.976110
426,13744.122600
427,13745.751193
428,13532.396715
429,13716.838214
430,13821.483897
431,13766.469900
432,13720.415517
433,13604.703358
434,13660.991003
435,13553.136191
436,13584.529347
437,13445.371738
438,13430.359019
439,13388.090805
440,13843.143601
441,13777.813193
442,13803.666961
443,13550.012761
444,13734.678530
445,13725.864486
446,13689.694787
447,13505.923260
448,13644.594284
449,13544.543498
450,13663.429375
451,13419.291323
452,13451.064292
453,13307.716774
454,13494.869850
455,13842.141837
456,13714.709881
457,13434.560742
458,13720.176489
459,13852.005017
460,13789.561046
461,13953.579697
462,13703.203151
463,13778.685599
464,13498.575837
465,13708.586221
466,13681.188405
467,13829.947850
468,13567.214788
469,13710.715237
470,13549.154694
471,13723.726739
472,13763.562661
473,13641.061170
474,13708.316437
475,13696.355382
476,13613.229633
477,13494.654637
478,13671.702813
479,13688.011112
480,13734.874632
481,13642.852845
482,13796.054297
483,13570.171653
484,13607.761379
485,13856.476755
486,13672.665525
487,13865.761789
488,13811.692586
489,13552.549486
490,13839.980477
491,13780.679899
492,13889.750539
493,13711.781526
494,13731.228640
495,13907.631374
496,13727.359195
497,13831.771268
498,13721.325012
499,13667.004130
