0,2769.637085
1,3039.363265
2,3284.269935
3,3427.021341
4,3518.592446
5,3707.159247
6,3846.372817
7,3906.991459
8,3997.073449
9,4058.072226
10,4208.633050
11,4379.637593
12,4489.523363
13,4587.065439
14,4602.771307
15,4684.097016
16,4844.909283
17,5032.816877
18,5139.738011
19,5220.120119
20,5351.923739
21,5401.184772
22,5480.575363
23,5561.114865
24,5682.137530
25,5697.039169
26,5840.559174
27,5943.184354
28,5950.273075
29,5934.888139
30,6070.214865
31,6187.331200
32,6247.511021
33,6365.386850
34,6490.790561
35,6564.106723
36,6728.619532
37,6715.334794
38,6885.971456
39,6948.847170
40,6971.618420
41,6865.414176
42,6962.764066
43,7060.425482
44,7087.735421
45,7243.604901
46,7237.643160
47,7350.532661
48,7460.003621
49,7576.846742
50,7662.077560
51,7673.131034
52,7661.538139
53,7800.901073
54,7825.669371
55,7879.657952
56,7992.968444
57,8034.244628
58,8057.754853
59,7932.604701
60,7961.374354
61,8073.901067
62,8144.094952
63,8051.559970
64,7980.582838
65,8025.761166
66,7995.549565
67,8000.140138
68,7999.847874
69,7998.989860
70,7920.202954
71,8004.400770
72,8013.624805
73,8068.508922
74,8157.696759
75,8104.137413
76,8155.173408
77,8137.394379
78,8159.264653
79,8133.487770
80,8079.869566
81,7943.340308
82,8168.899143
83,8214.645681
84,8230.705888
85,8230.856468
86,8265.400455
87,8225.008396
88,8241.198095
89,8096.132768
90,8160.679486
91,8276.078779
92,8281.452721
93,8246.153334
94,8327.021935
95,8321.899526
96,8316.415667
97,8282.517093
98,8349.651465
99,8378.601610
100,8385.661453
101,8392.916245
102,8433.830354
103,8381.391728
104,8421.181119
105,8481.410684
106,8500.016293
107,8453.984795
108,8477.985270
109,8458.011878
110,8469.395483
111,8542.314666
112,8438.620633
113,8439.718508
114,8439.064904
115,8492.528297
116,8489.710580
117,8563.871993
118,8482.941798
119,8492.954175
120,8537.673762
121,8552.113090
122,8541.927484
123,8559.453611
124,8546.657201
125,8542.374061
126,8571.618318
127,8563.569775
128,8584.491232
129,8592.014581
130,8562.412569
131,8570.749926
132,8569.198105
133,8592.190452
134,8580.011838
135,8588.308075
136,8578.088116
137,8581.175191
138,8601.579331
139,8563.023326
140,8559.330306
141,8614.579847
142,8588.801225
143,8586.809406
144,8603.397060
145,8620.917163
146,8611.433064
147,8604.417598
148,8597.123233
149,8626.679294
150,8602.455960
151,8625.954718
152,8628.996996
153,8627.162106
154,8611.006937
155,8621.194682
156,8593.629694
157,8624.914868
158,8612.998234
159,8590.265092
160,8631.599045
161,8622.849693
162,8607.996241
163,8637.630112
164,8613.815039
165,8602.889642
166,8633.377180
167,8628.580724
168,8635.014996
169,8641.078680
170,8641.643700
171,8654.846507
172,8661.139699
173,8682.311602
174,8678.685522
175,8667.902360
176,8693.625183
177,8692.605054
178,8677.863096
179,8695.328116
180,8694.629536
181,8701.379388
182,8698.767592
183,8715.483028
184,8713.622622
185,8719.365698
186,8716.915198
187,8712.024376
188,8716.363408
189,8722.073108
190,8723.725095
191,8727.507986
192,8728.123272
193,8720.964018
194,8719.350576
195,8725.359023
196,8728.528510
197,8726.849744
198,8728.585279
199,8720.726801
200,8725.151554
201,8718.331850
202,8727.047479
203,8729.592913
204,8722.645564
205,8726.699593
206,8722.712644
207,8727.238473
208,8725.535975
209,8727.286843
210,8727.035000
211,8720.739359
212,8730.031656
213,8729.973628
214,8729.625455
215,8728.245392
216,8725.755349
217,8730.611945
218,8728.942084
219,8731.250262
220,8731.424349
221,8731.772522
222,8732.294781
223,8733.107185
224,8733.455358
225,8730.845498
226,8730.285147
227,8733.697714
228,8733.515578
229,8735.428339
230,8735.950598
231,8730.226031
232,8734.377935
233,8737.166447
234,8738.271752
235,8739.432329
236,8739.606415
237,8739.548386
238,8737.781092
239,8739.052760
240,8741.347280
241,8741.347280
242,8742.159684
243,8742.565886
244,8742.914059
245,8743.088146
246,8740.972509
247,8741.937125
248,8743.436319
249,8739.474061
250,8742.357860
251,8742.366605
252,8742.027657
253,8742.448926
254,8743.552376
255,8732.051374
256,8743.552376
257,8743.552376
258,8743.552376
259,8743.552376
260,8743.552376
261,8741.462566
262,8742.766206
263,8743.552376
264,8741.103058
265,8739.082077
266,8743.552376
267,8742.502223
268,8743.552376
269,8743.552376
270,8742.960821
271,8740.903485
272,8743.552376
273,8743.650539
274,8743.748702
275,8742.570375
276,8743.650539
277,8743.748702
278,8743.748702
279,8741.621920
280,8743.846864
281,8740.457227
282,8741.521664
283,8743.552376
284,8741.082431
285,8743.552376
286,8742.271234
287,8737.373002
288,8740.395616
289,8742.160163
290,8742.160163
291,8743.552376
292,8740.961266
293,8743.326746
294,8743.552376
295,8742.702804
296,8744.384616
297,8740.707856
298,8741.895264
299,8741.895264
300,8741.895264
301,8743.552376
302,8743.552376
303,8743.552376
304,8743.552376
305,8741.208370
306,8740.825993
307,8743.552376
308,8742.662249
309,8738.106335
310,8743.552376
311,8741.742383
312,8743.552376
313,8743.552376
314,8742.590737
315,8739.332983
316,8743.552376
317,8742.536705
318,8740.363059
319,8741.915996
320,8743.659653
321,8741.602641
322,8743.927846
323,8743.981485
324,8742.941025
325,8743.272510
326,8741.540713
327,8743.218871
328,8743.981485
329,8743.927846
330,8743.874208
331,8737.441907
332,8743.927846
333,8742.588932
334,8742.481655
335,8742.481655
336,8742.463369
337,8743.606015
338,8743.606015
339,8743.606015
340,8742.542923
341,8743.552376
342,8738.058888
343,8742.457166
344,8740.461300
345,8743.552376
346,8739.031260
347,8742.499131
348,8740.993460
349,8741.445885
350,8743.552376
351,8743.552376
352,8743.552376
353,8742.919162
354,8739.783677
355,8742.327864
356,8743.552376
357,8743.552376
358,8741.806546
359,8742.341589
360,8743.844968
361,8739.921447
362,8748.452830
363,8750.237456
364,8761.548136
365,8795.857547
366,8852.717469
367,8908.505276
368,8956.500274
369,8970.352268
370,8975.998738
371,8978.821973
372,8976.589618
373,8978.821973
374,8978.821973
375,8978.348580
376,8978.821973
377,8978.821973
378,8978.821973
379,8978.821973
380,8976.654832
381,8977.855351
382,8978.821973
383,8978.821973
384,8976.805305
385,8977.222898
386,8975.097610
387,8976.959791
388,8977.758393
389,8973.776431
390,8975.592083
391,8978.821973
392,8974.430430
393,8978.455777
394,8977.769368
395,8978.821973
396,8978.241480
397,8978.821973
398,8978.821973
399,8978.821973
400,8978.586829
401,8978.351685
402,8978.586829
403,8978.821973
404,8978.821973
405,8978.821973
406,8978.130934
407,8978.821973
408,8977.435572
409,8976.422095
410,8977.808496
411,8978.821973
412,8973.633726
413,8977.363440
414,8978.821973
415,8973.234160
416,8977.713784
417,8977.713784
418,8978.821973
419,8977.772829
420,8978.821973
421,8978.821973
422,8977.547532
423,8978.821973
424,8978.821973
425,8977.543590
426,8972.416247
427,8975.532776
428,8976.933903
429,8977.765075
430,8975.538024
431,8978.821973
432,8976.945971
433,8978.821973
434,8978.821973
435,8978.821973
436,8975.772038
437,8978.821973
438,8972.318637
439,8978.052655
440,8978.052655
441,8978.821973
442,8975.323987
443,8978.821973
444,8978.821973
445,8978.821973
446,8974.406402
447,8977.463745
448,8976.946513
449,8978.821973
450,8978.821973
451,8978.821973
452,8978.821973
453,8978.821973
454,8978.765379
455,8978.765379
456,8978.821973
457,8978.821973
458,8978.821973
459,8976.718092
460,8975.900191
461,8978.821973
462,8978.821973
463,8978.821973
464,8977.969231
465,8977.224242
466,8978.821973
467,8974.552676
468,8977.516993
469,8978.821973
470,8975.764072
471,8975.962579
472,8978.821973
473,8976.944193
474,8977.073675
475,8977.073675
476,8978.821973
477,8978.821973
478,8978.821973
479,8978.821973
480,8977.417622
481,8977.827404
482,8978.324689
483,8976.970825
484,8977.545023
485,8978.821973
486,8978.821973
487,8978.821973
488,8978.821973
489,8978.383771
490,8978.383771
491,8976.414732
492,8978.383771
493,8978.821973
494,8977.375442
495,8978.821973
496,8978.821973
497,8978.821973
498,8978.821973
499,8976.837341
