0,2753.741578
1,2789.207709
2,2796.107512
3,2801.533433
4,2817.873020
5,2803.466546
6,2825.004722
7,2792.200096
8,2756.475555
9,2753.806716
10,2793.360067
11,2800.856959
12,2841.388879
13,2907.439485
14,2858.938170
15,2880.184867
16,2964.263728
17,2910.942482
18,2895.533626
19,2840.578373
20,2847.048414
21,2857.948868
22,2844.782638
23,2940.006310
24,3004.442748
25,2974.214841
26,2989.106134
27,3036.379560
28,3083.904717
29,3114.089083
30,3215.010853
31,3174.984336
32,3142.761796
33,3088.200541
34,3190.005335
35,3237.837141
36,3244.593717
37,3304.072754
38,3315.905772
39,3335.658505
40,3332.768360
41,3397.094935
42,3305.350192
43,3344.394873
44,3294.231814
45,3256.578441
46,3252.497728
47,3323.844414
48,3230.302942
49,3265.591210
50,3358.088528
51,3355.437583
52,3357.227201
53,3340.106340
54,3385.224330
55,3448.065670
56,3449.051418
57,3496.892368
58,3482.386806
59,3496.690547
60,3553.854461
61,3627.924430
62,3651.884417
63,3673.387507
64,3700.379536
65,3815.437923
66,3803.489392
67,3731.631469
68,3815.760623
69,3896.726776
70,3969.676219
71,3932.527663
72,4061.634353
73,4079.467610
74,4009.692700
75,4050.480189
76,4165.336156
77,4169.242071
78,4196.468689
79,4353.669773
80,4422.684473
81,4401.547103
82,4347.481751
83,4422.617127
84,4604.325482
85,4655.030107
86,4635.735384
87,4848.197165
88,4927.169057
89,4980.078358
90,4959.056893
91,4914.590620
92,4919.613711
93,5050.379374
94,5184.620738
95,5236.738575
96,5206.598376
97,5180.045955
98,5267.180784
99,5122.500381
100,5325.477843
101,5373.125752
102,5505.529219
103,5579.058752
104,5677.800576
105,5904.107732
106,5871.590750
107,5929.953627
108,6055.674849
109,6156.468370
110,6124.203017
111,5975.243275
112,5967.943261
113,6032.476032
114,6152.201280
115,6275.526923
116,6174.718640
117,6253.402394
118,6256.347255
119,6381.914689
120,6495.839745
121,6493.053168
122,6560.098161
123,6589.080576
124,6463.001148
125,6433.772995
126,6642.572640
127,6613.387014
128,6642.466686
129,6788.605232
130,6805.071581
131,6774.922488
132,6663.736710
133,6642.003917
134,6763.773293
135,6693.060226
136,6752.896628
137,6835.697973
138,6878.571661
139,6894.100969
140,6953.262517
141,6992.566882
142,6908.792172
143,7008.389373
144,6975.272884
145,7002.131542
146,7105.333521
147,7080.278034
148,7159.207664
149,7187.959368
150,7149.146669
151,7123.830087
152,7171.640022
153,7028.823354
154,7076.744236
155,7221.814844
156,7250.767720
157,7283.513379
158,7281.828414
159,7210.884650
160,7268.143585
161,7297.516408
162,7213.064171
163,7293.002994
164,7372.019640
165,7340.540530
166,7307.452676
167,7319.104375
168,7286.446130
169,7314.124995
170,7330.871703
171,7334.687861
172,7355.813455
173,7423.381083
174,7367.888657
175,7420.515096
176,7400.736747
177,7399.814138
178,7418.694584
179,7401.038028
180,7431.756979
181,7429.564708
182,7421.395018
183,7437.771250
184,7474.552332
185,7457.465585
186,7477.554917
187,7454.957402
188,7519.286398
189,7519.774730
190,7513.016352
191,7508.563069
192,7502.005673
193,7512.174686
194,7510.627478
195,7516.539631
196,7528.292421
197,7505.502545
198,7500.545139
199,7521.708998
200,7528.991841
201,7510.413163
202,7524.673129
203,7547.145044
204,7542.518346
205,7519.486745
206,7539.125069
207,7526.786966
208,7528.801170
209,7530.976136
210,7549.200195
211,7561.648278
212,7559.476057
213,7555.890319
214,7560.177043
215,7551.073925
216,7549.658783
217,7566.356051
218,7559.014472
219,7570.712507
220,7561.310795
221,7572.135151
222,7568.516049
223,7573.198580
224,7573.842628
225,7564.526173
226,7572.038206
227,7563.821540
228,7570.880181
229,7567.748777
230,7571.746408
231,7570.325854
232,7570.486443
233,7561.072712
234,7567.972813
235,7570.129725
236,7568.726334
237,7571.381845
238,7571.473120
239,7569.605995
240,7572.323318
241,7575.453511
242,7569.435989
243,7570.406081
244,7575.872430
245,7572.319472
246,7574.419456
247,7572.572222
248,7572.874483
249,7572.983419
250,7570.311540
251,7574.557476
252,7572.972906
253,7572.661992
254,7572.760635
255,7570.574542
256,7569.389401
257,7568.991872
258,7568.204210
259,7571.078019
260,7565.822234
261,7569.867341
262,7567.937906
263,7574.375248
264,7572.669890
265,7573.039619
266,7566.150274
267,7569.437484
268,7577.784982
269,7566.661133
270,7563.855572
271,7571.374961
272,7562.165655
273,7570.716984
274,7569.389989
275,7571.072630
276,7575.101088
277,7570.192418
278,7568.269817
279,7569.682515
280,7568.773669
281,7575.757638
282,7577.099798
283,7574.054639
284,7573.679391
285,7573.986125
286,7572.742633
287,7578.761243
288,7562.583341
289,7566.836810
290,7574.573264
291,7575.516663
292,7568.733563
293,7569.398366
294,7561.194449
295,7561.901670
296,7560.368505
297,7569.918306
298,7564.979915
299,7566.263567
300,7568.110369
301,7569.513488
302,7572.989473
303,7570.771623
304,7574.554017
305,7565.263179
306,7571.853826
307,7571.815094
308,7575.809046
309,7570.912179
310,7568.101388
311,7568.293848
312,7574.665118
313,7573.065109
314,7570.061934
315,7565.359248
316,7565.940653
317,7567.531833
318,7569.027315
319,7570.372978
320,7567.911098
321,7559.453211
322,7571.999839
323,7567.637996
324,7570.606788
325,7564.088610
326,7567.084016
327,7570.601155
328,7562.924290
329,7571.147649
330,7571.499433
331,7568.558217
332,7568.639552
333,7576.786548
334,7574.541989
335,7572.662715
336,7571.796021
337,7564.772559
338,7571.246464
339,7571.183316
340,7565.310509
341,7565.547245
342,7568.266750
343,7572.714608
344,7563.541301
345,7566.278283
346,7567.321499
347,7564.497525
348,7567.902181
349,7566.337481
350,7569.005566
351,7567.330900
352,7579.117959
353,7572.825596
354,7566.846621
355,7573.142726
356,7570.544201
357,7573.298286
358,7565.306001
359,7572.987374
360,7568.362086
361,7575.072727
362,7575.708297
363,7574.006385
364,7568.417921
365,7573.251113
366,7575.395106
367,7575.948424
368,7568.141583
369,7567.759506
370,7568.261688
371,7571.239504
372,7572.756797
373,7572.914220
374,7574.695793
375,7572.500883
376,7564.981654
377,7558.399485
378,7560.844100
379,7568.319463
380,7566.132335
381,7557.302743
382,7570.187593
383,7570.031040
384,7570.978609
385,7566.637583
386,7568.480589
387,7564.683340
388,7561.110029
389,7568.719056
390,7571.883073
391,7572.343212
392,7575.702345
393,7575.791928
394,7571.083528
395,7568.635687
396,7566.585996
397,7573.324758
398,7574.103040
399,7568.916370
400,7571.649450
401,7567.538124
402,7573.734799
403,7569.364808
404,7575.512579
405,7571.891526
406,7565.286979
407,7571.018694
408,7567.956915
409,7568.906121
410,7567.136014
411,7570.845876
412,7571.504373
413,7574.639157
414,7568.707395
415,7573.329745
416,7562.432758
417,7572.289664
418,7576.341764
419,7568.916548
420,7573.173041
421,7576.347138
422,7564.608202
423,7570.347519
424,7560.614821
425,7561.828818
426,7566.329918
427,7568.235636
428,7565.372789
429,7569.875539
430,7566.323690
431,7570.502306
432,7574.667369
433,7574.686295
434,7573.687040
435,7572.355864
436,7577.558176
437,7571.249251
438,7578.502989
439,7569.778369
440,7571.190755
441,7575.999548
442,7576.798969
443,7578.579472
444,7578.407172
445,7567.400868
446,7569.364768
447,7575.929666
448,7568.452903
449,7574.376698
450,7573.183504
451,7571.379010
452,7573.529951
453,7575.930100
454,7576.643604
455,7571.112286
456,7565.056424
457,7559.866892
458,7567.317392
459,7569.834500
460,7570.012444
461,7569.743956
462,7568.673440
463,7570.209260
464,7567.716143
465,7566.235698
466,7569.642654
467,7570.764722
468,7573.037190
469,7569.003265
470,7568.039526
471,7562.942372
472,7563.082231
473,7571.729537
474,7568.194051
475,7574.967807
476,7573.183772
477,7576.142910
478,7572.332649
479,7574.021557
480,7575.966723
481,7572.147311
482,7570.426302
483,7572.910819
484,7564.048438
485,7572.689625
486,7572.791469
487,7568.286483
488,7566.301006
489,7569.045746
490,7570.138555
491,7573.920431
492,7574.204639
493,7577.982396
494,7559.148944
495,7565.777952
496,7576.685083
497,7569.817004
498,7570.229015
499,7561.566888
