0,2774.527808
1,2929.779987
2,3150.314109
3,3227.769506
4,3251.780247
5,3349.072849
6,3394.059275
7,3376.799706
8,3366.674593
9,3360.902184
10,3371.313807
11,3377.824782
12,3413.805416
13,3480.247330
14,3492.021139
15,3487.703771
16,3489.017794
17,3599.152082
18,3651.967186
19,3664.507042
20,3613.938368
21,3568.843213
22,3550.995373
23,3604.602445
24,3597.654678
25,3663.389188
26,3606.480202
27,3542.653369
28,3552.347287
29,3497.460558
30,3412.421361
31,3384.439877
32,3424.688694
33,3411.737166
34,3487.967056
35,3505.304388
36,3565.243218
37,3576.153722
38,3582.973387
39,3675.185399
40,3665.164537
41,3649.196870
42,3698.969513
43,3737.061724
44,3664.442529
45,3609.577035
46,3702.207846
47,3640.038027
48,3640.154187
49,3551.476685
50,3652.746185
51,3713.053607
52,3671.593995
53,3637.366812
54,3705.550025
55,3679.057685
56,3716.972728
57,3705.725476
58,3722.489833
59,3748.241202
60,3649.714249
61,3739.720059
62,3704.742914
63,3718.169349
64,3752.338148
65,3771.387434
66,3857.432150
67,3813.977331
68,3782.900776
69,3804.700661
70,3817.339087
71,3788.732339
72,3735.496824
73,3705.460189
74,3719.647933
75,3706.299827
76,3692.634505
77,3724.618747
78,3746.422686
79,3904.015178
80,3897.681559
81,3893.948988
82,3855.995461
83,3906.822096
84,3868.067955
85,3848.657552
86,3786.975629
87,3850.769481
88,3808.949367
89,3783.106537
90,3920.492945
91,3902.182925
92,3878.235359
93,3841.268108
94,3721.739013
95,3757.066358
96,3746.952724
97,3668.193640
98,3600.573913
99,3498.535810
100,3489.628962
101,3513.004879
102,3557.216390
103,3640.383471
104,3711.088691
105,3700.673510
106,3780.650075
107,3722.891584
108,3595.316668
109,3634.568456
110,3664.230106
111,3653.558955
112,3611.521600
113,3666.892392
114,3647.618748
115,3565.823750
116,3683.349923
117,3638.861931
118,3549.872345
119,3540.384160
120,3529.125647
121,3592.357229
122,3564.960236
123,3609.017835
124,3664.716774
125,3691.072282
126,3658.954749
127,3640.283233
128,3627.396201
129,3629.424253
130,3751.682817
131,3712.467660
132,3752.110440
133,3698.910008
134,3678.554387
135,3674.392260
136,3789.659706
137,3760.795583
138,3743.002728
139,3739.385178
140,3810.186770
141,3709.974633
142,3664.929261
143,3635.913744
144,3671.933201
145,3668.954940
146,3675.883891
147,3686.765999
148,3669.532216
149,3616.500729
150,3640.311465
151,3545.430347
152,3560.300875
153,3613.720630
154,3621.758336
155,3673.826791
156,3589.892449
157,3543.955760
158,3474.372234
159,3563.429814
160,3483.023062
161,3522.519553
162,3532.633882
163,3562.420243
164,3588.160827
165,3615.983541
166,3573.083358
167,3581.717253
168,3518.812755
169,3518.435181
170,3575.160603
171,3604.207952
172,3633.137461
173,3782.504795
174,3620.840212
175,3716.418585
176,3791.173719
177,3771.791151
178,3755.291351
179,3795.964098
180,3834.014398
181,3796.873729
182,3760.203644
183,3754.725939
184,3729.983670
185,3810.327572
186,3744.923841
187,3790.561747
188,3753.181998
189,3794.796440
190,3821.709494
191,3846.636690
192,3790.226252
193,3797.176304
194,3893.284633
195,3862.790260
196,3815.429310
197,3688.042785
198,3750.284870
199,3667.005409
200,3577.087181
201,3454.650075
202,3511.694252
203,3557.931684
204,3572.521397
205,3488.816438
206,3510.594943
207,3525.198027
208,3588.944436
209,3626.273889
210,3584.191322
211,3633.187244
212,3640.560541
213,3629.770277
214,3516.850978
215,3684.019063
216,3621.291469
217,3685.806666
218,3644.829355
219,3596.002305
220,3560.743211
221,3577.138736
222,3545.916629
223,3613.774494
224,3595.119856
225,3574.261775
226,3588.018933
227,3636.353352
228,3695.647472
229,3696.445219
230,3700.585318
231,3730.880001
232,3728.125553
233,3854.989897
234,3786.545571
235,3769.281572
236,3626.748626
237,3660.729658
238,3674.826562
239,3639.264834
240,3683.682418
241,3773.163855
242,3814.609919
243,3758.266181
244,3653.021995
245,3653.159820
246,3608.335619
247,3551.980769
248,3566.403445
249,3560.886756
250,3547.841819
251,3536.834617
252,3543.961655
253,3547.910975
254,3522.885064
255,3518.021118
256,3519.532935
257,3543.920675
258,3603.668244
259,3564.558986
260,3614.621196
261,3635.138380
262,3589.330126
263,3531.654674
264,3599.368022
265,3712.261982
266,3791.056825
267,3746.350604
268,3707.940828
269,3700.811719
270,3731.720104
271,3790.293638
272,3714.707308
273,3674.754944
274,3709.981433
275,3737.804151
276,3644.220214
277,3612.854987
278,3564.281657
279,3580.734938
280,3554.724687
281,3519.808427
282,3472.996074
283,3435.556193
284,3481.845423
285,3450.402023
286,3510.609529
287,3563.249804
288,3580.617242
289,3551.029896
290,3625.547522
291,3574.242045
292,3635.058468
293,3663.873613
294,3672.935563
295,3711.295576
296,3756.009686
297,3719.068622
298,3630.284679
299,3640.935793
300,3708.406421
301,3637.634806
302,3671.055400
303,3608.928772
304,3677.393380
305,3714.974528
306,3735.928708
307,3756.530995
308,3777.179597
309,3666.403248
310,3663.618030
311,3682.969887
312,3703.329461
313,3617.131945
314,3651.434047
315,3593.736575
316,3593.057499
317,3593.406137
318,3654.100432
319,3669.272300
320,3565.271193
321,3610.956713
322,3596.297367
323,3617.569930
324,3585.183619
325,3547.890993
326,3548.567802
327,3560.516332
328,3512.654240
329,3519.330621
330,3574.895002
331,3638.679138
332,3708.535450
333,3699.510259
334,3683.780035
335,3673.162932
336,3726.726150
337,3722.371426
338,3663.983086
339,3658.818085
340,3675.401554
341,3667.579103
342,3585.703628
343,3650.832017
344,3672.414680
345,3724.167186
346,3650.937324
347,3610.127028
348,3689.966067
349,3654.426249
350,3617.177932
351,3617.881103
352,3624.983881
353,3588.131201
354,3628.472827
355,3592.555488
356,3605.773067
357,3601.171428
358,3635.800932
359,3718.303128
360,3834.839856
361,3856.659987
362,3820.914070
363,3721.891371
364,3624.456731
365,3608.394783
366,3606.052201
367,3734.245155
368,3699.721698
369,3641.305919
370,3682.458294
371,3701.203864
372,3537.266149
373,3570.097678
374,3630.219613
375,3669.512282
376,3736.443713
377,3707.326246
378,3628.370990
379,3571.891817
380,3559.996506
381,3450.141271
382,3516.035767
383,3497.596760
384,3542.795673
385,3479.214879
386,3452.547411
387,3433.294622
388,3445.283217
389,3570.153183
390,3633.721803
391,3656.289370
392,3668.195588
393,3576.286181
394,3609.755462
395,3652.629211
396,3637.900489
397,3664.620022
398,3635.666419
399,3507.034512
400,3554.182900
401,3575.408207
402,3627.959840
403,3633.462539
404,3624.865985
405,3612.722007
406,3597.127362
407,3687.242552
408,3696.680111
409,3691.753324
410,3652.932253
411,3598.723706
412,3705.834910
413,3616.896070
414,3669.358593
415,3781.303695
416,3767.106351
417,3713.725335
418,3696.930794
419,3703.260315
420,3610.578464
421,3632.187251
422,3684.046949
423,3716.062191
424,3814.699290
425,3819.383727
426,3749.234602
427,3709.711214
428,3620.671982
429,3610.040127
430,3503.620865
431,3503.210846
432,3532.873073
433,3546.617074
434,3611.205148
435,3585.041896
436,3572.685805
437,3591.287861
438,3631.900187
439,3677.887437
440,3731.759614
441,3696.146743
442,3631.805947
443,3598.603414
444,3608.807330
445,3585.155151
446,3581.219675
447,3599.742283
448,3649.694342
449,3677.853811
450,3640.048424
451,3604.042111
452,3611.889945
453,3602.366045
454,3615.673620
455,3591.359686
456,3575.810480
457,3564.542017
458,3595.241878
459,3583.174753
460,3630.210801
461,3629.306038
462,3708.415275
463,3780.049542
464,3772.101097
465,3703.203493
466,3761.091875
467,3761.529405
468,3765.456525
469,3719.219065
470,3730.904411
471,3680.967815
472,3671.800071
473,3630.399265
474,3569.505050
475,3609.777183
476,3617.294167
477,3522.176778
478,3460.511704
479,3491.021983
480,3476.523060
481,3499.386326
482,3555.165778
483,3541.432294
484,3568.923327
485,3573.472106
486,3594.035921
487,3560.817778
488,3495.989735
489,3401.125246
490,3495.794178
491,3561.937434
492,3620.624611
493,3716.471790
494,3722.647734
495,3646.934886
496,3638.729468
497,3523.930790
498,3561.312985
499,3546.339507
