0,2734.454461
1,2872.981838
2,3110.856349
3,3205.612962
4,3281.574042
5,3411.000465
6,3474.173490
7,3574.828760
8,3634.166181
9,3708.415186
10,3838.343826
11,4008.420226
12,3988.735003
13,4087.911128
14,4141.738178
15,4142.262350
16,4173.096212
17,4124.805156
18,4278.485275
19,4307.162099
20,4330.718704
21,4393.316016
22,4525.054349
23,4510.918309
24,4519.296604
25,4494.571683
26,4367.325913
27,4471.455452
28,4336.064209
29,4419.540123
30,4453.949740
31,4474.088241
32,4446.341617
33,4560.171029
34,4550.937811
35,4668.952375
36,4786.039799
37,4853.446443
38,4768.915477
39,4821.565477
40,4881.205795
41,4816.983508
42,4816.345037
43,4895.512624
44,4893.676613
45,4985.969265
46,5066.257666
47,4930.248995
48,4882.210794
49,4773.366561
50,4866.959726
51,4929.797832
52,4964.935728
53,4964.985847
54,4960.399932
55,4890.399668
56,4865.804422
57,4837.878741
58,4839.131009
59,4796.099320
60,4841.534657
61,4820.971444
62,4790.512156
63,4840.563297
64,4868.802983
65,4919.245034
66,4940.955275
67,4952.456723
68,4981.316663
69,4959.610775
70,5041.858936
71,4996.694526
72,5086.555002
73,5070.929429
74,5218.970206
75,5163.008955
76,5207.045202
77,5108.786511
78,5227.715051
79,5189.947704
80,5206.081988
81,5164.497859
82,5159.944624
83,5114.903745
84,5072.981868
85,5092.145287
86,5103.794946
87,5114.318809
88,5086.393613
89,4997.536486
90,5031.312025
91,4969.000959
92,4991.239909
93,5156.900260
94,5167.985538
95,5132.432375
96,5022.076857
97,5181.031716
98,5089.637498
99,5055.941388
100,5080.041134
101,5087.944890
102,5172.828365
103,5180.713817
104,5086.179123
105,5106.778679
106,5147.646634
107,5140.801937
108,5259.497586
109,5225.580266
110,5243.942575
111,5089.011337
112,5022.017442
113,4995.017137
114,5040.855156
115,5118.253037
116,5000.872893
117,5001.626388
118,5024.421256
119,5054.470502
120,5069.269496
121,5022.865297
122,4940.634083
123,4972.701692
124,5141.505992
125,5082.642927
126,5109.787159
127,5018.447661
128,5004.212592
129,5094.160733
130,5053.038895
131,5051.927461
132,5054.480602
133,5124.689653
134,5222.734784
135,5275.764318
136,5220.275145
137,5203.842580
138,5109.079547
139,5112.770535
140,5091.312968
141,5065.892656
142,5054.383928
143,4992.838175
144,5089.794621
145,5061.501089
146,5124.826273
147,5311.117325
148,5225.439301
149,5431.160426
150,5419.402900
151,5347.342440
152,5278.339969
153,5304.378014
154,5237.620910
155,5238.249111
156,5265.517768
157,5350.298827
158,5400.397608
159,5435.337295
160,5315.011650
161,5170.587138
162,5132.201566
163,5131.143201
164,5182.515853
165,5196.124808
166,5269.807379
167,5268.279137
168,5239.428953
169,5207.856885
170,5303.911317
171,5295.105297
172,5344.484522
173,5237.980561
174,5314.717834
175,5369.527178
176,5399.735452
177,5488.181997
178,5357.883365
179,5282.584385
180,5341.228070
181,5265.438151
182,5156.496094
183,5128.224701
184,5089.001284
185,5066.232328
186,5140.671803
187,5087.941522
188,5151.130374
189,5171.637462
190,5197.438710
191,5137.342627
192,5148.054351
193,5060.500689
194,5096.110678
195,5165.553798
196,5143.478018
197,5055.719951
198,5094.540346
199,5115.825304
200,5142.094552
201,5199.031549
202,5111.932520
203,5024.740715
204,5011.800467
205,5113.696141
206,5184.291831
207,5095.568928
208,5142.697997
209,5105.490932
210,5040.818726
211,5182.293896
212,5177.785122
213,5173.248892
214,5130.260152
215,5114.899567
216,5054.119341
217,5102.012126
218,5254.699836
219,5104.966645
220,5186.456717
221,5183.219325
222,5255.547527
223,5225.108286
224,5239.933294
225,5161.404744
226,5310.358229
227,5308.916510
228,5437.062910
229,5468.972698
230,5403.539139
231,5360.505448
232,5305.559632
233,5360.864771
234,5397.856399
235,5324.047651
236,5454.703325
237,5364.253843
238,5507.211495
239,5485.908580
240,5423.205748
241,5279.964005
242,5222.367597
243,5084.422057
244,5057.099670
245,5163.224959
246,5209.980712
247,5234.556631
248,5218.160653
249,5155.430697
250,5177.091264
251,5257.727053
252,5241.242135
253,5228.128090
254,5320.403314
255,5387.555526
256,5431.596741
257,5352.376107
258,5284.290670
259,5327.487864
260,5310.854865
261,5301.448897
262,5290.352848
263,5282.190495
264,5349.018047
265,5324.862988
266,5335.296239
267,5379.409674
268,5416.145138
269,5291.947837
270,5331.801645
271,5221.749304
272,5158.121664
273,5339.577458
274,5295.952743
275,5313.224219
276,5319.921874
277,5357.168194
278,5220.356893
279,5331.841112
280,5241.632512
281,5318.878757
282,5404.816628
283,5426.547341
284,5558.703798
285,5456.561949
286,5353.740063
287,5354.428555
288,5384.478956
289,5503.108163
290,5448.678849
291,5322.004707
292,5362.448991
293,5413.676722
294,5475.035393
295,5542.042692
296,5563.909871
297,5388.870076
298,5495.586812
299,5470.915106
300,5394.977136
301,5388.152245
302,5418.361211
303,5447.438862
304,5463.459555
305,5506.866783
306,5510.905644
307,5442.182077
308,5468.053933
309,5499.759227
310,5475.622112
311,5371.300969
312,5352.091907
313,5382.386377
314,5419.928614
315,5404.255741
316,5360.506434
317,5251.416099
318,5192.638769
319,5235.379816
320,5322.811204
321,5314.440329
322,5396.982890
323,5416.022661
324,5377.687105
325,5393.553104
326,5343.412161
327,5276.396889
328,5311.095385
329,5329.570272
330,5319.256939
331,5169.241820
332,5203.148689
333,5270.325058
334,5305.327000
335,5238.571968
336,5142.283576
337,5133.371601
338,5220.913364
339,5244.986857
340,5420.331768
341,5362.780583
342,5293.192139
343,5290.429849
344,5265.295111
345,5311.175432
346,5375.671235
347,5449.467085
348,5407.426589
349,5576.278524
350,5627.308997
351,5590.044315
352,5506.296582
353,5624.348235
354,5647.374001
355,5631.534725
356,5561.779271
357,5623.828273
358,5700.958637
359,5675.577867
360,5686.229815
361,5600.835871
362,5619.418467
363,5572.479140
364,5631.315702
365,5780.679801
366,5786.655006
367,5678.513085
368,5547.957155
369,5518.160795
370,5553.228502
371,5553.832351
372,5498.167869
373,5483.662304
374,5462.961899
375,5502.200911
376,5476.529049
377,5467.592995
378,5371.997309
379,5331.035634
380,5268.062014
381,5392.897551
382,5443.858796
383,5421.853173
384,5344.885873
385,5217.265092
386,5186.417819
387,5346.004842
388,5327.996342
389,5349.605336
390,5358.165222
391,5494.679074
392,5525.625335
393,5606.374280
394,5602.839106
395,5551.075701
396,5584.801749
397,5534.026346
398,5581.646641
399,5455.881358
400,5423.096820
401,5388.844297
402,5314.237858
403,5325.073176
404,5219.517436
405,5198.741749
406,5231.415322
407,5326.627838
408,5349.784042
409,5375.891528
410,5278.052330
411,5388.419389
412,5380.050048
413,5452.535533
414,5355.408823
415,5368.547401
416,5342.876530
417,5375.121909
418,5474.972563
419,5376.263911
420,5577.604986
421,5581.514169
422,5612.052388
423,5586.895772
424,5428.808912
425,5377.570818
426,5395.304203
427,5447.412923
428,5442.600872
429,5403.625769
430,5362.923070
431,5348.137150
432,5396.895032
433,5417.531738
434,5357.335134
435,5310.286555
436,5294.861420
437,5362.910887
438,5232.567644
439,5338.129971
440,5325.586861
441,5404.528700
442,5373.342013
443,5331.065036
444,5303.037185
445,5221.934728
446,5307.175497
447,5334.711651
448,5357.736387
449,5241.334598
450,5318.182787
451,5367.176269
452,5416.767256
453,5334.474122
454,5374.172738
455,5149.336504
456,5209.729260
457,5288.484451
458,5375.603936
459,5394.811356
460,5346.003452
461,5450.813472
462,5456.280567
463,5393.465090
464,5392.341177
465,5389.832909
466,5350.566751
467,5390.483086
468,5393.210634
469,5353.923425
470,5361.012514
471,5437.949345
472,5401.183339
473,5337.279908
474,5285.107416
475,5349.196180
476,5310.195236
477,5426.926810
478,5331.304670
479,5332.813547
480,5159.798323
481,5204.047187
482,5199.069502
483,5228.971452
484,5288.100213
485,5429.851567
486,5366.052342
487,5384.687791
488,5346.035427
489,5326.994052
490,5378.665360
491,5309.209405
492,5299.164909
493,5340.432315
494,5334.483567
495,5287.498554
496,5296.238562
497,5317.643442
498,5363.768723
499,5535.623470
