0,2754.724503
1,5430.862220
2,5886.204743
3,6217.679255
4,6304.293312
5,6494.512530
6,6727.636362
7,6811.409369
8,7056.754893
9,7138.280415
10,7312.840534
11,7464.212416
12,7443.803076
13,7448.595398
14,7540.464546
15,7698.404013
16,7771.528735
17,7916.379262
18,7877.092582
19,8097.409992
20,8137.722190
21,8200.958653
22,8378.670558
23,8369.282842
24,8334.581358
25,8410.659520
26,8514.110474
27,8528.168458
28,8547.673964
29,8757.839860
30,8693.858414
31,8736.653958
32,8718.705138
33,8720.863721
34,8874.603913
35,8925.087629
36,8897.399347
37,8978.842471
38,8904.223083
39,9046.262692
40,9160.420448
41,9105.527050
42,9237.235108
43,9282.947080
44,9178.428949
45,9237.811259
46,9307.626884
47,9268.869812
48,9346.703364
49,9449.807196
50,9396.308560
51,9358.482949
52,9257.952806
53,9474.994755
54,9585.960410
55,9383.541070
56,9762.292787
57,9708.029087
58,9701.910185
59,9652.864710
60,9966.760916
61,9913.247275
62,9811.619810
63,9946.362443
64,9928.884094
65,9918.386192
66,9914.410294
67,10116.881677
68,10168.269097
69,10121.284800
70,10100.224599
71,10057.560540
72,10312.686095
73,10170.106215
74,10302.666625
75,10379.731956
76,10540.156070
77,10303.228781
78,10417.976343
79,10431.925700
80,10414.995411
81,10383.759594
82,10413.222794
83,10390.314522
84,10515.229343
85,10477.053633
86,10655.958673
87,10508.959140
88,10656.198761
89,10791.584619
90,10772.273488
91,10839.805917
92,10831.494810
93,10770.319017
94,10928.512987
95,10896.401489
96,11029.082074
97,10642.324083
98,10660.301546
99,10947.236191
100,10997.949153
101,11086.507472
102,11033.563608
103,10838.069146
104,11094.928613
105,10957.137049
106,11121.714843
107,11166.987213
108,10916.536059
109,11129.787307
110,11172.801050
111,11378.894375
112,11402.141248
113,10969.473108
114,11349.169837
115,11374.963012
116,11450.971023
117,11409.811150
118,11171.389516
119,11225.624253
120,11310.171733
121,11523.862215
122,11607.067318
123,11676.396198
124,11863.345820
125,11567.648548
126,11618.539671
127,11795.095104
128,11767.115664
129,11848.435245
130,11966.001768
131,12251.944803
132,11912.451204
133,11914.026761
134,11919.040873
135,11714.508137
136,11967.546608
137,12096.554885
138,11909.732025
139,11849.130248
140,12158.352450
141,11808.992334
142,11757.269928
143,11995.842383
144,12204.486653
145,12010.101455
146,12028.798622
147,11963.036410
148,11859.033659
149,11994.582630
150,11970.004117
151,12316.087819
152,12323.107698
153,12391.967973
154,12324.316513
155,12158.759987
156,12128.078901
157,12293.248493
158,12490.214863
159,12449.536893
160,12587.150768
161,12558.632632
162,12436.644857
163,12450.841872
164,12295.025926
165,12305.337112
166,12605.621965
167,12401.148181
168,12670.235919
169,12602.393835
170,12553.720983
171,12529.542330
172,12491.100415
173,12797.658053
174,12761.123367
175,12516.242253
176,12680.144685
177,12793.317604
178,12496.375361
179,12678.681084
180,12678.404012
181,12824.686927
182,12680.297068
183,12846.968183
184,12906.184685
185,12831.506696
186,12886.180827
187,12755.858836
188,13049.889430
189,13003.346090
190,13003.448014
191,12817.068445
192,12898.660413
193,12864.967486
194,12552.159894
195,12720.476812
196,13014.859135
197,13083.110783
198,13449.824017
199,13097.954780
200,13417.790971
201,13071.174548
202,13011.712225
203,13108.351902
204,12912.507730
205,13068.587936
206,13139.357765
207,13416.101473
208,13180.881261
209,13371.454201
210,13309.020781
211,13278.413167
212,12962.280148
213,12995.699817
214,13081.084602
215,13291.228429
216,13519.102359
217,13469.060213
218,13386.670114
219,13618.096579
220,13399.633989
221,13361.767737
222,13189.002897
223,13164.488988
224,13415.189247
225,13381.691467
226,13418.321906
227,13270.147743
228,13270.505258
229,13283.179625
230,13655.251961
231,13420.510395
232,13827.122578
233,13477.682265
234,13615.270807
235,13441.310380
236,13564.490305
237,13320.142552
238,13493.789973
239,13404.878354
240,13480.890404
241,13852.649918
242,13448.263334
243,13480.361828
244,13792.602771
245,14094.234739
246,13652.496792
247,13516.534354
248,13631.886415
249,13568.088669
250,13630.511086
251,13381.624011
252,13470.447766
253,13704.090647
254,13599.124946
255,13669.876086
256,13788.254762
257,13276.368985
258,13850.241680
259,13650.460062
260,13844.923317
261,13896.309807
262,13722.122984
263,13374.030334
264,13540.907220
265,13694.333723
266,13826.772608
267,13836.058625
268,13615.863705
269,13434.203362
270,13434.054406
271,13431.053039
272,13561.656574
273,13385.311136
274,13518.589839
275,13750.361179
276,13534.658217
277,13735.906202
278,13572.968201
279,13988.247968
280,13551.522498
281,13464.888880
282,13595.533875
283,13720.431071
284,14017.359808
285,14023.620512
286,13930.855431
287,13920.487144
288,13735.704503
289,13844.722941
290,13735.244038
291,13849.742959
292,13820.068148
293,13602.969602
294,13894.950946
295,13525.855303
296,13696.643880
297,13869.057497
298,14082.588892
299,14008.692167
300,13855.049611
301,14146.779829
302,13565.982950
303,13589.970976
304,13750.748337
305,14113.993726
306,13718.539947
307,13697.273077
308,13681.580974
309,13643.010864
310,13696.118433
311,13925.188458
312,14198.400722
313,13854.416206
314,13906.720364
315,13912.412483
316,13613.512573
317,13765.872575
318,13574.619434
319,13877.736147
320,13916.678350
321,13788.458665
322,13934.028014
323,13907.098100
324,13953.385021
325,14156.979822
326,13605.447522
327,13745.092547
328,13967.416018
329,13887.965913
330,13711.369228
331,13708.680468
332,13725.388459
333,14173.585954
334,14296.642230
335,14025.482869
336,14057.510380
337,14072.541586
338,13879.740307
339,13879.190619
340,13619.531041
341,13997.514624
342,13884.314348
343,14171.941879
344,13780.426835
345,13817.937055
346,13759.508555
347,14188.866662
348,13942.754389
349,14081.348881
350,13971.133655
351,14067.053280
352,13890.237830
353,14051.112397
354,13719.145214
355,14008.616882
356,13816.432710
357,14106.321100
358,13868.482091
359,13941.516701
360,14161.115903
361,14108.947976
362,14148.424950
363,14113.664216
364,14152.290652
365,14342.510261
366,13822.933909
367,14009.301718
368,14122.861598
369,13940.668204
370,14169.869189
371,14156.196071
372,13956.368124
373,13811.039703
374,13950.158376
375,14108.033784
376,13908.636335
377,13965.784357
378,14296.368401
379,13959.036078
380,13910.708330
381,13953.740568
382,14292.323458
383,14024.735325
384,14083.249349
385,13996.274734
386,14208.704981
387,14245.697327
388,14013.036115
389,13788.408200
390,14105.823444
391,14284.105506
392,14011.725053
393,14202.125280
394,14228.888356
395,14065.380905
396,14182.347575
397,14297.907049
398,13867.605402
399,14140.742966
400,14190.682802
401,14153.743003
402,14109.620540
403,14376.733032
404,14334.147594
405,14037.966871
406,14186.271068
407,14090.647238
408,14010.808237
409,14162.297076
410,14146.486345
411,13916.005365
412,13953.709544
413,14269.910735
414,14253.063155
415,14407.360818
416,14066.737480
417,14303.969797
418,14335.751189
419,14229.875357
420,14122.011028
421,14141.802746
422,14147.970063
423,14385.375320
424,14508.592382
425,14622.054459
426,14366.811912
427,14042.121689
428,14206.470723
429,13820.826512
430,13796.070280
431,14188.013696
432,14044.740837
433,14437.026887
434,13967.140258
435,14118.921843
436,14227.943490
437,13979.413317
438,13962.955669
439,14253.335998
440,14245.406923
441,14183.152901
442,13955.299696
443,14188.123839
444,13887.412039
445,13965.273859
446,13967.247547
447,14217.894908
448,14172.582207
449,14346.131872
450,14175.928016
451,13986.928075
452,14100.774535
453,14423.452653
454,14471.550374
455,14280.876428
456,14328.233734
457,14144.818278
458,14384.570572
459,14271.701516
460,13994.826487
461,14225.882712
462,14401.525855
463,14376.718479
464,14346.037581
465,14279.768570
466,14212.217495
467,14498.880197
468,14400.520379
469,14249.433807
470,14219.457150
471,14375.685353
472,14379.218079
473,14178.965163
474,13963.527169
475,14140.231332
476,13954.468937
477,14054.257354
478,14048.353333
479,14173.985122
480,14172.445796
481,14484.769413
482,14054.828775
483,14302.108204
484,14280.248659
485,14034.401408
486,14277.007171
487,14565.674382
488,14940.594899
489,14366.769667
490,14335.600417
491,14189.824574
492,14536.492701
493,14459.370879
494,14228.220261
495,14415.400608
496,14324.916690
497,14613.915857
498,14389.192602
499,14185.723574
