0,2823.787539
1,5661.820452
2,6207.300838
3,6582.007660
4,6876.586535
5,7191.262815
6,7596.130333
7,7801.912180
8,8178.813435
9,8373.592149
10,8610.334984
11,8932.384331
12,9046.729181
13,9357.726672
14,9555.532537
15,9861.961377
16,10043.001812
17,10266.034963
18,10594.151622
19,10750.897344
20,11089.726108
21,11136.662276
22,11509.249316
23,11474.116093
24,11760.648394
25,12076.813124
26,12424.109057
27,12534.532850
28,12594.269345
29,12729.802012
30,12795.622773
31,12969.049010
32,13216.439312
33,13548.085660
34,13620.314490
35,13647.734204
36,13857.832463
37,13999.337528
38,14056.268798
39,14438.880950
40,14574.636327
41,14480.731150
42,14474.986252
43,14917.607484
44,15024.429046
45,14978.304653
46,15097.330656
47,15007.693170
48,15012.235158
49,15223.414684
50,15270.841976
51,15396.616482
52,15556.199155
53,15443.946242
54,15478.535648
55,15543.392176
56,15552.462116
57,15468.853303
58,15462.100721
59,15405.667431
60,15448.174441
61,15495.659676
62,15479.444378
63,15605.613797
64,15908.820998
65,16131.122431
66,15978.057700
67,15749.095713
68,15932.612875
69,16323.499858
70,16343.778116
71,16118.143232
72,16167.261041
73,16091.896026
74,16399.357822
75,16268.652087
76,16263.727864
77,16446.357483
78,16318.564882
79,16254.446046
80,16321.206630
81,16248.910182
82,16567.318989
83,16033.509175
84,16025.233666
85,16371.720555
86,16568.231824
87,16505.234900
88,16391.407728
89,16519.216841
90,16479.551862
91,16677.796912
92,16523.752309
93,16509.912540
94,16686.786296
95,16614.608013
96,16597.783736
97,16678.745595
98,17023.954451
99,16789.605417
100,16630.808503
101,16533.241653
102,16424.279415
103,16472.385768
104,16852.934560
105,16884.389925
106,16554.996057
107,16361.011035
108,16565.513078
109,16839.502277
110,16792.472262
111,17093.656559
112,16804.204805
113,16910.086692
114,16719.341533
115,16834.607696
116,17073.836748
117,16939.766651
118,16792.565262
119,16737.825800
120,16772.073840
121,16880.217879
122,16806.431744
123,16973.633856
124,16933.577041
125,16783.335064
126,16503.359423
127,16651.124901
128,16586.222321
129,16732.799011
130,16709.065434
131,16626.347337
132,16875.017854
133,16599.759171
134,16391.054567
135,16495.589969
136,16513.771007
137,16961.814166
138,16655.335419
139,16711.953840
140,16731.369982
141,16294.415874
142,16650.664433
143,17111.346785
144,17073.785958
145,17295.161596
146,16978.090741
147,16422.913274
148,16768.369099
149,16692.016731
150,16815.810455
151,17155.116271
152,17031.037581
153,16791.146951
154,16618.774560
155,16576.945911
156,16518.787265
157,16537.352336
158,16972.104841
159,16710.746916
160,16810.910611
161,16731.078118
162,16632.986592
163,16422.216926
164,16856.757038
165,16915.928888
166,16611.399898
167,16429.529515
168,16851.040712
169,16973.398434
170,16875.873414
171,16823.733382
172,16469.509034
173,16563.464400
174,16646.935991
175,16735.768539
176,16781.586777
177,16934.197813
178,16915.906289
179,16693.180873
180,16869.631598
181,16975.824270
182,16750.565679
183,16800.778518
184,16948.521264
185,16610.290782
186,16691.451182
187,16541.321691
188,16763.460658
189,16700.071380
190,16590.534562
191,16648.319460
192,16927.076209
193,16880.538595
194,16891.276890
195,16898.394065
196,16792.656181
197,16807.014549
198,16435.922557
199,16333.776607
200,16620.995372
201,16659.727297
202,16704.627401
203,16569.496124
204,16633.216214
205,16808.639420
206,16945.971392
207,16814.631307
208,16637.391182
209,16721.017291
210,16752.958269
211,16739.566904
212,16876.328416
213,16757.887450
214,16435.851406
215,16734.131974
216,16864.779292
217,16817.812076
218,16643.837451
219,17050.093934
220,17179.367606
221,16919.703665
222,16556.502966
223,16708.460888
224,16791.087966
225,16617.882802
226,16645.845037
227,16815.029996
228,16814.156253
229,16742.518876
230,16653.113496
231,16619.320554
232,16657.382769
233,16657.945651
234,16875.310872
235,16894.468546
236,16765.234206
237,16584.254893
238,16947.195460
239,16901.768160
240,16794.266355
241,16579.695655
242,16689.045152
243,16626.828686
244,16986.160497
245,16556.879910
246,16457.995448
247,16653.544682
248,16759.630222
249,17030.907865
250,16982.049633
251,16907.746577
252,17038.858571
253,16839.985540
254,16836.760922
255,17211.119404
256,17059.285623
257,16791.087012
258,16635.718293
259,16559.958468
260,16934.726842
261,16810.063360
262,16952.782124
263,16858.251142
264,16792.349726
265,16909.256111
266,16682.609677
267,16681.988811
268,16681.180643
269,16640.527859
270,16696.408817
271,16425.195408
272,16753.541845
273,16840.150585
274,16829.363622
275,16692.410071
276,16605.891052
277,17024.423898
278,16871.441347
279,16874.240493
280,16616.844846
281,16647.479583
282,16914.279861
283,17027.022323
284,16996.133324
285,16960.490594
286,16912.317156
287,16557.889583
288,16799.759323
289,16768.550710
290,16467.579926
291,16821.959644
292,16852.685101
293,16713.428700
294,16676.024853
295,16428.065554
296,16626.859051
297,16707.103884
298,16704.464773
299,16835.434260
300,16649.108671
301,16836.535966
302,16678.025899
303,16706.106277
304,16437.418546
305,16571.579290
306,16548.090565
307,16920.794954
308,16831.771182
309,16316.171390
310,16606.222603
311,16809.374952
312,16822.671677
313,16649.817569
314,16641.714973
315,16738.699306
316,16534.855303
317,16642.452689
318,16214.221002
319,16545.138625
320,16573.578729
321,16725.428350
322,16863.999854
323,16517.718463
324,16698.791357
325,16776.706080
326,16569.481755
327,16745.562945
328,16981.678022
329,17229.274280
330,16834.642072
331,16675.331240
332,16710.701872
333,16552.210552
334,16586.348899
335,16666.118309
336,16480.713860
337,16537.693141
338,16878.691314
339,16697.204809
340,16446.470109
341,16150.792712
342,16514.314344
343,16785.183084
344,16802.938941
345,16764.522996
346,17037.729901
347,16729.108975
348,16565.271426
349,16796.175356
350,16975.116554
351,16760.376922
352,16528.141530
353,16587.993620
354,16522.813674
355,16826.662307
356,16931.572606
357,16712.455391
358,16833.219421
359,17199.676337
360,16759.401368
361,16860.794663
362,16749.136765
363,16889.415962
364,16555.745937
365,16741.157547
366,17004.429546
367,16813.754967
368,16553.201480
369,16661.721968
370,16847.060353
371,16508.236453
372,16719.817300
373,16727.119259
374,16809.085023
375,16544.540199
376,16460.604497
377,16772.550743
378,16912.306949
379,16807.058812
380,17044.131500
381,16733.999472
382,16617.454025
383,16739.192862
384,16573.623532
385,16400.988541
386,16649.984850
387,16686.817496
388,16729.781074
389,17042.603270
390,16766.914024
391,16993.927395
392,16979.887089
393,16695.881940
394,16811.019939
395,16979.398348
396,17090.234364
397,17000.150753
398,16722.450114
399,16742.360701
400,16936.832920
401,17049.572627
402,17137.918903
403,17057.508809
404,16951.986657
405,17116.154197
406,16529.854421
407,16689.544014
408,16590.147977
409,16532.712740
410,16890.739565
411,16900.522400
412,16906.209642
413,16985.076029
414,16922.735017
415,16879.884702
416,16843.277321
417,17089.524657
418,16872.508711
419,16921.108602
420,16797.867190
421,16957.033813
422,17153.025396
423,16984.237874
424,16606.416307
425,16519.756861
426,16686.738857
427,16723.188919
428,16830.168465
429,16799.187920
430,16795.064969
431,16850.394738
432,16914.043242
433,17060.772516
434,17018.475886
435,16719.771666
436,16741.051399
437,16539.801974
438,16856.667607
439,16915.843306
440,16890.790182
441,16985.393753
442,16696.147882
443,16795.218528
444,16910.399521
445,17048.020602
446,16839.480043
447,16954.130728
448,16893.294264
449,17040.998126
450,16816.192657
451,16811.966899
452,16728.334082
453,17211.292597
454,17133.576983
455,17309.747568
456,17034.227018
457,17036.342971
458,16901.168140
459,17367.176514
460,16943.658644
461,17160.111288
462,17079.178580
463,16866.985362
464,17062.581500
465,17329.311114
466,17182.958049
467,17230.471625
468,16993.971857
469,17246.911093
470,17174.542399
471,17257.959231
472,17064.330527
473,17029.122439
474,17141.296707
475,17349.555542
476,17020.421006
477,17330.621847
478,17674.858652
479,17263.584413
480,16977.601859
481,17151.089967
482,17217.318783
483,17329.562912
484,17444.150511
485,17326.221758
486,17000.569139
487,17012.037975
488,16974.622370
489,16801.300756
490,16954.593723
491,17399.975868
492,17215.962519
493,17466.251509
494,17083.533212
495,17172.935743
496,17138.720854
497,17315.198354
498,17105.651481
499,17274.347596
