0,2747.520196
1,3205.153255
2,3517.580339
3,3743.201894
4,4084.600280
5,4461.684763
6,4755.995674
7,5030.291591
8,5215.533661
9,5447.574389
10,5735.067763
11,5953.570283
12,6087.058708
13,6180.432747
14,6345.525714
15,6453.019720
16,6695.120783
17,7013.038488
18,7007.925400
19,7141.085667
20,7345.087108
21,7216.391265
22,7435.492055
23,7469.056132
24,7622.891627
25,7721.262257
26,7835.430308
27,7919.621813
28,7889.384616
29,7816.383967
30,7982.364784
31,7841.858119
32,7823.140492
33,7965.163894
34,7978.582858
35,8000.643012
36,8046.743212
37,7946.009537
38,8057.579565
39,8065.388481
40,7971.144288
41,8061.928796
42,8059.459737
43,7965.134760
44,8185.941037
45,8073.673126
46,8135.574528
47,8054.399939
48,7991.350679
49,8032.703213
50,8073.225178
51,8111.623117
52,8087.536280
53,7968.980347
54,7999.939314
55,8079.301337
56,8002.139454
57,7931.209416
58,7943.978653
59,8035.999878
60,8146.763581
61,8088.108598
62,8052.565711
63,8103.477812
64,8109.771002
65,7950.622052
66,8085.861807
67,8143.077646
68,8193.009233
69,8021.907997
70,8051.045912
71,8104.843753
72,8164.889481
73,8178.123745
74,8068.454834
75,8023.920087
76,7998.985183
77,7783.940110
78,7940.686445
79,7963.849312
80,8074.213791
81,7942.177846
82,8002.389988
83,8037.766081
84,7948.347964
85,8055.377762
86,8078.084355
87,8023.502347
88,8089.381507
89,8007.480351
90,8135.938075
91,8184.434930
92,8101.004203
93,8021.654558
94,8088.765535
95,8100.349810
96,8105.893781
97,8121.406861
98,8145.021397
99,7982.027331
100,8076.479492
101,7980.347946
102,8080.710521
103,8095.615894
104,7963.344995
105,7994.657708
106,8161.239366
107,7948.882609
108,8086.201311
109,7976.952925
110,7795.191330
111,8063.469412
112,8000.892912
113,8040.937040
114,8166.892989
115,8193.082577
116,8118.196650
117,8271.487268
118,8039.778536
119,8084.437377
120,8099.019506
121,8135.902305
122,7945.424683
123,8068.762630
124,8015.590378
125,8118.729193
126,8015.270691
127,8031.227108
128,8108.828426
129,8223.458062
130,8037.841848
131,8147.928889
132,8081.281102
133,8030.465820
134,8078.563562
135,8201.413829
136,8077.973255
137,7931.838779
138,7889.689220
139,8006.164328
140,7951.559936
141,8022.973273
142,8029.492107
143,8027.838421
144,8073.539916
145,7865.673589
146,8007.094651
147,8090.528127
148,8025.060777
149,8011.640983
150,7973.089977
151,7950.125916
152,8006.302214
153,8070.257725
154,7951.989480
155,7992.643694
156,8111.684225
157,8078.233397
158,7964.816192
159,8041.753415
160,8029.127512
161,8019.072303
162,8069.449708
163,8007.323528
164,7943.052728
165,8042.978289
166,7960.899696
167,8039.255861
168,8025.262663
169,8051.475616
170,8081.814732
171,8089.973297
172,8044.949241
173,8197.559355
174,7992.325187
175,8040.318764
176,8091.771191
177,8060.075512
178,7943.209999
179,7921.137136
180,7984.887760
181,8153.295894
182,8106.320972
183,8110.474266
184,8115.969642
185,8019.484571
186,8108.440539
187,8051.699806
188,8030.386758
189,8138.234571
190,7902.210203
191,8113.157105
192,8095.259029
193,8135.467440
194,8054.891059
195,8004.719303
196,8014.037257
197,8075.536595
198,7755.823921
199,8071.306280
200,7950.828152
201,8096.571202
202,8014.227937
203,8133.668148
204,8170.539904
205,8226.395941
206,8100.946840
207,8194.770559
208,8026.700116
209,8085.518272
210,8051.051043
211,8187.012273
212,8012.212276
213,8007.027335
214,8083.188637
215,7949.359154
216,7921.688962
217,8196.405425
218,8045.753545
219,7940.167203
220,8005.254914
221,7937.442917
222,7807.884469
223,8004.383362
224,7940.312910
225,7992.489424
226,8048.796471
227,8102.261100
228,8057.969661
229,8074.977460
230,8024.526096
231,8066.650248
232,7978.136531
233,8071.537422
234,8156.748005
235,8119.807435
236,8141.230127
237,8133.128419
238,8060.500518
239,8114.435949
240,8151.587337
241,8131.256984
242,8063.556307
243,8055.989091
244,8212.226102
245,8136.171320
246,8146.816098
247,7992.752167
248,8017.159921
249,8061.520910
250,8143.998967
251,8092.765070
252,8077.529676
253,8050.346990
254,8117.764093
255,7924.079031
256,7943.627392
257,8090.733526
258,8011.769522
259,7903.467310
260,8091.934104
261,8068.415388
262,8123.693149
263,8045.113398
264,8095.587306
265,8071.896108
266,8175.219282
267,8173.653425
268,8084.454498
269,8020.362601
270,7936.838177
271,8001.773106
272,8183.573892
273,8119.503708
274,8160.961516
275,8168.076900
276,8149.970008
277,8136.499467
278,7943.096036
279,7820.365394
280,8011.174065
281,8024.400759
282,8011.914305
283,7840.360912
284,8073.655052
285,8026.847337
286,8049.205425
287,8027.148793
288,8096.560784
289,8111.248152
290,8017.562047
291,8110.258557
292,8168.584094
293,8090.764801
294,8017.401215
295,7971.484995
296,7949.165987
297,8077.194527
298,8053.668441
299,8032.574688
300,8127.280014
301,8011.550968
302,8116.643422
303,8113.465366
304,8146.028738
305,8173.256851
306,8149.618656
307,8098.330805
308,8125.186209
309,8071.067115
310,8082.880003
311,8122.752560
312,8084.880493
313,8084.587682
314,8097.920047
315,7958.124671
316,8103.494307
317,8169.522377
318,8141.864694
319,8043.766203
320,7841.933903
321,8020.680877
322,7961.223401
323,7884.861685
324,7839.908355
325,7841.013389
326,7955.537457
327,8154.033407
328,8072.398856
329,8152.063137
330,8098.954035
331,7973.049819
332,8187.905074
333,8172.699639
334,7958.617739
335,7717.864046
336,8053.654913
337,8076.591102
338,8071.728108
339,8064.235621
340,7939.928631
341,7900.001183
342,7862.032521
343,8083.096489
344,7967.432803
345,8040.602666
346,8237.662173
347,8026.728705
348,7942.868934
349,8048.996431
350,7989.270820
351,7918.565086
352,7930.362066
353,7934.309914
354,7868.013677
355,7939.419035
356,8066.774491
357,8080.100417
358,8025.050007
359,8034.606424
360,8130.076143
361,8063.033524
362,8188.388205
363,8142.531434
364,8040.887327
365,8125.685958
366,8158.502001
367,8055.780357
368,8084.589805
369,7932.439150
370,8057.849574
371,8133.857157
372,8137.902878
373,8047.338915
374,8168.549983
375,8244.317640
376,8279.821842
377,8268.580054
378,8119.871747
379,8327.415741
380,8344.577646
381,8368.655449
382,8521.619188
383,8664.950887
384,8614.415111
385,8666.390968
386,8889.291159
387,8834.815021
388,8846.141744
389,8953.966076
390,8821.300827
391,8790.547441
392,8991.797651
393,8879.840040
394,8747.714140
395,8840.001973
396,8762.071063
397,8906.616486
398,8999.633008
399,8790.795969
400,8793.505121
401,8712.781058
402,8694.662445
403,8899.841879
404,8923.933732
405,8870.283373
406,8754.512797
407,8720.239269
408,8736.389341
409,8687.274012
410,8638.651169
411,8674.865938
412,8853.916279
413,8821.873778
414,8742.314664
415,8918.627075
416,8878.790295
417,8781.831839
418,8773.205890
419,8837.679360
420,8733.679207
421,8880.298864
422,8896.545941
423,8830.265634
424,8898.078510
425,8943.413056
426,8848.028618
427,8977.642403
428,8980.215328
429,8864.871491
430,8665.651245
431,8706.655761
432,8818.325678
433,8805.990916
434,8777.295842
435,8908.675095
436,8825.529455
437,8824.797080
438,8889.796821
439,8707.170728
440,8858.276501
441,8742.859930
442,8574.750240
443,8760.192309
444,8709.031356
445,8798.853417
446,8742.388052
447,8881.202069
448,8723.977530
449,8798.812082
450,8771.515321
451,8624.731165
452,8597.921431
453,8795.351103
454,8924.330963
455,8664.545753
456,8457.450054
457,8632.906439
458,8822.676449
459,8825.956650
460,8742.102939
461,8833.276262
462,8670.486260
463,8709.758154
464,8843.544070
465,8833.193145
466,8865.860050
467,8858.212453
468,8796.695625
469,8861.763339
470,8726.993986
471,8780.517011
472,8877.792589
473,8840.443584
474,8699.712100
475,8707.273331
476,8635.883897
477,8624.063731
478,8762.713237
479,8709.065517
480,8852.927011
481,8900.864843
482,8753.816200
483,8703.669650
484,8693.086656
485,8688.178030
486,8637.906679
487,8789.932070
488,8783.054017
489,8643.710783
490,8849.931974
491,8864.366032
492,8856.684586
493,8834.917893
494,8838.856858
495,9000.450717
496,8845.680493
497,8703.822474
498,8695.021318
499,8654.697737
