0,2760.722287
1,3243.929005
2,3605.899915
3,3972.471910
4,4271.124567
5,4599.887638
6,4829.553520
7,5002.105587
8,5234.461728
9,5317.154135
10,5539.026452
11,5690.496186
12,5756.040751
13,5791.675899
14,5933.426281
15,5892.943888
16,5891.346485
17,6033.217822
18,6034.441902
19,6247.248594
20,6251.449921
21,6317.104497
22,6323.775774
23,6288.256498
24,6327.968824
25,6319.498242
26,6409.099897
27,6337.872276
28,6468.918257
29,6463.125146
30,6540.516256
31,6491.172886
32,6723.204284
33,6690.302589
34,6704.551096
35,6815.034117
36,6645.092388
37,6653.127540
38,6617.632978
39,6557.357296
40,6618.741507
41,6738.776301
42,6678.420868
43,6730.422513
44,6710.406618
45,6741.580284
46,6707.322447
47,6590.941800
48,6594.177910
49,6676.216034
50,6588.390670
51,6592.004751
52,6653.285169
53,6566.270961
54,6499.186754
55,6555.990588
56,6664.068275
57,6503.101496
58,6382.332721
59,6416.121163
60,6461.548323
61,6503.098671
62,6499.556700
63,6512.003380
64,6540.072747
65,6551.958511
66,6564.429637
67,6475.890066
68,6407.648627
69,6465.395006
70,6576.563986
71,6613.378203
72,6569.395892
73,6654.789483
74,6645.312726
75,6558.087413
76,6615.724221
77,6595.752671
78,6650.172550
79,6659.723647
80,6744.130714
81,6664.685795
82,6668.800805
83,6680.459929
84,6838.346171
85,6870.489875
86,6778.195910
87,6570.247474
88,6538.114899
89,6635.215460
90,6471.941597
91,6479.584116
92,6516.667655
93,6551.575988
94,6710.478166
95,6654.393933
96,6632.007496
97,6676.062232
98,6662.589307
99,6599.744760
100,6562.619705
101,6428.033683
102,6605.067619
103,6680.699112
104,6635.196049
105,6725.895102
106,6683.276491
107,6798.582811
108,6714.073631
109,6884.387222
110,6890.782209
111,6879.466343
112,6817.593139
113,6753.416362
114,6769.308982
115,6825.525978
116,6901.425743
117,6914.651168
118,6921.777778
119,6819.304209
120,6843.894738
121,6671.788589
122,6655.886239
123,6627.492469
124,6619.499770
125,6746.361395
126,6587.803893
127,6562.004488
128,6709.411363
129,6678.775248
130,6673.674874
131,6597.191058
132,6645.719605
133,6726.047002
134,6597.738651
135,6652.292134
136,6707.586631
137,6730.787338
138,6727.714076
139,6718.122163
140,6831.726679
141,6722.410018
142,6793.573371
143,6875.909432
144,6756.360271
145,6664.543051
146,6692.924847
147,6636.892822
148,6650.694288
149,6728.415743
150,6709.761795
151,6671.571039
152,6647.808122
153,6633.659673
154,6692.028370
155,6706.716268
156,6716.848538
157,6592.008619
158,6610.954497
159,6760.478806
160,6747.176221
161,6909.912188
162,6943.213958
163,6886.212910
164,6774.634267
165,6842.844415
166,7003.694137
167,7043.870290
168,7116.671143
169,6970.812500
170,6897.139835
171,6954.524164
172,6932.308080
173,6786.664837
174,6884.063504
175,6881.070181
176,6838.694932
177,6863.168355
178,6779.285746
179,6727.301141
180,6622.112219
181,6748.021032
182,6800.308819
183,6689.596807
184,6629.196146
185,6489.568700
186,6486.639386
187,6528.792706
188,6563.452762
189,6629.475865
190,6544.867957
191,6507.347481
192,6707.942043
193,6683.021618
194,6725.179525
195,6771.470559
196,6689.016318
197,6660.633116
198,6597.769764
199,6747.275413
200,6645.368304
201,6661.659574
202,6622.119384
203,6647.241833
204,6597.313175
205,6583.392654
206,6537.221233
207,6433.204402
208,6446.822346
209,6469.995473
210,6531.294258
211,6620.140994
212,6586.525844
213,6655.517387
214,6692.055370
215,6554.470086
216,6601.883231
217,6756.812547
218,6806.708374
219,6637.909892
220,6702.700944
221,6626.989975
222,6731.684189
223,6704.009598
224,6797.484894
225,6956.837963
226,6957.122575
227,6870.626797
228,6718.415628
229,6742.195748
230,6746.441922
231,6558.645175
232,6688.092854
233,6612.253290
234,6711.823570
235,6837.026310
236,6849.929602
237,7009.648930
238,7050.107360
239,7026.062990
240,6978.496768
241,6918.308045
242,6890.268994
243,6882.544964
244,6839.093491
245,7034.101930
246,7099.697821
247,7014.998825
248,7071.691442
249,7126.823198
250,7128.959082
251,6998.213186
252,6934.053433
253,6823.008550
254,6919.586820
255,6895.818920
256,6916.338255
257,6965.562294
258,7000.197548
259,6910.457039
260,6953.646439
261,6990.640472
262,7000.028387
263,7013.248185
264,7069.662419
265,7073.039261
266,7064.175825
267,7067.919623
268,7044.968813
269,7067.661705
270,7070.687223
271,7104.953073
272,7109.789801
273,7028.435120
274,6966.234897
275,7110.326209
276,7051.868621
277,7026.513249
278,7038.611565
279,6962.793765
280,7027.119387
281,7091.788019
282,7090.415577
283,7113.744495
284,7104.348910
285,6956.419245
286,7017.324321
287,6970.249084
288,6989.908638
289,6994.869801
290,7049.337111
291,7002.187991
292,7043.551035
293,7033.822776
294,6976.341792
295,7055.723577
296,7031.036785
297,7119.449893
298,7216.374868
299,7097.214848
300,7127.794774
301,7144.706200
302,7020.931491
303,7285.369329
304,7226.754511
305,7205.167575
306,7343.650515
307,7427.669155
308,7486.795072
309,7265.681142
310,7178.871078
311,7115.206683
312,7071.658592
313,7132.344075
314,7116.101243
315,7086.696671
316,7287.423656
317,7225.568841
318,7067.731875
319,7180.038059
320,7068.908493
321,7026.958379
322,7169.950897
323,7103.917251
324,7036.115851
325,7066.508320
326,7103.224632
327,7283.012633
328,7135.218362
329,7127.851390
330,7252.555274
331,7260.222889
332,6987.788413
333,7047.879943
334,7060.534491
335,6861.175802
336,6850.006500
337,6928.562087
338,6932.993004
339,6974.240650
340,7037.584153
341,7089.370731
342,6994.306323
343,7158.091939
344,7076.247507
345,7039.228879
346,7020.302546
347,6856.809061
348,6838.195618
349,6940.279891
350,6953.881978
351,7006.974890
352,7073.573680
353,7021.845555
354,7027.702011
355,6976.490290
356,6855.226666
357,7016.608418
358,6975.157518
359,7035.994590
360,7056.586062
361,6929.162883
362,6861.155423
363,6957.856162
364,7109.439607
365,7058.944683
366,7119.586824
367,7043.338653
368,7037.365124
369,7110.497927
370,7094.227599
371,7174.441967
372,7004.215108
373,7101.714778
374,7105.916208
375,6974.341014
376,7136.318411
377,7129.791259
378,7279.106813
379,7234.196641
380,7238.412013
381,7276.817713
382,7249.771247
383,7259.041419
384,7264.923225
385,7187.068405
386,7223.430246
387,7322.396997
388,7419.698699
389,7386.338455
390,7371.910589
391,7362.133935
392,7351.525377
393,7312.218155
394,7232.996787
395,7173.587017
396,7059.043945
397,7224.400749
398,7081.670390
399,7299.721245
400,7220.042209
401,7206.271733
402,7413.030259
403,7380.304355
404,7348.816476
405,7374.552885
406,7432.245996
407,7420.486962
408,7429.506306
409,7268.249914
410,7266.028320
411,7370.064790
412,7314.166770
413,7363.160467
414,7375.840242
415,7395.908407
416,7361.873002
417,7211.811853
418,7348.446093
419,7351.106971
420,7421.244886
421,7337.026046
422,7314.627921
423,7415.550672
424,7498.765476
425,7421.344740
426,7272.846446
427,7209.366214
428,7171.703208
429,7153.765998
430,7236.248868
431,6980.171647
432,7207.661074
433,7147.433328
434,7134.890613
435,7107.429240
436,7135.425461
437,7068.802682
438,7041.639123
439,7001.349599
440,7048.737836
441,7111.233867
442,7054.341415
443,7110.063014
444,7014.523441
445,7046.187066
446,7132.714605
447,7236.648673
448,7306.273195
449,7386.227178
450,7263.767691
451,7521.709952
452,7415.728922
453,7490.555262
454,7361.881420
455,7092.407246
456,7198.309803
457,6982.471170
458,7155.251190
459,7143.891742
460,7322.501515
461,7326.827040
462,7188.020783
463,7158.472589
464,7180.642593
465,7219.345397
466,7353.595032
467,7254.163730
468,7138.747653
469,7280.208239
470,7384.730204
471,7512.627832
472,7636.940005
473,7504.661371
474,7500.910908
475,7498.151035
476,7402.997037
477,7420.713569
478,7396.982198
479,7265.814727
480,7399.283959
481,7336.974642
482,7361.400723
483,7123.180699
484,7147.362133
485,7197.410419
486,7220.534281
487,7361.878078
488,7288.904328
489,7271.387429
490,6874.160717
491,6896.219178
492,6885.184861
493,6924.496026
494,7059.959649
495,6865.233644
496,6753.156944
497,6832.616849
498,6825.206813
499,6960.670255
