0,2829.722881
1,5587.626927
2,6069.500710
3,6534.108581
4,6738.726845
5,7072.139484
6,7298.657334
7,7402.892968
8,7588.012896
9,7858.032524
10,8001.404652
11,8337.290657
12,8579.287411
13,8490.776679
14,8957.347476
15,9174.050831
16,9385.818832
17,9727.476356
18,9910.545701
19,10314.604914
20,10427.973185
21,10579.654740
22,10821.358133
23,11233.663495
24,11425.936117
25,11548.095777
26,11559.210040
27,11932.349707
28,11709.747869
29,11747.835853
30,11872.587852
31,12360.822402
32,12323.348575
33,12499.868609
34,12828.706321
35,13007.283007
36,13012.362306
37,12832.105715
38,13497.297745
39,13293.931231
40,13676.626114
41,13723.835483
42,13910.580828
43,13663.658364
44,14123.751961
45,14218.971756
46,14341.768460
47,14525.599267
48,14501.146913
49,14788.997369
50,15046.955513
51,14890.906316
52,15515.655613
53,14820.517273
54,15188.654393
55,15706.063372
56,15436.044142
57,15663.861047
58,15707.617034
59,16117.765304
60,15501.197863
61,15623.064656
62,15657.106748
63,16100.320350
64,15722.202191
65,15737.683019
66,16114.340451
67,16199.831186
68,16080.351661
69,15553.392156
70,15768.387084
71,16078.161663
72,16449.982577
73,15899.713051
74,16134.042043
75,15894.694334
76,16295.446271
77,16217.555016
78,16069.140320
79,16516.818941
80,16876.167454
81,16436.377267
82,16853.914627
83,16616.896001
84,16428.308251
85,16783.631673
86,17168.443109
87,17115.611739
88,17057.944065
89,16985.654846
90,16693.388777
91,16849.487011
92,17280.805476
93,17242.047563
94,16947.125901
95,17028.697654
96,16986.661825
97,16881.654293
98,16990.034332
99,16765.969945
100,16990.603625
101,17430.463897
102,17230.751641
103,17444.489746
104,17374.246496
105,17693.783796
106,17504.937242
107,17855.322767
108,17966.894786
109,17783.693502
110,17746.564807
111,17831.076319
112,18064.364393
113,17878.447538
114,17733.681822
115,17760.973798
116,17931.285991
117,17977.573814
118,18144.284115
119,18060.790052
120,17843.307762
121,18227.125478
122,18090.804118
123,17990.302514
124,18052.073919
125,18275.112515
126,18285.541719
127,18148.432850
128,18251.924292
129,18233.802711
130,18225.153256
131,18242.934395
132,18277.223749
133,18313.669016
134,18366.825568
135,18314.057881
136,18211.372019
137,18375.779754
138,18313.725477
139,18394.690879
140,18369.463404
141,18366.236270
142,18342.077559
143,18354.556790
144,18312.780727
145,18315.619650
146,18392.430081
147,18314.875089
148,18300.796461
149,18367.813878
150,18395.371550
151,18420.643233
152,18392.733714
153,18420.643233
154,18420.643233
155,18420.643233
156,18391.877033
157,18367.321003
158,18394.592810
159,18420.643233
160,18420.643233
161,18420.643233
162,18392.669083
163,18420.643233
164,18391.949932
165,18395.781722
166,18420.643233
167,18420.643233
168,18420.643233
169,18420.643233
170,18420.643233
171,18420.643233
172,18393.549666
173,18420.643233
174,18393.558261
175,18420.643233
176,18420.643233
177,18420.643233
178,18420.643233
179,18420.643233
180,18420.643233
181,18420.643233
182,18420.643233
183,18420.643233
184,18420.643233
185,18420.643233
186,18420.643233
187,18420.643233
188,18420.643233
189,18420.643233
190,18420.643233
191,18420.643233
192,18420.643233
193,18420.643233
194,18420.643233
195,18420.643233
196,18420.643233
197,18420.643233
198,18420.643233
199,18420.643233
200,18420.643233
201,18420.643233
202,18420.643233
203,18420.643233
204,18420.643233
205,18420.643233
206,18420.643233
207,18420.643233
208,18420.643233
209,18420.643233
210,18420.643233
211,18420.643233
212,18420.643233
213,18420.643233
214,18420.643233
215,18420.643233
216,18420.643233
217,18420.643233
218,18420.643233
219,18420.643233
220,18420.643233
221,18420.643233
222,18420.643233
223,18420.643233
224,18420.643233
225,18420.643233
226,18420.643233
227,18420.643233
228,18420.643233
229,18420.643233
230,18420.643233
231,18420.643233
232,18420.643233
233,18420.643233
234,18420.643233
235,18420.643233
236,18420.643233
237,18420.643233
238,18420.643233
239,18420.643233
240,18420.643233
241,18420.643233
242,18420.643233
243,18420.643233
244,18420.643233
245,18420.643233
246,18420.643233
247,18420.643233
248,18420.643233
249,18420.643233
250,18420.643233
251,18420.643233
252,18420.643233
253,18420.643233
254,18420.643233
255,18420.643233
256,18420.643233
257,18420.643233
258,18420.643233
259,18420.643233
260,18420.643233
261,18420.643233
262,18420.643233
263,18420.643233
264,18420.643233
265,18420.643233
266,18420.643233
267,18420.643233
268,18420.643233
269,18420.643233
270,18420.643233
271,18420.643233
272,18420.643233
273,18420.643233
274,18420.643233
275,18420.643233
276,18420.643233
277,18420.643233
278,18420.643233
279,18420.643233
280,18420.643233
281,18420.643233
282,18420.643233
283,18420.643233
284,18420.643233
285,18420.643233
286,18420.643233
287,18420.643233
288,18420.643233
289,18420.643233
290,18420.643233
291,18420.643233
292,18420.643233
293,18420.643233
294,18420.643233
295,18420.643233
296,18420.643233
297,18420.643233
298,18420.643233
299,18420.643233
300,18420.643233
301,18420.643233
302,18420.643233
303,18420.643233
304,18420.643233
305,18420.643233
306,18420.643233
307,18420.643233
308,18420.643233
309,18420.643233
310,18420.643233
311,18420.643233
312,18420.643233
313,18420.643233
314,18420.643233
315,18420.643233
316,18420.643233
317,18420.643233
318,18420.643233
319,18420.643233
320,18420.643233
321,18420.643233
322,18420.643233
323,18420.643233
324,18420.643233
325,18420.643233
326,18420.643233
327,18420.643233
328,18420.643233
329,18420.643233
330,18420.643233
331,18420.643233
332,18420.643233
333,18420.643233
334,18420.643233
335,18420.643233
336,18420.643233
337,18420.643233
338,18420.643233
339,18420.643233
340,18420.643233
341,18420.643233
342,18420.643233
343,18420.643233
344,18420.643233
345,18420.643233
346,18420.643233
347,18420.643233
348,18420.643233
349,18420.643233
350,18420.643233
351,18420.643233
352,18420.643233
353,18420.643233
354,18420.643233
355,18420.643233
356,18420.643233
357,18420.643233
358,18420.643233
359,18420.643233
360,18420.643233
361,18420.643233
362,18420.643233
363,18420.643233
364,18420.643233
365,18420.643233
366,18420.643233
367,18420.643233
368,18420.643233
369,18420.643233
370,18420.643233
371,18420.643233
372,18420.643233
373,18420.643233
374,18420.643233
375,18420.643233
376,18420.643233
377,18420.643233
378,18420.643233
379,18420.643233
380,18420.643233
381,18420.643233
382,18420.643233
383,18420.643233
384,18420.643233
385,18420.643233
386,18420.643233
387,18420.643233
388,18420.643233
389,18420.643233
390,18420.643233
391,18420.643233
392,18420.643233
393,18420.643233
394,18420.643233
395,18420.643233
396,18420.643233
397,18420.643233
398,18420.643233
399,18420.643233
400,18420.643233
401,18420.643233
402,18420.643233
403,18420.643233
404,18420.643233
405,18420.643233
406,18420.643233
407,18420.643233
408,18420.643233
409,18420.643233
410,18420.643233
411,18420.643233
412,18420.643233
413,18420.643233
414,18420.643233
415,18420.643233
416,18420.643233
417,18420.643233
418,18420.643233
419,18420.643233
420,18420.643233
421,18420.643233
422,18420.643233
423,18420.643233
424,18420.643233
425,18420.643233
426,18420.643233
427,18420.643233
428,18420.643233
429,18420.643233
430,18420.643233
431,18420.643233
432,18420.643233
433,18420.643233
434,18420.643233
435,18420.643233
436,18420.643233
437,18420.643233
438,18420.643233
439,18420.643233
440,18420.643233
441,18420.643233
442,18420.643233
443,18420.643233
444,18420.643233
445,18420.643233
446,18420.643233
447,18420.643233
448,18420.643233
449,18420.643233
450,18420.643233
451,18420.643233
452,18420.643233
453,18420.643233
454,18420.643233
455,18420.643233
456,18420.643233
457,18420.643233
458,18420.643233
459,18420.643233
460,18420.643233
461,18420.643233
462,18420.643233
463,18420.643233
464,18420.643233
465,18420.643233
466,18420.643233
467,18420.643233
468,18420.643233
469,18420.643233
470,18420.643233
471,18420.643233
472,18420.643233
473,18420.643233
474,18420.643233
475,18420.643233
476,18420.643233
477,18420.643233
478,18420.643233
479,18420.643233
480,18420.643233
481,18420.643233
482,18420.643233
483,18420.643233
484,18420.643233
485,18420.643233
486,18420.643233
487,18420.643233
488,18420.643233
489,18420.643233
490,18420.643233
491,18420.643233
492,18420.643233
493,18420.643233
494,18420.643233
495,18420.643233
496,18420.643233
497,18420.643233
498,18420.643233
499,18420.643233
