0,2750.542618
1,5572.078930
2,6099.713299
3,6742.920077
4,7229.269079
5,7680.579958
6,8145.490778
7,8618.534575
8,8982.669432
9,9364.269989
10,9923.462424
11,10268.232973
12,10468.696811
13,10834.084192
14,11339.149361
15,11551.079387
16,11951.014602
17,12334.032634
18,12507.716304
19,12827.770767
20,13146.255527
21,13474.876788
22,13665.439717
23,13959.816435
24,14111.216381
25,14522.563217
26,14543.093428
27,14890.880209
28,15161.353636
29,15308.616229
30,15507.064060
31,15476.129389
32,15662.403356
33,15805.501804
34,15878.056058
35,15840.210726
36,16040.270695
37,16176.755020
38,16200.043035
39,16229.382609
40,16358.651335
41,16428.488965
42,16357.373892
43,16414.649280
44,16411.901089
45,16397.639015
46,16451.133717
47,16472.429959
48,16548.090520
49,16724.183783
50,16479.855457
51,16829.325864
52,16732.412880
53,16841.080617
54,16940.695670
55,16898.191698
56,17020.589713
57,16911.702137
58,17141.626208
59,17060.568038
60,17051.581412
61,17011.729777
62,17055.615137
63,17179.894547
64,17191.242033
65,17330.837243
66,17435.430331
67,17257.128093
68,17108.006965
69,17269.952880
70,17311.391214
71,17502.071273
72,17435.026205
73,17404.708898
74,17528.893710
75,17744.531015
76,17814.121166
77,17735.485891
78,17721.720459
79,17610.733168
80,17637.942379
81,17757.871466
82,17899.691635
83,17755.149746
84,17819.618700
85,17906.587682
86,17912.347655
87,17907.094342
88,17958.615290
89,17900.089090
90,17913.772202
91,17938.686561
92,18104.150747
93,18080.432236
94,17990.801820
95,18145.206796
96,18115.271534
97,18167.211090
98,18124.333372
99,18115.199528
100,18126.339611
101,18128.522657
102,18208.220945
103,18187.053698
104,18063.593918
105,18201.747716
106,18323.089134
107,18315.173473
108,18324.465267
109,18280.823998
110,18245.940522
111,18215.540558
112,18242.434474
113,18177.158135
114,18247.704375
115,18211.527981
116,18369.152763
117,18333.746966
118,18285.807712
119,18307.798596
120,18416.293053
121,18219.195061
122,18141.577610
123,18318.590044
124,18449.699822
125,18274.322882
126,18243.583626
127,18289.931210
128,18368.684386
129,18316.392693
130,18465.334213
131,18498.027983
132,18612.502167
133,18679.311075
134,18534.599853
135,18482.206617
136,18610.752266
137,18608.944067
138,18584.039358
139,18618.065223
140,18710.520282
141,18637.606048
142,18603.747052
143,18654.486411
144,18604.888517
145,18626.811248
146,18570.225443
147,18647.590829
148,18653.815343
149,18651.232463
150,18702.255840
151,18730.328664
152,18750.081840
153,18791.375133
154,18703.279131
155,18674.061896
156,18781.128881
157,18699.976829
158,18718.861313
159,18748.491466
160,18791.608482
161,18743.456630
162,18828.025061
163,18778.891515
164,18937.893657
165,18947.035454
166,18887.181872
167,18905.458631
168,18872.749059
169,18949.845795
170,18901.832313
171,18948.606970
172,18908.826186
173,18949.946072
174,18953.679287
175,18953.469903
176,18949.993188
177,18995.770308
178,19025.650466
179,18985.231059
180,18991.854728
181,19009.428831
182,19034.492323
183,19006.898864
184,19001.524589
185,18998.644484
186,19038.817311
187,19030.686457
188,19031.654359
189,19003.863467
190,19015.526882
191,19051.245823
192,18998.682933
193,19033.920706
194,19030.115165
195,19064.595540
196,19085.898278
197,19055.192181
198,19089.629907
199,19078.887336
200,19090.412538
201,19076.638288
202,19122.219333
203,19223.474739
204,19316.417497
205,19406.948402
206,19418.602597
207,19458.751339
208,19430.389979
209,19408.162211
210,19465.260265
211,19463.058183
212,19460.036009
213,19456.972651
214,19472.201796
215,19489.511306
216,19483.843334
217,19476.718826
218,19489.365846
219,19504.227767
220,19512.076333
221,19473.666599
222,19497.488951
223,19504.415452
224,19524.512056
225,19527.144584
226,19542.408907
227,19557.211890
228,19572.325878
229,19570.782918
230,19556.829645
231,19563.189267
232,19560.410428
233,19557.887380
234,19553.522319
235,19563.756920
236,19559.633851
237,19556.789223
238,19566.505642
239,19560.815149
240,19557.478618
241,19553.103150
242,19567.847694
243,19563.614852
244,19563.099748
245,19569.415150
246,19550.768054
247,19563.384048
248,19559.976433
249,19564.268281
250,19558.535304
251,19568.960056
252,19570.673790
253,19575.073843
254,19565.876731
255,19569.319364
256,19562.744881
257,19564.168744
258,19567.955349
259,19576.631295
260,19577.051886
261,19569.752464
262,19555.706417
263,19573.444683
264,19575.716714
265,19581.525209
266,19560.239604
267,19573.202802
268,19593.113916
269,19608.177669
270,19646.975557
271,19667.110589
272,19668.581082
273,19649.995622
274,19674.639902
275,19680.844528
276,19692.467070
277,19676.932834
278,19695.419624
279,19697.926929
280,19694.252220
281,19685.897426
282,19691.694168
283,19661.029492
284,19677.137087
285,19675.336698
286,19699.499098
287,19691.423856
288,19680.042115
289,19678.982163
290,19675.976318
291,19686.623411
292,19695.361884
293,19668.606958
294,19687.748206
295,19693.675031
296,19704.087326
297,19723.711667
298,19717.024218
299,19785.095528
300,19866.642647
301,19976.712301
302,20034.681481
303,20087.514717
304,20076.678684
305,20067.380429
306,20086.933947
307,20082.906381
308,20097.002818
309,20076.582565
310,20079.288776
311,20079.448869
312,20084.646431
313,20086.707906
314,20076.095147
315,20074.798609
316,20074.419422
317,20088.138415
318,20092.045727
319,20065.908818
320,20082.445584
321,20055.466790
322,20082.550752
323,20082.664374
324,20083.469923
325,20082.848271
326,20088.597344
327,20079.082158
328,20070.220018
329,20083.543111
330,20145.895228
331,20165.458090
332,20184.280681
333,20189.324687
334,20186.003328
335,20199.866724
336,20198.134254
337,20196.678641
338,20195.070801
339,20193.045952
340,20192.747508
341,20197.242762
342,20192.723477
343,20203.701300
344,20189.792738
345,20204.923049
346,20190.378903
347,20192.075036
348,20201.385468
349,20193.144934
350,20208.725496
351,20190.992472
352,20187.750335
353,20189.889132
354,20210.848687
355,20196.593179
356,20196.526718
357,20205.648566
358,20195.498489
359,20202.471416
360,20208.774763
361,20183.035191
362,20198.883157
363,20204.511483
364,20198.718093
365,20195.861657
366,20191.917636
367,20189.320084
368,20192.009213
369,20181.588542
370,20184.167196
371,20194.551268
372,20203.679249
373,20193.445392
374,20189.585885
375,20201.512766
376,20203.855292
377,20190.396128
378,20180.404615
379,20170.441594
380,20199.725936
381,20201.721704
382,20189.026373
383,20195.534198
384,20191.274522
385,20198.156507
386,20197.696601
387,20193.626205
388,20209.306345
389,20191.364659
390,20201.523679
391,20201.643763
392,20181.334634
393,20201.607989
394,20200.341296
395,20201.496569
396,20201.792594
397,20207.192195
398,20200.911507
399,20189.875568
400,20192.370054
401,20190.451000
402,20188.955362
403,20184.836244
404,20194.295310
405,20181.994466
406,20186.839106
407,20184.820027
408,20192.959739
409,20179.596411
410,20195.479284
411,20192.263225
412,20190.410593
413,20178.982820
414,20185.032326
415,20193.016338
416,20183.089463
417,20203.977885
418,20196.967036
419,20184.304626
420,20207.371031
421,20182.571644
422,20192.276635
423,20196.461876
424,20198.701603
425,20192.759906
426,20197.209913
427,20197.009102
428,20186.968986
429,20181.655017
430,20189.458728
431,20195.067203
432,20184.934055
433,20190.507925
434,20199.176283
435,20187.727146
436,20195.199525
437,20201.447775
438,20185.777800
439,20205.617710
440,20190.365790
441,20193.414674
442,20194.859114
443,20184.384359
444,20198.324099
445,20192.470115
446,20208.728937
447,20193.298635
448,20204.610865
449,20200.417037
450,20169.140910
451,20187.929406
452,20203.352693
453,20185.151563
454,20192.342910
455,20190.002435
456,20200.954891
457,20183.458251
458,20202.756885
459,20206.047815
460,20196.248909
461,20182.004767
462,20191.646935
463,20205.041310
464,20195.663736
465,20190.305678
466,20194.883008
467,20198.452524
468,20185.266958
469,20190.570560
470,20195.014638
471,20188.915485
472,20202.371739
473,20179.505179
474,20170.064696
475,20190.636376
476,20193.765992
477,20193.434352
478,20211.423990
479,20198.762203
480,20196.669863
481,20200.000586
482,20221.163195
483,20211.953272
484,20260.321683
485,20292.709227
486,20359.477913
487,20457.863521
488,20514.005378
489,20553.212690
490,20543.120510
491,20541.107458
492,20543.847726
493,20544.902362
494,20538.289506
495,20543.277129
496,20532.667073
497,20532.947863
498,20542.366133
499,20527.079423
