0,2826.127369
1,5514.289694
2,6063.380086
3,6373.636664
4,6561.027464
5,6812.742483
6,7077.904925
7,7386.605144
8,7593.014305
9,7662.022944
10,7997.834943
11,8121.139232
12,8335.650261
13,8446.205103
14,8798.789614
15,8824.978694
16,9279.159550
17,9389.118498
18,9623.748916
19,9561.193300
20,9935.053260
21,10024.433795
22,10292.370683
23,10319.583782
24,10354.604956
25,10561.224039
26,10505.346947
27,10669.381669
28,10788.741528
29,10774.324590
30,10907.229227
31,11105.707668
32,11303.653991
33,11270.842451
34,11545.947190
35,11486.600366
36,11893.032159
37,11985.194199
38,12220.183721
39,12162.637045
40,12286.306060
41,12583.453231
42,12780.269426
43,12699.491907
44,12931.328092
45,12974.391679
46,12934.470337
47,13042.866986
48,13220.325427
49,13063.867562
50,13072.081057
51,13399.879252
52,13168.861856
53,13036.693233
54,13334.252052
55,13443.220928
56,13549.621911
57,13526.049143
58,13609.655532
59,13379.337003
60,13460.531773
61,13811.490796
62,13917.908361
63,13764.653812
64,13616.858026
65,13847.463296
66,13972.807677
67,14267.254055
68,13800.660400
69,13938.219421
70,14010.564997
71,13672.152966
72,14011.126536
73,13738.255184
74,14095.597015
75,13853.580900
76,13795.434598
77,13984.551148
78,14326.506232
79,13810.993883
80,13875.864706
81,13860.307761
82,13558.635246
83,13958.741739
84,13851.860450
85,13935.502864
86,14157.312593
87,14136.536050
88,14321.483887
89,14125.341425
90,14059.851028
91,13988.780348
92,14238.772700
93,14199.599872
94,13781.419929
95,14227.496435
96,14218.851525
97,14078.294799
98,13934.260391
99,13825.585701
100,14360.963874
101,14247.358997
102,14189.514404
103,13880.829030
104,14125.554714
105,14183.471037
106,14254.085078
107,14178.879622
108,14288.790634
109,14190.133039
110,14060.113182
111,14151.132201
112,13887.468109
113,14454.370025
114,14177.293345
115,13975.651363
116,14238.017370
117,14169.251697
118,14427.725151
119,14129.675156
120,14150.724322
121,14164.420685
122,13835.013425
123,14032.246643
124,14018.831279
125,14146.285833
126,14120.854381
127,14289.415868
128,14220.689910
129,14016.775784
130,14364.979411
131,13693.846125
132,14249.468038
133,14074.800428
134,14221.869759
135,14323.354342
136,14235.037902
137,14201.496169
138,14237.297712
139,14389.205656
140,13938.632676
141,14204.490799
142,14507.013456
143,14584.139142
144,14097.423314
145,14246.512238
146,14298.718989
147,14302.763952
148,14324.162173
149,14191.845307
150,14350.009458
151,14187.678432
152,13927.983372
153,13928.349676
154,13998.452061
155,13849.255322
156,14488.703598
157,14194.886286
158,14001.975231
159,13958.140138
160,14009.068857
161,14079.553597
162,14192.328626
163,14138.081319
164,14380.332851
165,14154.978128
166,14401.710544
167,14257.503480
168,14104.451998
169,14127.416902
170,14258.322842
171,14004.360855
172,14258.318325
173,14315.725391
174,14096.286810
175,14037.799035
176,14126.517367
177,14220.142031
178,14323.469405
179,14100.631305
180,13971.145698
181,14040.092338
182,14122.271307
183,14183.692279
184,14149.751934
185,14143.229778
186,14306.258929
187,14329.180266
188,14129.510859
189,14081.982135
190,14345.559369
191,14473.630080
192,14207.116088
193,14059.695104
194,14664.331878
195,14471.559039
196,14203.482762
197,14134.493342
198,14476.707233
199,14384.693101
200,14131.029479
201,14110.102452
202,14020.454784
203,14192.753865
204,14038.418240
205,14227.383572
206,14298.684871
207,14451.744077
208,14186.288836
209,14292.688602
210,13963.131428
211,14002.891289
212,13950.130667
213,14076.680172
214,14196.094570
215,14193.219965
216,14115.330476
217,13900.319846
218,14221.503156
219,13965.826781
220,14298.621119
221,14204.214377
222,14265.240854
223,14231.596466
224,14109.805669
225,14042.897580
226,13996.331908
227,14179.718050
228,14171.185089
229,14526.112848
230,14511.627370
231,14780.862133
232,14471.370850
233,14491.617684
234,13737.708257
235,14397.790041
236,14295.773032
237,14196.755060
238,14178.539008
239,14217.977320
240,14219.082098
241,14321.558656
242,14213.480820
243,14560.685036
244,14216.827731
245,14456.859899
246,14151.228345
247,14289.299686
248,14210.705385
249,14218.129014
250,14514.442437
251,14307.909478
252,14150.007981
253,13998.512254
254,14057.985202
255,14180.466316
256,14628.960934
257,14137.145536
258,14315.741852
259,14074.898925
260,14300.604280
261,14299.812172
262,14148.124913
263,14382.666940
264,14104.982106
265,14292.854022
266,14403.878868
267,14337.433574
268,14398.383621
269,14105.296727
270,13743.735964
271,13866.982925
272,14137.203809
273,14025.512060
274,13786.274651
275,14111.960039
276,14155.435033
277,14231.285672
278,14542.646860
279,14083.912678
280,14552.692427
281,14204.960496
282,14186.072436
283,14054.177527
284,14230.324282
285,14448.524705
286,14233.111010
287,14115.271083
288,14056.591783
289,14207.998720
290,14040.378008
291,13841.964205
292,13935.807070
293,14022.993134
294,14383.477624
295,13608.918098
296,14177.323780
297,14185.913858
298,14085.968463
299,13871.798411
300,13814.360884
301,13712.525838
302,14154.591311
303,14254.021966
304,14023.770655
305,14301.178375
306,13884.917383
307,14344.945797
308,14323.277608
309,14553.661990
310,14240.299418
311,14317.836290
312,14203.116915
313,14227.923023
314,14205.463436
315,14056.027575
316,13989.933293
317,14226.798867
318,14285.039437
319,14355.383112
320,14492.551192
321,14555.469263
322,14167.732056
323,14497.891822
324,14328.979114
325,14512.457985
326,14409.962544
327,14390.011062
328,14257.698143
329,14183.109152
330,14269.909289
331,14406.793378
332,13926.605210
333,14314.752875
334,14132.909990
335,14033.567322
336,13962.103218
337,13907.505350
338,14048.378007
339,14119.314756
340,14322.311689
341,14274.783633
342,14205.891317
343,13945.409215
344,14021.721364
345,14182.121592
346,14040.948697
347,13887.994337
348,13929.808349
349,13651.210789
350,14324.476441
351,13809.830836
352,14320.126882
353,14093.014645
354,14096.009413
355,14039.584623
356,14268.082451
357,14393.303588
358,14061.832394
359,13937.008016
360,14172.054683
361,14133.480859
362,14239.310574
363,14173.747860
364,13958.994575
365,13859.703598
366,14015.457966
367,14050.650875
368,14140.046906
369,14201.106292
370,14300.164082
371,14051.580574
372,13852.372218
373,14007.902185
374,14164.825428
375,14250.795258
376,14163.295065
377,13890.504446
378,14128.656955
379,14253.075234
380,14065.179243
381,14129.120433
382,14188.121089
383,13694.753843
384,14005.736885
385,14251.605312
386,14238.744092
387,14014.848974
388,14150.128102
389,14292.481504
390,14409.493364
391,13901.175670
392,13745.797811
393,13984.785943
394,14345.614067
395,14263.793353
396,14687.124985
397,14451.379653
398,14180.357592
399,14212.633097
400,13879.675143
401,13996.676265
402,14168.856546
403,14176.975363
404,14374.006726
405,13998.814669
406,13969.976158
407,13997.749130
408,14064.390211
409,13992.056688
410,14282.789651
411,13764.388205
412,13987.953892
413,14142.549696
414,14316.303483
415,14279.847745
416,14137.617108
417,13991.400375
418,14143.600420
419,13970.506999
420,14000.721877
421,14377.658642
422,14132.462424
423,14178.475271
424,14050.674011
425,14106.919892
426,14275.362224
427,14105.440202
428,14127.082302
429,13837.795588
430,14051.827374
431,13985.925276
432,14039.666042
433,14373.355877
434,14137.442836
435,14218.292850
436,14501.976151
437,14384.352055
438,14285.094996
439,13924.978871
440,14182.035503
441,14450.782494
442,14284.773242
443,14086.729324
444,14027.479766
445,14154.849787
446,14135.821252
447,14200.294776
448,14115.088783
449,14564.099284
450,13891.265947
451,14186.535408
452,14324.416427
453,14304.094484
454,14011.577093
455,14196.747041
456,13969.966913
457,13848.414516
458,14291.416559
459,13878.939557
460,14153.330064
461,13991.888766
462,14052.709683
463,14204.739735
464,14299.169335
465,14036.552851
466,14267.769156
467,14070.187953
468,13893.551865
469,14536.541205
470,14269.647457
471,13882.537487
472,14380.914128
473,14184.224639
474,14047.205823
475,14243.596335
476,14151.508528
477,14161.313825
478,14196.173999
479,14053.366812
480,13791.377036
481,14165.966704
482,14158.174645
483,13873.585408
484,14011.917981
485,13999.083995
486,13971.628251
487,14485.381820
488,14278.294509
489,14095.033635
490,14164.953732
491,14163.230523
492,13848.103430
493,13952.941979
494,14129.126717
495,14351.110705
496,13871.393400
497,14236.759408
498,14224.936501
499,14200.259447
