0,2685.620454
1,5394.951295
2,6069.836842
3,6665.947505
4,7104.840226
5,7511.019955
6,7795.035835
7,8176.546283
8,8456.572150
9,8928.609725
10,9415.589077
11,9838.334683
12,10127.760168
13,10422.226374
14,10617.363204
15,10951.019665
16,11373.126061
17,11629.048687
18,11729.991581
19,12035.860212
20,12360.186195
21,12659.309958
22,12579.645531
23,12878.557701
24,12958.176350
25,13084.849885
26,13208.378370
27,13388.473141
28,13457.024783
29,13451.442880
30,13463.970050
31,13595.370064
32,13780.415767
33,13728.052883
34,14012.876979
35,13988.373575
36,14116.574168
37,14304.132973
38,14712.919954
39,14695.162235
40,14884.271831
41,15332.571594
42,15901.811576
43,16064.788003
44,16671.585446
45,17060.274379
46,16964.151150
47,16928.559484
48,17138.820980
49,17341.826977
50,17244.827841
51,17284.077240
52,17640.099446
53,17616.087572
54,17950.171071
55,18059.157955
56,17993.393631
57,17971.615553
58,18081.601802
59,17671.389411
60,17870.744802
61,18082.574794
62,18086.017000
63,18056.467513
64,18262.524664
65,18243.133858
66,18247.562827
67,18146.525857
68,18495.668795
69,18558.127248
70,18411.102367
71,18411.593094
72,18766.793167
73,18142.218074
74,18718.084907
75,18646.274580
76,18712.248517
77,18730.458463
78,18444.401086
79,18610.472846
80,18874.583079
81,18545.759463
82,18546.110688
83,18689.927797
84,18470.471554
85,18768.260555
86,18742.517411
87,19019.852356
88,18927.301349
89,19034.809131
90,18996.912918
91,19069.055192
92,19003.752833
93,19041.698180
94,19028.834104
95,19053.298654
96,18785.460667
97,18732.703901
98,19193.700907
99,19224.353324
100,19132.377135
101,18933.977971
102,18972.409884
103,18983.492615
104,19200.045649
105,18986.262848
106,19203.781392
107,19394.000803
108,19014.104736
109,19396.978760
110,19361.620873
111,19282.937865
112,19385.420176
113,19317.261366
114,19398.377535
115,19415.952555
116,19426.879092
117,19566.815178
118,19448.050444
119,19443.929029
120,19287.136441
121,19422.535816
122,19569.820699
123,19527.837354
124,19493.319627
125,19670.620136
126,19557.112749
127,19626.243008
128,19717.443165
129,19799.350600
130,19807.337022
131,19772.674167
132,19747.850362
133,19589.733527
134,19665.281612
135,19697.942724
136,19707.064490
137,19731.369194
138,19769.974075
139,19700.207326
140,19731.071532
141,19835.333628
142,19785.436190
143,19857.818691
144,19820.271166
145,19827.748326
146,19838.455477
147,19754.941754
148,19832.680704
149,19841.992449
150,19862.755576
151,19854.390062
152,19828.835439
153,19937.265821
154,19891.053237
155,19882.014008
156,19979.370466
157,19973.940739
158,20000.145697
159,19946.833446
160,19961.647970
161,19929.243589
162,19953.730371
163,19988.386166
164,19955.391366
165,20004.392110
166,19977.708657
167,19959.923831
168,19990.079116
169,20043.034097
170,20034.792368
171,20058.768237
172,19982.298803
173,20010.447323
174,20021.570570
175,20024.048871
176,20038.607450
177,20033.564488
178,20026.626131
179,19998.885596
180,20047.392844
181,20016.068534
182,20047.172453
183,20056.903118
184,20061.871998
185,20045.144831
186,20049.969860
187,20062.592192
188,20052.901444
189,20035.646778
190,20057.413522
191,20059.407545
192,20056.563530
193,20050.717922
194,20054.580123
195,20041.671010
196,20052.312274
197,20044.666637
198,20039.768714
199,20056.547052
200,20042.483028
201,20060.382048
202,20061.559863
203,20063.490617
204,20050.983970
205,20060.885873
206,20056.255876
207,20060.014336
208,20067.432008
209,20056.926070
210,20060.090928
211,20063.993473
212,20058.337278
213,20045.307172
214,20052.267637
215,20061.962471
216,20067.432008
217,20058.508720
218,20057.062766
219,20060.654152
220,20065.773258
221,20065.688670
222,20064.244963
223,20062.117033
224,20066.132390
225,20067.432008
226,20066.291260
227,20062.369832
228,20057.715997
229,20063.206254
230,20067.432008
231,20067.432008
232,20065.842275
233,20067.432008
234,20066.226116
235,20063.416622
236,20059.156927
237,20064.205576
238,20064.083931
239,20064.980009
240,20061.083404
241,20064.820058
242,20067.432008
243,20067.432008
244,20066.365683
245,20063.516893
246,20065.780543
247,20057.996741
248,20067.432008
249,20067.432008
250,20067.432008
251,20064.589440
252,20064.428778
253,20063.393833
254,20067.006915
255,20065.374783
256,20067.432008
257,20065.739403
258,20061.534482
259,20062.260898
260,20065.273042
261,20067.432008
262,20063.593543
263,20063.449199
264,20057.856528
265,20065.230198
266,20063.227502
267,20067.432008
268,20053.105323
269,20064.924148
270,20065.593084
271,20067.432008
272,20066.068712
273,20065.636263
274,20067.432008
275,20067.432008
276,20066.362549
277,20062.199815
278,20067.432008
279,20065.307505
280,20063.143734
281,20053.846504
282,20067.487431
283,20067.520684
284,20062.212121
285,20067.698036
286,20067.808880
287,20068.074907
288,20068.374188
289,20064.605658
290,20069.637817
291,20067.430039
292,20067.216426
293,20072.375681
294,20072.575201
295,20072.597370
296,20068.479013
297,20070.641133
298,20064.539511
299,20069.899002
300,20072.974242
301,20065.613636
302,20072.974242
303,20072.974242
304,20062.558864
305,20062.683265
306,20068.633699
307,20067.947027
308,20070.512641
309,20069.017717
310,20069.678281
311,20069.619968
312,20071.361998
313,20070.783569
314,20061.417193
315,20068.895510
316,20068.377584
317,20071.449897
318,20071.664756
319,20067.096251
320,20069.980565
321,20069.363520
322,20072.974242
323,20067.667464
324,20071.258613
325,20069.766757
326,20066.799114
327,20067.325211
328,20070.680801
329,20072.178557
330,20068.106715
331,20069.180609
332,20072.068235
333,20064.297478
334,20071.568666
335,20068.638760
336,20071.851074
337,20065.656189
338,20066.856497
339,20071.302437
340,20062.307082
341,20068.014569
342,20067.455972
343,20071.731102
344,20070.831986
345,20070.970713
346,20072.974242
347,20070.565356
348,20071.396290
349,20072.974242
350,20064.869783
351,20071.522708
352,20070.726292
353,20066.695264
354,20071.007379
355,20071.073896
356,20071.806318
357,20070.014118
358,20064.837339
359,20071.482054
360,20064.252322
361,20071.482054
362,20071.063230
363,20068.385694
364,20067.663344
365,20071.889051
366,20068.850855
367,20071.425226
368,20072.974242
369,20070.419350
370,20068.225130
371,20068.025452
372,20059.912576
373,20072.974242
374,20072.974242
375,20071.543438
376,20072.974242
377,20069.073079
378,20070.170271
379,20070.784943
380,20072.974242
381,20066.583187
382,20070.404224
383,20064.593496
384,20072.433202
385,20067.041004
386,20069.451873
387,20065.133329
388,20071.116130
389,20069.599386
390,20072.974242
391,20067.725129
392,20072.974242
393,20072.974242
394,20067.797757
395,20067.839621
396,20065.135899
397,20072.974242
398,20071.119162
399,20071.739867
400,20070.268171
401,20067.983390
402,20069.881877
403,20072.974242
404,20063.969465
405,20070.318680
406,20070.721905
407,20069.751158
408,20072.974242
409,20067.946465
410,20067.191654
411,20068.615851
412,20070.574602
413,20070.574602
414,20072.974242
415,20062.803379
416,20072.974242
417,20072.047396
418,20070.282517
419,20069.751654
420,20066.501912
421,20071.517765
422,20068.480273
423,20071.021296
424,20071.601200
425,20072.974242
426,20072.343745
427,20072.974242
428,20072.974242
429,20068.142145
430,20068.090103
431,20070.842280
432,20071.627824
433,20072.974242
434,20068.074819
435,20072.974242
436,20072.974242
437,20072.974242
438,20071.721838
439,20072.507591
440,20072.974242
441,20071.848219
442,20070.003935
443,20067.807113
444,20067.974106
445,20070.714086
446,20072.974242
447,20069.440656
448,20069.219360
449,20072.974242
450,20061.456039
451,20070.628956
452,20072.974242
453,20072.974242
454,20072.974242
455,20069.502175
456,20072.974242
457,20071.906683
458,20066.387609
459,20060.111560
460,20068.062943
461,20069.073527
462,20070.103200
463,20063.816778
464,20068.234524
465,20069.924897
466,20067.746608
467,20068.492055
468,20070.105342
469,20070.758641
470,20070.758641
471,20072.974242
472,20072.974242
473,20065.364158
474,20065.048125
475,20071.000357
476,20071.244982
477,20069.224550
478,20071.719895
479,20072.974242
480,20065.054448
481,20072.974242
482,20071.304126
483,20072.974242
484,20066.528120
485,20072.974242
486,20072.974242
487,20064.549508
488,20068.931820
489,20071.313199
490,20067.876677
491,20072.974242
492,20065.226937
493,20064.817105
494,20070.099859
495,20068.486554
496,20064.780837
497,20070.416929
498,20070.459293
499,20063.831664
