0,2746.472558
1,2676.986373
2,2710.295685
3,2678.633967
4,2617.230735
5,2756.237885
6,2639.043479
7,2765.846566
8,2723.569678
9,2740.583798
10,2740.846299
11,2745.569658
12,2660.035690
13,2616.234457
14,2610.658029
15,2557.555146
16,2604.898962
17,2556.630047
18,2649.696526
19,2544.879275
20,2479.030714
21,2473.075425
22,2537.354869
23,2606.509461
24,2717.666918
25,2637.464205
26,2640.012070
27,2637.974705
28,2642.903364
29,2694.015117
30,2741.428542
31,2747.385673
32,2780.686581
33,2755.124629
34,2761.956999
35,2754.219086
36,2681.582464
37,2684.423643
38,2636.786962
39,2608.587415
40,2678.001723
41,2621.835685
42,2627.459293
43,2549.611867
44,2541.111647
45,2571.429173
46,2567.330232
47,2569.635741
48,2588.479048
49,2540.562878
50,2581.745887
51,2495.114757
52,2546.191298
53,2556.655877
54,2601.647250
55,2587.343463
56,2527.548215
57,2528.783341
58,2575.482506
59,2618.624934
60,2656.310265
61,2616.479219
62,2622.378550
63,2623.027043
64,2598.510231
65,2521.407573
66,2509.286573
67,2673.419398
68,2660.904812
69,2656.803287
70,2651.920640
71,2606.433372
72,2613.495637
73,2589.410100
74,2666.795063
75,2634.669360
76,2667.086886
77,2680.931251
78,2694.687041
79,2646.958065
80,2575.824668
81,2602.617412
82,2599.126421
83,2544.339017
84,2549.514157
85,2659.555588
86,2644.169437
87,2604.833044
88,2565.369561
89,2615.859504
90,2517.486773
91,2475.962584
92,2562.701929
93,2567.002867
94,2494.123098
95,2551.017744
96,2552.727321
97,2512.993352
98,2486.497990
99,2486.664700
100,2488.807376
101,2437.166310
102,2437.331864
103,2535.002086
104,2580.511148
105,2573.194559
106,2667.568732
107,2771.800644
108,2702.221395
109,2631.591393
110,2574.634112
111,2446.972700
112,2432.272190
113,2482.102436
114,2482.614659
115,2467.815279
116,2494.629116
117,2510.432377
118,2562.421094
119,2634.716922
120,2654.573292
121,2616.922823
122,2561.557233
123,2567.005474
124,2472.922630
125,2510.393250
126,2425.871907
127,2498.591008
128,2524.378318
129,2607.933809
130,2641.031114
131,2665.760626
132,2691.405721
133,2629.467372
134,2685.599278
135,2605.888565
136,2524.299385
137,2577.043835
138,2535.509629
139,2534.388118
140,2522.095044
141,2584.218816
142,2618.663732
143,2669.543609
144,2672.718918
145,2531.131978
146,2518.347204
147,2585.199064
148,2591.463565
149,2543.948100
150,2603.497435
151,2649.464039
152,2579.225165
153,2598.566743
154,2536.305928
155,2540.792620
156,2625.672404
157,2561.516538
158,2521.225084
159,2530.505172
160,2606.132416
161,2666.678238
162,2634.909979
163,2590.331244
164,2661.804589
165,2690.778270
166,2684.844818
167,2704.293775
168,2710.456727
169,2646.008609
170,2645.823695
171,2599.059724
172,2611.552038
173,2584.444307
174,2646.932694
175,2679.557174
176,2653.703106
177,2629.646954
178,2704.568907
179,2629.810205
180,2591.070590
181,2519.577575
182,2515.523836
183,2527.436364
184,2574.503647
185,2640.211462
186,2661.630537
187,2597.627887
188,2542.214267
189,2527.333325
190,2570.763717
191,2553.683318
192,2690.024232
193,2616.025910
194,2565.472953
195,2541.250691
196,2536.825012
197,2649.256081
198,2681.207298
199,2644.223567
200,2674.286746
201,2624.687002
202,2640.547219
203,2603.282656
204,2550.737467
205,2539.418552
206,2532.813729
207,2497.233452
208,2524.267220
209,2563.560088
210,2596.873783
211,2634.430717
212,2565.681310
213,2497.356485
214,2565.000810
215,2447.041635
216,2560.867407
217,2545.590429
218,2516.183734
219,2462.962566
220,2470.817055
221,2528.003111
222,2519.242487
223,2577.145290
224,2599.057212
225,2548.766407
226,2595.646384
227,2612.138713
228,2507.605768
229,2554.738031
230,2483.539964
231,2488.562912
232,2581.789791
233,2603.279208
234,2672.449781
235,2644.318803
236,2646.449406
237,2589.802077
238,2646.232105
239,2675.535820
240,2723.201812
241,2671.238704
242,2726.379793
243,2782.483116
244,2788.624691
245,2722.695733
246,2611.828132
247,2661.923626
248,2615.498275
249,2600.511549
250,2588.485960
251,2643.764250
252,2785.102930
253,2620.062498
254,2599.444224
255,2613.132829
256,2569.543963
257,2632.103202
258,2637.465444
259,2639.993517
260,2653.209061
261,2611.300089
262,2626.647605
263,2633.273646
264,2564.713756
265,2568.062498
266,2521.276421
267,2508.088345
268,2555.480589
269,2517.571860
270,2481.019564
271,2517.239779
272,2520.783411
273,2541.192955
274,2568.085900
275,2562.292933
276,2578.906962
277,2645.703441
278,2680.473129
279,2572.648223
280,2588.152725
281,2488.742559
282,2508.603394
283,2509.360056
284,2580.866319
285,2560.913963
286,2646.845436
287,2593.987324
288,2660.293750
289,2598.334293
290,2599.848197
291,2543.835254
292,2503.357361
293,2503.512273
294,2535.402439
295,2479.714500
296,2466.370094
297,2542.122550
298,2521.214269
299,2518.032527
300,2534.649371
301,2577.787118
302,2590.057962
303,2582.973224
304,2579.312452
305,2507.273733
306,2562.050525
307,2672.553915
308,2676.899787
309,2668.331642
310,2652.773259
311,2554.729305
312,2543.435917
313,2529.585757
314,2510.099741
315,2542.274048
316,2594.465673
317,2592.802428
318,2607.894653
319,2592.667155
320,2561.598320
321,2640.227475
322,2599.041997
323,2588.647779
324,2547.551459
325,2499.730227
326,2536.960514
327,2548.160190
328,2522.477945
329,2535.600945
330,2577.120711
331,2567.062398
332,2557.155131
333,2515.933739
334,2567.306650
335,2535.913935
336,2512.596725
337,2471.856925
338,2513.458586
339,2505.484773
340,2546.173205
341,2538.168993
342,2627.669795
343,2676.651216
344,2690.148066
345,2741.878261
346,2666.729955
347,2542.992900
348,2573.387579
349,2592.224694
350,2663.406689
351,2648.507520
352,2649.304819
353,2606.760860
354,2631.036276
355,2594.085079
356,2601.323937
357,2556.038434
358,2547.510912
359,2549.314329
360,2585.890526
361,2519.094615
362,2525.459821
363,2603.843397
364,2565.475091
365,2555.354019
366,2584.798360
367,2695.344309
368,2658.193705
369,2641.222320
370,2701.863313
371,2675.275419
372,2610.141612
373,2565.690969
374,2595.696058
375,2636.184040
376,2569.695168
377,2603.558421
378,2589.120585
379,2528.236184
380,2507.080634
381,2569.541798
382,2566.329868
383,2523.060352
384,2547.883594
385,2585.319487
386,2520.242207
387,2536.779915
388,2581.762047
389,2587.775325
390,2625.113063
391,2614.753379
392,2541.514620
393,2564.637433
394,2494.143000
395,2529.004872
396,2610.986761
397,2664.924351
398,2602.051807
399,2508.097305
400,2437.008290
401,2527.830610
402,2521.734135
403,2526.256547
404,2494.021055
405,2576.552172
406,2527.737192
407,2516.357026
408,2578.420197
409,2564.396178
410,2549.614311
411,2499.475537
412,2566.421269
413,2522.250992
414,2636.517319
415,2689.156845
416,2687.939990
417,2628.520694
418,2612.797127
419,2614.630120
420,2591.358658
421,2576.184193
422,2627.813187
423,2515.971741
424,2466.136243
425,2495.354771
426,2572.956282
427,2515.858294
428,2532.367512
429,2570.504927
430,2572.063926
431,2518.917218
432,2637.751122
433,2661.501660
434,2646.796078
435,2557.261417
436,2575.994801
437,2536.409274
438,2510.447931
439,2580.372368
440,2557.835243
441,2631.077000
442,2663.343464
443,2671.174893
444,2645.172388
445,2572.051132
446,2598.871543
447,2582.850227
448,2572.380438
449,2543.642795
450,2511.276283
451,2558.644486
452,2641.197762
453,2606.457617
454,2566.273048
455,2497.912018
456,2516.018259
457,2574.621728
458,2526.388821
459,2510.287882
460,2645.974293
461,2609.899174
462,2591.526057
463,2636.435241
464,2646.376653
465,2622.675231
466,2620.845735
467,2657.726393
468,2646.619167
469,2661.297096
470,2635.391427
471,2650.561268
472,2656.925131
473,2661.697187
474,2646.028957
475,2581.041256
476,2677.696178
477,2753.779268
478,2776.879107
479,2726.384817
480,2608.818948
481,2615.281827
482,2632.036194
483,2672.707625
484,2666.574216
485,2678.679604
486,2684.998045
487,2704.687185
488,2732.166814
489,2659.021591
490,2618.806099
491,2597.256062
492,2616.346912
493,2585.081217
494,2549.723207
495,2550.066571
496,2538.050189
497,2529.654789
498,2565.062520
499,2552.530174
