0,2801.065474
1,3201.022509
2,3614.297636
3,3924.481519
4,4184.504876
5,4375.567437
6,4557.663739
7,4740.894744
8,4960.885139
9,5253.995985
10,5504.662689
11,5732.533211
12,5916.285462
13,6132.469743
14,6366.641230
15,6525.221138
16,6665.886760
17,6783.875494
18,6893.715933
19,6986.840717
20,7095.557150
21,7160.025419
22,7204.562151
23,7265.936645
24,7265.329664
25,7301.716993
26,7350.382568
27,7379.574877
28,7415.025491
29,7454.801265
30,7491.439118
31,7510.531081
32,7480.756460
33,7480.589903
34,7505.177344
35,7538.008758
36,7552.902285
37,7559.131150
38,7532.142761
39,7539.251433
40,7546.116638
41,7539.322362
42,7543.999495
43,7555.275869
44,7539.495134
45,7532.708776
46,7574.712227
47,7573.393225
48,7554.831272
49,7552.238513
50,7543.760243
51,7521.050320
52,7532.847147
53,7568.370044
54,7578.241740
55,7574.961713
56,7573.152502
57,7583.370693
58,7574.057121
59,7565.639491
60,7576.511109
61,7559.702731
62,7542.221711
63,7577.094851
64,7579.070935
65,7575.282166
66,7566.103818
67,7603.317864
68,7575.463897
69,7600.476425
70,7604.097446
71,7637.636223
72,7614.102442
73,7610.192605
74,7606.670167
75,7618.204254
76,7606.889246
77,7591.762632
78,7601.257180
79,7574.185541
80,7577.713751
81,7615.997932
82,7605.632335
83,7586.828503
84,7607.570202
85,7618.539915
86,7632.900610
87,7633.155364
88,7600.734899
89,7621.122387
90,7604.076813
91,7581.172335
92,7590.491320
93,7602.460154
94,7608.572607
95,7601.256343
96,7601.069981
97,7582.699209
98,7613.921261
99,7607.388786
100,7592.638247
101,7584.208159
102,7587.969595
103,7583.652228
104,7583.331140
105,7606.328255
106,7585.782626
107,7614.925824
108,7626.244207
109,7593.542097
110,7608.148509
111,7623.953649
112,7615.467960
113,7625.450879
114,7628.596883
115,7601.193964
116,7583.893101
117,7612.589585
118,7594.092607
119,7601.509745
120,7573.120327
121,7592.719927
122,7598.577241
123,7587.267176
124,7582.814431
125,7583.558131
126,7608.241839
127,7591.748170
128,7609.369850
129,7639.654176
130,7625.655892
131,7613.182085
132,7601.104384
133,7575.060937
134,7604.532041
135,7579.557456
136,7582.623400
137,7615.771372
138,7604.093804
139,7597.733936
140,7595.818281
141,7604.961821
142,7590.746141
143,7602.819602
144,7628.677484
145,7632.951902
146,7627.586625
147,7614.528544
148,7623.401332
149,7587.669511
150,7598.329236
151,7615.131389
152,7622.384181
153,7606.142729
154,7600.050147
155,7631.003691
156,7613.297313
157,7580.810105
158,7586.444572
159,7588.976216
160,7583.554519
161,7584.143520
162,7591.507872
163,7619.128936
164,7591.575749
165,7598.858307
166,7589.731042
167,7580.884348
168,7595.653994
169,7610.871743
170,7594.810465
171,7603.147511
172,7607.614592
173,7606.918547
174,7606.970981
175,7607.112705
176,7608.381667
177,7638.607224
178,7625.213252
179,7618.196899
180,7632.818156
181,7648.794480
182,7641.512823
183,7619.391249
184,7629.323104
185,7606.753919
186,7620.498690
187,7595.477127
188,7630.743853
189,7610.762629
190,7633.836990
191,7632.173531
192,7615.321676
193,7629.002943
194,7608.794280
195,7612.505132
196,7615.295377
197,7617.635774
198,7600.116426
199,7589.929986
200,7598.023313
201,7616.440347
202,7601.932610
203,7618.036825
204,7625.768266
205,7623.164365
206,7618.395975
207,7614.013358
208,7608.049333
209,7588.544308
210,7604.347223
211,7617.638375
212,7583.097970
213,7586.898001
214,7613.712031
215,7607.155980
216,7569.839467
217,7610.131101
218,7607.630988
219,7609.830483
220,7557.885896
221,7584.386188
222,7533.183780
223,7598.075354
224,7615.096774
225,7614.604027
226,7622.335446
227,7608.661646
228,7603.894837
229,7611.141255
230,7637.642853
231,7621.916476
232,7591.246437
233,7602.118671
234,7599.510783
235,7617.052751
236,7598.150042
237,7587.330983
238,7596.660224
239,7577.607072
240,7608.288437
241,7602.848698
242,7605.614928
243,7582.644536
244,7611.745057
245,7625.054152
246,7595.477651
247,7590.947222
248,7619.544567
249,7614.592767
250,7597.803397
251,7565.846470
252,7580.493793
253,7601.501674
254,7589.157704
255,7572.203266
256,7590.436395
257,7639.861367
258,7623.750104
259,7603.186333
260,7587.875060
261,7617.351437
262,7629.901546
263,7621.569165
264,7624.357188
265,7623.570686
266,7618.462006
267,7618.753630
268,7610.765390
269,7620.751095
270,7621.286322
271,7606.355791
272,7622.216933
273,7624.925614
274,7635.393944
275,7608.233038
276,7615.512701
277,7609.589453
278,7612.184787
279,7598.151398
280,7580.900223
281,7592.946299
282,7609.874674
283,7613.511069
284,7610.744521
285,7620.608575
286,7649.215769
287,7642.371164
288,7637.879954
289,7607.898734
290,7622.805218
291,7629.116484
292,7607.243801
293,7594.838433
294,7588.086271
295,7597.748905
296,7602.563302
297,7586.136166
298,7618.142319
299,7611.070941
300,7612.829936
301,7607.911451
302,7613.211748
303,7603.553823
304,7607.643780
305,7605.640681
306,7619.317217
307,7609.193521
308,7610.621788
309,7603.198523
310,7598.646126
311,7630.454086
312,7622.691712
313,7610.575840
314,7604.982269
315,7589.262397
316,7614.143150
317,7625.457868
318,7609.395850
319,7623.387423
320,7620.886621
321,7625.222948
322,7621.384600
323,7622.071137
324,7627.220269
325,7631.385985
326,7601.388167
327,7618.975568
328,7628.741508
329,7603.836178
330,7616.416296
331,7582.499713
332,7618.663075
333,7638.218064
334,7645.447113
335,7627.868032
336,7634.168921
337,7620.450651
338,7601.684693
339,7610.541345
340,7584.286988
341,7601.544793
342,7602.355247
343,7626.500244
344,7616.529062
345,7619.612128
346,7602.157267
347,7614.474591
348,7618.557497
349,7621.879971
350,7595.834011
351,7591.818821
352,7572.937919
353,7552.177353
354,7584.874327
355,7602.622595
356,7600.569272
357,7585.019711
358,7589.598281
359,7622.471443
360,7606.335385
361,7611.675783
362,7590.561832
363,7618.779496
364,7614.175832
365,7612.933017
366,7641.303889
367,7637.891995
368,7615.935959
369,7614.942628
370,7608.311485
371,7609.262315
372,7618.777943
373,7609.992748
374,7580.522464
375,7558.045002
376,7592.006523
377,7583.184988
378,7595.732976
379,7590.011132
380,7586.920206
381,7575.620362
382,7576.008573
383,7554.409956
384,7539.823344
385,7576.943007
386,7612.250546
387,7600.117306
388,7595.486730
389,7596.157833
390,7595.630230
391,7598.130737
392,7606.017402
393,7596.587026
394,7612.447502
395,7613.390910
396,7600.994431
397,7568.452409
398,7586.956655
399,7588.734401
400,7625.826138
401,7604.520025
402,7600.677282
403,7587.816477
404,7588.273926
405,7614.873301
406,7602.089421
407,7600.211196
408,7632.633869
409,7637.234482
410,7632.244390
411,7596.011770
412,7605.528325
413,7583.919561
414,7579.273219
415,7603.293375
416,7622.629981
417,7618.990939
418,7618.747933
419,7608.551470
420,7593.430027
421,7630.725208
422,7634.687828
423,7627.064237
424,7622.056434
425,7608.216387
426,7614.870973
427,7596.402345
428,7601.338954
429,7611.955909
430,7612.619229
431,7616.529087
432,7626.811970
433,7606.254693
434,7597.576411
435,7597.650733
436,7608.607101
437,7607.707342
438,7596.599671
439,7609.229765
440,7593.499113
441,7588.371406
442,7599.133562
443,7620.318124
444,7612.447109
445,7624.361279
446,7599.659381
447,7631.795556
448,7602.819674
449,7627.769170
450,7635.783556
451,7629.477957
452,7617.119969
453,7610.213911
454,7609.564665
455,7598.568301
456,7632.646539
457,7634.048821
458,7631.681815
459,7630.249131
460,7636.450068
461,7626.980159
462,7602.650342
463,7618.728416
464,7643.785978
465,7620.322491
466,7624.451169
467,7611.563525
468,7595.025665
469,7585.917918
470,7605.245528
471,7621.820101
472,7615.803941
473,7611.396286
474,7621.686180
475,7598.349925
476,7590.502549
477,7584.553728
478,7599.568431
479,7588.695692
480,7593.606514
481,7609.162622
482,7587.518837
483,7588.495564
484,7622.860798
485,7606.623061
486,7614.885410
487,7615.031349
488,7604.960584
489,7621.144952
490,7578.124481
491,7605.310358
492,7607.082433
493,7605.525413
494,7602.385123
495,7594.496162
496,7612.781926
497,7642.042939
498,7611.896308
499,7616.691828
