0,2703.977544
1,2907.010155
2,3154.687391
3,3398.180708
4,3623.357310
5,3823.524713
6,4078.706839
7,4249.450922
8,4427.345162
9,4765.390655
10,4951.788632
11,5204.344649
12,5370.920004
13,5476.054411
14,5708.487725
15,5872.308403
16,6025.753174
17,6167.010181
18,6324.678437
19,6504.232485
20,6622.867041
21,6677.375649
22,6707.016398
23,6864.559890
24,6895.064529
25,6883.261453
26,6984.817274
27,7013.278552
28,7140.525776
29,7149.123565
30,7214.561938
31,7264.071101
32,7286.741873
33,7314.189139
34,7452.818163
35,7494.681289
36,7484.103542
37,7539.868441
38,7634.318799
39,7719.699302
40,7780.230565
41,7821.180494
42,7857.340085
43,7828.184874
44,7766.214020
45,7851.776883
46,7860.629266
47,7961.137293
48,7922.194089
49,7971.064358
50,8080.712806
51,8137.861393
52,8287.063010
53,8230.753300
54,8264.385168
55,8290.063606
56,8259.217954
57,8221.304005
58,8226.477494
59,8201.478940
60,8280.289008
61,8320.161731
62,8434.086074
63,8390.592219
64,8393.712654
65,8470.688157
66,8462.316449
67,8486.370749
68,8445.459641
69,8492.543142
70,8577.382910
71,8611.058322
72,8625.284849
73,8611.031460
74,8527.641866
75,8566.155737
76,8540.463608
77,8612.426337
78,8558.046164
79,8633.526730
80,8621.949997
81,8628.835993
82,8664.821322
83,8781.797782
84,8718.238233
85,8773.909987
86,8773.741697
87,8789.490226
88,8782.944521
89,8816.128069
90,8750.614377
91,8756.696912
92,8744.247941
93,8761.976339
94,8809.075892
95,8866.034861
96,8838.256118
97,8834.551078
98,8842.723652
99,8870.992501
100,8868.133270
101,8802.103235
102,8819.286104
103,8847.807021
104,8856.174330
105,8833.581623
106,8830.400529
107,8858.962903
108,8885.521211
109,8898.651944
110,8922.593385
111,8945.998550
112,8959.637601
113,8978.639052
114,8984.128873
115,8996.936889
116,8992.521468
117,9039.311752
118,9085.483636
119,9069.320823
120,9052.905209
121,9046.581556
122,9104.320443
123,9082.278291
124,9130.007660
125,9098.142743
126,9125.510484
127,9111.488382
128,9077.958331
129,9116.704077
130,9093.628345
131,9121.379216
132,9150.105285
133,9202.012286
134,9192.792316
135,9231.165416
136,9266.306194
137,9218.575969
138,9206.780845
139,9223.979434
140,9228.837241
141,9255.749022
142,9290.928017
143,9291.143494
144,9286.447492
145,9321.215666
146,9385.362074
147,9397.620632
148,9401.890436
149,9394.512875
150,9390.704024
151,9403.787240
152,9421.398068
153,9424.123944
154,9399.393874
155,9403.022522
156,9415.522000
157,9448.539496
158,9444.558774
159,9450.871479
160,9405.423095
161,9467.429069
162,9453.968775
163,9438.634915
164,9477.392663
165,9443.131768
166,9437.657872
167,9440.223566
168,9469.951391
169,9479.374109
170,9475.827511
171,9489.601958
172,9459.934803
173,9488.407201
174,9478.318723
175,9449.646098
176,9527.038745
177,9553.477736
178,9545.398993
179,9555.936410
180,9568.495334
181,9601.188671
182,9633.581060
183,9636.997408
184,9684.080495
185,9702.658000
186,9721.053845
187,9719.227622
188,9741.358803
189,9735.049035
190,9751.199894
191,9757.612957
192,9758.044259
193,9766.258873
194,9777.164043
195,9775.723404
196,9768.462717
197,9769.956976
198,9772.001736
199,9791.611727
200,9787.134111
201,9792.614172
202,9805.340454
203,9811.550166
204,9823.492709
205,9826.192638
206,9823.217711
207,9823.826362
208,9816.807697
209,9829.692024
210,9840.304140
211,9838.392835
212,9843.384274
213,9831.240804
214,9836.554329
215,9843.181105
216,9843.052401
217,9834.230178
218,9837.280930
219,9841.290494
220,9832.816186
221,9832.564748
222,9839.195998
223,9839.158424
224,9840.568381
225,9842.978763
226,9843.465185
227,9846.940043
228,9841.633305
229,9844.582691
230,9845.143445
231,9843.006721
232,9836.097760
233,9846.151567
234,9846.867722
235,9841.714878
236,9844.595583
237,9845.466434
238,9848.409581
239,9846.145963
240,9847.369508
241,9839.879695
242,9837.754337
243,9846.021877
244,9837.236551
245,9846.611064
246,9837.643006
247,9847.720411
248,9848.014846
249,9846.149774
250,9839.071441
251,9848.834781
252,9832.109035
253,9836.603833
254,9848.524431
255,9856.247876
256,9853.975711
257,9854.913717
258,9861.742956
259,9865.606127
260,9868.449153
261,9873.002470
262,9879.175291
263,9877.704019
264,9884.585740
265,9881.489513
266,9887.775747
267,9888.240649
268,9879.438450
269,9886.539067
270,9887.226427
271,9879.349377
272,9887.925304
273,9886.627128
274,9888.075798
275,9888.173237
276,9888.265308
277,9889.711101
278,9891.476121
279,9897.760030
280,9894.321327
281,9892.908027
282,9895.580845
283,9896.076147
284,9909.632499
285,9925.599827
286,9943.426149
287,9964.207357
288,9989.409462
289,10018.538976
290,10033.114567
291,10039.871233
292,10042.917673
293,10044.849556
294,10040.002350
295,10038.618324
296,10043.736064
297,10039.327876
298,10038.488130
299,10035.988751
300,10035.779483
301,10035.619504
302,10043.364512
303,10036.945548
304,10038.169438
305,10039.940641
306,10043.710706
307,10040.760579
308,10042.364212
309,10043.546109
310,10041.757318
311,10041.449242
312,10042.947752
313,10041.138340
314,10040.241125
315,10040.662163
316,10040.816117
317,10041.248176
318,10035.436475
319,10038.790836
320,10039.076421
321,10041.045290
322,10037.722640
323,10036.181147
324,10041.696844
325,10031.406331
326,10039.437011
327,10042.444445
328,10037.912023
329,10045.589516
330,10035.625994
331,10036.500158
332,10044.627558
333,10041.387897
334,10039.052121
335,10042.019310
336,10046.062345
337,10037.658744
338,10043.476794
339,10037.683790
340,10040.365860
341,10042.419963
342,10043.648303
343,10026.953628
344,10038.911771
345,10043.598423
346,10040.856423
347,10044.913947
348,10037.070540
349,10037.978492
350,10043.689175
351,10038.666478
352,10038.935950
353,10046.062345
354,10043.665067
355,10034.264987
356,10045.389399
357,10043.517476
358,10043.671407
359,10041.994758
360,10042.803657
361,10035.496864
362,10044.728264
363,10039.289177
364,10041.082005
365,10046.302930
366,10044.824213
367,10049.197317
368,10045.038836
369,10051.428570
370,10053.119432
371,10051.367286
372,10074.423049
373,10087.059450
374,10103.916296
375,10118.237796
376,10135.523902
377,10150.245641
378,10160.389500
379,10162.235133
380,10169.548762
381,10171.384257
382,10174.429159
383,10173.990288
384,10172.818990
385,10173.816449
386,10167.447316
387,10171.882876
388,10167.942529
389,10172.247005
390,10172.774779
391,10175.143106
392,10169.636030
393,10173.182085
394,10172.347001
395,10171.407160
396,10172.044169
397,10169.576935
398,10165.066418
399,10170.656715
400,10174.343937
401,10169.462298
402,10170.075705
403,10175.985229
404,10172.519369
405,10171.787416
406,10166.002766
407,10167.735529
408,10170.709189
409,10172.073519
410,10173.272582
411,10170.406520
412,10174.851651
413,10173.315985
414,10167.974463
415,10165.836215
416,10172.653294
417,10173.778206
418,10173.659265
419,10166.418725
420,10169.249158
421,10168.033495
422,10169.814797
423,10171.918461
424,10170.577561
425,10168.186966
426,10168.143801
427,10172.215362
428,10172.848648
429,10171.979506
430,10165.547183
431,10157.588864
432,10169.842917
433,10171.497458
434,10169.488851
435,10174.240492
436,10168.685245
437,10173.030487
438,10170.918086
439,10164.650520
440,10174.757257
441,10170.732178
442,10170.818623
443,10168.756613
444,10167.034452
445,10173.043460
446,10162.625354
447,10172.278895
448,10170.689381
449,10165.513595
450,10176.686185
451,10172.078101
452,10171.626077
453,10174.829723
454,10168.364162
455,10166.007511
456,10174.632714
457,10175.787560
458,10169.498828
459,10171.998290
460,10169.348438
461,10169.003463
462,10168.125250
463,10174.954135
464,10171.102712
465,10169.052817
466,10159.336139
467,10166.127294
468,10168.164624
469,10176.686185
470,10162.893200
471,10168.805419
472,10163.947136
473,10170.097146
474,10176.686185
475,10169.137479
476,10164.375531
477,10173.595497
478,10170.266623
479,10170.632289
480,10176.686185
481,10176.686185
482,10174.944286
483,10170.562997
484,10166.792433
485,10171.215260
486,10171.832076
487,10173.635722
488,10173.294434
489,10161.316176
490,10167.464202
491,10172.049954
492,10176.686185
493,10175.488987
494,10171.677105
495,10172.085113
496,10173.933314
497,10174.790162
498,10173.563136
499,10176.686185
