0,2899.781861
1,3171.218550
2,3486.417061
3,3618.888696
4,3717.853443
5,3817.333322
6,3976.456238
7,4041.500515
8,4084.199968
9,4142.422154
10,4266.909313
11,4342.663041
12,4421.237840
13,4564.356882
14,4669.478951
15,4793.677033
16,4846.536461
17,4764.703558
18,4927.315660
19,4882.404088
20,4878.076482
21,5043.835065
22,5086.218309
23,5088.861108
24,5124.607260
25,5438.180516
26,5558.989725
27,5404.567972
28,5372.388969
29,5493.867572
30,5515.096476
31,5543.439676
32,5533.978424
33,5379.110267
34,5437.217298
35,5671.266327
36,5690.321346
37,5846.889631
38,5735.631155
39,5642.942963
40,5611.054591
41,5588.009987
42,5473.935987
43,5435.613141
44,5547.549743
45,5542.238487
46,5350.550540
47,5636.596281
48,5563.424661
49,5703.896791
50,5657.107852
51,5679.694567
52,5633.465606
53,5588.091213
54,5576.718434
55,5672.766308
56,5690.764090
57,5818.008265
58,5849.847392
59,5844.103007
60,5982.850558
61,5898.411698
62,5959.123066
63,5851.932835
64,5790.672576
65,5897.696731
66,5951.949554
67,6096.579771
68,5938.283256
69,5760.889999
70,5903.859555
71,5815.145374
72,6120.789704
73,6374.162052
74,6262.267111
75,6349.353406
76,6384.604578
77,6187.460507
78,6327.040303
79,6538.147311
80,6289.483362
81,6480.188667
82,6222.742160
83,6182.286009
84,6207.917991
85,6401.859526
86,6573.493352
87,6548.359352
88,6369.351673
89,6447.109049
90,6609.788943
91,6264.156403
92,6361.284966
93,6530.938193
94,6239.258273
95,6305.990230
96,6227.474164
97,6408.988351
98,6435.328357
99,6335.765935
100,6134.589458
101,6451.115984
102,6505.149575
103,6246.832833
104,6315.680930
105,6121.605023
106,6231.347136
107,6036.570844
108,6033.227989
109,6434.403451
110,6482.642331
111,6288.834334
112,6270.478987
113,6377.802218
114,6328.325280
115,6099.755512
116,5861.395860
117,5959.457086
118,6107.641653
119,6220.007225
120,6001.128991
121,5965.045793
122,6060.685402
123,5989.563643
124,6353.802181
125,6631.685788
126,6409.959440
127,6319.681065
128,6273.883755
129,6265.052403
130,6426.075385
131,6259.380714
132,6261.816492
133,6348.339831
134,6470.763308
135,6210.045194
136,6056.665707
137,5829.738813
138,5870.282680
139,5780.503353
140,5721.642650
141,5828.219356
142,5863.860345
143,5585.285195
144,5789.031719
145,6041.995385
146,6059.880278
147,6024.264182
148,6207.957274
149,6182.617756
150,6185.928417
151,6392.285548
152,6681.361560
153,6827.345553
154,6895.353288
155,6981.554417
156,6847.056321
157,6904.072308
158,6845.975778
159,6711.400783
160,6627.390717
161,6455.592651
162,6197.947676
163,6076.995658
164,6276.628518
165,6332.251692
166,6217.494017
167,6450.334056
168,6447.536868
169,6790.776416
170,6649.840778
171,6460.203936
172,6632.771518
173,6571.614423
174,6435.306306
175,6508.343899
176,6509.239629
177,6585.739409
178,6483.255656
179,6897.931503
180,6914.303809
181,7027.977185
182,7034.051085
183,6732.039582
184,7030.738023
185,6795.620550
186,6880.733987
187,6920.553147
188,6853.059901
189,7010.123069
190,6892.744737
191,6670.703864
192,6398.539088
193,6382.066722
194,6251.707887
195,6120.426021
196,6328.218833
197,6873.199957
198,7044.756946
199,6945.333666
200,7054.599048
201,6970.076100
202,7064.045476
203,7191.548714
204,7085.731520
205,6868.201320
206,6965.303440
207,6912.873323
208,6841.242837
209,6952.255692
210,6949.388469
211,7314.791656
212,7414.320091
213,7433.509554
214,7269.585342
215,7074.890732
216,6965.398423
217,6802.274180
218,6645.286479
219,6749.819635
220,6828.206840
221,6746.698474
222,6893.921706
223,6843.720286
224,6972.496152
225,6805.697058
226,6910.221115
227,6855.789249
228,6729.885497
229,6799.914740
230,6942.207920
231,6995.769211
232,6986.508706
233,6780.240688
234,6478.310623
235,6587.531988
236,6600.608437
237,6599.827854
238,6815.725802
239,6842.230023
240,6603.131778
241,6624.672334
242,6544.194870
243,6581.909080
244,6942.027699
245,6799.948463
246,7050.873025
247,6716.259173
248,6519.817029
249,6435.746408
250,6581.051599
251,6411.501848
252,6047.935960
253,6406.008755
254,6442.714964
255,6491.304358
256,6342.313532
257,6623.248164
258,6588.547623
259,6637.817311
260,6431.144254
261,6450.519321
262,6417.886528
263,6350.908977
264,6358.386697
265,6696.014429
266,6795.877525
267,6775.828198
268,6828.404561
269,7028.852268
270,6827.314015
271,6679.238086
272,6774.144811
273,7059.054827
274,7222.248499
275,7075.565868
276,7254.227405
277,7138.821640
278,7009.342874
279,6890.410326
280,6786.644903
281,6977.739176
282,6781.728240
283,6667.818344
284,6846.760380
285,7029.212693
286,6681.108075
287,6835.356681
288,6674.666343
289,6473.458580
290,6700.213836
291,6487.285712
292,6386.449780
293,6443.662968
294,6741.843433
295,6613.437074
296,6548.196172
297,6672.703368
298,6584.493606
299,6713.794608
300,6935.907463
301,6859.937404
302,6652.118716
303,6862.257612
304,6847.152632
305,7034.172872
306,6562.364315
307,6722.619847
308,6939.496181
309,6660.583835
310,6818.182614
311,6685.232462
312,6898.215697
313,6955.933147
314,7115.179189
315,6960.255520
316,7128.671815
317,6828.661276
318,6880.266546
319,6806.098450
320,6469.699217
321,6517.965250
322,6128.059504
323,6143.615549
324,6244.511846
325,6497.977268
326,6483.490333
327,6518.316303
328,6508.247363
329,6638.739842
330,6840.463433
331,6725.651121
332,6839.181892
333,6812.853544
334,6531.047398
335,6241.057794
336,6320.561003
337,6748.605095
338,6450.732279
339,6702.893167
340,6714.454018
341,6763.176303
342,6726.925641
343,6670.826035
344,6920.122380
345,7043.519241
346,7213.781869
347,7243.019638
348,7009.889144
349,6957.993568
350,6859.306405
351,6530.576273
352,6301.031852
353,6507.411209
354,6566.130109
355,6895.488860
356,6991.897761
357,6854.155473
358,6869.500921
359,6920.385721
360,6957.795528
361,6933.449679
362,6925.080349
363,6808.431169
364,6774.447082
365,6682.921818
366,6372.483200
367,6153.878029
368,6001.456672
369,6034.319052
370,6052.299005
371,5930.212499
372,6001.075669
373,5961.431318
374,6182.523933
375,6813.648233
376,6975.794652
377,6928.933560
378,7325.470298
379,6944.359311
380,6964.777677
381,6845.963729
382,6821.149562
383,6736.266367
384,6398.460642
385,6219.335226
386,6249.836231
387,6461.667581
388,6362.980789
389,6685.580686
390,6656.691396
391,6535.549671
392,6500.150447
393,6401.183168
394,6539.842883
395,6475.226882
396,6572.646078
397,6598.490305
398,6294.536541
399,6495.305689
400,6418.871093
401,6348.088483
402,6493.044788
403,6788.172057
404,6766.527385
405,7118.129166
406,7062.760619
407,7038.654857
408,7271.500725
409,7129.480882
410,7170.432846
411,7073.488495
412,7054.511549
413,7106.840982
414,7126.035680
415,7321.178193
416,7331.769922
417,7383.422112
418,7168.668299
419,7182.997961
420,7264.400300
421,6820.693353
422,6950.774869
423,6946.556137
424,7107.166933
425,7057.367461
426,7005.781909
427,7302.480508
428,7065.524843
429,6979.773118
430,7361.873162
431,7136.964967
432,7249.696451
433,6804.688499
434,6332.463835
435,6348.158497
436,6582.139409
437,6771.521947
438,6614.554769
439,6465.960266
440,6514.238357
441,6639.289357
442,6669.170206
443,6926.289543
444,6933.008526
445,6950.727118
446,6867.598731
447,6840.765096
448,6833.316350
449,6965.293236
450,6522.155501
451,6704.433267
452,6656.193460
453,6904.494590
454,6804.809880
455,6716.680028
456,6830.751269
457,7038.596366
458,7135.415040
459,7152.827523
460,6969.908662
461,6839.015179
462,6566.380718
463,6654.225712
464,6829.871134
465,6672.460243
466,6979.962276
467,7022.143043
468,6783.548930
469,6691.708129
470,6565.638793
471,6766.440935
472,6984.148857
473,7229.384790
474,7552.171881
475,7441.121803
476,7577.583706
477,7326.701435
478,7145.715279
479,7192.407706
480,7233.431890
481,7308.623360
482,6901.708834
483,7102.076192
484,7172.266219
485,7056.954786
486,6582.907636
487,6690.354618
488,6583.540373
489,6485.879824
490,6529.672267
491,6490.932259
492,6865.807703
493,6904.910572
494,6755.402990
495,6651.664053
496,6566.591608
497,6661.671558
498,6695.894834
499,6657.535210
