0,2762.774269
1,3088.945968
2,3338.718774
3,3646.606229
4,3885.660169
5,4096.904220
6,4363.372666
7,4628.861782
8,4843.475560
9,5026.874407
10,5265.482576
11,5603.336678
12,5774.063677
13,6033.116733
14,6221.180572
15,6434.252005
16,6601.104678
17,6764.417098
18,6886.432221
19,7001.785187
20,7081.286848
21,7147.659477
22,7305.012463
23,7274.204243
24,7342.122937
25,7417.010487
26,7548.404936
27,7681.125423
28,7742.173305
29,7799.927728
30,7831.165433
31,7884.806963
32,7812.036927
33,7873.321118
34,7849.839116
35,7944.200086
36,7796.394931
37,7952.726815
38,7998.626932
39,7969.646068
40,8026.303883
41,8131.609399
42,8040.658861
43,8072.930374
44,8005.287511
45,8065.909735
46,8010.212134
47,8117.539096
48,8079.929392
49,8139.853476
50,8140.789323
51,8028.865920
52,8105.856569
53,8172.949577
54,8201.696320
55,8220.429409
56,8108.242086
57,8174.129414
58,8255.616717
59,8308.866950
60,8241.325135
61,8174.814321
62,8181.155047
63,8138.900426
64,8168.337434
65,8238.307281
66,8223.488592
67,8155.659226
68,8145.467551
69,8276.942833
70,8306.543336
71,8266.647172
72,8200.882795
73,8290.344197
74,8264.462589
75,8285.462950
76,8208.736459
77,8230.954596
78,8228.087883
79,8200.250323
80,8255.320720
81,8284.661904
82,8264.287228
83,8279.221145
84,8135.993415
85,8264.436973
86,8284.215091
87,8290.652846
88,8289.663346
89,8202.774042
90,8240.432682
91,8262.891628
92,8256.305181
93,8328.120794
94,8271.262529
95,8202.932622
96,8270.081721
97,8293.318814
98,8280.983644
99,8279.254443
100,8275.637822
101,8288.257215
102,8288.463988
103,8287.692897
104,8257.054815
105,8258.594400
106,8158.350374
107,8210.302440
108,8246.316141
109,8343.016984
110,8376.221379
111,8252.796821
112,8302.249469
113,8271.932330
114,8293.614165
115,8287.633084
116,8279.847321
117,8233.901424
118,8315.072120
119,8253.565786
120,8162.737357
121,8238.172895
122,8187.252817
123,8246.598890
124,8224.666832
125,8247.098527
126,8220.096886
127,8190.118324
128,8177.941044
129,8247.413728
130,8268.083590
131,8215.751596
132,8210.322189
133,8110.279175
134,8198.160623
135,8251.532249
136,8190.742760
137,8296.855782
138,8243.542866
139,8231.556003
140,8311.693927
141,8296.421984
142,8254.803812
143,8214.098332
144,8306.150736
145,8301.998711
146,8230.939414
147,8280.015500
148,8220.577380
149,8288.811354
150,8252.718450
151,8261.268400
152,8252.579330
153,8259.763038
154,8285.702838
155,8295.734544
156,8199.546468
157,8268.854782
158,8354.635038
159,8269.102175
160,8251.506997
161,8274.299333
162,8210.457528
163,8225.022876
164,8284.585482
165,8301.188072
166,8323.811337
167,8256.352670
168,8308.593552
169,8254.288893
170,8105.943242
171,8252.859704
172,8233.164934
173,8226.198982
174,8294.047411
175,8189.328645
176,8269.918256
177,8270.124306
178,8343.653812
179,8254.371415
180,8300.987917
181,8327.429711
182,8337.080385
183,8278.483589
184,8350.839687
185,8243.980895
186,8260.462255
187,8337.022970
188,8233.596541
189,8287.759805
190,8305.830733
191,8314.024665
192,8241.912311
193,8303.919272
194,8238.690835
195,8267.597552
196,8270.143322
197,8313.309436
198,8325.995893
199,8254.743107
200,8240.227066
201,8214.849255
202,8214.998307
203,8298.777350
204,8210.787014
205,8144.083637
206,8244.057207
207,8207.279794
208,8276.772133
209,8246.108918
210,8310.024334
211,8303.300162
212,8182.049755
213,8170.640640
214,8166.283983
215,8320.145875
216,8278.416710
217,8247.995681
218,8263.269921
219,8106.646586
220,8172.915049
221,8189.427779
222,8239.293605
223,8171.911180
224,8236.148445
225,8217.332147
226,8273.163534
227,8247.593338
228,8186.465256
229,8239.193488
230,8319.079096
231,8266.013975
232,8293.874373
233,8241.595639
234,8243.927095
235,8201.712844
236,8286.615357
237,8258.696614
238,8197.289666
239,8221.933428
240,8164.788849
241,8144.862430
242,8263.285617
243,8228.222454
244,8254.892872
245,8298.412319
246,8295.973504
247,8202.042322
248,8178.059869
249,8143.093643
250,8282.249076
251,8209.335025
252,8223.549788
253,8267.854555
254,8191.264496
255,8232.837567
256,8304.929271
257,8261.702094
258,8159.511627
259,8273.034802
260,8275.997807
261,8195.349480
262,8222.949776
263,8266.955044
264,8293.661220
265,8264.611435
266,8312.335113
267,8316.569602
268,8305.605057
269,8316.567674
270,8206.827191
271,8221.847198
272,8217.839803
273,8294.046769
274,8312.101481
275,8250.743682
276,8351.960600
277,8291.777554
278,8202.629885
279,8289.532727
280,8124.195735
281,8281.194759
282,8305.455299
283,8300.719023
284,8321.515833
285,8247.466106
286,8362.982001
287,8283.946643
288,8301.667463
289,8311.779589
290,8287.785010
291,8312.618685
292,8254.652879
293,8221.262005
294,8217.598358
295,8279.786424
296,8250.095161
297,8269.157241
298,8247.210604
299,8224.595739
300,8269.279778
301,8284.299282
302,8302.134860
303,8245.512815
304,8192.541752
305,8191.688381
306,8276.365487
307,8190.294686
308,8204.949122
309,8092.067858
310,8109.481321
311,8179.582440
312,8255.497361
313,8218.598589
314,8130.947151
315,8290.206810
316,8258.515205
317,8304.265718
318,8187.168653
319,8249.241834
320,8306.315039
321,8271.612358
322,8297.177809
323,8247.885212
324,8185.151870
325,8285.404899
326,8139.244472
327,8097.667566
328,8167.162996
329,8129.264199
330,8207.406032
331,8262.603494
332,8231.470339
333,8188.374032
334,8253.633159
335,8219.479095
336,8232.816051
337,8279.819712
338,8292.282906
339,8269.479970
340,8322.674065
341,8277.620569
342,8248.500793
343,8242.862705
344,8313.512079
345,8359.408024
346,8316.748768
347,8310.054405
348,8283.300294
349,8224.930110
350,8221.060467
351,8238.547787
352,8223.860542
353,8161.877935
354,8296.542587
355,8252.820610
356,8254.701331
357,8163.835581
358,8184.090094
359,8199.895259
360,8205.800815
361,8261.059811
362,8214.397584
363,8203.603272
364,8173.792819
365,8252.672118
366,8315.840675
367,8202.532496
368,8224.270753
369,8274.270618
370,8284.473321
371,8252.544505
372,8278.663882
373,8312.853173
374,8234.881624
375,8187.889983
376,8188.354732
377,8176.664006
378,8208.365749
379,8221.689867
380,8165.520287
381,8202.761332
382,8256.764202
383,8240.050756
384,8178.620129
385,8077.993379
386,8256.538568
387,8264.636466
388,8270.123233
389,8193.220236
390,8263.376939
391,8223.059784
392,8284.465204
393,8285.861286
394,8248.733339
395,8307.684152
396,8258.346636
397,8262.559812
398,8222.225340
399,8331.167487
400,8295.359013
401,8228.493399
402,8290.244207
403,8296.798325
404,8262.732990
405,8138.275431
406,8210.837150
407,8179.196141
408,8227.954857
409,8294.651769
410,8223.902001
411,8275.607712
412,8217.250226
413,8145.584514
414,8151.937862
415,8130.986634
416,8193.019419
417,8196.384410
418,8216.585888
419,8246.631961
420,8207.033267
421,8261.715638
422,8284.088651
423,8207.618835
424,8251.478893
425,8206.634645
426,8245.999575
427,8256.336896
428,8273.098266
429,8313.588922
430,8127.189940
431,8195.399536
432,8137.033347
433,8163.829458
434,8165.738209
435,8170.607762
436,8177.396352
437,8146.315654
438,8196.782349
439,8266.308728
440,8264.477978
441,8175.123858
442,8291.028612
443,8220.003582
444,8267.162944
445,8326.953381
446,8216.214740
447,8236.998597
448,8276.053293
449,8310.512286
450,8295.440558
451,8306.804659
452,8292.766551
453,8299.131452
454,8296.872622
455,8276.143348
456,8176.918595
457,8202.073556
458,8201.223271
459,8251.249002
460,8274.633495
461,8229.173902
462,8196.722424
463,8226.401349
464,8312.278665
465,8262.370670
466,8355.716670
467,8257.081152
468,8333.359070
469,8327.335171
470,8275.338823
471,8298.177214
472,8275.614969
473,8285.148468
474,8220.402349
475,8285.549843
476,8292.000719
477,8347.932273
478,8249.356986
479,8188.739677
480,8281.050908
481,8219.991240
482,8314.779827
483,8298.834219
484,8305.395930
485,8258.573495
486,8208.005699
487,8256.037004
488,8209.157839
489,8263.488852
490,8212.257145
491,8286.121668
492,8243.725796
493,8295.783822
494,8253.730793
495,8231.491232
496,8278.313446
497,8287.705605
498,8235.888129
499,8235.170981
