0,2787.818411
1,5543.247750
2,6013.570166
3,6442.995629
4,6876.955267
5,7228.296544
6,7598.357933
7,7938.762735
8,8294.345611
9,8632.793868
10,8991.050982
11,9227.416836
12,9557.842103
13,9784.705120
14,10128.282183
15,10399.953376
16,10567.139604
17,10704.580598
18,11004.060110
19,11228.854522
20,11393.507563
21,11650.236363
22,11780.307025
23,12160.957545
24,12319.400979
25,12475.838231
26,12686.291350
27,12772.094208
28,12718.218174
29,12890.959982
30,13195.602150
31,13384.307035
32,13480.836002
33,13399.578535
34,13596.364854
35,13691.474251
36,13722.979539
37,13777.763516
38,13868.036922
39,13949.315599
40,14207.840877
41,14017.096333
42,14025.301883
43,14225.963346
44,14265.474174
45,14334.338253
46,14452.130386
47,14524.687418
48,14459.435322
49,14554.108700
50,14713.686962
51,14549.557490
52,14871.861459
53,14694.436390
54,14838.814781
55,14854.666843
56,14793.541672
57,14889.195108
58,14941.364356
59,14941.662036
60,14890.760505
61,14827.877819
62,14800.549334
63,14960.198094
64,15014.281290
65,15018.161584
66,14999.481077
67,14937.556777
68,14879.566718
69,14940.795720
70,14998.421920
71,15074.279048
72,15010.280692
73,14794.447410
74,14861.057175
75,15036.525616
76,15013.931718
77,15050.866054
78,15096.307885
79,14971.733227
80,15024.066585
81,14996.822053
82,15073.101364
83,15058.092038
84,14911.810337
85,14858.111864
86,14997.533450
87,14931.727021
88,15052.336076
89,15062.782258
90,15024.504371
91,15090.541755
92,14900.508115
93,14983.234337
94,15101.818163
95,15058.663196
96,14988.959698
97,15066.658224
98,15001.303381
99,15143.751356
100,15176.589167
101,15073.778892
102,14989.799336
103,15038.850506
104,15072.964505
105,14959.338312
106,14960.660171
107,15037.755415
108,14956.558844
109,14938.267289
110,15012.556155
111,14953.458224
112,15054.045345
113,15025.996046
114,15079.982922
115,15237.333483
116,14949.768849
117,15158.152449
118,15079.780615
119,14869.110000
120,14841.269228
121,15062.358583
122,14857.366795
123,14825.769073
124,14799.345497
125,14757.174482
126,14963.752439
127,14964.073054
128,14916.912442
129,14932.554591
130,14915.333519
131,14871.731860
132,15018.839922
133,15124.745883
134,15041.579361
135,15002.675107
136,15011.980966
137,14836.954469
138,14882.564436
139,14828.222606
140,14961.436173
141,14887.502438
142,14871.942810
143,14903.138060
144,15063.674000
145,14955.411274
146,15040.668183
147,14957.328957
148,14840.718006
149,14877.559916
150,15011.951194
151,14960.003005
152,15156.200803
153,15086.491401
154,15030.509780
155,15034.478463
156,14874.349632
157,15031.178747
158,15054.532325
159,14814.449069
160,14967.839351
161,14811.508968
162,14798.820083
163,15054.567223
164,15305.250167
165,15037.995396
166,14950.655629
167,14909.609314
168,15067.619078
169,15026.839602
170,14979.955692
171,15096.353320
172,14942.812271
173,14957.558572
174,15004.486374
175,15055.279922
176,15062.916910
177,15099.469681
178,14864.915610
179,15002.431200
180,14958.839411
181,15064.846644
182,15056.471098
183,14997.893437
184,15206.120964
185,15074.924014
186,14925.092955
187,15045.311762
188,15039.384963
189,14954.222257
190,15113.273620
191,15033.590134
192,14793.283969
193,14999.319174
194,15101.345676
195,15105.801778
196,14948.548572
197,14916.291447
198,14934.002089
199,14867.046672
200,15089.783666
201,14963.346619
202,15080.165887
203,15118.186218
204,14991.056126
205,14937.905097
206,14854.279242
207,14982.270134
208,15005.354651
209,15053.786547
210,15012.674739
211,14871.604962
212,14918.216460
213,15154.758801
214,15076.315234
215,15081.523747
216,15130.303171
217,15081.542259
218,15094.800987
219,15156.626534
220,15115.533785
221,15148.806560
222,14880.347432
223,14825.693535
224,14970.053368
225,14935.194739
226,15035.420503
227,15046.693334
228,15073.240407
229,14996.997870
230,15128.739032
231,14914.731435
232,14879.807827
233,14968.878650
234,14938.312826
235,14982.791476
236,15054.810500
237,14993.569880
238,14952.809897
239,15090.654480
240,15158.363750
241,15203.041017
242,15141.302004
243,15090.195279
244,15064.576982
245,15103.084524
246,15131.573406
247,15012.528955
248,15107.799990
249,15044.067455
250,15040.190466
251,15145.708461
252,15060.494616
253,14931.067741
254,14864.138529
255,14912.455754
256,14938.843760
257,15036.897996
258,15125.784708
259,15023.387491
260,14842.853056
261,14894.887728
262,15051.363571
263,15030.512496
264,14920.421729
265,15103.728199
266,15125.920337
267,15085.541241
268,14887.900232
269,14806.268176
270,14868.227240
271,14975.518411
272,15206.696514
273,15077.247914
274,15124.922445
275,15021.823969
276,14955.139598
277,14899.591642
278,15041.034743
279,14935.641542
280,14883.477393
281,14829.894371
282,14933.186667
283,14936.895229
284,15120.999515
285,14932.904196
286,14877.008358
287,14833.927206
288,14899.137993
289,14836.506616
290,14895.132185
291,14928.798925
292,15014.460343
293,14940.626561
294,14935.681032
295,14953.243574
296,15043.018125
297,14988.947963
298,14980.064708
299,14910.135020
300,14875.805582
301,14941.540959
302,14983.119397
303,15021.899949
304,15068.912363
305,15031.784826
306,15003.218557
307,14986.798538
308,14814.881996
309,14867.932591
310,14881.416599
311,14955.136298
312,14984.715021
313,14954.604695
314,14978.559705
315,14918.772200
316,15024.975170
317,15097.711024
318,14973.739158
319,14941.997395
320,14943.449540
321,14730.584021
322,14946.696564
323,14863.468848
324,15110.291742
325,15006.045783
326,14913.464197
327,15020.079229
328,15128.963506
329,15112.234247
330,14993.296759
331,15133.986767
332,15267.306276
333,15030.651829
334,14999.819747
335,14983.509856
336,14935.242710
337,15002.141157
338,15065.356278
339,14863.910343
340,15018.606352
341,15068.183766
342,14994.409701
343,14920.786496
344,15030.524260
345,15093.876381
346,14971.641469
347,14929.227763
348,14981.623488
349,15038.393419
350,14780.378465
351,14917.475066
352,14957.738882
353,15072.853886
354,14932.328378
355,14863.509769
356,14912.880709
357,14933.541149
358,14827.880394
359,14818.712024
360,14886.001769
361,14944.011014
362,14986.473670
363,15058.774173
364,15053.355279
365,15111.297197
366,14784.694775
367,14876.644224
368,15041.571759
369,14899.057170
370,14968.330641
371,14984.165501
372,15016.488178
373,15148.430338
374,14938.516060
375,14984.203883
376,15012.030597
377,15013.423900
378,15049.824274
379,15070.435065
380,14913.373197
381,15117.356580
382,15132.844553
383,15127.662298
384,15084.768982
385,14939.928166
386,14958.772621
387,14906.999496
388,14927.043730
389,14929.408577
390,14849.523097
391,14894.419232
392,14882.331646
393,15101.243958
394,15052.650527
395,15018.451181
396,14951.817751
397,14886.166403
398,15025.519865
399,14892.825224
400,14920.949438
401,14807.073055
402,15028.906920
403,15038.548414
404,14927.044313
405,14993.886939
406,14976.497203
407,15069.279130
408,14939.516027
409,15020.095743
410,14948.353729
411,14998.869505
412,14924.595328
413,14852.891156
414,14878.816123
415,14997.294710
416,14991.430724
417,15028.561338
418,14909.417751
419,14844.579844
420,14842.946379
421,14945.130705
422,14965.310964
423,14964.476680
424,14888.742678
425,14989.722472
426,14975.144105
427,14970.717176
428,15033.744571
429,14942.031325
430,14979.400396
431,15109.247475
432,15115.373245
433,15061.277458
434,15016.107767
435,14956.078109
436,15034.354231
437,14893.096374
438,15023.922194
439,15052.551554
440,15178.224792
441,15113.841848
442,15094.588518
443,15104.576552
444,14857.677415
445,14852.051842
446,14973.630487
447,14977.512274
448,14758.433068
449,14935.050071
450,14834.863847
451,14942.824931
452,14997.784772
453,15145.789438
454,15004.196886
455,15014.341084
456,14786.474989
457,14724.986462
458,14935.097742
459,15007.619061
460,15029.798623
461,14929.440250
462,15020.962183
463,14820.307550
464,14932.438143
465,15174.315222
466,15155.858558
467,15042.061289
468,15024.033757
469,14956.082660
470,14898.958591
471,14871.719406
472,14757.218148
473,15018.690558
474,15019.475819
475,14911.909855
476,14889.572504
477,14854.609182
478,14881.964178
479,14872.172486
480,14916.139041
481,14993.870510
482,15021.309096
483,15018.610743
484,14863.772168
485,15043.005516
486,15107.559848
487,15138.041931
488,15166.480398
489,15095.173587
490,15082.750975
491,15089.913246
492,14894.715408
493,15002.232276
494,14924.454762
495,15014.809871
496,15012.357811
497,15123.046035
498,14878.136108
499,14992.653930
