0,2831.259529
1,3343.098616
2,3757.961581
3,3993.972896
4,4189.956856
5,4322.868598
6,4531.600720
7,4626.602431
8,4650.644063
9,4880.610130
10,4981.505542
11,5081.637267
12,5225.954457
13,5229.296144
14,5179.031081
15,5328.576267
16,5389.897716
17,5506.964968
18,5553.381726
19,5607.916827
20,5606.252802
21,5591.702809
22,5657.798135
23,5812.830125
24,5786.657467
25,5957.853217
26,5884.308117
27,5829.594668
28,5837.583013
29,5896.576835
30,5969.958561
31,6030.041054
32,5965.641501
33,6015.235045
34,6077.043098
35,5943.437557
36,5910.956566
37,6021.979335
38,6065.441487
39,6112.551422
40,6157.453069
41,6189.350566
42,6266.491490
43,6174.973588
44,6262.798070
45,6212.754674
46,6260.286149
47,6189.494507
48,6153.253504
49,6199.767952
50,6194.335961
51,6144.208008
52,6253.297843
53,6361.213475
54,6294.142480
55,6311.439801
56,6254.835161
57,6276.471421
58,6327.291885
59,6363.401333
60,6343.645380
61,6409.151141
62,6368.897894
63,6469.468983
64,6527.890081
65,6431.524644
66,6429.135405
67,6405.262336
68,6484.745372
69,6460.315985
70,6585.504563
71,6537.842666
72,6562.753865
73,6528.463167
74,6594.542259
75,6548.048007
76,6563.257620
77,6558.693087
78,6596.516444
79,6594.801501
80,6514.802039
81,6478.014884
82,6542.024072
83,6622.676896
84,6500.835906
85,6376.798751
86,6450.979829
87,6653.718224
88,6549.052521
89,6553.513579
90,6650.623969
91,6660.733978
92,6702.159726
93,6617.478191
94,6597.098168
95,6661.183062
96,6706.659432
97,6822.437274
98,6855.433227
99,6843.959345
100,6931.769072
101,6995.803983
102,6941.714999
103,6900.923251
104,7024.137786
105,6990.204381
106,6956.114926
107,6937.523904
108,6916.821441
109,7004.958938
110,6943.145037
111,6839.232622
112,6819.772894
113,7091.834472
114,6967.385797
115,6911.741593
116,7109.017017
117,7079.952232
118,7054.335872
119,7152.829559
120,7210.299650
121,7156.814021
122,7012.178183
123,6989.160243
124,6933.271592
125,6926.737225
126,6893.924493
127,7139.971127
128,7216.104259
129,7050.527305
130,7102.803436
131,7128.292538
132,7027.186767
133,7099.735252
134,6993.273018
135,7081.023538
136,6989.102102
137,7051.930222
138,7103.926882
139,7005.912139
140,6941.223167
141,7048.694015
142,6991.682755
143,7063.605754
144,7131.605961
145,7030.920080
146,7034.980573
147,6955.861594
148,6868.430347
149,6926.944846
150,6891.506730
151,6891.376447
152,6844.567457
153,6874.889934
154,6892.772070
155,6727.572908
156,6770.129417
157,6799.580486
158,7030.806467
159,6765.072407
160,6817.920868
161,6904.819418
162,6899.110618
163,7081.972203
164,7145.464030
165,7254.427637
166,7196.620020
167,7098.993215
168,7060.563507
169,7023.692876
170,7008.681285
171,6942.839030
172,6984.894599
173,7013.930195
174,7048.290532
175,7100.882103
176,7218.866153
177,7022.806579
178,7114.608628
179,7116.316793
180,7124.205334
181,7023.587916
182,6857.150019
183,7090.320468
184,7158.003263
185,7181.739044
186,7175.420654
187,7261.467809
188,7249.041053
189,7178.935151
190,7201.563968
191,7337.619044
192,7286.420508
193,7258.298072
194,7250.854597
195,7243.561875
196,7215.637763
197,7296.985412
198,7355.334457
199,7355.165500
200,7375.268138
201,7234.447444
202,7230.186673
203,7141.967306
204,7116.106423
205,7002.818971
206,7100.754501
207,7162.291908
208,7156.701561
209,7092.951517
210,7050.196917
211,7105.768086
212,7316.295143
213,7237.204727
214,7085.005590
215,7121.421114
216,7096.675410
217,7149.732539
218,7152.163554
219,7232.369312
220,7050.243912
221,6997.456897
222,7036.808741
223,7192.608734
224,7224.580380
225,7218.001552
226,7180.549529
227,7141.229111
228,7142.838657
229,7187.065331
230,7253.697619
231,7226.174685
232,7217.477972
233,7146.262218
234,7079.525634
235,7137.561300
236,7231.630934
237,7103.883871
238,7117.248896
239,7232.521196
240,7295.309664
241,7405.794031
242,7366.552244
243,7325.622878
244,7336.338650
245,7504.124416
246,7357.790243
247,7214.519291
248,7422.154915
249,7219.823919
250,7123.279918
251,7018.211574
252,7033.046799
253,7138.496027
254,7149.745086
255,7191.727190
256,7170.164069
257,7059.372664
258,7137.865388
259,7085.653500
260,7293.999965
261,7312.617681
262,7371.885026
263,7203.485776
264,7192.293070
265,7179.789377
266,7139.414947
267,7147.718490
268,7269.730713
269,7305.121003
270,7089.234599
271,7251.046210
272,7210.294452
273,7243.667680
274,7271.870310
275,7218.277944
276,7241.865923
277,7168.930251
278,7245.204803
279,7156.586258
280,7217.191055
281,7256.866322
282,7254.510086
283,7287.344646
284,7377.226478
285,7319.339495
286,7307.890087
287,7311.123987
288,7397.751215
289,7455.020833
290,7391.792052
291,7246.845925
292,7168.963587
293,7182.190792
294,7087.186475
295,7079.350261
296,7055.039206
297,7171.716524
298,7131.453285
299,7150.829322
300,7147.391514
301,7184.053380
302,7211.686694
303,7327.459424
304,7385.473621
305,7329.729580
306,7270.782204
307,7353.921984
308,7240.349842
309,7195.972287
310,7200.248378
311,7258.708203
312,7364.358429
313,7222.500661
314,7195.304287
315,7133.133020
316,7000.340025
317,7070.083964
318,7128.636070
319,7150.419497
320,7015.928356
321,7200.431372
322,7237.185256
323,7209.286251
324,7296.974969
325,7134.113058
326,7301.142467
327,7227.829942
328,7259.829827
329,7137.800950
330,7123.646269
331,7048.751219
332,7174.344996
333,7186.672197
334,7225.285521
335,7215.979660
336,7268.952267
337,7181.826116
338,7240.136582
339,7106.472171
340,7155.882510
341,7165.881789
342,7308.493091
343,7365.964038
344,7316.016305
345,7123.073363
346,7134.534298
347,7203.572134
348,7341.640922
349,7343.775795
350,7302.679160
351,7390.409767
352,7350.098862
353,7306.889891
354,7286.331572
355,7297.433968
356,7255.974083
357,7222.697640
358,7221.874652
359,7336.213999
360,7167.722242
361,7059.579228
362,7060.345190
363,7063.469527
364,7157.626048
365,7210.028366
366,7353.653972
367,7282.665179
368,7228.845286
369,7187.299833
370,7145.677465
371,7147.295552
372,7087.839894
373,7137.730211
374,7109.923917
375,7061.338458
376,7112.205216
377,7049.527620
378,7154.770244
379,7134.487134
380,7086.293557
381,7062.305852
382,7181.401964
383,7236.570425
384,7169.723796
385,7469.741537
386,7469.684616
387,7313.940092
388,7368.550987
389,7148.577875
390,7288.868025
391,7333.342519
392,7284.416322
393,7275.820068
394,7453.476537
395,7337.031390
396,7224.268537
397,7256.229772
398,7201.006289
399,7322.029523
400,7248.470427
401,7272.267426
402,7201.272036
403,7206.801266
404,7258.294372
405,7060.945186
406,7062.740556
407,6993.155958
408,7145.069981
409,7135.776683
410,7135.277072
411,7110.897840
412,7124.356979
413,7092.390257
414,6938.711986
415,6979.763793
416,7010.038938
417,7149.747874
418,7158.950477
419,7379.669745
420,7327.696498
421,7179.819729
422,7062.020532
423,7197.428861
424,7048.690721
425,6936.797114
426,7078.751102
427,7302.074671
428,7213.758114
429,7016.962492
430,7031.032401
431,7120.854370
432,7051.984760
433,6918.643629
434,6882.094940
435,7065.984837
436,7134.023763
437,7196.964388
438,7030.946617
439,7100.923906
440,7177.725913
441,7145.043989
442,7106.848099
443,7013.640951
444,7088.715153
445,7119.182847
446,7076.332528
447,7020.472393
448,7131.546201
449,7098.275129
450,7108.416191
451,7116.085470
452,7236.931282
453,7096.043811
454,7008.493035
455,6946.660705
456,6956.635577
457,7074.339174
458,7058.449329
459,7131.577268
460,7073.173567
461,7168.793698
462,7070.674545
463,7186.979642
464,7204.433202
465,7096.388372
466,7140.264039
467,7179.706656
468,7306.570683
469,7195.064390
470,7193.942265
471,7236.583773
472,7226.418905
473,7269.764253
474,7198.736548
475,7191.706592
476,7124.658544
477,7209.424496
478,7123.981900
479,7324.369861
480,7283.634065
481,7208.767605
482,7360.718323
483,7270.855451
484,7204.265121
485,7248.057484
486,7180.952389
487,7240.049654
488,7321.612049
489,7220.327670
490,7205.314346
491,7112.002703
492,7152.981513
493,7192.959791
494,7055.122694
495,7185.601871
496,7207.162145
497,7127.600901
498,7075.428623
499,7119.250272
