0,2751.955114
1,5303.906868
2,5828.302302
3,6202.236892
4,6499.918835
5,6809.191019
6,7018.664090
7,7261.362213
8,7463.832794
9,7595.185586
10,7842.107369
11,8012.819802
12,8139.996733
13,8333.565624
14,8316.763694
15,8480.836595
16,8647.575798
17,8859.811808
18,8919.963234
19,9010.334613
20,9118.587258
21,9223.405674
22,9452.014162
23,9492.252398
24,9674.187951
25,9691.378069
26,9943.732704
27,9920.387316
28,9914.647916
29,10044.928142
30,10311.694804
31,10667.951159
32,10689.208453
33,10926.668003
34,10728.012650
35,10917.130302
36,10993.115638
37,11069.161574
38,10995.504291
39,11221.106713
40,11257.180187
41,11447.748411
42,11534.895260
43,11482.869502
44,11807.343108
45,11643.141286
46,12089.426702
47,12267.004705
48,11917.125808
49,12282.122084
50,12380.200245
51,12552.503693
52,12376.297085
53,12695.358272
54,12404.900746
55,12883.437317
56,12659.245875
57,12599.274348
58,12731.201691
59,12894.657189
60,13022.667060
61,12984.249200
62,12900.209473
63,13126.056266
64,13329.707980
65,13253.207861
66,13353.580014
67,13168.614825
68,13218.018879
69,13105.396071
70,13478.490289
71,13338.588588
72,13493.814922
73,13736.643313
74,13550.632689
75,13584.155633
76,13756.181215
77,13575.875435
78,13664.916993
79,13738.290633
80,13761.673909
81,13923.359490
82,13757.511860
83,13539.059134
84,13603.813632
85,13664.275480
86,13251.597605
87,13462.455431
88,14044.747769
89,13617.928563
90,13612.647004
91,13560.224218
92,13922.928000
93,13569.185263
94,13585.746823
95,14243.973478
96,13887.590651
97,13375.847839
98,13185.642978
99,13765.466273
100,13344.777372
101,13025.314208
102,13445.095979
103,13508.782450
104,13604.444894
105,13601.785808
106,13433.740322
107,13591.858704
108,13462.220416
109,13482.529138
110,13227.095014
111,13434.548051
112,13555.889109
113,13530.749037
114,13876.483662
115,13483.872273
116,13228.678766
117,13394.484019
118,13487.045176
119,13220.766703
120,13571.723367
121,13688.132551
122,14038.511633
123,13591.181870
124,13602.432213
125,13870.157892
126,13360.807834
127,13017.739541
128,13134.685187
129,13604.287886
130,13862.389238
131,13559.503975
132,13489.838874
133,13656.073541
134,13580.347095
135,13730.412009
136,13520.802190
137,13708.200651
138,13693.789158
139,13534.388120
140,13697.396677
141,13802.468404
142,13705.744208
143,13463.786654
144,13408.954226
145,13337.523094
146,13674.439825
147,13940.968888
148,14108.338256
149,13355.812265
150,13086.923938
151,13396.737975
152,13793.848698
153,13694.523629
154,13583.527435
155,13583.882655
156,13553.952181
157,13808.907902
158,13835.758980
159,14206.633554
160,13873.042383
161,13722.529371
162,13622.117652
163,13429.076515
164,13756.907300
165,13846.266382
166,13906.722561
167,14079.909162
168,13572.488030
169,13687.979909
170,13754.922543
171,13655.145787
172,14131.243198
173,14119.970972
174,13914.203430
175,13808.346215
176,13830.596411
177,13899.834625
178,13895.234749
179,13782.980134
180,13558.846263
181,14191.721672
182,14241.296996
183,14047.709853
184,13893.413060
185,13437.614411
186,13611.585370
187,13820.470476
188,13855.111012
189,13535.602890
190,13278.708404
191,13778.509429
192,13985.445945
193,13911.727777
194,13751.709586
195,13559.500226
196,13913.417085
197,13764.868046
198,13770.343079
199,13588.732053
200,13762.652264
201,13928.263233
202,14016.928356
203,13928.287705
204,13743.375313
205,13742.677393
206,13414.866784
207,13953.122727
208,13570.459391
209,13725.982076
210,13764.581008
211,13672.355830
212,13876.027421
213,13751.614967
214,13669.322491
215,13753.248073
216,13382.888149
217,13659.724672
218,13962.908117
219,14064.073220
220,13860.583645
221,13503.960453
222,13844.179239
223,13845.016981
224,13542.960556
225,13535.122873
226,13251.024529
227,13412.552370
228,13238.449497
229,13821.445603
230,13913.115172
231,13824.425365
232,13738.474215
233,13660.609184
234,13546.828094
235,13760.665818
236,13580.896624
237,13989.691909
238,13717.273958
239,13401.334262
240,14014.152350
241,13905.201821
242,13431.509118
243,13820.575336
244,13309.838351
245,13773.639534
246,13657.165790
247,13503.538495
248,13327.546684
249,13317.474405
250,13673.890273
251,14045.384735
252,13948.420788
253,13436.851159
254,13869.810201
255,13726.375526
256,13596.503397
257,13875.736871
258,13680.087580
259,13183.170926
260,13658.783606
261,13968.700789
262,13611.608389
263,13855.858683
264,13953.598955
265,13964.021366
266,13766.308779
267,14040.829846
268,14142.115576
269,13765.296092
270,13429.583268
271,13651.033798
272,13507.435142
273,13530.839557
274,13899.428359
275,13870.721375
276,13968.594940
277,14114.810872
278,13871.217049
279,13991.820835
280,13648.729220
281,13785.624352
282,13850.835874
283,13506.415259
284,13298.521663
285,13447.797842
286,13717.659860
287,14065.271078
288,13739.199962
289,13210.933468
290,13972.634543
291,13599.891842
292,13732.087974
293,13648.435485
294,13427.220111
295,13715.528752
296,13678.184115
297,13883.612674
298,14073.527004
299,13783.293717
300,14083.352408
301,13744.336402
302,13717.238991
303,13521.509346
304,13375.899755
305,13687.698459
306,13834.228887
307,13586.040056
308,13484.921567
309,14095.484776
310,13806.124375
311,13768.374948
312,13586.412321
313,13606.603873
314,14293.103463
315,14044.909249
316,14179.374599
317,13971.845625
318,13732.911405
319,13490.075256
320,13725.113788
321,13711.765948
322,13584.230635
323,13550.577678
324,13490.221593
325,13941.902861
326,13699.693878
327,13376.554031
328,13791.929575
329,13565.892875
330,13525.588117
331,13797.017681
332,13858.084483
333,13733.331767
334,13697.037799
335,13864.037354
336,13798.863606
337,14071.328650
338,13400.839738
339,13557.850264
340,13735.780150
341,13428.992822
342,13576.687539
343,13514.481445
344,13861.201931
345,13831.369298
346,13887.966590
347,13689.552947
348,13867.466570
349,13896.221016
350,13604.711971
351,13697.670028
352,13931.900645
353,13922.170431
354,13658.439380
355,14232.898537
356,13590.579960
357,14175.394509
358,13426.753368
359,14116.476238
360,13618.481498
361,13642.124609
362,13945.752526
363,13386.846770
364,13824.463638
365,13715.541364
366,13189.506737
367,13134.487838
368,13531.937563
369,13499.122190
370,13567.105407
371,13884.114634
372,13517.896221
373,13611.465743
374,13727.947310
375,13816.623595
376,14051.495044
377,13675.847662
378,13755.620013
379,14092.221359
380,13863.169241
381,13678.813163
382,13725.798884
383,13934.114867
384,14012.227520
385,13772.846547
386,13381.503520
387,13873.069877
388,13803.078605
389,13925.855539
390,13711.566481
391,13673.379295
392,13801.182755
393,13826.650919
394,13713.982906
395,13566.410950
396,13596.339025
397,13624.025707
398,13874.492393
399,14006.687253
400,13678.630747
401,13572.398956
402,13981.363515
403,13860.634541
404,14081.904771
405,13341.891831
406,13675.029061
407,13894.741704
408,14129.582741
409,13660.536191
410,13709.473446
411,13570.861207
412,13915.166588
413,13467.475946
414,13888.808471
415,13663.349813
416,13769.828115
417,13285.228481
418,13630.969812
419,13693.673170
420,13839.634180
421,13625.982024
422,13612.029236
423,13535.970534
424,13727.005305
425,13775.616205
426,13852.173042
427,13722.093142
428,13932.840888
429,13930.528002
430,13899.767636
431,13624.230999
432,13479.633236
433,13685.101031
434,13378.953572
435,13750.459178
436,13607.157970
437,13871.916034
438,13700.951947
439,13932.816116
440,13927.990235
441,13614.037218
442,13688.275949
443,13818.190507
444,14269.808654
445,14184.273182
446,13958.460514
447,14096.336522
448,13871.118125
449,13803.054845
450,14026.103734
451,13693.791911
452,13366.927031
453,13654.812118
454,13500.256612
455,13853.957836
456,13844.818112
457,13799.716728
458,14073.246754
459,13947.538573
460,13832.225568
461,13614.769842
462,13937.425402
463,14156.539178
464,13695.242760
465,13679.202189
466,13959.907444
467,13858.881888
468,13602.150411
469,13808.481160
470,13918.234383
471,13945.082184
472,13985.695666
473,14159.417066
474,13638.539891
475,13464.699651
476,13682.350628
477,13791.258481
478,14108.666546
479,14098.981423
480,13646.033767
481,13702.524868
482,13859.339049
483,13566.240368
484,13631.195299
485,13464.243374
486,13496.079782
487,13842.611908
488,13998.199109
489,14020.032167
490,14121.360605
491,13717.288297
492,13769.478670
493,13810.551128
494,13540.737035
495,14018.587560
496,13572.475332
497,13666.104994
498,13705.355678
499,14009.573858
