0,2759.232264
1,5478.568559
2,6016.271811
3,6363.913821
4,6717.644657
5,7065.540556
6,7314.192226
7,7563.083080
8,7975.683667
9,8161.396790
10,8489.574972
11,8669.153581
12,8987.673592
13,9295.194342
14,9467.522566
15,9806.164515
16,9836.830169
17,10056.667658
18,10451.379771
19,10632.946310
20,10965.510950
21,11058.286358
22,11240.350435
23,11626.234332
24,11738.899360
25,11856.601643
26,12055.372572
27,12176.776295
28,12352.935467
29,12420.449209
30,12337.658084
31,12469.826541
32,12690.806452
33,12752.119791
34,12865.967005
35,13244.106863
36,13162.352335
37,13223.114521
38,13394.401752
39,13533.265349
40,13361.993211
41,13505.437218
42,13485.734501
43,13391.327073
44,13735.477528
45,13721.593381
46,13477.929419
47,13664.046668
48,13589.218168
49,13840.551236
50,13687.404615
51,13902.742990
52,14006.332568
53,14252.612880
54,14103.014026
55,14078.695362
56,13977.383709
57,14040.250224
58,14010.206438
59,14099.781445
60,14424.492860
61,14417.810126
62,14412.464792
63,14404.581205
64,14452.544346
65,14437.433025
66,14468.794800
67,14551.070192
68,14416.043790
69,14339.793879
70,14562.703141
71,14512.156620
72,14519.696960
73,14543.144972
74,14543.344021
75,14499.775840
76,14653.576120
77,14781.634876
78,14867.876100
79,14944.313163
80,14799.459043
81,14605.383864
82,14571.036659
83,14678.399921
84,15013.176434
85,14889.098034
86,14630.054654
87,14837.762594
88,14727.499937
89,14949.689716
90,14873.903541
91,14833.709481
92,14825.238890
93,14697.557448
94,14560.287915
95,14864.191056
96,14963.967912
97,14564.194181
98,14444.677482
99,14520.648876
100,14534.214074
101,14572.888200
102,14669.709546
103,14598.837233
104,14943.424163
105,14834.925037
106,14382.924820
107,14656.915415
108,14713.759195
109,14648.830198
110,14657.745315
111,14836.072173
112,14700.249169
113,14719.141314
114,14727.098711
115,14641.574282
116,14864.346599
117,14740.749031
118,14595.325197
119,14761.641958
120,14961.665665
121,15054.944200
122,14843.801941
123,14869.058334
124,14487.834099
125,14771.536035
126,14713.464785
127,14737.754668
128,14725.091185
129,14855.619854
130,14415.542704
131,14408.010200
132,14545.049055
133,14497.480002
134,14657.874309
135,14903.649206
136,14924.690827
137,14963.453889
138,14986.312051
139,14772.145994
140,14778.596196
141,14814.375330
142,14808.225677
143,14873.256791
144,14814.090885
145,14774.482875
146,14564.201674
147,14616.831366
148,14636.092186
149,14774.102318
150,14879.024187
151,14714.916836
152,14261.006432
153,14684.453621
154,14655.809129
155,14694.437563
156,14825.886511
157,14725.068690
158,14679.420170
159,14868.021149
160,14712.225287
161,14747.056732
162,14853.735994
163,14779.121915
164,15002.676035
165,15145.338547
166,14890.848765
167,14528.165926
168,14761.331837
169,14962.573361
170,14612.285590
171,14509.153733
172,14635.138101
173,14638.661571
174,14643.042945
175,14820.376351
176,14835.459166
177,15160.696502
178,14898.054611
179,14702.714772
180,14583.063966
181,14374.646853
182,14714.486510
183,14628.032797
184,14622.260715
185,14908.118736
186,14808.457558
187,14866.498432
188,14896.845022
189,14522.454124
190,14927.964912
191,14766.658590
192,14952.454428
193,14572.412373
194,14531.586458
195,14746.809574
196,14709.855474
197,14938.727259
198,14978.305697
199,14689.688381
200,15008.547583
201,14976.855365
202,14953.961266
203,15132.919776
204,15007.924857
205,14669.361180
206,14409.544562
207,14850.192894
208,14570.942476
209,14684.183037
210,14741.379965
211,14697.439125
212,14656.241092
213,14864.876607
214,14730.340626
215,15013.520243
216,15137.889205
217,14697.160962
218,14631.328955
219,14638.635877
220,14748.419782
221,14803.950471
222,14851.024955
223,14581.604815
224,14941.742565
225,14935.715992
226,14794.167210
227,14521.971048
228,14536.963635
229,14677.740250
230,14595.203996
231,14908.288874
232,15050.428216
233,15229.901389
234,14839.772238
235,14841.752650
236,14955.971182
237,14782.581969
238,14866.945981
239,14833.169105
240,14769.903635
241,14766.833676
242,14851.246580
243,14406.685230
244,14954.120007
245,14903.925878
246,14756.382506
247,14917.666089
248,14739.682470
249,14878.537210
250,14870.899148
251,14644.087255
252,14737.853861
253,14546.983956
254,14594.739430
255,14769.967939
256,14566.582340
257,14441.433455
258,14300.891134
259,14640.176904
260,14628.701361
261,14615.768464
262,14799.244257
263,14494.478825
264,14717.468812
265,14532.271377
266,14859.378720
267,15038.043768
268,14721.251028
269,14597.184104
270,14556.350493
271,14799.500566
272,14805.510814
273,15038.962372
274,15105.308847
275,14787.689769
276,14856.575409
277,14761.005853
278,14839.439981
279,14865.066622
280,14486.576095
281,14515.203477
282,14633.227152
283,14710.045705
284,14872.832610
285,14831.610959
286,14629.035382
287,14561.274336
288,14655.921889
289,14618.563652
290,14850.907999
291,15007.320730
292,14869.663150
293,14871.476913
294,14787.992395
295,14558.477496
296,14863.242999
297,14724.348859
298,15059.874260
299,14881.599309
300,14807.089074
301,14774.674814
302,14507.984963
303,14831.545575
304,14864.888667
305,14907.232875
306,14500.720341
307,14630.426091
308,14620.765993
309,14915.439573
310,14650.851916
311,14437.111012
312,14567.338347
313,14808.841538
314,14559.263093
315,14659.262934
316,14792.923537
317,14765.773233
318,14629.634382
319,14600.355453
320,14772.668566
321,14691.080319
322,14785.876605
323,14826.572990
324,14581.758986
325,14845.566510
326,14845.108957
327,14648.973939
328,14626.059518
329,14756.863180
330,14842.497913
331,14732.858119
332,14667.611168
333,14992.055435
334,14955.767346
335,14882.966959
336,14853.343968
337,14782.445201
338,14970.352677
339,14938.794147
340,14836.761509
341,14710.296390
342,14842.706064
343,14570.683419
344,14784.916144
345,14530.354390
346,14460.755118
347,14855.691962
348,14541.226404
349,14974.188945
350,14877.810157
351,14803.867034
352,14951.644459
353,14728.883780
354,14778.034512
355,14555.454283
356,14977.420406
357,14798.574988
358,14611.969812
359,14921.116071
360,14949.651126
361,14981.732470
362,14725.284214
363,14797.362349
364,14710.734020
365,14751.639511
366,14698.397582
367,14596.162770
368,14697.252552
369,14686.799901
370,14703.631364
371,14914.814323
372,14716.834140
373,15000.454610
374,14675.974689
375,14688.057314
376,14793.051977
377,14735.205610
378,14707.882427
379,14723.434419
380,14765.391092
381,14899.235171
382,14795.107428
383,14891.758654
384,14546.116527
385,14814.690865
386,14979.366634
387,14595.514303
388,14526.144134
389,14528.003057
390,14588.779079
391,14817.296368
392,14708.592776
393,14328.861123
394,14587.742868
395,14758.285328
396,14811.805952
397,14839.000242
398,14764.448087
399,14818.019477
400,14507.900220
401,14616.273774
402,14855.384863
403,14999.118943
404,14709.555475
405,14879.143994
406,14720.901432
407,14647.988076
408,14756.632821
409,14804.165066
410,14897.237649
411,14928.118894
412,14945.285928
413,14805.833152
414,14553.009162
415,14498.348033
416,14460.251796
417,14517.920207
418,14630.917162
419,14875.534596
420,14811.546125
421,14724.962999
422,14661.318310
423,14652.925789
424,14466.201228
425,14528.229820
426,14514.953387
427,14808.569525
428,14881.575537
429,14797.685688
430,14899.646541
431,14703.387584
432,14839.788843
433,14690.442610
434,14617.235971
435,14782.087599
436,15028.466879
437,14795.145747
438,14458.832353
439,14522.307599
440,14641.165121
441,15188.456571
442,14971.355297
443,14566.256699
444,14867.320379
445,14527.541505
446,14388.694403
447,14737.698956
448,14688.729635
449,14788.852953
450,14781.891591
451,14740.736499
452,14918.745654
453,14753.546361
454,14671.282123
455,14768.244792
456,14705.946896
457,14430.933745
458,14885.041247
459,14748.766282
460,14703.592442
461,14826.146267
462,14721.655660
463,14824.845488
464,14854.670226
465,14806.634640
466,14972.065583
467,14967.068803
468,14918.024691
469,14660.056638
470,15064.177521
471,14743.420784
472,14628.187240
473,14797.171083
474,14631.836241
475,14739.906102
476,14819.625774
477,14915.469953
478,14698.805174
479,14899.949143
480,14921.256597
481,14974.466560
482,14903.613378
483,14803.514960
484,14930.578228
485,15035.068032
486,14966.594796
487,14647.892589
488,14480.206861
489,14475.412535
490,14264.977092
491,14468.099071
492,14427.344651
493,14595.443347
494,14412.105630
495,14573.302206
496,14868.002602
497,14574.868115
498,14773.595035
499,14875.707645
