0,2756.603792
1,2909.711613
2,3147.793061
3,3336.303666
4,3444.307974
5,3532.625882
6,3624.814715
7,3592.437584
8,3675.083052
9,3823.266530
10,3962.695237
11,4000.260075
12,3937.793806
13,3951.716812
14,4149.645453
15,4103.472447
16,4140.727406
17,4181.186890
18,4219.151081
19,4263.905613
20,4264.106720
21,4448.721890
22,4417.842794
23,4412.222282
24,4479.368535
25,4440.459369
26,4547.456535
27,4571.272694
28,4525.451298
29,4656.575129
30,4593.742447
31,4608.807179
32,4762.402648
33,4792.191958
34,4850.962348
35,4853.172899
36,4834.567126
37,4827.429045
38,4815.450478
39,4867.801987
40,4893.042786
41,4795.558699
42,4851.597735
43,4753.694859
44,4763.519766
45,4743.370801
46,4812.596034
47,4667.743356
48,4789.049669
49,4859.317109
50,5035.428819
51,5001.553961
52,5110.118165
53,4949.566185
54,4944.214421
55,5137.998502
56,5062.977637
57,4960.340052
58,4944.896386
59,5032.905565
60,4987.803884
61,4976.100893
62,5150.741265
63,5029.381910
64,5027.753899
65,5068.950115
66,4984.249068
67,4994.882487
68,5080.400298
69,5210.972137
70,5195.720763
71,5183.990948
72,5161.354053
73,5170.308521
74,5200.402688
75,5250.301046
76,5132.433712
77,5218.144267
78,5275.599427
79,5343.025271
80,5345.131888
81,5291.547157
82,5392.276240
83,5470.683827
84,5426.468237
85,5427.920388
86,5454.740931
87,5564.330417
88,5447.592418
89,5581.524781
90,5647.318617
91,5552.331260
92,5541.545058
93,5600.844538
94,5606.459373
95,5507.383814
96,5433.577908
97,5497.813287
98,5437.345123
99,5568.514193
100,5521.400896
101,5548.686908
102,5636.502817
103,5654.195041
104,5680.501420
105,5639.713247
106,5517.612362
107,5529.311987
108,5611.527498
109,5668.766491
110,5592.764895
111,5632.332724
112,5669.911201
113,5675.965657
114,5729.010819
115,5671.051744
116,5749.937043
117,5797.396866
118,5819.668235
119,5724.272629
120,5753.249848
121,5741.155700
122,5915.119248
123,5960.721336
124,5945.642330
125,5932.930995
126,5762.174973
127,5749.002707
128,5818.973617
129,5898.359771
130,5657.456913
131,5707.057482
132,5873.719942
133,5809.948629
134,5823.999455
135,5744.742503
136,5620.567859
137,5753.169441
138,5612.632223
139,5688.310705
140,5670.167851
141,5734.519800
142,5661.440989
143,5648.210131
144,5679.062599
145,5876.135213
146,5805.677138
147,5681.141314
148,5819.840988
149,5915.840908
150,5955.264253
151,5859.912716
152,5530.062993
153,5600.871125
154,5453.128435
155,5608.106126
156,5538.269378
157,5620.411990
158,5597.479275
159,5716.353815
160,5589.206562
161,5519.959563
162,5652.314104
163,5658.360049
164,5603.623029
165,5487.370185
166,5617.494410
167,5498.180033
168,5468.861228
169,5465.037804
170,5441.124883
171,5457.403197
172,5520.838433
173,5417.361560
174,5423.828307
175,5387.610044
176,5454.381274
177,5463.360501
178,5389.194003
179,5602.375131
180,5560.119144
181,5504.109746
182,5495.338455
183,5350.233886
184,5550.217369
185,5666.918418
186,5554.860890
187,5763.948343
188,5693.083618
189,5852.517150
190,5785.301028
191,5782.778724
192,5694.211079
193,5703.105056
194,5517.197718
195,5496.804933
196,5588.538686
197,5655.032866
198,5514.345199
199,5689.304208
200,5648.082721
201,5527.698866
202,5575.877570
203,5487.074161
204,5596.789939
205,5544.429796
206,5491.728727
207,5506.921564
208,5522.653767
209,5527.887407
210,5551.710834
211,5665.390195
212,5610.932769
213,5611.635439
214,5645.590480
215,5560.152932
216,5741.331039
217,5727.806512
218,5674.937416
219,5523.583227
220,5699.694679
221,5829.532903
222,5595.622578
223,5808.103944
224,5746.292678
225,5737.134499
226,5645.526095
227,5774.095904
228,5855.453730
229,5692.669663
230,5653.858090
231,5419.682012
232,5414.222408
233,5559.101985
234,5558.990779
235,5632.154958
236,5781.680706
237,5705.552091
238,5629.672149
239,5696.295471
240,5616.547881
241,5661.866227
242,5664.224484
243,5550.412725
244,5664.459994
245,5565.829442
246,5652.252811
247,5601.100148
248,5750.325470
249,5643.416619
250,5811.724929
251,5811.772051
252,5941.036003
253,5902.420365
254,5902.654978
255,5836.962412
256,5801.716561
257,5935.174416
258,6025.270381
259,6006.707427
260,5912.809956
261,5918.255766
262,5770.329822
263,5909.587046
264,5932.228331
265,5881.604717
266,5757.588060
267,5705.359251
268,5745.831044
269,5756.481207
270,5625.371020
271,5657.163052
272,5692.273243
273,5582.227418
274,5640.852549
275,5648.863510
276,5687.084523
277,5632.589847
278,5828.141024
279,5852.973275
280,5793.704560
281,5744.125586
282,5829.767686
283,5804.293986
284,5834.422014
285,5760.658109
286,5616.626422
287,5561.516210
288,5495.047531
289,5532.688935
290,5574.031507
291,5456.651350
292,5428.137236
293,5440.459526
294,5337.100617
295,5442.791862
296,5454.092532
297,5437.136540
298,5430.646167
299,5477.696596
300,5395.507323
301,5534.861647
302,5552.062069
303,5551.065583
304,5495.392823
305,5521.142675
306,5538.394811
307,5680.597855
308,5739.095113
309,5629.159033
310,5630.895318
311,5673.286958
312,5559.208589
313,5658.152591
314,5680.999600
315,5572.212478
316,5583.295350
317,5551.190780
318,5502.064762
319,5420.663008
320,5531.255639
321,5593.795813
322,5545.112766
323,5631.189435
324,5658.583424
325,5675.970084
326,5792.020286
327,5658.142445
328,5628.348262
329,5748.565593
330,5700.361712
331,5695.470740
332,5741.004305
333,5722.065466
334,5623.999082
335,5618.795793
336,5527.348493
337,5738.328396
338,5728.197667
339,5786.833533
340,5761.736713
341,5763.715180
342,5762.551388
343,5619.006667
344,5581.249164
345,5631.560723
346,5433.416646
347,5486.688665
348,5501.873011
349,5622.504424
350,5620.332338
351,5665.325675
352,5713.487207
353,5707.609458
354,5717.261672
355,5744.890829
356,5618.529627
357,5693.733822
358,5786.294125
359,5885.347337
360,5870.312213
361,5868.738719
362,5968.602091
363,5765.089071
364,5961.271555
365,5794.269688
366,5924.019790
367,5937.248745
368,5775.603011
369,5804.795038
370,5874.454223
371,5809.332016
372,5969.917577
373,5991.182669
374,5749.510782
375,5824.095701
376,5574.651442
377,5551.937139
378,5612.747192
379,5655.406810
380,5705.258888
381,5790.148608
382,5693.972623
383,5702.069132
384,5713.783006
385,5620.696394
386,5836.919315
387,5666.230680
388,5984.699054
389,5867.692748
390,5942.148113
391,5949.339277
392,5827.893328
393,5867.532378
394,5742.047129
395,5666.861902
396,5629.672261
397,5549.336719
398,5641.287648
399,5736.686386
400,5809.359296
401,5827.499526
402,5791.899510
403,5597.511543
404,5700.990884
405,5669.295548
406,5657.935036
407,5740.760145
408,5750.809978
409,5728.803826
410,5710.506596
411,5718.228423
412,5765.034367
413,5723.372673
414,5794.364674
415,5695.614776
416,5862.880559
417,5728.959963
418,6038.869012
419,6047.892227
420,5937.091187
421,6040.887645
422,6142.796826
423,5978.151898
424,5893.948579
425,6119.561108
426,6065.978022
427,5947.031343
428,5947.332099
429,5970.174654
430,6053.405065
431,6029.250994
432,5819.981100
433,5912.694395
434,6048.585779
435,5996.706869
436,5887.686353
437,5870.381973
438,5832.020674
439,6015.080012
440,5984.178005
441,6188.095681
442,6028.249673
443,5955.319002
444,5904.064183
445,5880.876722
446,5910.114297
447,5757.384273
448,5837.942099
449,5805.204788
450,5867.829719
451,5940.573794
452,6032.935464
453,5864.295490
454,5790.465182
455,5748.160048
456,5770.367111
457,5780.888646
458,5719.302092
459,5801.617990
460,5738.966266
461,5637.917649
462,5482.107828
463,5530.564925
464,5652.118417
465,5794.931070
466,5501.419275
467,5684.394393
468,5688.709944
469,5541.199627
470,5578.247031
471,5585.901816
472,5423.338735
473,5591.231070
474,5432.680679
475,5548.168813
476,5491.270015
477,5521.665705
478,5385.612828
479,5596.730408
480,5573.491769
481,5507.640875
482,5385.082044
483,5562.954500
484,5575.290371
485,5452.981292
486,5320.827653
487,5482.724080
488,5512.006123
489,5574.521859
490,5536.277725
491,5768.455228
492,5804.887143
493,5731.166975
494,5674.689173
495,5448.359150
496,5343.731227
497,5446.216837
498,5489.321572
499,5675.624287
