0,2780.069081
1,3455.851140
2,3817.181468
3,4120.692756
4,4471.275436
5,4798.740410
6,5108.929277
7,5394.088346
8,5709.214129
9,6034.419289
10,6372.280977
11,6673.318300
12,6942.697625
13,7154.705551
14,7394.658511
15,7621.638490
16,7788.580637
17,7916.912638
18,8028.925873
19,8137.622521
20,8226.217744
21,8301.688397
22,8361.366400
23,8401.182002
24,8426.839308
25,8443.542725
26,8451.318685
27,8457.673586
28,8465.054295
29,8473.170281
30,8475.311709
31,8475.496857
32,8475.496857
33,8475.496857
34,8475.496857
35,8475.496857
36,8475.496857
37,8475.496857
38,8475.496857
39,8475.496857
40,8475.496857
41,8475.496857
42,8475.496857
43,8475.496857
44,8475.496857
45,8475.496857
46,8475.496857
47,8475.496857
48,8475.496857
49,8475.496857
50,8475.496857
51,8475.496857
52,8475.496857
53,8475.496857
54,8475.496857
55,8475.496857
56,8475.496857
57,8475.496857
58,8475.496857
59,8475.496857
60,8475.496857
61,8475.496857
62,8475.496857
63,8475.496857
64,8475.496857
65,8475.496857
66,8475.496857
67,8475.496857
68,8475.496857
69,8475.496857
70,8475.496857
71,8475.496857
72,8475.496857
73,8475.496857
74,8475.496857
75,8475.496857
76,8475.496857
77,8475.496857
78,8475.496857
79,8475.496857
80,8475.496857
81,8475.496857
82,8475.496857
83,8475.496857
84,8475.496857
85,8475.496857
86,8475.496857
87,8475.496857
88,8475.496857
89,8475.496857
90,8475.496857
91,8475.496857
92,8475.496857
93,8475.496857
94,8475.496857
95,8475.496857
96,8475.496857
97,8475.496857
98,8475.496857
99,8475.496857
100,8475.496857
101,8475.496857
102,8475.496857
103,8475.496857
104,8475.496857
105,8475.496857
106,8475.496857
107,8475.496857
108,8475.496857
109,8475.496857
110,8475.496857
111,8475.496857
112,8475.496857
113,8475.496857
114,8475.496857
115,8475.496857
116,8475.496857
117,8475.496857
118,8475.496857
119,8475.496857
120,8475.496857
121,8475.496857
122,8475.496857
123,8475.496857
124,8475.496857
125,8475.496857
126,8475.496857
127,8475.496857
128,8475.496857
129,8475.496857
130,8475.496857
131,8475.496857
132,8475.496857
133,8475.496857
134,8475.496857
135,8475.496857
136,8475.496857
137,8475.496857
138,8475.496857
139,8475.496857
140,8475.496857
141,8475.496857
142,8475.496857
143,8475.496857
144,8475.496857
145,8475.496857
146,8475.496857
147,8475.496857
148,8475.496857
149,8475.496857
150,8475.496857
151,8475.496857
152,8475.496857
153,8475.496857
154,8475.496857
155,8475.496857
156,8475.496857
157,8475.496857
158,8475.496857
159,8475.496857
160,8475.496857
161,8475.496857
162,8475.496857
163,8475.496857
164,8475.496857
165,8475.496857
166,8475.496857
167,8475.496857
168,8475.496857
169,8475.496857
170,8475.496857
171,8475.496857
172,8475.496857
173,8475.496857
174,8475.496857
175,8475.496857
176,8475.496857
177,8475.496857
178,8475.496857
179,8475.496857
180,8475.496857
181,8475.496857
182,8475.496857
183,8475.496857
184,8475.496857
185,8475.496857
186,8475.496857
187,8475.496857
188,8475.496857
189,8475.496857
190,8475.496857
191,8475.496857
192,8475.496857
193,8475.496857
194,8475.496857
195,8475.496857
196,8475.496857
197,8475.496857
198,8475.496857
199,8475.496857
200,8475.496857
201,8475.496857
202,8475.496857
203,8475.496857
204,8475.496857
205,8475.496857
206,8475.496857
207,8475.496857
208,8475.496857
209,8475.496857
210,8475.496857
211,8475.496857
212,8475.496857
213,8475.496857
214,8475.496857
215,8475.496857
216,8475.496857
217,8475.496857
218,8475.496857
219,8475.496857
220,8475.496857
221,8475.496857
222,8475.496857
223,8475.496857
224,8475.496857
225,8475.496857
226,8475.496857
227,8475.496857
228,8475.496857
229,8475.496857
230,8475.496857
231,8475.496857
232,8475.496857
233,8475.496857
234,8475.496857
235,8475.496857
236,8475.496857
237,8475.496857
238,8475.496857
239,8475.496857
240,8475.496857
241,8475.496857
242,8475.496857
243,8475.496857
244,8475.496857
245,8475.496857
246,8475.496857
247,8475.496857
248,8475.496857
249,8475.496857
250,8475.496857
251,8475.496857
252,8475.496857
253,8475.496857
254,8475.496857
255,8475.496857
256,8475.496857
257,8475.496857
258,8475.496857
259,8475.496857
260,8475.496857
261,8475.496857
262,8475.496857
263,8475.496857
264,8475.496857
265,8475.496857
266,8475.496857
267,8475.496857
268,8475.496857
269,8475.496857
270,8475.496857
271,8475.496857
272,8475.496857
273,8475.496857
274,8475.496857
275,8475.496857
276,8475.496857
277,8475.496857
278,8475.496857
279,8475.496857
280,8475.496857
281,8475.496857
282,8475.496857
283,8475.496857
284,8475.496857
285,8475.496857
286,8475.496857
287,8475.496857
288,8475.496857
289,8475.496857
290,8475.496857
291,8475.496857
292,8475.496857
293,8475.496857
294,8475.496857
295,8475.496857
296,8475.496857
297,8475.496857
298,8475.496857
299,8475.496857
300,8475.496857
301,8475.496857
302,8475.496857
303,8475.496857
304,8475.496857
305,8475.496857
306,8475.496857
307,8475.496857
308,8475.496857
309,8475.496857
310,8475.496857
311,8475.496857
312,8475.496857
313,8475.496857
314,8475.496857
315,8475.496857
316,8475.496857
317,8475.496857
318,8475.496857
319,8475.496857
320,8475.496857
321,8475.496857
322,8475.496857
323,8475.496857
324,8475.496857
325,8475.496857
326,8475.496857
327,8475.496857
328,8475.496857
329,8475.496857
330,8475.496857
331,8475.496857
332,8475.496857
333,8475.496857
334,8475.496857
335,8475.496857
336,8475.496857
337,8475.496857
338,8475.496857
339,8475.496857
340,8475.496857
341,8475.496857
342,8475.496857
343,8475.496857
344,8475.496857
345,8475.496857
346,8475.496857
347,8475.496857
348,8475.496857
349,8475.496857
350,8475.496857
351,8475.496857
352,8475.496857
353,8475.496857
354,8475.496857
355,8475.496857
356,8475.496857
357,8475.496857
358,8475.496857
359,8475.496857
360,8475.496857
361,8475.496857
362,8475.496857
363,8475.496857
364,8475.496857
365,8475.496857
366,8475.496857
367,8475.496857
368,8475.496857
369,8475.496857
370,8475.496857
371,8475.496857
372,8475.496857
373,8475.496857
374,8475.496857
375,8475.496857
376,8475.496857
377,8475.496857
378,8475.496857
379,8475.496857
380,8475.496857
381,8475.496857
382,8475.496857
383,8475.496857
384,8475.496857
385,8475.496857
386,8475.496857
387,8475.496857
388,8475.496857
389,8475.496857
390,8475.496857
391,8475.496857
392,8475.496857
393,8475.496857
394,8475.496857
395,8475.496857
396,8475.496857
397,8475.496857
398,8475.496857
399,8475.496857
400,8475.496857
401,8475.496857
402,8475.496857
403,8475.496857
404,8475.496857
405,8475.496857
406,8475.496857
407,8475.496857
408,8475.496857
409,8475.496857
410,8475.496857
411,8475.496857
412,8475.496857
413,8475.496857
414,8475.496857
415,8475.496857
416,8475.496857
417,8475.496857
418,8475.496857
419,8475.496857
420,8475.496857
421,8475.496857
422,8475.496857
423,8475.496857
424,8475.496857
425,8475.496857
426,8475.496857
427,8475.496857
428,8475.496857
429,8475.496857
430,8475.496857
431,8475.496857
432,8475.496857
433,8475.496857
434,8475.496857
435,8475.496857
436,8475.496857
437,8475.496857
438,8475.496857
439,8475.496857
440,8475.496857
441,8475.496857
442,8475.496857
443,8475.496857
444,8475.496857
445,8475.496857
446,8475.496857
447,8475.496857
448,8475.496857
449,8475.496857
450,8475.496857
451,8475.496857
452,8475.496857
453,8475.496857
454,8475.496857
455,8475.496857
456,8475.496857
457,8475.496857
458,8475.496857
459,8475.496857
460,8475.496857
461,8475.496857
462,8475.496857
463,8475.496857
464,8475.496857
465,8475.496857
466,8475.496857
467,8475.496857
468,8475.496857
469,8475.496857
470,8475.496857
471,8475.496857
472,8475.496857
473,8475.496857
474,8475.496857
475,8475.496857
476,8475.496857
477,8475.496857
478,8475.496857
479,8475.496857
480,8475.496857
481,8475.496857
482,8475.496857
483,8475.496857
484,8475.496857
485,8475.496857
486,8475.496857
487,8475.496857
488,8475.496857
489,8475.496857
490,8475.496857
491,8475.496857
492,8475.496857
493,8475.496857
494,8475.496857
495,8475.496857
496,8475.496857
497,8475.496857
498,8475.496857
499,8475.496857
