0,2801.144023
1,5672.429373
2,6223.084636
3,6739.375988
4,7137.211087
5,7579.677618
6,8019.251062
7,8321.468626
8,8745.456708
9,9203.160958
10,9733.195089
11,10140.401882
12,10626.674044
13,10863.604977
14,11297.065458
15,11776.125894
16,12272.869445
17,12766.883229
18,13093.803847
19,13579.319331
20,13923.976717
21,14279.996203
22,14647.150937
23,14916.524215
24,15143.822381
25,15411.171482
26,15566.650853
27,15792.130806
28,15971.261149
29,16059.598880
30,16134.321787
31,16246.049896
32,16440.310429
33,16513.393155
34,16470.571163
35,16494.223162
36,16630.769831
37,16645.428259
38,16711.926767
39,16672.032527
40,16762.968016
41,16871.858952
42,17068.973961
43,17039.565899
44,16996.302246
45,16979.048650
46,17041.141162
47,16886.333811
48,16857.809834
49,16974.081954
50,17021.352972
51,17005.864465
52,17188.577290
53,17061.322173
54,17173.723810
55,17233.152520
56,17156.493531
57,17090.254247
58,17152.391509
59,17165.415358
60,17199.955426
61,17306.704826
62,17246.685694
63,17294.197343
64,17183.853550
65,17142.612232
66,17316.871353
67,17258.674637
68,17250.129123
69,17312.861000
70,17258.919757
71,17269.385687
72,17314.628581
73,17256.669226
74,17367.423920
75,17211.434894
76,17374.212967
77,17374.288958
78,17371.778867
79,17324.470189
80,17277.959172
81,17199.702586
82,17221.212228
83,17375.196431
84,17212.671686
85,17327.313805
86,17394.796185
87,17411.489217
88,17348.354127
89,17289.160418
90,17347.317253
91,17465.051863
92,17414.549780
93,17420.291129
94,17344.455844
95,17546.081562
96,17428.769100
97,17415.952849
98,17513.702487
99,17462.550423
100,17487.733650
101,17502.830278
102,17427.371741
103,17281.909642
104,17435.886305
105,17384.267995
106,17451.580910
107,17453.916150
108,17383.385253
109,17449.320099
110,17459.930132
111,17473.190165
112,17479.551011
113,17511.993349
114,17519.655896
115,17539.001754
116,17584.104518
117,17612.171679
118,17506.179071
119,17510.000294
120,17538.408129
121,17612.552815
122,17510.335417
123,17540.318058
124,17583.894502
125,17604.554345
126,17571.990700
127,17539.900937
128,17601.660496
129,17513.850649
130,17599.227168
131,17571.643553
132,17574.440013
133,17582.239575
134,17630.337146
135,17563.240009
136,17567.145128
137,17628.031182
138,17637.350956
139,17580.615721
140,17668.669537
141,17689.297330
142,17620.535466
143,17634.325291
144,17640.927950
145,17617.663722
146,17510.686439
147,17558.340581
148,17633.350983
149,17635.007170
150,17739.228278
151,17681.431046
152,17654.467186
153,17672.993439
154,17680.334384
155,17727.866182
156,17698.678017
157,17737.525434
158,17705.425590
159,17760.990264
160,17689.766337
161,17688.218510
162,17713.406757
163,17809.014063
164,17701.216562
165,17743.496035
166,17762.701813
167,17734.976239
168,17784.551122
169,17828.775393
170,17823.046776
171,17756.166537
172,17731.067086
173,17819.430887
174,17778.693311
175,17810.396027
176,17766.521083
177,17830.502201
178,17833.764652
179,17822.004413
180,17798.764402
181,17810.433369
182,17847.096676
183,17836.385664
184,17862.021258
185,17806.570889
186,17817.662710
187,17859.191549
188,17797.195273
189,17833.686847
190,17853.134541
191,17886.446799
192,17864.496182
193,17811.943141
194,17870.498307
195,17838.827784
196,17877.273045
197,17878.367510
198,17872.506151
199,17857.345054
200,17870.548931
201,17890.972066
202,17885.029552
203,17877.804115
204,17902.455464
205,17889.218606
206,17899.041037
207,17895.711884
208,17891.905230
209,17919.591806
210,17888.424141
211,17886.069231
212,17900.446841
213,17868.302149
214,17913.764153
215,17911.658143
216,17884.420615
217,17919.097717
218,17938.972480
219,17926.399438
220,17914.227045
221,17927.635227
222,17903.441184
223,17932.581691
224,17926.900592
225,17930.204453
226,17916.958177
227,17928.660985
228,17929.317984
229,17929.184424
230,17943.974930
231,17913.820376
232,17918.182955
233,17919.405253
234,17929.113457
235,17932.616364
236,17934.747501
237,17927.267109
238,17919.877827
239,17922.719066
240,17922.560226
241,17930.119263
242,17938.600919
243,17935.122702
244,17934.319890
245,17912.980763
246,17923.223300
247,17915.220846
248,17941.867287
249,17942.951093
250,17939.782522
251,17921.897557
252,17912.518479
253,17937.069224
254,17934.908118
255,17926.689067
256,17935.165352
257,17939.049104
258,17930.837768
259,17935.811671
260,17940.563305
261,17939.177036
262,17934.288369
263,17916.132605
264,17943.201069
265,17928.971162
266,17920.885633
267,17933.554927
268,17938.855963
269,17935.484280
270,17920.167874
271,17923.064482
272,17934.593564
273,17933.819866
274,17935.620150
275,17931.430918
276,17933.187319
277,17927.882479
278,17948.374411
279,17931.895824
280,17935.136106
281,17938.545012
282,17918.955139
283,17919.256847
284,17930.061839
285,17929.959562
286,17932.893649
287,17920.783269
288,17933.109780
289,17917.041961
290,17938.065943
291,17926.602696
292,17940.099402
293,17928.487782
294,17917.221138
295,17912.726522
296,17919.161166
297,17924.977424
298,17927.677081
299,17932.417624
300,17930.356745
301,17937.857406
302,17936.155043
303,17935.666400
304,17933.187319
305,17931.104247
306,17929.219434
307,17920.341301
308,17936.078833
309,17935.940697
310,17920.835969
311,17934.027468
312,17936.341931
313,17928.073597
314,17915.004219
315,17913.409386
316,17920.992377
317,17935.042867
318,17935.144503
319,17926.138675
320,17937.503998
321,17933.992826
322,17949.288882
323,17933.451842
324,17928.958736
325,17922.025924
326,17932.240828
327,17924.900868
328,17934.853758
329,17922.098465
330,17930.253817
331,17917.017772
332,17905.488409
333,17930.383843
334,17914.000927
335,17917.491420
336,17921.231199
337,17939.819372
338,17930.898264
339,17943.120837
340,17926.887113
341,17929.191131
342,17932.424367
343,17943.443355
344,17942.797249
345,17940.703517
346,17936.149022
347,17929.784742
348,17945.219920
349,17922.773911
350,17937.508613
351,17933.061428
352,17935.497124
353,17933.091203
354,17934.132945
355,17932.098693
356,17928.872281
357,17925.290040
358,17936.074799
359,17931.486931
360,17921.626479
361,17932.038652
362,17923.628089
363,17933.558520
364,17940.517153
365,17930.022500
366,17943.250469
367,17934.113766
368,17934.409610
369,17925.312198
370,17930.351153
371,17927.703980
372,17934.814714
373,17926.185205
374,17931.444524
375,17921.670313
376,17929.676754
377,17941.812269
378,17927.804820
379,17930.540400
380,17937.868688
381,17930.516763
382,17927.833765
383,17936.043624
384,17933.225108
385,17905.947031
386,17935.318375
387,17935.773425
388,17933.544418
389,17922.535978
390,17921.512036
391,17928.056756
392,17940.234481
393,17927.597313
394,17945.902575
395,17928.384424
396,17933.495275
397,17936.862684
398,17931.142776
399,17923.567774
400,17935.315339
401,17936.345975
402,17919.529438
403,17934.793653
404,17917.734938
405,17910.563578
406,17919.228817
407,17927.942559
408,17930.515134
409,17929.859466
410,17920.849780
411,17935.728843
412,17926.485698
413,17942.314578
414,17925.335668
415,17938.542813
416,17924.276720
417,17909.524848
418,17930.492047
419,17932.626724
420,17914.518729
421,17938.769451
422,17942.814362
423,17936.282874
424,17924.733739
425,17932.951184
426,17936.351666
427,17929.034911
428,17938.456473
429,17934.354556
430,17943.977903
431,17934.845928
432,17933.757311
433,17934.948507
434,17933.969583
435,17933.766053
436,17941.566787
437,17944.222446
438,17936.050424
439,17908.246889
440,17935.115868
441,17931.910036
442,17930.187117
443,17931.927811
444,17932.628799
445,17919.292858
446,17922.209925
447,17936.267396
448,17937.552491
449,17944.288705
450,17921.000063
451,17934.533746
452,17937.856399
453,17921.501601
454,17919.441997
455,17922.064071
456,17910.762724
457,17923.400834
458,17937.410734
459,17944.831338
460,17931.048464
461,17926.475093
462,17924.271490
463,17942.215075
464,17937.780491
465,17946.149015
466,17937.714214
467,17932.109239
468,17931.899451
469,17928.026940
470,17925.744888
471,17930.107602
472,17931.497747
473,17925.406643
474,17913.585768
475,17925.119091
476,17932.558309
477,17933.752609
478,17931.638532
479,17936.677848
480,17931.936283
481,17925.003870
482,17934.918817
483,17918.362515
484,17926.821678
485,17933.994522
486,17939.679060
487,17938.086404
488,17935.533363
489,17926.662992
490,17942.521841
491,17937.556211
492,17935.485754
493,17936.684454
494,17910.712146
495,17925.502826
496,17912.958916
497,17931.578189
498,17914.622992
499,17947.586090
