0,2801.680968
1,3532.862251
2,4072.929847
3,4641.755235
4,5180.968553
5,5699.714218
6,6121.287272
7,6683.247299
8,7142.950495
9,7592.005741
10,7964.181316
11,8214.876265
12,8368.054829
13,8516.320846
14,8631.628231
15,8718.643269
16,8792.042504
17,8871.770486
18,8915.426604
19,8942.440127
20,8975.105486
21,8996.866478
22,9004.853187
23,9006.422087
24,9006.422087
25,9006.422087
26,9006.422087
27,9006.422087
28,9006.521902
29,9006.721532
30,9007.020978
31,9008.118945
32,9009.098866
33,9011.675830
34,9015.489924
35,9021.702470
36,9031.179138
37,9031.375881
38,9031.375881
39,9031.891689
40,9031.891689
41,9033.001868
42,9033.775579
43,9034.409233
44,9038.098450
45,9042.207522
46,9046.407405
47,9057.417377
48,9070.395877
49,9097.216995
50,9100.045604
51,9104.938340
52,9112.277442
53,9121.713432
54,9138.838005
55,9173.622781
56,9183.222103
57,9183.222103
58,9183.222103
59,9183.222103
60,9183.222103
61,9183.222103
62,9183.520247
63,9183.818392
64,9183.818392
65,9184.116536
66,9185.010970
67,9185.010970
68,9187.396126
69,9189.781282
70,9192.166438
71,9200.216340
72,9208.862532
73,9223.769758
74,9250.954199
75,9257.758233
76,9257.758233
77,9257.758233
78,9257.758233
79,9257.758233
80,9257.758233
81,9257.758233
82,9257.758233
83,9257.758233
84,9259.913258
85,9262.068282
86,9262.930292
87,9268.533356
88,9279.308478
89,9296.117669
90,9321.977963
91,9363.354433
92,9365.509458
93,9365.509458
94,9365.509458
95,9365.681254
96,9365.681254
97,9366.024847
98,9366.368440
99,9366.712032
100,9366.883829
101,9368.773589
102,9369.632570
103,9371.522330
104,9375.473646
105,9380.971130
106,9393.512263
107,9408.458546
108,9408.458546
109,9408.458546
110,9408.458546
111,9408.458546
112,9408.458546
113,9408.458546
114,9408.458546
115,9408.458546
116,9408.458546
117,9408.458546
118,9408.458546
119,9408.458546
120,9408.458546
121,9408.458546
122,9408.458546
123,9408.458546
124,9408.458546
125,9408.458546
126,9408.458546
127,9408.458546
128,9408.458546
129,9408.458546
130,9408.458546
131,9408.458546
132,9408.458546
133,9408.458546
134,9408.458546
135,9408.458546
136,9408.458546
137,9408.458546
138,9408.458546
139,9408.458546
140,9408.458546
141,9408.458546
142,9408.458546
143,9408.458546
144,9408.458546
145,9409.054342
146,9409.054342
147,9409.054342
148,9409.054342
149,9409.650139
150,9409.650139
151,9409.650139
152,9410.245935
153,9414.416511
154,9419.182884
155,9429.311425
156,9440.631560
157,9468.633998
158,9516.297722
159,9557.407685
160,9557.513384
161,9557.513384
162,9557.936180
163,9558.781773
164,9560.050162
165,9562.375541
166,9566.603504
167,9572.311254
168,9582.462762
169,9585.777598
170,9586.166627
171,9588.111772
172,9590.056917
173,9596.670412
174,9606.396138
175,9624.680505
176,9651.523511
177,9681.089720
178,9681.089720
179,9681.089720
180,9681.089720
181,9681.089720
182,9681.089720
183,9681.089720
184,9681.089720
185,9681.089720
186,9681.089720
187,9681.089720
188,9681.089720
189,9681.089720
190,9681.089720
191,9681.089720
192,9681.089720
193,9681.089720
194,9681.089720
195,9681.089720
196,9681.089720
197,9681.089720
198,9681.089720
199,9681.089720
200,9681.089720
201,9681.089720
202,9681.850866
203,9682.231440
204,9683.373159
205,9685.276025
206,9686.417745
207,9689.462330
208,9693.268062
209,9702.021245
210,9716.102452
211,9736.653404
212,9770.904990
213,9776.233014
214,9776.233014
215,9776.233014
216,9776.233014
217,9776.233014
218,9776.233014
219,9776.233014
220,9776.233014
221,9776.233014
222,9776.233014
223,9776.233014
224,9776.233014
225,9776.233014
226,9776.233014
227,9776.233014
228,9776.233014
229,9776.233014
230,9776.233014
231,9776.660103
232,9776.873648
233,9776.873648
234,9778.154916
235,9779.009094
236,9781.358085
237,9785.415433
238,9791.181139
239,9800.790648
240,9821.290933
241,9829.619174
242,9829.619174
243,9829.619174
244,9829.619174
245,9829.619174
246,9829.619174
247,9829.619174
248,9829.619174
249,9829.619174
250,9829.619174
251,9829.619174
252,9829.619174
253,9829.619174
254,9829.619174
255,9829.619174
256,9829.619174
257,9829.619174
258,9829.619174
259,9829.619174
260,9829.619174
261,9829.619174
262,9829.619174
263,9829.619174
264,9829.619174
265,9829.619174
266,9829.619174
267,9829.619174
268,9829.619174
269,9829.619174
270,9829.619174
271,9829.619174
272,9829.619174
273,9829.619174
274,9829.619174
275,9829.619174
276,9829.619174
277,9829.619174
278,9829.619174
279,9829.619174
280,9829.619174
281,9829.619174
282,9829.619174
283,9829.619174
284,9829.619174
285,9829.619174
286,9829.619174
287,9829.619174
288,9829.619174
289,9829.619174
290,9829.619174
291,9829.619174
292,9829.619174
293,9829.619174
294,9829.619174
295,9829.619174
296,9829.619174
297,9829.619174
298,9829.619174
299,9829.619174
300,9829.619174
301,9829.619174
302,9829.619174
303,9829.619174
304,9829.619174
305,9829.619174
306,9829.619174
307,9829.619174
308,9829.619174
309,9829.619174
310,9829.619174
311,9829.619174
312,9829.619174
313,9829.619174
314,9829.619174
315,9829.619174
316,9829.619174
317,9829.619174
318,9829.619174
319,9829.619174
320,9829.619174
321,9829.619174
322,9829.619174
323,9829.619174
324,9829.619174
325,9829.619174
326,9829.619174
327,9829.619174
328,9829.619174
329,9829.619174
330,9829.619174
331,9829.619174
332,9829.619174
333,9829.619174
334,9829.619174
335,9829.619174
336,9829.619174
337,9829.619174
338,9829.619174
339,9829.619174
340,9829.619174
341,9829.619174
342,9829.619174
343,9829.619174
344,9829.619174
345,9829.619174
346,9829.619174
347,9829.619174
348,9829.619174
349,9829.619174
350,9829.619174
351,9829.619174
352,9829.619174
353,9829.619174
354,9829.619174
355,9829.619174
356,9829.619174
357,9829.619174
358,9829.619174
359,9829.619174
360,9829.619174
361,9829.619174
362,9829.619174
363,9829.619174
364,9829.619174
365,9829.619174
366,9829.619174
367,9829.619174
368,9829.619174
369,9829.619174
370,9829.619174
371,9829.619174
372,9829.619174
373,9829.619174
374,9829.619174
375,9829.619174
376,9829.619174
377,9829.619174
378,9829.619174
379,9829.619174
380,9829.619174
381,9829.619174
382,9829.619174
383,9829.619174
384,9829.619174
385,9829.619174
386,9829.619174
387,9829.619174
388,9829.619174
389,9829.619174
390,9829.619174
391,9829.619174
392,9829.619174
393,9829.619174
394,9829.619174
395,9829.619174
396,9829.619174
397,9829.619174
398,9829.619174
399,9829.619174
400,9829.619174
401,9829.619174
402,9829.619174
403,9829.619174
404,9829.619174
405,9829.619174
406,9829.619174
407,9829.619174
408,9829.619174
409,9829.619174
410,9829.619174
411,9829.619174
412,9829.619174
413,9829.619174
414,9829.619174
415,9829.619174
416,9829.619174
417,9829.619174
418,9829.619174
419,9829.619174
420,9829.619174
421,9829.619174
422,9829.619174
423,9829.619174
424,9829.619174
425,9829.619174
426,9829.619174
427,9829.619174
428,9829.619174
429,9829.619174
430,9829.619174
431,9829.619174
432,9829.619174
433,9829.619174
434,9829.619174
435,9829.619174
436,9829.619174
437,9829.619174
438,9829.619174
439,9829.619174
440,9829.619174
441,9829.619174
442,9829.619174
443,9829.619174
444,9829.619174
445,9829.619174
446,9829.619174
447,9829.619174
448,9829.619174
449,9830.499654
450,9832.260614
451,9832.260614
452,9832.260614
453,9836.663013
454,9841.065413
455,9849.870212
456,9864.838371
457,9885.089409
458,9929.113405
459,9989.520285
460,10049.739154
461,10049.739154
462,10049.739154
463,10049.739154
464,10049.739154
465,10049.739154
466,10049.739154
467,10049.739154
468,10049.739154
469,10049.739154
470,10049.739154
471,10049.739154
472,10049.739154
473,10049.739154
474,10049.739154
475,10049.739154
476,10049.739154
477,10049.739154
478,10049.739154
479,10049.739154
480,10049.739154
481,10049.739154
482,10049.739154
483,10049.739154
484,10049.739154
485,10049.739154
486,10049.739154
487,10049.739154
488,10049.739154
489,10049.739154
490,10049.739154
491,10049.739154
492,10049.739154
493,10049.739154
494,10049.739154
495,10049.739154
496,10049.739154
497,10049.739154
498,10049.739154
499,10049.739154
