0,2730.577691
1,5451.576083
2,5991.830999
3,6440.969230
4,6921.117231
5,7288.603633
6,7694.408482
7,8029.793928
8,8336.480964
9,8682.598558
10,8952.594679
11,9367.261536
12,9613.144896
13,9872.260706
14,10003.850576
15,10354.829428
16,10534.669446
17,10899.878119
18,11168.932322
19,11322.830917
20,11779.477827
21,12038.783038
22,12253.863081
23,12476.092447
24,12724.294866
25,12994.693502
26,13267.765664
27,13486.811187
28,13879.653941
29,14051.121655
30,14098.497398
31,14183.268543
32,14198.536835
33,14444.100038
34,14613.538111
35,14757.378335
36,14812.946322
37,15031.873937
38,15033.340419
39,15346.183219
40,15259.926501
41,15361.144683
42,15591.030139
43,15620.228377
44,15747.613825
45,15609.105659
46,15897.592242
47,15811.476309
48,15971.866064
49,16056.025157
50,15769.253733
51,15644.716195
52,15726.330949
53,15709.047801
54,15887.925330
55,15798.383289
56,15834.435086
57,15981.853426
58,16099.288642
59,15833.515774
60,15874.895158
61,15995.421685
62,16538.153680
63,16422.606956
64,16324.510489
65,16332.631355
66,16394.037532
67,16242.977167
68,16037.669643
69,16416.336510
70,16297.100486
71,16500.372864
72,16412.301523
73,16589.348928
74,16490.147774
75,16491.387384
76,16606.532267
77,16630.461146
78,16442.088100
79,16438.846258
80,16647.189796
81,16393.142582
82,16501.278472
83,16524.941785
84,16384.781300
85,16306.354164
86,16323.853377
87,16650.837015
88,16521.476718
89,16528.905407
90,16644.569176
91,16662.488487
92,16491.256757
93,16398.141831
94,16259.649554
95,16529.490522
96,16323.510317
97,16829.493392
98,16869.559370
99,16612.036930
100,16682.113650
101,16501.330186
102,16476.919020
103,16227.110780
104,16303.871782
105,16582.311116
106,16494.327557
107,16587.830026
108,16451.177395
109,16616.737076
110,16378.827888
111,16468.356034
112,16231.982041
113,16330.965221
114,16602.554058
115,16481.974014
116,16690.984192
117,16604.071114
118,16570.669186
119,16539.890685
120,16825.173735
121,16756.328667
122,16792.955923
123,16734.075735
124,16926.585216
125,16677.578955
126,16640.931880
127,16709.675781
128,16622.261559
129,16681.969148
130,16499.608304
131,16378.086033
132,16630.956241
133,16332.417045
134,16418.083222
135,16659.497721
136,16740.566895
137,16730.350737
138,16581.482476
139,16655.096195
140,16525.367055
141,16892.399061
142,16847.811847
143,16617.144727
144,16462.985152
145,16652.586449
146,16548.067313
147,16724.995935
148,16552.596832
149,16605.404663
150,16359.349348
151,16623.037277
152,16592.518308
153,16681.672206
154,16832.824319
155,16968.866340
156,16620.727090
157,16807.083688
158,16910.712029
159,16777.031464
160,16965.806483
161,17129.992040
162,17066.339218
163,17074.139024
164,17131.000786
165,17140.214747
166,17161.780168
167,17535.616433
168,17290.782381
169,17229.846029
170,17378.479818
171,17375.468605
172,17446.841911
173,17569.224423
174,17765.549337
175,17442.950037
176,17523.325886
177,17587.084919
178,17417.795038
179,17345.903199
180,17312.473207
181,17490.973666
182,17380.416531
183,17389.013565
184,17539.027106
185,17425.696230
186,17409.814849
187,17246.101437
188,17207.947090
189,17246.464892
190,17492.595710
191,17668.064942
192,17370.961608
193,17613.951643
194,17496.672772
195,17390.078761
196,17458.320429
197,17476.508736
198,17635.766333
199,17666.169685
200,17347.386534
201,17359.562556
202,17454.083924
203,17643.604001
204,17533.603706
205,17327.998734
206,17705.263087
207,17498.419531
208,17753.141837
209,17724.722406
210,17595.691816
211,17792.166769
212,17594.052946
213,17620.821145
214,17732.171940
215,17680.955087
216,17651.408302
217,17642.190997
218,17948.211153
219,17936.025783
220,17910.708002
221,17952.982176
222,18037.875000
223,17949.144432
224,18183.838662
225,17928.079973
226,17692.154573
227,17883.137262
228,17758.249782
229,17848.074750
230,17878.255945
231,17584.384984
232,17703.018609
233,17720.279610
234,17546.667066
235,17729.784702
236,17956.305111
237,18028.037644
238,17810.814359
239,17926.753955
240,17837.504094
241,18073.599052
242,17938.936558
243,17965.886820
244,17859.777615
245,17697.326707
246,17714.451929
247,17719.761187
248,17767.037988
249,17724.108493
250,17747.417906
251,17791.261472
252,18028.572106
253,18005.228716
254,17903.233843
255,17962.023841
256,18144.861253
257,17866.571828
258,17862.176861
259,17772.751999
260,17497.592622
261,17873.545276
262,18022.879090
263,18051.335929
264,17991.902446
265,17605.179084
266,17795.967410
267,17898.191290
268,17971.251138
269,18024.073920
270,18159.919370
271,17977.704264
272,17759.142749
273,17655.680857
274,17866.474841
275,17666.172509
276,17898.249210
277,17969.308477
278,18055.687852
279,17727.581061
280,17965.115323
281,17989.538886
282,17648.399207
283,17782.832212
284,17718.833930
285,17717.573785
286,17770.321506
287,17977.129905
288,17999.432326
289,17886.651249
290,18053.115144
291,18098.387682
292,17869.735788
293,17665.477512
294,17807.815950
295,17787.256260
296,18156.005206
297,17874.147223
298,17862.406305
299,17970.609534
300,17907.401545
301,17567.492519
302,17668.776281
303,17826.407016
304,18155.128270
305,18158.735009
306,18106.317862
307,18032.975373
308,18264.202656
309,18196.000923
310,18115.469642
311,18073.736833
312,17943.547572
313,17817.587445
314,17840.032967
315,17862.311225
316,17630.608352
317,17683.739619
318,17585.081517
319,17757.163760
320,17891.495775
321,17947.056402
322,17859.826692
323,17885.768299
324,17506.075775
325,17732.740793
326,17985.037508
327,18316.195945
328,18149.100165
329,17692.495362
330,17685.987001
331,17684.686983
332,17772.735853
333,18114.673037
334,17769.811910
335,18060.694140
336,17831.013581
337,17920.046826
338,17915.478849
339,17933.257975
340,17855.234069
341,17815.071051
342,17864.979612
343,17789.947753
344,17969.457469
345,17708.406061
346,17660.638571
347,17392.869788
348,17593.141224
349,17811.075803
350,17817.059742
351,17898.058356
352,18161.067245
353,18083.894695
354,18069.576875
355,17800.370089
356,17493.771359
357,17709.740694
358,17820.053744
359,17957.456437
360,17905.026269
361,18286.423569
362,18035.630022
363,17990.876660
364,17762.491701
365,17808.278935
366,18091.270449
367,18080.808907
368,17863.332267
369,17812.256447
370,17746.596076
371,17964.583016
372,17708.922251
373,17798.182659
374,17730.973788
375,17706.990772
376,18100.565091
377,18200.192173
378,17927.222410
379,17931.210674
380,18046.826824
381,17783.791707
382,17515.063244
383,17598.608338
384,17928.317185
385,17747.645369
386,17862.496596
387,17751.881387
388,17588.940080
389,17800.401731
390,17941.339067
391,17766.876821
392,17826.722592
393,17820.921097
394,18098.306063
395,17817.848340
396,18003.945506
397,18026.272756
398,17855.519886
399,17974.660520
400,17820.445230
401,17713.449230
402,17917.352704
403,17953.114909
404,18189.030919
405,18082.322558
406,18021.672623
407,17958.497000
408,17981.565261
409,17909.594331
410,17754.178978
411,17665.239305
412,17656.551794
413,17765.633629
414,17819.026371
415,17712.929447
416,17958.871095
417,17827.746473
418,17874.878995
419,17848.430457
420,17977.869141
421,17748.623474
422,17819.566654
423,17820.536743
424,17934.151883
425,17925.579733
426,17956.145152
427,17940.102503
428,17715.187510
429,17719.013480
430,17629.672572
431,17482.523281
432,18056.138687
433,17906.044085
434,17806.977318
435,17869.765630
436,17835.611017
437,17377.990598
438,17346.689541
439,17603.968078
440,17583.524039
441,17789.881834
442,17806.641453
443,18099.501396
444,18353.143853
445,18392.884892
446,18318.178234
447,18327.834622
448,18119.649140
449,17776.740630
450,18117.605918
451,17954.274734
452,17919.455681
453,17689.214103
454,17627.966672
455,17913.751774
456,17571.165922
457,17627.310505
458,17794.667838
459,17700.394013
460,17801.598580
461,17729.980992
462,17886.176783
463,17865.272604
464,17783.519255
465,17944.977079
466,17802.964039
467,17878.535790
468,17919.974499
469,17664.013619
470,17920.596822
471,17880.759683
472,17798.889863
473,17690.486447
474,17675.826372
475,17641.799964
476,17921.513466
477,18014.605936
478,17908.114552
479,17792.653919
480,17797.081987
481,17902.266919
482,17780.422846
483,17864.775382
484,17775.468357
485,17447.292206
486,17799.399167
487,17835.057600
488,17594.671885
489,17816.893250
490,18072.855491
491,17976.726302
492,17999.164979
493,17824.359149
494,17838.907213
495,17966.414834
496,17889.113221
497,17627.651625
498,17697.063296
499,17920.703060
