0,2796.424462
1,2767.480935
2,2814.662720
3,2804.549657
4,2834.311126
5,2899.915092
6,2868.700740
7,2915.851041
8,3001.716923
9,2987.911982
10,3010.507270
11,3069.004850
12,3074.161173
13,3009.089744
14,3076.480083
15,3128.470203
16,3189.781339
17,3251.686643
18,3317.134192
19,3304.763714
20,3274.987741
21,3419.071560
22,3507.700135
23,3562.708688
24,3650.976825
25,3695.560146
26,3600.187743
27,3721.273518
28,3738.461243
29,3770.792317
30,3749.270225
31,3787.627437
32,3910.893190
33,3928.986670
34,3968.007916
35,4066.962686
36,4066.072556
37,4120.359142
38,4230.417441
39,4278.049769
40,4368.705968
41,4423.797582
42,4533.853365
43,4541.633345
44,4675.769650
45,4621.613028
46,4757.872313
47,4721.903400
48,4672.085536
49,4785.898571
50,4855.189312
51,4916.301604
52,4922.878040
53,5012.281711
54,5058.220963
55,5170.256617
56,5168.238781
57,5162.387392
58,5165.990379
59,5204.091919
60,5195.016136
61,5285.843641
62,5418.820061
63,5509.147319
64,5678.234543
65,5745.324509
66,5924.375288
67,5865.756876
68,6111.268723
69,6181.121760
70,6074.716330
71,6159.228907
72,6147.490862
73,6118.143666
74,6033.261455
75,6211.330305
76,6372.270297
77,6378.080717
78,6323.438636
79,6304.268904
80,6387.729304
81,6498.906459
82,6567.616947
83,6607.800788
84,6694.690306
85,6692.426190
86,6808.632275
87,6856.920012
88,6937.543309
89,7010.501397
90,6985.846128
91,7135.552935
92,7249.977763
93,7328.947773
94,7392.727322
95,7511.171442
96,7563.776260
97,7581.432315
98,7588.671578
99,7677.844534
100,7695.846890
101,7748.937114
102,7716.035738
103,7715.516753
104,7635.049174
105,7803.026212
106,7888.805845
107,7969.251010
108,7974.434621
109,8094.232309
110,7966.937451
111,8014.494656
112,8150.106221
113,8121.735078
114,8232.276293
115,8348.601456
116,8234.369852
117,8254.032348
118,8303.705702
119,8321.884877
120,8290.905937
121,8347.607213
122,8231.916038
123,8253.818724
124,8306.737699
125,8322.738413
126,8359.569203
127,8327.679505
128,8281.647178
129,8402.469143
130,8364.533498
131,8406.954395
132,8455.071729
133,8455.774099
134,8477.050078
135,8492.893117
136,8378.721526
137,8435.946942
138,8499.153572
139,8511.707984
140,8518.941420
141,8498.429228
142,8471.142836
143,8550.369560
144,8559.885666
145,8527.750228
146,8571.685782
147,8611.090097
148,8627.263146
149,8590.805199
150,8582.938492
151,8594.302537
152,8646.163936
153,8617.256736
154,8630.347976
155,8646.823315
156,8691.069010
157,8674.266564
158,8628.466145
159,8651.854011
160,8659.378981
161,8692.241754
162,8677.944142
163,8703.966555
164,8684.594728
165,8708.937051
166,8665.429530
167,8719.379016
168,8714.327451
169,8724.968196
170,8728.907403
171,8735.025669
172,8743.924282
173,8723.878101
174,8727.252183
175,8760.021016
176,8709.358306
177,8743.197009
178,8714.901710
179,8736.537020
180,8765.741428
181,8751.629530
182,8754.341867
183,8755.296055
184,8755.509242
185,8738.309320
186,8741.006206
187,8741.882060
188,8766.846288
189,8761.847864
190,8744.554867
191,8760.627119
192,8752.807045
193,8756.643665
194,8778.495325
195,8771.739252
196,8763.421889
197,8770.557527
198,8777.106874
199,8768.924232
200,8780.397129
201,8759.281094
202,8753.914849
203,8773.765656
204,8772.049803
205,8776.230915
206,8771.603033
207,8774.930208
208,8775.050984
209,8772.364494
210,8780.141884
211,8779.085180
212,8780.566912
213,8779.846816
214,8778.461721
215,8776.762645
216,8780.043850
217,8779.871432
218,8780.965956
219,8778.199055
220,8765.742765
221,8766.912978
222,8776.225616
223,8778.854409
224,8770.256367
225,8780.560356
226,8780.117508
227,8782.323128
228,8780.991782
229,8778.005159
230,8774.163171
231,8774.443073
232,8781.435318
233,8780.478322
234,8778.530353
235,8781.380029
236,8779.504227
237,8780.390301
238,8779.239862
239,8773.761239
240,8780.111257
241,8781.138160
242,8782.110467
243,8782.681370
244,8779.388601
245,8778.672974
246,8780.866555
247,8781.623127
248,8781.017686
249,8781.403339
250,8780.873031
251,8779.675520
252,8779.218963
253,8775.774497
254,8774.796357
255,8778.603063
256,8774.409276
257,8780.393299
258,8780.716705
259,8780.770671
260,8778.133138
261,8774.160442
262,8776.994896
263,8779.297939
264,8775.799845
265,8776.283846
266,8781.946304
267,8781.944354
268,8781.970764
269,8782.294023
270,8773.301969
271,8776.245805
272,8779.226573
273,8779.329649
274,8780.847258
275,8778.611124
276,8776.396614
277,8781.326379
278,8778.997837
279,8779.260301
280,8781.608500
281,8779.132282
282,8780.959882
283,8779.477273
284,8780.404095
285,8780.328458
286,8777.999598
287,8780.433075
288,8779.713272
289,8781.470387
290,8782.302596
291,8782.244311
292,8779.048602
293,8778.768207
294,8778.309555
295,8773.882582
296,8777.483056
297,8777.471017
298,8776.711613
299,8780.501150
300,8778.514792
301,8774.397146
302,8782.966529
303,8782.363244
304,8782.341453
305,8778.899653
306,8783.070148
307,8781.182234
308,8780.212286
309,8781.216712
310,8779.317412
311,8780.321896
312,8775.086276
313,8778.193234
314,8777.488915
315,8779.656372
316,8779.095819
317,8779.207500
318,8778.838966
319,8776.689901
320,8776.572428
321,8778.540882
322,8780.641678
323,8783.031084
324,8779.743191
325,8778.551611
326,8779.120359
327,8773.299120
328,8780.443346
329,8781.160642
330,8778.548091
331,8778.607451
332,8776.496683
333,8776.890423
334,8779.019427
335,8782.018387
336,8783.152035
337,8781.707761
338,8779.751235
339,8782.311551
340,8782.959966
341,8778.878572
342,8783.391653
343,8777.353593
344,8770.838076
345,8782.071643
346,8780.126420
347,8782.286340
348,8781.645942
349,8782.178401
350,8775.787475
351,8782.350205
352,8780.780677
353,8783.374528
354,8778.776080
355,8781.061256
356,8780.228426
357,8778.248846
358,8778.163326
359,8780.578700
360,8779.399905
361,8779.054615
362,8777.690442
363,8778.923592
364,8776.849654
365,8781.933881
366,8783.841813
367,8782.990680
368,8781.875185
369,8780.944366
370,8780.362146
371,8783.790003
372,8778.778423
373,8782.082526
374,8780.233676
375,8778.740401
376,8776.308721
377,8776.462262
378,8779.846753
379,8781.361740
380,8779.734542
381,8780.061640
382,8781.186384
383,8781.510148
384,8774.232596
385,8776.967151
386,8779.563513
387,8778.590084
388,8777.414479
389,8781.530732
390,8782.693116
391,8782.652310
392,8783.335464
393,8772.378229
394,8781.105322
395,8780.417073
396,8780.779254
397,8782.210576
398,8780.840963
399,8781.847954
400,8781.283320
401,8779.737629
402,8780.478104
403,8782.715122
404,8783.906575
405,8782.970746
406,8782.326806
407,8782.378616
408,8781.149699
409,8780.636874
410,8779.870545
411,8779.844522
412,8780.162811
413,8776.207486
414,8777.799248
415,8779.138973
416,8781.445411
417,8781.114024
418,8782.575125
419,8782.001361
420,8782.960922
421,8781.541885
422,8775.594739
423,8782.643634
424,8781.412919
425,8781.058946
426,8778.679756
427,8776.176851
428,8777.929650
429,8776.338298
430,8777.890807
431,8776.501457
432,8780.593793
433,8778.594143
434,8780.716775
435,8775.222474
436,8778.797613
437,8777.409481
438,8774.302079
439,8780.925229
440,8782.574568
441,8781.307204
442,8782.179566
443,8780.228472
444,8780.440516
445,8782.310001
446,8783.540605
447,8784.146193
448,8779.504084
449,8782.212858
450,8782.824923
451,8783.997241
452,8783.365749
453,8778.563122
454,8777.928861
455,8780.061135
456,8782.249639
457,8780.725496
458,8781.087784
459,8778.011726
460,8775.237907
461,8776.990476
462,8775.850136
463,8779.091265
464,8779.122818
465,8777.903070
466,8781.523080
467,8778.996497
468,8782.708351
469,8782.753685
470,8783.374321
471,8782.262592
472,8782.833495
473,8783.346320
474,8782.535636
475,8781.506212
476,8782.299145
477,8776.717755
478,8777.263850
479,8780.185111
480,8777.988200
481,8777.148381
482,8784.217431
483,8782.083283
484,8783.088163
485,8782.654379
486,8778.148765
487,8780.598563
488,8781.844606
489,8780.747096
490,8779.547193
491,8777.050435
492,8779.367437
493,8778.531353
494,8777.576341
495,8780.723185
496,8778.146060
497,8770.658498
498,8778.610518
499,8780.805063
