0,2867.763598
1,5605.867504
2,6073.420280
3,6434.502605
4,6771.266262
5,7039.438924
6,7228.575136
7,7524.360014
8,7708.605948
9,7952.589612
10,8020.875678
11,8286.129167
12,8435.594697
13,8536.434916
14,8716.480992
15,8871.298685
16,8911.023177
17,9188.364176
18,9151.231995
19,9312.562609
20,9416.214508
21,9650.419455
22,9623.073598
23,9647.872337
24,9765.251808
25,9790.490398
26,9809.303975
27,9968.694393
28,10187.960941
29,10284.241897
30,10413.842211
31,10437.087603
32,10624.936262
33,10610.874222
34,10702.442071
35,10757.806668
36,10633.642459
37,10787.390612
38,10826.633344
39,10820.971198
40,10800.162633
41,10937.907208
42,10958.380707
43,11129.546796
44,11100.005063
45,11165.288366
46,11160.244226
47,11318.795435
48,11240.911026
49,11312.165143
50,11329.547649
51,11317.047824
52,11300.610083
53,11580.170844
54,11527.275019
55,11508.890713
56,11488.459784
57,11637.606004
58,11594.106719
59,11536.340811
60,11616.137438
61,11737.554506
62,11854.441181
63,11840.850143
64,11818.191406
65,11866.620833
66,11981.624255
67,11966.518662
68,11966.352593
69,11922.053616
70,12038.163509
71,12116.502243
72,12007.619137
73,12221.797441
74,12290.818244
75,12165.000883
76,12194.202995
77,12264.115929
78,12167.875372
79,12388.372801
80,12418.027188
81,12417.365933
82,12417.081920
83,12548.504110
84,12478.077412
85,12356.488043
86,12492.121707
87,12555.542966
88,12507.492745
89,12696.992583
90,12543.840495
91,12626.762470
92,12549.817138
93,12652.632105
94,12796.713426
95,12879.713147
96,12717.556389
97,12746.091969
98,12843.816547
99,12698.693805
100,12701.453934
101,12893.722618
102,12859.165405
103,13032.986815
104,12884.391053
105,12910.874477
106,12899.299046
107,12984.991820
108,12959.188654
109,13003.655287
110,12855.813798
111,12928.576033
112,12887.395555
113,12946.264116
114,13121.660950
115,13190.434750
116,12926.039402
117,13213.258652
118,13261.193271
119,12943.443815
120,12992.484219
121,13130.938608
122,13214.570989
123,13192.202462
124,13317.635847
125,13343.145284
126,13409.438228
127,12986.813559
128,13213.671417
129,13350.879642
130,13174.589839
131,13199.417789
132,13398.088471
133,13344.250910
134,13315.101120
135,13332.222224
136,13255.169903
137,13402.553614
138,13202.385251
139,13241.330703
140,13395.406327
141,13379.334326
142,13366.909719
143,13665.845353
144,13582.255048
145,13483.832328
146,13307.866976
147,13594.152723
148,13482.170414
149,13479.843417
150,13458.601548
151,13460.419746
152,13488.913650
153,13543.169743
154,13621.403685
155,13617.079570
156,13501.344246
157,13486.364777
158,13596.766046
159,13566.443642
160,13629.037064
161,13560.276321
162,13506.764795
163,13554.925144
164,13700.736579
165,13500.349975
166,13529.626560
167,13629.696551
168,13547.670466
169,13596.273860
170,13685.483413
171,13532.774891
172,13506.449185
173,13651.475219
174,13600.363832
175,13593.649883
176,13608.046133
177,13610.261963
178,13651.870901
179,13840.962358
180,13680.676644
181,13776.116933
182,13769.088503
183,13660.864371
184,13737.069122
185,13700.642394
186,13770.863238
187,13612.226961
188,13927.484642
189,13717.966350
190,13712.453225
191,13670.069731
192,13985.803797
193,13960.299949
194,13911.122557
195,13842.903618
196,13911.082544
197,13776.222512
198,13813.975985
199,13872.161754
200,13859.841707
201,13791.902040
202,14033.241052
203,13992.117073
204,13830.304510
205,14051.712724
206,13899.703694
207,13888.724120
208,13840.858918
209,14012.031348
210,14043.212770
211,13983.175424
212,14074.513695
213,13906.845652
214,14035.761982
215,14176.723476
216,13881.203615
217,13983.260375
218,14022.515918
219,13959.353401
220,14021.007212
221,13984.742849
222,14074.766049
223,13954.780939
224,14042.110556
225,14367.341903
226,14230.741385
227,14212.663213
228,14153.833961
229,14137.618877
230,14153.768535
231,14099.413939
232,14179.496198
233,14177.637467
234,14281.981350
235,14194.805838
236,14206.730166
237,13985.974708
238,14089.148781
239,14157.352938
240,14196.578621
241,14201.773730
242,14182.928345
243,14142.292895
244,14161.130605
245,14292.757391
246,14220.767157
247,14278.201429
248,14291.514650
249,14443.769800
250,14199.578809
251,14340.680372
252,14293.963850
253,14245.932211
254,14310.921918
255,14321.352621
256,14258.416142
257,14311.752845
258,14220.039274
259,14386.727761
260,14250.601798
261,14291.557118
262,14437.102254
263,14301.538121
264,14311.423369
265,14432.857470
266,14407.833111
267,14268.991435
268,14454.312848
269,14406.470285
270,14351.923771
271,14389.532102
272,14369.273751
273,14376.955137
274,14462.616501
275,14354.735047
276,14410.048141
277,14486.050677
278,14279.835913
279,14243.170351
280,14336.882358
281,14349.465748
282,14368.322828
283,14410.392246
284,14437.462134
285,14397.165464
286,14489.893683
287,14475.296818
288,14592.045555
289,14460.225295
290,14759.765263
291,14469.893161
292,14477.753315
293,14358.239662
294,14534.316848
295,14475.180081
296,14501.725059
297,14422.237357
298,14610.712883
299,14501.291383
300,14402.771023
301,14632.230437
302,14741.348576
303,14482.619984
304,14540.797955
305,14468.647905
306,14696.732619
307,14528.525554
308,14615.611075
309,14687.843218
310,14523.871545
311,14557.436656
312,14673.137073
313,14489.546793
314,14458.941480
315,14729.608697
316,14490.765431
317,14695.080213
318,14687.999107
319,14582.068138
320,14705.643945
321,14559.136138
322,14668.299770
323,14522.252755
324,14673.383935
325,14650.044446
326,14370.025238
327,14460.462317
328,14516.435798
329,14539.765992
330,14589.917233
331,14601.195117
332,14524.742890
333,14386.508869
334,14570.365551
335,14535.436801
336,14616.742774
337,14591.403097
338,14523.165998
339,14763.805095
340,14711.799835
341,14624.035299
342,14674.378890
343,14792.858285
344,14752.227770
345,14742.311506
346,14797.187435
347,14717.739294
348,14684.172151
349,14895.396624
350,14738.182646
351,14633.349649
352,14640.722614
353,14679.710621
354,14689.668460
355,14774.805114
356,14578.678706
357,14814.737857
358,14660.580870
359,14750.351474
360,14715.204139
361,14851.060915
362,14636.050585
363,14610.536856
364,14717.340610
365,14939.750509
366,14775.673257
367,14571.193288
368,14636.697055
369,14658.042812
370,14770.313417
371,14793.439284
372,14726.549270
373,14973.766782
374,14750.138091
375,14652.492467
376,14744.288046
377,14770.389383
378,14875.482788
379,14780.221740
380,14843.157243
381,14779.167140
382,14827.914482
383,14666.736543
384,14737.961771
385,14648.636172
386,14653.862296
387,14808.043354
388,14832.474532
389,14692.474687
390,14759.249598
391,14909.767686
392,14792.245755
393,14745.984277
394,14748.889371
395,14660.643499
396,14818.632129
397,14629.400774
398,14896.355942
399,14888.790271
400,14787.813028
401,14704.296920
402,14567.935774
403,14726.267738
404,14903.113598
405,14788.969399
406,14903.476995
407,14766.389765
408,14682.124990
409,14812.930778
410,14930.180844
411,14717.532036
412,14875.528130
413,14944.357172
414,14899.328872
415,14798.516141
416,14840.809040
417,14892.362109
418,14776.362392
419,14796.716852
420,14833.901016
421,14776.210213
422,14727.386294
423,14941.150759
424,14675.494505
425,14774.220252
426,14774.390129
427,14991.844518
428,14906.506026
429,14845.882195
430,14862.951413
431,14846.459748
432,14864.667548
433,14788.156110
434,14898.520553
435,14765.615443
436,14656.336079
437,14851.107623
438,14825.131790
439,14787.126569
440,14925.155967
441,14838.264165
442,15036.768826
443,14855.880275
444,14851.089327
445,14891.421741
446,14957.554950
447,14747.640138
448,14920.172180
449,14664.628793
450,14862.742616
451,14875.999896
452,14868.950064
453,14783.348882
454,14806.333544
455,14884.976536
456,14828.883266
457,14808.163572
458,14688.283592
459,14791.992868
460,14699.241727
461,14822.217047
462,14946.175772
463,14858.230578
464,15230.434647
465,14765.742559
466,14746.817068
467,14934.778679
468,14874.327509
469,14818.541056
470,14859.384908
471,14708.025114
472,14655.606359
473,14902.548813
474,14963.766172
475,14928.406431
476,14889.687071
477,14776.556405
478,14852.013150
479,14845.491944
480,14879.360454
481,14899.992874
482,14832.192644
483,14810.291258
484,14627.289292
485,14928.826087
486,14814.315224
487,14780.888272
488,14910.015232
489,14887.945667
490,14870.540221
491,14808.062082
492,14952.205746
493,14944.425824
494,14995.281432
495,14883.147423
496,14868.829944
497,14818.135977
498,14814.475503
499,14886.359630
