0,2715.462281
1,2717.580982
2,2691.526297
3,2678.351924
4,2696.933503
5,2742.472017
6,2743.776557
7,2749.551681
8,2814.100685
9,2847.074431
10,2858.669946
11,2873.049512
12,2858.812977
13,2875.911253
14,2880.223754
15,2878.904281
16,2859.301315
17,2827.982026
18,2818.691418
19,2724.811367
20,2769.783322
21,2790.914663
22,2772.006769
23,2718.688296
24,2716.974921
25,2672.650686
26,2674.965288
27,2686.589779
28,2655.907109
29,2628.774777
30,2649.353115
31,2697.958446
32,2706.052359
33,2645.094936
34,2669.312738
35,2646.042865
36,2666.049425
37,2643.044275
38,2650.214803
39,2678.275527
40,2699.326788
41,2615.121769
42,2713.387261
43,2762.484595
44,2795.427863
45,2776.030576
46,2748.700992
47,2779.120805
48,2733.687152
49,2748.631982
50,2699.969851
51,2739.996699
52,2750.915486
53,2727.328459
54,2735.682288
55,2733.542307
56,2774.184955
57,2826.863554
58,2850.626320
59,2849.033671
60,2808.928942
61,2790.951564
62,2820.900582
63,2857.794280
64,2911.970197
65,3027.078697
66,3004.140027
67,3028.452139
68,2992.550616
69,3049.168364
70,3006.626646
71,3053.413331
72,3069.426246
73,3124.258939
74,3145.618791
75,3208.025364
76,3237.879135
77,3165.135771
78,3195.163435
79,3147.576862
80,3116.457998
81,3123.138618
82,3141.426919
83,3170.788075
84,3180.132253
85,3106.254343
86,3138.666361
87,3169.497406
88,3157.740335
89,3161.810286
90,3245.239025
91,3280.277260
92,3285.122577
93,3370.224118
94,3315.171349
95,3363.941459
96,3377.178107
97,3428.992841
98,3455.845806
99,3505.846782
100,3485.079730
101,3485.532786
102,3478.295739
103,3504.079985
104,3434.707817
105,3394.477679
106,3376.349398
107,3486.223846
108,3464.918273
109,3433.512983
110,3471.790943
111,3496.445131
112,3612.532687
113,3556.519984
114,3588.898612
115,3571.301897
116,3599.315872
117,3540.736413
118,3468.468889
119,3516.177802
120,3446.120076
121,3399.858702
122,3458.302354
123,3441.411060
124,3387.661163
125,3358.271633
126,3353.645018
127,3344.859727
128,3363.393963
129,3353.904227
130,3324.411160
131,3377.576474
132,3416.363065
133,3442.322207
134,3404.676735
135,3448.531116
136,3455.453333
137,3458.844248
138,3504.365879
139,3479.876527
140,3562.185033
141,3520.538149
142,3435.945454
143,3474.768891
144,3418.680688
145,3491.647510
146,3428.576415
147,3418.501675
148,3440.947398
149,3488.186486
150,3417.830548
151,3520.037601
152,3512.474724
153,3582.547229
154,3530.480141
155,3563.119561
156,3601.598769
157,3625.705439
158,3625.542611
159,3735.360466
160,3761.141456
161,3665.192190
162,3694.127915
163,3694.945041
164,3612.530480
165,3681.873124
166,3709.568639
167,3744.417560
168,3707.316399
169,3659.446672
170,3617.490264
171,3694.536063
172,3785.524229
173,3783.675200
174,3788.789905
175,3705.938031
176,3724.992008
177,3702.113047
178,3744.488429
179,3732.478850
180,3666.358918
181,3629.733193
182,3632.635321
183,3675.718513
184,3672.125015
185,3602.553010
186,3636.876909
187,3695.486485
188,3662.843282
189,3708.715943
190,3777.446824
191,3707.717085
192,3739.408106
193,3758.233749
194,3804.680765
195,3804.073295
196,3763.030031
197,3764.652165
198,3789.386413
199,3776.716792
200,3881.940993
201,3905.030236
202,3777.512286
203,3753.363383
204,3729.930620
205,3695.222976
206,3756.111603
207,3836.984431
208,3780.242007
209,3749.689385
210,3743.687002
211,3753.459253
212,3759.532070
213,3722.490203
214,3692.256985
215,3720.722085
216,3658.133855
217,3662.398834
218,3753.812525
219,3799.536894
220,3883.767097
221,3869.710222
222,3842.368915
223,3923.357723
224,3919.988094
225,3885.133599
226,3933.475078
227,3988.657212
228,3934.914349
229,3879.465630
230,3839.436402
231,3857.885356
232,3918.198575
233,3957.165565
234,3881.421965
235,3852.215045
236,3768.634665
237,3758.293309
238,3830.999679
239,3798.760083
240,3796.254832
241,3752.871621
242,3782.170203
243,3705.250286
244,3769.409958
245,3794.609733
246,3763.199183
247,3766.071174
248,3824.526883
249,3862.744538
250,3867.530079
251,3845.796810
252,3872.038873
253,3919.164342
254,3950.593860
255,3962.678981
256,3954.158900
257,4076.734873
258,4126.610654
259,4119.381256
260,4060.070203
261,4101.625731
262,4120.788723
263,4138.573799
264,4149.936704
265,4083.961893
266,4071.246383
267,4091.317045
268,4124.601973
269,4012.509599
270,3958.046501
271,3963.757860
272,3951.392212
273,3972.220157
274,3976.427846
275,4032.788704
276,4070.290763
277,3970.249512
278,3912.133103
279,3889.958224
280,3907.896316
281,3926.571838
282,4080.302225
283,4008.111977
284,4012.099595
285,3988.367642
286,4021.289207
287,4021.804324
288,3877.594261
289,3946.201022
290,4009.457784
291,4021.323145
292,3949.760441
293,3914.052567
294,3911.144652
295,3957.480494
296,3942.421530
297,3896.827289
298,3804.632862
299,3779.681212
300,3853.191934
301,3862.967557
302,3806.240990
303,3776.724107
304,3765.579203
305,3816.655878
306,3769.673003
307,3725.333481
308,3840.375260
309,3881.712148
310,3902.386357
311,3902.491529
312,3922.421110
313,3971.923310
314,3972.262876
315,3953.732798
316,3957.633087
317,3972.083449
318,3923.760417
319,3836.084021
320,3860.225762
321,3857.713051
322,3845.104367
323,3868.885113
324,3889.588069
325,3939.787340
326,3910.142689
327,3838.669809
328,3895.996661
329,3913.053650
330,3917.093113
331,3833.089725
332,3835.472960
333,3896.670259
334,3894.458085
335,3945.366980
336,3952.887237
337,3962.079394
338,3938.730714
339,3933.385540
340,3945.838544
341,3877.735813
342,3971.731725
343,3945.548934
344,3909.243637
345,3804.688053
346,3782.456383
347,3812.106725
348,3772.064614
349,3820.080334
350,3753.278065
351,3753.371496
352,3771.112964
353,3802.116535
354,3737.215491
355,3723.276498
356,3725.536549
357,3757.612031
358,3737.679060
359,3675.550776
360,3634.302983
361,3606.528272
362,3667.916256
363,3610.842392
364,3643.303466
365,3639.640858
366,3733.392661
367,3741.537075
368,3822.366588
369,3814.499982
370,3773.296284
371,3779.326043
372,3765.460426
373,3755.195231
374,3745.387816
375,3790.223032
376,3835.183717
377,3895.072015
378,3885.558016
379,3783.133533
380,3761.411781
381,3735.185760
382,3649.868884
383,3642.374757
384,3662.730373
385,3728.467755
386,3728.504956
387,3741.389898
388,3735.827795
389,3727.157641
390,3734.819584
391,3771.120390
392,3745.668725
393,3708.210639
394,3737.462561
395,3766.026076
396,3818.823611
397,3770.359955
398,3771.736133
399,3821.522872
400,3815.654889
401,3847.959447
402,3924.442002
403,3982.028396
404,4010.193875
405,3960.038544
406,4017.099832
407,3929.114060
408,3860.849576
409,3924.273209
410,3985.831819
411,4028.024889
412,4008.918631
413,4042.605904
414,3919.504629
415,3975.723956
416,4021.536163
417,3950.418383
418,3994.238408
419,4094.441999
420,4123.892328
421,4140.615125
422,4128.227532
423,4058.513843
424,3976.830622
425,4009.270144
426,4087.105535
427,3990.947673
428,4114.155403
429,4111.343698
430,4005.337362
431,4086.487009
432,4201.717448
433,4159.475198
434,4091.058123
435,4127.066934
436,4119.622735
437,4116.251322
438,4098.507364
439,4084.186336
440,4047.373628
441,4011.542710
442,4086.871392
443,4091.983097
444,4128.942883
445,4045.947133
446,4055.086542
447,4033.513697
448,3976.816146
449,3949.104070
450,3919.093544
451,3861.741417
452,3839.155286
453,3903.000957
454,3838.103114
455,3926.926449
456,3890.750785
457,3899.769774
458,4001.892006
459,4083.490484
460,4069.695773
461,4086.344431
462,4022.286919
463,4047.738893
464,4141.868047
465,4094.855708
466,4078.044180
467,4096.962757
468,4112.580131
469,4109.252023
470,4055.584902
471,4106.463258
472,4137.050018
473,4135.637743
474,4149.078650
475,4132.057028
476,4041.204847
477,4030.176570
478,4064.095173
479,4030.722185
480,3997.629164
481,3953.883377
482,3968.093383
483,4046.709636
484,4155.764161
485,4105.872245
486,4132.629320
487,4014.508055
488,4124.421522
489,4153.914947
490,4148.386287
491,4160.006329
492,4130.296173
493,4093.087917
494,4185.117433
495,4205.556151
496,4218.737823
497,4244.276304
498,4261.519284
499,4268.836139
