0,3071.853819
1,3194.694872
2,3332.479459
3,3452.944517
4,3546.222177
5,3641.322516
6,3725.564810
7,3753.868673
8,3736.899017
9,3903.509429
10,3969.333953
11,4004.968883
12,4064.632741
13,4024.372054
14,4074.898379
15,4134.405545
16,4202.235177
17,4230.388156
18,4286.483761
19,4400.357278
20,4394.148181
21,4439.658046
22,4465.426493
23,4504.987860
24,4489.532021
25,4584.054362
26,4645.052588
27,4707.403736
28,4689.098951
29,4760.590402
30,4690.692800
31,4818.771417
32,4861.933484
33,4870.618566
34,4906.532234
35,4918.409779
36,4992.733332
37,5099.193252
38,5184.881714
39,5197.562788
40,5163.675918
41,5180.212716
42,5144.977971
43,5034.528992
44,5067.777689
45,5007.422741
46,5111.345384
47,5156.051158
48,5154.964391
49,5099.840289
50,5134.433098
51,5178.864553
52,5137.926151
53,5193.305164
54,5179.509038
55,5163.437234
56,5228.718906
57,5310.329877
58,5230.022739
59,5239.764803
60,5296.433542
61,5259.355323
62,5226.432274
63,5230.282665
64,5268.104032
65,5334.346256
66,5373.455622
67,5406.775511
68,5398.330762
69,5266.816670
70,5225.806503
71,5157.308897
72,5054.601945
73,5103.626153
74,5054.871420
75,5193.886584
76,5246.309751
77,5170.745633
78,5167.589302
79,5197.807600
80,5255.533304
81,5318.259118
82,5212.449098
83,5223.504914
84,5300.936364
85,5327.949528
86,5368.897073
87,5364.168816
88,5364.050891
89,5316.436104
90,5307.717210
91,5370.714307
92,5335.464126
93,5291.322562
94,5331.272292
95,5363.245146
96,5259.947283
97,5260.087785
98,5333.505229
99,5299.016333
100,5355.077067
101,5378.300190
102,5312.541535
103,5301.169305
104,5288.937912
105,5367.580954
106,5406.273568
107,5418.935494
108,5374.243616
109,5422.662790
110,5441.434663
111,5364.326870
112,5333.667288
113,5331.887972
114,5343.614069
115,5318.375754
116,5371.534364
117,5344.752588
118,5370.375704
119,5250.031063
120,5273.543204
121,5309.072492
122,5309.831681
123,5218.510727
124,5338.083945
125,5359.660607
126,5394.806346
127,5382.422452
128,5275.625750
129,5382.716339
130,5366.109938
131,5413.698415
132,5460.302919
133,5438.556307
134,5386.110869
135,5462.485330
136,5493.333671
137,5456.473700
138,5474.777913
139,5449.971491
140,5356.275529
141,5448.846574
142,5413.997227
143,5309.775892
144,5309.583290
145,5333.450038
146,5344.116694
147,5309.365312
148,5317.713654
149,5359.307725
150,5428.682041
151,5455.267878
152,5441.214620
153,5453.695982
154,5358.134540
155,5319.562930
156,5354.531750
157,5292.926010
158,5393.484996
159,5371.680843
160,5359.715089
161,5394.391154
162,5376.533563
163,5426.722333
164,5369.651731
165,5368.902008
166,5363.191812
167,5250.247716
168,5273.766731
169,5294.184347
170,5327.360956
171,5275.040459
172,5309.554965
173,5446.266459
174,5387.762230
175,5421.377148
176,5391.803851
177,5310.874181
178,5304.752072
179,5229.823024
180,5189.092764
181,5300.140263
182,5258.732552
183,5249.837748
184,5250.629693
185,5264.616812
186,5273.590480
187,5365.475726
188,5294.113336
189,5336.859082
190,5325.182158
191,5347.663376
192,5352.903111
193,5330.183162
194,5360.990435
195,5350.827767
196,5349.808239
197,5300.309385
198,5381.431128
199,5372.764987
200,5328.833358
201,5541.235879
202,5436.389094
203,5456.293663
204,5402.788608
205,5391.083158
206,5341.764841
207,5316.454459
208,5275.090871
209,5315.585890
210,5332.876772
211,5376.890041
212,5325.214591
213,5293.708661
214,5214.919548
215,5267.270055
216,5239.650346
217,5263.476845
218,5305.313444
219,5384.853374
220,5397.739425
221,5431.097395
222,5367.096614
223,5400.358178
224,5380.084542
225,5340.130078
226,5298.106868
227,5354.902193
228,5330.125730
229,5330.148459
230,5379.131579
231,5325.915338
232,5350.328535
233,5314.245416
234,5321.359830
235,5319.942163
236,5337.652497
237,5436.314416
238,5277.712783
239,5312.968571
240,5259.892912
241,5207.446402
242,5198.199590
243,5296.660350
244,5253.562641
245,5277.069799
246,5232.987413
247,5385.968112
248,5344.255105
249,5324.261633
250,5258.463119
251,5313.466054
252,5358.064307
253,5342.926481
254,5362.789928
255,5405.107917
256,5362.172078
257,5283.117771
258,5272.020216
259,5275.480772
260,5344.096705
261,5337.818618
262,5252.969572
263,5227.163784
264,5228.547197
265,5252.652049
266,5309.018152
267,5345.041756
268,5318.506889
269,5290.489931
270,5402.892075
271,5412.551202
272,5372.424892
273,5418.290373
274,5374.957762
275,5420.581457
276,5464.331000
277,5430.954445
278,5316.323691
279,5363.400504
280,5377.274561
281,5360.067477
282,5417.940270
283,5337.507843
284,5261.592578
285,5284.198773
286,5319.488370
287,5212.496775
288,5288.986474
289,5330.570508
290,5249.539959
291,5348.105626
292,5341.245792
293,5337.507649
294,5331.196353
295,5313.082708
296,5347.980313
297,5260.508274
298,5357.539226
299,5427.959550
300,5446.816659
301,5466.572955
302,5331.042507
303,5333.564996
304,5377.534645
305,5349.490345
306,5381.690443
307,5351.288722
308,5323.012002
309,5329.996823
310,5335.401610
311,5436.579521
312,5430.564704
313,5375.658468
314,5368.374135
315,5269.699734
316,5324.854003
317,5286.417468
318,5230.714390
319,5262.716668
320,5253.149475
321,5254.552324
322,5279.252055
323,5321.725114
324,5340.413531
325,5349.303547
326,5330.217482
327,5329.646269
328,5358.710288
329,5401.285257
330,5401.444066
331,5416.804935
332,5371.865369
333,5335.142405
334,5311.094755
335,5382.519269
336,5352.957601
337,5364.428030
338,5453.864074
339,5423.112877
340,5443.037514
341,5406.855146
342,5343.790874
343,5338.304333
344,5356.412593
345,5315.025947
346,5293.983493
347,5241.708751
348,5296.016821
349,5300.766387
350,5275.813698
351,5203.525073
352,5168.589576
353,5317.968193
354,5389.219695
355,5420.332588
356,5372.397305
357,5393.585966
358,5454.147251
359,5432.395649
360,5401.923670
361,5397.120376
362,5336.124220
363,5329.475866
364,5306.904609
365,5336.591271
366,5303.464703
367,5335.268453
368,5368.149161
369,5384.303170
370,5378.564131
371,5394.435112
372,5465.478000
373,5436.288452
374,5475.038059
375,5482.201086
376,5355.812401
377,5329.986967
378,5370.629417
379,5289.719256
380,5346.308270
381,5286.344834
382,5276.517362
383,5260.585016
384,5241.450971
385,5262.102118
386,5194.124715
387,5246.854086
388,5248.033559
389,5246.559872
390,5242.316380
391,5248.535669
392,5267.153324
393,5240.756126
394,5214.867076
395,5264.879945
396,5222.907282
397,5312.163457
398,5222.207861
399,5227.439578
400,5248.689915
401,5228.624829
402,5191.983230
403,5234.871885
404,5295.774712
405,5205.580096
406,5210.008502
407,5253.804302
408,5339.278111
409,5307.559481
410,5364.435403
411,5344.339557
412,5267.492347
413,5306.412945
414,5310.385882
415,5377.737710
416,5416.745835
417,5374.462599
418,5347.738096
419,5290.320079
420,5295.101291
421,5320.988966
422,5390.788004
423,5396.550748
424,5297.786884
425,5309.642666
426,5257.670039
427,5301.534733
428,5284.337474
429,5291.581136
430,5288.193321
431,5297.772120
432,5212.662914
433,5286.827044
434,5311.675500
435,5346.342897
436,5239.089344
437,5330.007105
438,5227.784191
439,5279.623276
440,5264.524713
441,5236.635706
442,5239.399192
443,5257.973075
444,5216.769134
445,5233.397733
446,5350.133126
447,5418.074188
448,5404.543138
449,5355.467601
450,5278.682028
451,5261.646039
452,5270.110405
453,5325.030086
454,5399.064916
455,5381.307479
456,5287.010820
457,5398.574641
458,5366.577358
459,5435.710655
460,5427.036316
461,5472.751776
462,5464.631678
463,5438.878741
464,5392.316830
465,5355.643244
466,5275.077252
467,5347.395604
468,5374.367194
469,5306.966383
470,5236.184360
471,5371.944833
472,5389.828099
473,5390.964356
474,5393.156499
475,5344.739617
476,5303.996153
477,5339.314235
478,5336.409530
479,5259.710981
480,5240.204741
481,5268.099502
482,5194.044060
483,5275.216214
484,5376.027751
485,5372.456474
486,5337.318680
487,5374.530765
488,5417.473047
489,5328.969805
490,5437.900969
491,5374.300886
492,5303.318252
493,5357.726438
494,5283.426837
495,5265.143913
496,5240.698530
497,5216.712219
498,5247.844728
499,5286.114995
