0,3133.760548
1,6300.998644
2,6738.128789
3,6974.080577
4,7367.908443
5,7622.766556
6,7960.576941
7,8194.743527
8,8489.408531
9,8778.117671
10,9065.040320
11,9382.569757
12,9621.430261
13,9963.131157
14,10315.727650
15,10625.545638
16,10870.962789
17,11224.410183
18,11416.852851
19,11559.391619
20,11808.742231
21,12010.064524
22,12222.802767
23,12336.384988
24,12511.605744
25,12633.355736
26,12778.347820
27,12829.045764
28,13038.687685
29,13166.026396
30,13254.044532
31,13349.120012
32,13437.971447
33,13466.023682
34,13590.935681
35,13820.964157
36,13912.846859
37,13963.446614
38,14008.638928
39,14045.857490
40,14099.173149
41,14232.490904
42,14247.264760
43,14336.088515
44,14447.382090
45,14442.358205
46,14562.149244
47,14622.634336
48,14624.305062
49,14630.494232
50,14746.908942
51,14783.263249
52,14810.941282
53,14839.990397
54,14893.635195
55,14804.718718
56,14930.075749
57,14847.932580
58,14971.992538
59,14984.888227
60,15043.725984
61,15080.954266
62,15105.663640
63,15076.053802
64,15053.960680
65,15168.295537
66,15114.792328
67,15064.301901
68,15083.996250
69,15119.766895
70,15101.412877
71,15103.989383
72,15143.636926
73,15151.731696
74,15031.868779
75,15021.889253
76,15044.956393
77,15048.029490
78,15078.842003
79,15110.337773
80,15107.143566
81,15099.231966
82,15089.267217
83,15096.197703
84,15156.990990
85,15207.316936
86,15196.033171
87,15096.045927
88,15143.444815
89,15161.166335
90,15136.159279
91,15027.713471
92,15097.467562
93,15080.545627
94,15139.866208
95,15103.111562
96,14958.295050
97,15061.262451
98,15027.801394
99,15047.535989
100,15031.530262
101,15048.371659
102,15056.322741
103,15142.556188
104,15130.324317
105,14995.108846
106,15100.959396
107,15193.377257
108,15193.002600
109,15102.882416
110,15139.661199
111,15104.745743
112,15162.816966
113,15130.282927
114,15067.616814
115,15089.540184
116,15111.745817
117,15086.091512
118,15050.404488
119,15088.170769
120,15199.315770
121,15076.586622
122,15111.869418
123,15101.431830
124,15192.800719
125,15140.252258
126,15107.405155
127,15053.958866
128,15028.521525
129,15117.799119
130,15043.785217
131,15059.547801
132,15016.221325
133,15093.006775
134,15120.444504
135,15082.507695
136,15087.723376
137,15021.966244
138,15024.229087
139,15120.461931
140,15190.404017
141,15076.256843
142,15080.701411
143,15062.368303
144,15026.047635
145,15099.526487
146,15079.013712
147,15102.572300
148,15078.318947
149,15134.261202
150,15125.010622
151,15143.488443
152,15166.876471
153,15184.783236
154,15209.067148
155,15091.285721
156,15104.104730
157,15154.629328
158,15063.577993
159,15064.125147
160,15133.317272
161,15026.571591
162,15151.125243
163,15181.872344
164,15085.865404
165,15133.276200
166,15155.326271
167,15215.261435
168,15107.593768
169,15041.280720
170,15106.364907
171,15066.094077
172,15046.030553
173,15150.197806
174,15100.019416
175,15063.482635
176,15085.083834
177,15068.305936
178,15056.335045
179,15125.604314
180,15140.529283
181,15131.628568
182,15104.533181
183,15133.714251
184,14982.709557
185,15015.222317
186,15169.705295
187,15104.833722
188,15031.352174
189,15115.950737
190,15092.068704
191,15226.358125
192,15197.938690
193,15213.047529
194,15158.121807
195,15084.021659
196,15033.065339
197,15007.778499
198,15085.150071
199,15068.840133
200,15117.623340
201,15103.468420
202,15138.089934
203,15141.657261
204,15128.824315
205,15148.728951
206,15172.313097
207,15202.278960
208,15181.095303
209,15144.334896
210,15086.820282
211,15116.148420
212,15028.883104
213,15120.413921
214,15109.693727
215,15158.046384
216,15084.807764
217,15097.365240
218,15089.952374
219,15185.601229
220,15186.845292
221,15166.303487
222,15177.704182
223,15134.424450
224,15111.462145
225,15130.782238
226,15092.722272
227,15160.976461
228,15165.088900
229,15070.105383
230,15158.622530
231,15148.566441
232,15058.002312
233,15090.912430
234,15144.528090
235,15230.196401
236,15148.960487
237,15027.404379
238,15107.223650
239,15096.204797
240,15102.171667
241,15061.694441
242,15076.943332
243,15091.580641
244,15081.734141
245,15116.392121
246,15029.166339
247,15105.529136
248,15056.021410
249,15121.829573
250,15159.838686
251,15169.041998
252,15045.281532
253,15082.146128
254,15184.760194
255,15184.637246
256,15133.455063
257,15072.379977
258,15072.887766
259,15046.688729
260,15189.694812
261,15188.351638
262,15169.450410
263,15162.234170
264,15055.767442
265,15095.110546
266,15092.482778
267,15179.765748
268,15140.864349
269,15099.499640
270,15108.945518
271,15126.157171
272,15118.037709
273,15166.383742
274,15119.096022
275,15095.306207
276,15071.011125
277,15123.549274
278,15071.709609
279,15026.940287
280,15154.017279
281,15090.599442
282,15129.274380
283,15126.941829
284,15236.909872
285,15087.343565
286,14993.142358
287,15068.835474
288,15025.100507
289,15087.253228
290,15157.801499
291,15186.151530
292,15176.301307
293,15148.535585
294,15068.064941
295,15113.670666
296,15097.578932
297,15148.035194
298,15123.441505
299,15114.431555
300,15043.827954
301,15081.843301
302,15026.402605
303,15059.370465
304,15038.361203
305,15109.998561
306,15131.541136
307,15084.653538
308,15103.174676
309,15072.213124
310,15104.852508
311,15100.988863
312,15072.585277
313,14996.483256
314,15036.947005
315,15070.374676
316,15156.725229
317,15060.842408
318,15056.538437
319,15108.246755
320,15128.111958
321,15122.710605
322,15192.885939
323,15147.758589
324,15103.493541
325,15079.309562
326,15127.481535
327,15118.189241
328,15163.241964
329,15120.917949
330,15220.021527
331,15096.140431
332,15056.690632
333,15131.985611
334,15193.754485
335,15179.985033
336,15128.934845
337,15051.008507
338,15098.314279
339,15000.477671
340,15091.998362
341,15105.815300
342,15096.025478
343,15036.788229
344,15110.265989
345,15131.987952
346,15142.452354
347,15072.533335
348,15156.272804
349,15215.902260
350,15188.415365
351,15066.167041
352,15097.769925
353,15062.695110
354,15061.112109
355,14990.922926
356,15014.707819
357,15001.590454
358,15044.451083
359,15092.472094
360,15059.807831
361,15069.090389
362,15100.375593
363,15027.600973
364,15113.360102
365,15137.940366
366,15041.093301
367,15055.954550
368,15062.552047
369,15133.149916
370,15097.694169
371,15097.956764
372,15189.795796
373,15156.986468
374,15077.210595
375,15075.626597
376,15154.358258
377,15090.864871
378,15175.046706
379,15204.735036
380,15218.910338
381,15191.675347
382,15085.566398
383,15037.525441
384,14984.826823
385,15076.257937
386,15168.057061
387,15154.985809
388,15186.537608
389,15127.242257
390,15107.149543
391,15119.464741
392,15091.426926
393,15059.861780
394,15045.918664
395,15097.706274
396,15035.051206
397,15077.481208
398,15097.171649
399,15028.405408
400,15104.116892
401,15135.619161
402,15137.198300
403,15085.623664
404,15062.527070
405,15090.889891
406,15074.043521
407,15141.195039
408,15103.937661
409,15155.460580
410,15168.945539
411,15121.316326
412,15155.584166
413,15133.037957
414,15112.376107
415,15148.947451
416,15159.010345
417,15076.327789
418,14976.195166
419,15091.457843
420,15075.771119
421,15122.443713
422,15110.343516
423,15147.035188
424,15154.726829
425,15137.015377
426,15126.611105
427,15128.302227
428,15143.857887
429,15179.985902
430,15177.936739
431,15063.869269
432,15158.769380
433,15179.028213
434,15170.151814
435,15073.688149
436,15038.438386
437,15133.363805
438,15125.419929
439,15137.784191
440,15167.229380
441,15306.205074
442,15233.331428
443,15181.235891
444,15140.573724
445,15173.522819
446,15093.745494
447,15193.412063
448,15210.038264
449,15090.514660
450,15055.339741
451,15052.783204
452,15065.955521
453,14995.739999
454,15142.638533
455,15110.939631
456,15102.324515
457,15097.147550
458,15108.816618
459,15227.196582
460,15104.699689
461,15015.069325
462,15093.271309
463,15079.134341
464,15211.476926
465,15126.404291
466,15050.022517
467,15149.385594
468,15099.967588
469,15140.304513
470,15118.481282
471,15121.141433
472,15080.254419
473,15027.774608
474,15143.363633
475,15137.605386
476,15102.069162
477,15058.886122
478,15056.706885
479,15095.085978
480,15048.427525
481,15042.285301
482,15049.952818
483,15175.599595
484,15099.044335
485,15170.399627
486,15157.235243
487,15091.323271
488,15062.154833
489,15062.151061
490,15101.805696
491,15122.805009
492,15049.150687
493,15131.470489
494,15133.974453
495,15106.963793
496,15134.870709
497,15191.285018
498,15200.524344
499,15122.057315
