0,3105.276257
1,3517.326422
2,3810.768391
3,4069.308940
4,4317.177668
5,4544.872017
6,4786.482036
7,5037.922370
8,5302.701532
9,5575.608961
10,5822.967798
11,6058.986639
12,6276.784185
13,6502.865928
14,6707.584050
15,6957.857364
16,7160.704165
17,7314.457574
18,7446.414535
19,7543.317439
20,7626.717673
21,7673.851058
22,7695.684352
23,7714.343646
24,7725.948501
25,7729.874076
26,7736.581073
27,7747.397622
28,7756.151246
29,7756.151246
30,7756.151246
31,7756.151246
32,7756.151246
33,7756.151246
34,7756.151246
35,7756.151246
36,7756.151246
37,7756.151246
38,7756.151246
39,7756.151246
40,7756.151246
41,7756.151246
42,7756.151246
43,7756.151246
44,7756.151246
45,7756.151246
46,7756.151246
47,7756.151246
48,7756.151246
49,7756.151246
50,7756.151246
51,7756.151246
52,7756.151246
53,7756.151246
54,7756.151246
55,7756.151246
56,7756.151246
57,7756.151246
58,7756.151246
59,7756.151246
60,7756.151246
61,7756.151246
62,7756.151246
63,7756.151246
64,7756.151246
65,7756.151246
66,7756.151246
67,7756.151246
68,7756.151246
69,7756.151246
70,7756.151246
71,7756.151246
72,7756.151246
73,7756.151246
74,7756.151246
75,7756.151246
76,7756.151246
77,7756.151246
78,7756.151246
79,7756.151246
80,7756.151246
81,7756.151246
82,7756.151246
83,7756.151246
84,7756.151246
85,7756.151246
86,7756.151246
87,7756.151246
88,7756.151246
89,7756.151246
90,7756.151246
91,7756.151246
92,7756.151246
93,7756.151246
94,7756.151246
95,7756.151246
96,7756.151246
97,7756.151246
98,7756.151246
99,7756.151246
100,7756.151246
101,7756.151246
102,7756.151246
103,7756.151246
104,7756.151246
105,7756.151246
106,7756.151246
107,7756.151246
108,7756.151246
109,7756.151246
110,7756.151246
111,7756.151246
112,7756.151246
113,7756.151246
114,7756.151246
115,7756.151246
116,7756.151246
117,7756.151246
118,7756.151246
119,7756.151246
120,7756.151246
121,7756.151246
122,7756.151246
123,7756.151246
124,7756.151246
125,7756.151246
126,7756.151246
127,7756.151246
128,7756.151246
129,7756.151246
130,7756.151246
131,7756.151246
132,7756.151246
133,7756.151246
134,7756.151246
135,7756.151246
136,7756.151246
137,7756.151246
138,7756.151246
139,7756.151246
140,7756.151246
141,7756.151246
142,7756.151246
143,7756.151246
144,7756.151246
145,7756.151246
146,7756.151246
147,7756.151246
148,7756.151246
149,7756.151246
150,7756.151246
151,7756.151246
152,7756.151246
153,7756.151246
154,7756.151246
155,7756.151246
156,7756.151246
157,7756.151246
158,7756.151246
159,7756.151246
160,7756.151246
161,7756.151246
162,7756.151246
163,7756.151246
164,7756.151246
165,7756.151246
166,7756.151246
167,7756.151246
168,7756.151246
169,7756.151246
170,7756.151246
171,7756.151246
172,7756.151246
173,7756.151246
174,7756.151246
175,7756.151246
176,7756.151246
177,7756.151246
178,7756.151246
179,7756.151246
180,7756.151246
181,7756.151246
182,7756.151246
183,7756.151246
184,7756.151246
185,7756.151246
186,7756.151246
187,7756.151246
188,7756.151246
189,7756.151246
190,7756.151246
191,7756.151246
192,7756.151246
193,7756.151246
194,7756.151246
195,7756.151246
196,7756.151246
197,7756.151246
198,7756.151246
199,7756.151246
200,7756.151246
201,7756.151246
202,7756.151246
203,7756.151246
204,7756.151246
205,7756.151246
206,7756.151246
207,7756.151246
208,7756.151246
209,7756.151246
210,7756.151246
211,7756.151246
212,7756.151246
213,7756.151246
214,7756.151246
215,7756.151246
216,7756.151246
217,7756.151246
218,7756.151246
219,7756.151246
220,7756.151246
221,7756.151246
222,7756.151246
223,7756.151246
224,7756.151246
225,7756.151246
226,7756.151246
227,7756.151246
228,7756.151246
229,7756.151246
230,7756.151246
231,7756.151246
232,7756.151246
233,7756.151246
234,7756.151246
235,7756.151246
236,7756.151246
237,7756.151246
238,7756.151246
239,7756.151246
240,7756.151246
241,7756.151246
242,7756.151246
243,7756.151246
244,7756.151246
245,7756.151246
246,7756.151246
247,7756.151246
248,7756.151246
249,7756.151246
250,7756.151246
251,7756.151246
252,7756.151246
253,7756.151246
254,7756.151246
255,7756.151246
256,7756.151246
257,7756.151246
258,7756.151246
259,7756.151246
260,7756.151246
261,7756.151246
262,7756.151246
263,7756.151246
264,7756.151246
265,7756.151246
266,7756.151246
267,7756.151246
268,7756.151246
269,7756.151246
270,7756.151246
271,7756.151246
272,7756.151246
273,7756.151246
274,7756.151246
275,7756.151246
276,7756.151246
277,7756.151246
278,7756.151246
279,7756.151246
280,7756.151246
281,7756.151246
282,7756.151246
283,7756.151246
284,7756.151246
285,7756.151246
286,7756.151246
287,7756.151246
288,7756.151246
289,7756.151246
290,7756.151246
291,7756.151246
292,7756.151246
293,7756.151246
294,7756.151246
295,7756.151246
296,7756.151246
297,7756.151246
298,7756.151246
299,7756.151246
300,7756.151246
301,7756.151246
302,7756.151246
303,7756.151246
304,7756.151246
305,7756.151246
306,7756.151246
307,7756.151246
308,7756.151246
309,7756.151246
310,7756.151246
311,7756.151246
312,7756.151246
313,7756.151246
314,7756.151246
315,7756.151246
316,7756.151246
317,7756.151246
318,7756.151246
319,7756.151246
320,7756.151246
321,7756.151246
322,7756.151246
323,7756.151246
324,7756.151246
325,7756.151246
326,7756.151246
327,7756.151246
328,7756.151246
329,7756.151246
330,7756.151246
331,7756.151246
332,7756.151246
333,7756.151246
334,7756.151246
335,7756.151246
336,7756.151246
337,7756.151246
338,7756.151246
339,7756.151246
340,7756.151246
341,7756.151246
342,7756.151246
343,7756.151246
344,7756.151246
345,7756.151246
346,7756.151246
347,7756.151246
348,7756.151246
349,7756.151246
350,7756.151246
351,7756.151246
352,7756.151246
353,7756.151246
354,7756.151246
355,7756.151246
356,7756.151246
357,7756.151246
358,7756.151246
359,7756.151246
360,7756.151246
361,7756.151246
362,7756.151246
363,7756.151246
364,7756.151246
365,7756.151246
366,7756.151246
367,7756.151246
368,7756.151246
369,7756.151246
370,7756.151246
371,7756.151246
372,7756.151246
373,7756.151246
374,7756.151246
375,7756.151246
376,7756.151246
377,7756.151246
378,7756.151246
379,7756.151246
380,7756.151246
381,7756.151246
382,7756.151246
383,7756.151246
384,7756.151246
385,7756.151246
386,7756.151246
387,7756.151246
388,7756.151246
389,7756.151246
390,7756.151246
391,7756.151246
392,7756.151246
393,7756.151246
394,7756.151246
395,7756.151246
396,7756.151246
397,7756.151246
398,7756.151246
399,7756.151246
400,7756.151246
401,7756.151246
402,7756.151246
403,7756.151246
404,7756.151246
405,7756.151246
406,7756.151246
407,7756.151246
408,7756.151246
409,7756.151246
410,7756.151246
411,7756.151246
412,7756.151246
413,7756.151246
414,7756.151246
415,7756.151246
416,7756.151246
417,7756.151246
418,7756.151246
419,7756.151246
420,7756.151246
421,7756.151246
422,7756.151246
423,7756.151246
424,7756.151246
425,7756.151246
426,7756.151246
427,7756.151246
428,7756.151246
429,7756.151246
430,7756.151246
431,7756.151246
432,7756.151246
433,7756.151246
434,7756.151246
435,7756.151246
436,7756.151246
437,7756.151246
438,7756.151246
439,7756.151246
440,7756.151246
441,7756.151246
442,7756.151246
443,7756.151246
444,7756.151246
445,7756.151246
446,7756.151246
447,7756.151246
448,7756.151246
449,7756.151246
450,7756.151246
451,7756.151246
452,7756.151246
453,7756.151246
454,7756.151246
455,7756.151246
456,7756.151246
457,7756.151246
458,7756.151246
459,7756.151246
460,7756.151246
461,7756.151246
462,7756.151246
463,7756.151246
464,7756.151246
465,7756.151246
466,7756.151246
467,7756.151246
468,7756.151246
469,7756.151246
470,7756.151246
471,7756.151246
472,7756.151246
473,7756.151246
474,7756.151246
475,7756.151246
476,7756.151246
477,7756.151246
478,7756.151246
479,7756.151246
480,7756.151246
481,7756.151246
482,7756.151246
483,7756.151246
484,7756.151246
485,7756.151246
486,7756.151246
487,7756.151246
488,7756.151246
489,7756.151246
490,7756.151246
491,7756.151246
492,7756.151246
493,7756.151246
494,7756.151246
495,7756.151246
496,7756.151246
497,7756.151246
498,7756.151246
499,7756.151246
