0,3080.525483
1,3270.276975
2,3380.355054
3,3503.118865
4,3717.963293
5,3838.715088
6,3950.503720
7,4033.975762
8,4099.335457
9,4237.134129
10,4278.380868
11,4379.617316
12,4511.969568
13,4650.019345
14,4667.358990
15,4733.178407
16,4829.840761
17,4941.339134
18,4934.077248
19,5019.125003
20,5073.812585
21,5194.181304
22,5255.803844
23,5344.052289
24,5342.130422
25,5440.945443
26,5493.945300
27,5595.714993
28,5562.369389
29,5665.009359
30,5628.085764
31,5683.312957
32,5662.844016
33,5695.033338
34,5768.311970
35,5827.508246
36,5897.855459
37,6017.066807
38,5928.111957
39,5906.652575
40,5967.513952
41,6112.717965
42,6178.592786
43,6156.065274
44,6188.007849
45,6295.184635
46,6249.424407
47,6268.259723
48,6330.138933
49,6357.926101
50,6382.960891
51,6369.510690
52,6362.016487
53,6361.661076
54,6482.192636
55,6520.822159
56,6467.832389
57,6573.965001
58,6497.057919
59,6570.459906
60,6577.156087
61,6563.102326
62,6555.650081
63,6478.404814
64,6509.201431
65,6489.034025
66,6687.625559
67,6634.840045
68,6563.758756
69,6446.982234
70,6616.501950
71,6593.577268
72,6556.876346
73,6554.909603
74,6604.229057
75,6507.396584
76,6567.048233
77,6541.837953
78,6576.360907
79,6742.384548
80,6705.233812
81,6666.051894
82,6656.329077
83,6681.900348
84,6559.351760
85,6588.251444
86,6605.610630
87,6737.575193
88,6697.338492
89,6642.977814
90,6659.246724
91,6806.451106
92,6767.427646
93,6695.858728
94,6761.512331
95,6630.960391
96,6539.216684
97,6660.414696
98,6729.444393
99,6579.905943
100,6568.584389
101,6542.672221
102,6410.997550
103,6398.813964
104,6424.134739
105,6493.911135
106,6539.795544
107,6555.592810
108,6510.140569
109,6689.805857
110,6762.443913
111,6677.627995
112,6677.051397
113,6727.562221
114,6684.524143
115,6719.253944
116,6797.452361
117,6935.153990
118,6892.592221
119,6748.112224
120,6676.557965
121,6769.893600
122,6850.968618
123,6769.584246
124,6749.698910
125,6699.489188
126,6697.980706
127,6811.587382
128,6728.921831
129,6802.953153
130,6765.272135
131,6796.108078
132,6833.613380
133,6569.374572
134,6665.074124
135,6593.039322
136,6612.286237
137,6610.002378
138,6682.263858
139,6710.289601
140,6768.502767
141,6887.727937
142,6927.788073
143,6823.123882
144,6783.503261
145,6787.750595
146,6842.077695
147,6659.896322
148,6774.726537
149,6729.567443
150,6639.158117
151,6528.338878
152,6620.275872
153,6585.550563
154,6446.562133
155,6503.030612
156,6586.172484
157,6623.429001
158,6621.339494
159,6698.638210
160,6725.720021
161,6854.312759
162,6792.254277
163,6706.699270
164,6682.139294
165,6739.599737
166,6810.963611
167,6874.423225
168,6816.261743
169,6720.979358
170,6842.254389
171,6855.051497
172,6984.415124
173,7093.164844
174,7019.656950
175,7021.075697
176,7081.615658
177,7097.028055
178,7287.975511
179,7246.171811
180,7111.570710
181,7257.536448
182,7154.641261
183,7117.202965
184,7154.203948
185,7021.522105
186,7048.073082
187,7026.656256
188,7079.945653
189,6981.714570
190,7142.747954
191,7263.060031
192,7053.539765
193,6929.617143
194,7101.829314
195,7152.603284
196,7136.979944
197,7163.713448
198,7146.431200
199,7080.215416
200,7093.720164
201,7059.889425
202,7126.239131
203,7119.471770
204,7119.741761
205,6997.592095
206,7079.357597
207,7031.346854
208,7145.491124
209,7222.725336
210,7158.321159
211,7209.879037
212,7076.577836
213,7066.492329
214,7098.131237
215,7229.672082
216,7243.699544
217,7153.908139
218,7132.189220
219,7161.785392
220,7238.235356
221,7087.818955
222,7106.540339
223,7258.538369
224,7114.994860
225,6897.361966
226,6743.519219
227,6895.248929
228,7034.138226
229,6993.115459
230,6910.602898
231,6875.044531
232,6823.658962
233,6688.247576
234,6743.059190
235,6808.359666
236,6803.041992
237,6842.039796
238,6658.395668
239,6798.961928
240,6770.193861
241,6737.691384
242,6786.880254
243,6862.384064
244,6955.511388
245,6976.758930
246,7045.478459
247,7007.980723
248,7022.773917
249,6910.285194
250,6855.069209
251,6844.472620
252,6988.718640
253,7043.493484
254,7143.515818
255,7273.375137
256,7221.117438
257,7219.117073
258,7133.527639
259,7162.303733
260,7085.799363
261,7055.170563
262,6936.600820
263,6930.713758
264,6948.383409
265,7058.069800
266,7052.105696
267,7010.342553
268,7135.972252
269,7064.509992
270,7119.198153
271,7054.395858
272,7098.091511
273,7200.683492
274,7294.739253
275,7153.931156
276,7138.176780
277,7056.682375
278,6926.687486
279,6889.233604
280,6902.309018
281,6914.013907
282,6952.542264
283,6946.024810
284,6829.157930
285,6944.825537
286,7060.493605
287,7151.865045
288,6972.435314
289,6923.169002
290,6952.528375
291,6948.520206
292,6884.345952
293,7005.491109
294,7134.874851
295,7270.341279
296,7265.434432
297,7139.913979
298,7112.566710
299,7134.793684
300,7069.999714
301,7169.057609
302,7168.920037
303,7060.068727
304,6982.938130
305,7009.965257
306,7161.782376
307,7141.111399
308,7193.970187
309,7084.926091
310,7118.744468
311,7276.344774
312,7188.922167
313,7251.644789
314,7297.897014
315,7125.785336
316,7117.727214
317,7108.342906
318,7021.666583
319,6999.581978
320,7016.630843
321,7192.485248
322,7118.703952
323,7030.929556
324,6881.470511
325,7076.481731
326,6891.463396
327,7116.827436
328,6863.419393
329,6978.885363
330,7085.488791
331,7078.135604
332,7064.653881
333,7096.271167
334,7085.657897
335,7096.658601
336,7009.332920
337,7158.415165
338,7009.125869
339,6871.796768
340,7068.752999
341,6962.217803
342,6871.300225
343,6926.465707
344,6845.916201
345,6983.992543
346,6854.780906
347,6836.860624
348,6852.319234
349,6856.722098
350,6947.439882
351,7124.590139
352,7156.937170
353,7255.996074
354,7115.957620
355,7187.151819
356,7066.004192
357,6910.254932
358,6853.841366
359,6772.945881
360,6806.484044
361,6869.341118
362,6928.414103
363,7046.629386
364,6945.930963
365,6975.025347
366,6962.165636
367,7108.287558
368,7150.831330
369,7143.275984
370,7265.365993
371,7131.889960
372,7065.102112
373,7040.671146
374,6922.423953
375,6873.168090
376,6868.093786
377,6991.702702
378,7045.357276
379,6998.284488
380,6948.447478
381,7037.525888
382,6845.468800
383,6912.986664
384,6825.412073
385,6770.608834
386,6835.505193
387,6924.540600
388,6847.144731
389,6791.318571
390,7026.438545
391,7156.629178
392,7027.210541
393,7097.005300
394,7119.821643
395,6985.189608
396,6844.151750
397,6877.749034
398,6983.338373
399,7076.201758
400,6945.997794
401,6955.888372
402,6855.173591
403,7031.342493
404,7013.927176
405,7008.501955
406,7074.974863
407,7115.373063
408,7025.194320
409,6968.450833
410,7109.129082
411,7062.287970
412,7221.715289
413,6933.779290
414,6902.266729
415,6733.052030
416,6935.608202
417,6937.767876
418,6909.652218
419,6939.096691
420,6946.255637
421,6990.602338
422,6906.330294
423,6975.817573
424,6866.247693
425,6807.477828
426,6899.345910
427,6923.487058
428,6967.452279
429,6986.668799
430,6856.780918
431,6731.964995
432,6750.490139
433,6894.922794
434,6940.360149
435,7076.366504
436,7116.495444
437,7166.064448
438,7148.065983
439,7005.044482
440,6977.830572
441,6993.020175
442,7084.180674
443,7056.086518
444,6994.704463
445,6975.898995
446,7052.529155
447,7068.393316
448,7239.803930
449,7078.933523
450,7044.380980
451,6852.483551
452,6858.320116
453,6927.348101
454,7007.397769
455,7066.126753
456,7067.697761
457,7010.573578
458,7253.317911
459,7036.270699
460,6973.188341
461,6891.649066
462,6784.995872
463,6847.220977
464,7002.102315
465,7058.658035
466,7170.291797
467,7268.922293
468,7139.289381
469,7125.506470
470,7145.047172
471,7104.096254
472,7149.540118
473,7051.859564
474,6995.601143
475,6902.313236
476,6903.113364
477,6993.731057
478,7013.145179
479,7034.871331
480,7164.785942
481,7216.813656
482,7075.972586
483,7156.000759
484,7124.633813
485,7172.632372
486,7075.967689
487,7067.400682
488,6943.565498
489,7003.090976
490,7193.373580
491,7258.489162
492,7201.198369
493,7068.672180
494,7037.745474
495,6930.165401
496,6846.288125
497,6777.793570
498,6786.158786
499,6810.660135
