0,3108.591829
1,6217.962727
2,6606.881721
3,6861.417593
4,7094.077804
5,7246.818703
6,7388.488854
7,7647.895819
8,7749.916885
9,7936.256853
10,8084.990196
11,8233.955803
12,8344.687844
13,8491.016136
14,8559.575599
15,8708.325682
16,8725.778750
17,8858.189375
18,8947.674560
19,9019.224797
20,9110.243398
21,9181.200387
22,9284.916474
23,9409.150110
24,9485.197454
25,9475.780509
26,9548.183459
27,9672.273914
28,9690.860883
29,9820.017116
30,9852.175657
31,9934.451276
32,9953.145935
33,10008.907402
34,10086.468902
35,10187.761220
36,10233.428657
37,10328.295432
38,10362.296749
39,10436.562086
40,10436.571577
41,10481.146296
42,10550.232940
43,10564.202097
44,10624.418881
45,10661.908840
46,10827.093698
47,10812.460737
48,10873.778265
49,10836.811776
50,10967.084839
51,11012.508949
52,11052.154175
53,11057.997825
54,11039.176308
55,11163.011879
56,11122.344967
57,11239.701321
58,11239.358982
59,11185.039760
60,11267.259527
61,11479.218055
62,11314.486725
63,11412.537525
64,11463.718100
65,11573.999717
66,11546.502901
67,11596.025760
68,11612.177120
69,11663.192241
70,11748.560350
71,11782.511315
72,11740.361065
73,11784.534272
74,11878.896868
75,11927.822814
76,11856.735486
77,11891.904522
78,11959.979106
79,11987.640620
80,11946.612520
81,11890.270328
82,11943.993966
83,11947.058791
84,12049.508209
85,12015.182962
86,12031.510127
87,12011.815191
88,12112.013773
89,12085.057607
90,12068.290880
91,12043.828149
92,12138.905033
93,12227.539323
94,12174.116261
95,12121.986094
96,12144.607755
97,12198.452866
98,12188.458286
99,12243.719975
100,12224.145395
101,12331.424216
102,12278.252268
103,12256.256605
104,12307.877224
105,12196.307262
106,12331.662842
107,12268.504283
108,12204.494046
109,12343.091643
110,12335.694064
111,12373.996292
112,12345.029852
113,12407.821418
114,12398.752087
115,12376.247945
116,12383.903927
117,12469.667547
118,12324.327898
119,12375.193890
120,12464.817691
121,12448.210329
122,12377.233702
123,12391.041166
124,12342.427436
125,12312.362726
126,12475.303503
127,12513.389150
128,12492.576838
129,12437.109885
130,12518.481641
131,12564.526273
132,12529.081731
133,12499.208724
134,12603.934207
135,12627.127446
136,12518.092640
137,12573.183766
138,12530.744842
139,12557.836834
140,12579.102116
141,12527.723961
142,12491.006125
143,12531.373009
144,12524.729537
145,12579.785177
146,12542.682180
147,12491.993512
148,12477.012301
149,12519.806397
150,12508.803878
151,12461.510060
152,12637.146855
153,12606.580049
154,12509.678498
155,12577.136136
156,12541.788573
157,12513.045763
158,12563.074970
159,12533.524611
160,12614.412171
161,12497.005560
162,12560.221247
163,12610.622308
164,12539.335206
165,12519.797904
166,12509.553148
167,12521.263613
168,12556.164041
169,12493.449125
170,12650.184513
171,12629.010421
172,12610.024374
173,12562.595806
174,12540.948463
175,12709.836074
176,12652.883190
177,12692.922730
178,12539.433256
179,12496.296683
180,12617.459840
181,12581.153485
182,12593.054560
183,12543.340889
184,12628.656454
185,12611.814026
186,12638.547516
187,12610.436845
188,12625.317786
189,12658.779389
190,12687.779145
191,12594.226210
192,12648.822219
193,12559.565431
194,12673.032832
195,12760.892981
196,12749.088152
197,12670.198722
198,12654.537475
199,12691.530579
200,12718.657710
201,12680.445061
202,12605.127398
203,12602.399255
204,12626.633836
205,12597.889279
206,12686.908835
207,12782.542470
208,12732.946490
209,12750.354046
210,12639.109909
211,12738.294531
212,12802.625780
213,12658.025008
214,12755.332003
215,12728.186941
216,12763.788055
217,12698.922058
218,12731.056755
219,12857.434723
220,12894.421322
221,12771.811816
222,12748.934977
223,12774.649719
224,12659.573847
225,12785.894107
226,12725.090977
227,12627.868252
228,12735.235816
229,12857.041064
230,12884.191439
231,12793.211521
232,12968.214494
233,12835.756451
234,12798.836865
235,12781.030967
236,12818.382186
237,12708.843571
238,12814.184291
239,12716.660257
240,12859.789924
241,12877.069730
242,12894.172488
243,12856.303708
244,12833.339300
245,12821.341489
246,12724.711754
247,12695.084460
248,12830.839691
249,12944.081869
250,12912.544770
251,12848.564173
252,12778.698340
253,12894.307442
254,12838.230363
255,12923.276992
256,12782.847827
257,12748.953493
258,12750.396011
259,12862.577703
260,12851.920412
261,12898.680953
262,12888.021678
263,12895.758076
264,12929.541194
265,12802.074266
266,12849.918382
267,12875.623238
268,12946.117470
269,12911.492698
270,12863.100210
271,12838.507259
272,12895.382458
273,12855.879263
274,12849.301640
275,12890.885480
276,12966.904026
277,12861.151734
278,12801.229232
279,12875.899654
280,12878.441377
281,12919.787611
282,12887.917491
283,12859.117838
284,12933.668870
285,12883.154168
286,12973.347839
287,12863.184355
288,12992.431492
289,12992.085246
290,12867.917592
291,12936.015406
292,12931.772953
293,12884.526899
294,12722.367214
295,12910.361982
296,12805.334417
297,12906.564160
298,12925.647066
299,12935.735615
300,12811.007971
301,13050.521060
302,12923.860436
303,12879.871690
304,12868.007932
305,12977.576387
306,12972.506157
307,12922.538816
308,12947.231088
309,12994.941393
310,13019.800919
311,13053.775255
312,13067.763429
313,12901.710491
314,12967.846807
315,12994.662103
316,12851.031643
317,12983.051948
318,12889.593130
319,12826.091735
320,12916.608251
321,12845.055302
322,12878.990582
323,12959.783385
324,12913.450787
325,12980.910804
326,13040.250694
327,12940.633797
328,12984.566027
329,13102.438044
330,12946.480442
331,13010.356827
332,12948.120690
333,13047.167386
334,13045.674866
335,13015.744936
336,13013.278640
337,13102.856761
338,12984.481173
339,13024.488100
340,13047.871998
341,12968.064869
342,12992.776552
343,13072.646713
344,12954.523169
345,13050.638983
346,12969.852097
347,12851.495649
348,13100.901658
349,13040.652964
350,13065.790484
351,12976.358867
352,13102.248211
353,13003.484260
354,13062.549320
355,13104.180117
356,13101.222116
357,13095.510367
358,12999.251019
359,12942.541663
360,12924.490518
361,12964.370873
362,13033.701113
363,12939.705097
364,13019.698310
365,13149.007975
366,12990.683620
367,13058.035993
368,12989.074307
369,13046.960940
370,12998.971028
371,13012.593518
372,13018.577808
373,12971.115374
374,13062.752704
375,13128.402283
376,13056.376452
377,13012.254041
378,13088.127916
379,12952.482011
380,13119.346549
381,13168.357343
382,13000.077229
383,13013.810301
384,13087.507534
385,13101.339509
386,13083.029612
387,13041.066232
388,13079.833965
389,13049.947361
390,13091.686909
391,13016.286320
392,12926.967712
393,12991.513787
394,13062.684979
395,13101.125070
396,13091.671210
397,13091.624991
398,12998.943878
399,13060.435642
400,12978.395549
401,13089.372330
402,13048.982151
403,13144.607230
404,13160.981948
405,13065.967626
406,13058.326231
407,12934.029546
408,13135.173701
409,13053.367294
410,13064.358146
411,13200.825713
412,13164.061481
413,13216.477216
414,13114.958419
415,13217.393586
416,13016.367971
417,13043.688905
418,13072.760080
419,13088.299539
420,13177.796360
421,13108.347382
422,13124.695031
423,13157.291619
424,12991.474663
425,13008.316190
426,13151.718766
427,13067.594981
428,13109.664162
429,13128.111134
430,12988.136870
431,13072.588935
432,13064.001324
433,13165.563365
434,13088.683981
435,13094.964703
436,13112.537688
437,13014.630594
438,13037.205233
439,13130.085563
440,13064.436635
441,13110.544563
442,13103.332273
443,13097.233618
444,13076.324313
445,13083.187935
446,13110.339743
447,13142.309598
448,13129.053852
449,13181.073031
450,13110.945591
451,13016.663802
452,13134.690458
453,13022.395969
454,13132.210955
455,13085.984499
456,13072.903543
457,13157.327421
458,13050.607621
459,13152.151468
460,13195.983381
461,13168.862999
462,13167.548291
463,13090.888586
464,13154.234073
465,13087.559489
466,13176.642779
467,13145.568443
468,13162.796555
469,13154.246904
470,13153.145045
471,13113.447459
472,13135.408737
473,13188.346369
474,13134.853937
475,13114.184460
476,13094.586871
477,12989.756058
478,13150.667585
479,13072.562993
480,13149.824281
481,13168.772988
482,13384.078067
483,13263.252150
484,13031.105924
485,13118.944890
486,13234.047670
487,13150.187605
488,13294.169132
489,13293.747097
490,13229.762350
491,13294.273519
492,13188.978835
493,13061.593637
494,13132.202712
495,13116.519494
496,13072.100193
497,12923.624770
498,13159.007711
499,13224.087826
