0,3075.831922
1,3457.575702
2,3768.663099
3,4057.479413
4,4364.498816
5,4635.160975
6,4877.361450
7,5155.988082
8,5426.304872
9,5668.310066
10,5950.482127
11,6134.841261
12,6314.302104
13,6405.920700
14,6507.242546
15,6643.084170
16,6789.210792
17,6924.355454
18,6994.116533
19,7031.900263
20,7056.344349
21,7082.142384
22,7116.499245
23,7162.602007
24,7177.781515
25,7185.823040
26,7193.034949
27,7206.342925
28,7220.271830
29,7246.857795
30,7298.210303
31,7323.430176
32,7336.818070
33,7361.989183
34,7409.474753
35,7451.590733
36,7545.037333
37,7601.646938
38,7654.746336
39,7668.237948
40,7684.530258
41,7725.727564
42,7780.509202
43,7828.139613
44,7863.961777
45,7874.707222
46,7885.469283
47,7904.269407
48,7930.274001
49,7944.913745
50,7944.913745
51,7945.016003
52,7945.152347
53,7945.493206
54,7945.868152
55,7946.618044
56,7947.606537
57,7949.106320
58,7951.765026
59,7953.435238
60,7953.435238
61,7953.435238
62,7953.435238
63,7953.435238
64,7953.435238
65,7953.435238
66,7953.435238
67,7953.435238
68,7953.435238
69,7953.435238
70,7953.435238
71,7953.435238
72,7953.435238
73,7953.435238
74,7953.435238
75,7953.435238
76,7953.435238
77,7953.435238
78,7953.435238
79,7953.435238
80,7953.435238
81,7953.435238
82,7953.435238
83,7953.435238
84,7953.435238
85,7953.435238
86,7953.552981
87,7953.906211
88,7954.259440
89,7954.494926
90,7955.319128
91,7956.614302
92,7959.086908
93,7962.148229
94,7967.682155
95,7977.219348
96,7982.871017
97,7982.871017
98,7982.871017
99,7982.871017
100,7982.871017
101,7982.871017
102,7982.871017
103,7982.871017
104,7982.871017
105,7982.871017
106,7982.871017
107,7982.871017
108,7982.871017
109,7982.871017
110,7982.871017
111,7982.871017
112,7982.871017
113,7982.871017
114,7982.871017
115,7982.871017
116,7982.871017
117,7982.871017
118,7982.871017
119,7982.871017
120,7982.871017
121,7982.871017
122,7982.871017
123,7982.871017
124,7982.871017
125,7982.871017
126,7982.871017
127,7982.871017
128,7982.871017
129,7982.871017
130,7982.871017
131,7982.871017
132,7982.871017
133,7982.871017
134,7982.871017
135,7982.871017
136,7982.871017
137,7982.871017
138,7982.871017
139,7982.871017
140,7982.871017
141,7982.871017
142,7982.871017
143,7982.871017
144,7982.871017
145,7982.871017
146,7982.871017
147,7982.871017
148,7982.871017
149,7982.871017
150,7982.871017
151,7982.871017
152,7982.871017
153,7982.871017
154,7982.871017
155,7982.871017
156,7982.871017
157,7982.871017
158,7982.871017
159,7982.871017
160,7982.871017
161,7982.871017
162,7982.871017
163,7982.871017
164,7982.871017
165,7982.871017
166,7982.871017
167,7982.871017
168,7982.871017
169,7982.871017
170,7982.871017
171,7982.871017
172,7982.871017
173,7982.871017
174,7982.871017
175,7982.871017
176,7982.871017
177,7982.871017
178,7982.871017
179,7982.871017
180,7982.871017
181,7985.019328
182,7988.414385
183,7994.854324
184,8020.609089
185,8105.743975
186,8291.747757
187,8385.263199
188,8385.263199
189,8385.263199
190,8385.263199
191,8385.263199
192,8385.263199
193,8385.263199
194,8385.263199
195,8385.263199
196,8385.263199
197,8385.263199
198,8385.263199
199,8385.263199
200,8385.263199
201,8385.263199
202,8385.263199
203,8385.263199
204,8385.263199
205,8386.291504
206,8388.348112
207,8392.975482
208,8406.343439
209,8433.079352
210,8497.862527
211,8513.801244
212,8514.116655
213,8514.379498
214,8514.747477
215,8515.903984
216,8518.322135
217,8523.211004
218,8526.943367
219,8526.943367
220,8526.943367
221,8526.943367
222,8526.943367
223,8526.943367
224,8526.943367
225,8526.943367
226,8526.943367
227,8526.943367
228,8526.943367
229,8526.943367
230,8526.943367
231,8526.943367
232,8526.943367
233,8526.943367
234,8526.943367
235,8526.943367
236,8526.943367
237,8526.943367
238,8526.943367
239,8526.943367
240,8526.943367
241,8526.943367
242,8526.943367
243,8526.943367
244,8526.943367
245,8526.943367
246,8526.943367
247,8526.943367
248,8527.886621
249,8529.458710
250,8532.131262
251,8541.406588
252,8557.913525
253,8566.245597
254,8566.245597
255,8566.245597
256,8566.245597
257,8566.245597
258,8567.469275
259,8567.469275
260,8573.587663
261,8583.377083
262,8613.969022
263,8678.212093
264,8719.205291
265,8719.205291
266,8719.205291
267,8719.205291
268,8719.205291
269,8720.405648
270,8720.405648
271,8720.405648
272,8721.606004
273,8727.607785
274,8740.011466
275,8766.019184
276,8814.833670
277,8819.234976
278,8819.234976
279,8819.234976
280,8819.234976
281,8819.234976
282,8819.234976
283,8819.234976
284,8819.234976
285,8819.234976
286,8819.234976
287,8819.234976
288,8819.234976
289,8819.234976
290,8819.234976
291,8819.234976
292,8819.234976
293,8819.234976
294,8819.234976
295,8819.234976
296,8819.234976
297,8819.234976
298,8819.234976
299,8819.234976
300,8819.234976
301,8819.234976
302,8819.234976
303,8819.234976
304,8819.234976
305,8819.234976
306,8819.234976
307,8819.234976
308,8819.234976
309,8819.234976
310,8819.234976
311,8819.234976
312,8819.234976
313,8819.234976
314,8819.234976
315,8819.234976
316,8819.234976
317,8819.234976
318,8819.234976
319,8819.234976
320,8819.234976
321,8819.234976
322,8819.234976
323,8819.234976
324,8819.234976
325,8819.234976
326,8819.234976
327,8819.234976
328,8819.234976
329,8819.234976
330,8819.234976
331,8819.234976
332,8819.234976
333,8819.234976
334,8819.234976
335,8819.234976
336,8819.234976
337,8819.234976
338,8819.234976
339,8819.234976
340,8819.234976
341,8819.234976
342,8819.234976
343,8819.234976
344,8819.234976
345,8819.234976
346,8819.234976
347,8819.234976
348,8819.234976
349,8819.234976
350,8819.234976
351,8819.702151
352,8820.013601
353,8821.259401
354,8824.062451
355,8829.668551
356,8842.282276
357,8858.166226
358,8858.166226
359,8858.166226
360,8858.166226
361,8858.166226
362,8858.166226
363,8858.166226
364,8858.166226
365,8858.166226
366,8858.166226
367,8858.166226
368,8858.166226
369,8858.166226
370,8858.166226
371,8858.166226
372,8858.166226
373,8858.166226
374,8858.166226
375,8858.166226
376,8858.166226
377,8858.166226
378,8858.166226
379,8858.166226
380,8858.166226
381,8858.166226
382,8858.166226
383,8858.166226
384,8858.166226
385,8858.166226
386,8858.166226
387,8858.166226
388,8858.166226
389,8858.166226
390,8858.166226
391,8858.166226
392,8858.166226
393,8858.166226
394,8859.025107
395,8861.601751
396,8869.045389
397,8883.932664
398,8911.703158
399,8929.739664
400,8929.739664
401,8929.739664
402,8929.739664
403,8930.917319
404,8934.450284
405,8940.044146
406,8954.176006
407,8978.612347
408,9003.343102
409,9003.343102
410,9003.343102
411,9003.343102
412,9003.343102
413,9003.343102
414,9003.343102
415,9003.343102
416,9003.343102
417,9003.343102
418,9003.343102
419,9003.343102
420,9003.343102
421,9003.343102
422,9003.343102
423,9003.343102
424,9003.343102
425,9003.343102
426,9003.343102
427,9003.343102
428,9003.343102
429,9003.343102
430,9003.343102
431,9003.343102
432,9003.343102
433,9003.343102
434,9003.343102
435,9003.343102
436,9003.343102
437,9003.343102
438,9003.343102
439,9003.343102
440,9003.343102
441,9003.343102
442,9003.343102
443,9003.343102
444,9003.343102
445,9003.343102
446,9003.343102
447,9003.343102
448,9003.343102
449,9003.343102
450,9003.343102
451,9003.343102
452,9003.343102
453,9003.343102
454,9003.343102
455,9003.343102
456,9003.343102
457,9003.343102
458,9003.343102
459,9003.343102
460,9003.343102
461,9003.343102
462,9003.343102
463,9003.343102
464,9003.343102
465,9003.343102
466,9003.343102
467,9003.343102
468,9003.343102
469,9003.343102
470,9003.343102
471,9003.343102
472,9003.343102
473,9003.343102
474,9003.343102
475,9003.343102
476,9003.343102
477,9003.343102
478,9003.343102
479,9003.343102
480,9003.343102
481,9003.343102
482,9003.343102
483,9003.343102
484,9003.343102
485,9003.343102
486,9003.343102
487,9003.343102
488,9003.343102
489,9003.343102
490,9003.343102
491,9003.343102
492,9003.343102
493,9003.343102
494,9003.343102
495,9003.343102
496,9003.343102
497,9003.343102
498,9003.343102
499,9003.343102
