0,3084.209410
1,6178.444328
2,6562.186065
3,6961.732669
4,7273.046090
5,7486.511879
6,7793.031963
7,8105.348919
8,8367.307354
9,8661.706488
10,8903.756400
11,9175.145557
12,9469.022940
13,9747.076995
14,9934.210286
15,10099.888734
16,10254.582501
17,10413.400775
18,10627.487397
19,10787.632808
20,10938.539398
21,11188.201947
22,11336.314031
23,11437.484862
24,11673.481314
25,11870.957137
26,11935.266964
27,12113.992992
28,12254.303951
29,12369.256715
30,12444.339265
31,12639.469564
32,12771.626110
33,12808.283801
34,12988.514159
35,13139.898173
36,13217.346107
37,13289.385693
38,13386.538019
39,13411.526743
40,13426.708025
41,13629.660515
42,13698.574619
43,13744.659491
44,13735.509571
45,13860.199127
46,13898.960285
47,14069.201481
48,14100.104718
49,14277.845457
50,14229.020665
51,14303.029915
52,14290.536108
53,14325.350479
54,14419.441686
55,14263.261649
56,14374.304945
57,14486.477262
58,14449.434903
59,14606.278086
60,14533.889238
61,14472.045652
62,14462.168683
63,14520.204879
64,14588.404342
65,14635.233823
66,14715.547823
67,14924.589645
68,14997.205424
69,15125.545742
70,15129.917822
71,15135.413987
72,15063.051964
73,15194.899059
74,15107.873275
75,15166.523884
76,15170.612041
77,15291.644221
78,15322.139542
79,15388.166540
80,15386.646078
81,15278.385695
82,15282.244342
83,15338.905400
84,15346.918639
85,15404.848120
86,15405.268598
87,15386.604959
88,15466.097429
89,15312.878841
90,15414.999531
91,15256.736149
92,15315.555699
93,15305.035706
94,15382.844463
95,15398.852487
96,15498.829136
97,15435.173556
98,15359.119633
99,15317.912476
100,15447.203186
101,15496.261393
102,15532.149327
103,15524.566605
104,15443.013306
105,15603.602105
106,15744.342655
107,15760.220571
108,15778.005501
109,15841.323048
110,15878.266511
111,15856.568945
112,15925.705207
113,15867.839886
114,16003.904760
115,15953.451306
116,15993.866515
117,16036.953025
118,16096.875572
119,16090.131985
120,16204.403763
121,16118.558084
122,16132.188327
123,16066.009794
124,16124.068030
125,16074.930544
126,16006.168573
127,16093.434901
128,16146.689653
129,16156.086693
130,16152.069021
131,16121.507291
132,16136.333516
133,16264.969248
134,16274.872398
135,16288.525468
136,16253.410326
137,16147.263385
138,16126.827300
139,16209.135621
140,16326.094497
141,16278.495097
142,16313.811134
143,16326.393398
144,16284.174476
145,16180.829409
146,16150.085993
147,16267.238662
148,16347.584720
149,16321.664297
150,16259.060139
151,16270.353332
152,16356.226921
153,16408.616923
154,16299.518831
155,16263.432836
156,16223.781328
157,16216.428651
158,16343.334547
159,16341.914467
160,16445.746001
161,16360.716313
162,16360.568396
163,16245.963981
164,16332.079659
165,16427.166494
166,16354.752338
167,16256.375926
168,16328.439689
169,16382.747965
170,16402.890069
171,16372.478031
172,16378.215977
173,16335.486397
174,16234.400184
175,16359.476464
176,16271.664346
177,16264.195791
178,16260.074594
179,16299.331748
180,16282.510820
181,16266.857272
182,16277.685983
183,16197.048274
184,16218.939521
185,16242.772066
186,16184.180374
187,16172.879823
188,16281.207072
189,16325.192770
190,16310.870529
191,16260.924520
192,16234.994370
193,16246.166399
194,16317.634153
195,16367.336587
196,16335.047105
197,16222.663396
198,16351.928988
199,16350.875888
200,16272.752137
201,16309.968472
202,16442.951546
203,16358.219057
204,16326.763481
205,16337.006688
206,16214.003213
207,16436.016957
208,16544.667437
209,16498.002334
210,16382.284484
211,16329.747629
212,16369.331016
213,16253.370247
214,16185.820993
215,16464.608452
216,16510.983345
217,16492.489932
218,16542.066873
219,16438.214600
220,16471.302267
221,16558.121193
222,16425.041415
223,16545.958307
224,16618.139479
225,16657.873422
226,16508.382080
227,16501.015858
228,16579.630612
229,16538.576861
230,16490.171483
231,16493.021389
232,16552.984160
233,16512.130313
234,16478.518042
235,16458.217770
236,16418.491320
237,16650.660341
238,16461.653508
239,16558.172648
240,16521.666180
241,16513.466522
242,16574.900836
243,16459.604265
244,16453.152430
245,16467.119263
246,16397.934502
247,16332.943958
248,16505.513945
249,16547.560126
250,16645.143407
251,16571.504940
252,16594.537188
253,16373.246167
254,16452.010137
255,16595.929789
256,16705.005510
257,16638.758599
258,16567.155704
259,16701.725452
260,16664.873140
261,16627.964568
262,16620.228582
263,16776.375024
264,16749.507616
265,16713.370389
266,16780.353361
267,16823.122315
268,16836.401232
269,16890.546023
270,16878.451810
271,16750.467287
272,16828.389661
273,16847.591324
274,16889.085612
275,16844.777772
276,17009.772203
277,17040.271848
278,16954.949831
279,16913.996728
280,16933.453629
281,16803.225400
282,16874.736427
283,17059.234663
284,17035.233167
285,17009.306670
286,17054.644445
287,17128.446553
288,17185.238707
289,17184.338864
290,17147.754285
291,17289.669183
292,17350.383601
293,17330.424061
294,17214.313026
295,17282.228504
296,17282.989814
297,17231.291935
298,17290.465027
299,17260.490164
300,17074.396287
301,17170.173167
302,17146.918603
303,17293.843657
304,17215.807283
305,17320.164426
306,17252.725228
307,17338.933351
308,17369.969529
309,17280.500435
310,17325.071287
311,17296.898006
312,17223.147088
313,17197.258907
314,17229.050464
315,17295.789020
316,17369.170487
317,17285.655761
318,17270.981386
319,17279.173573
320,17486.839415
321,17397.305805
322,17350.308562
323,17419.372114
324,17463.015863
325,17446.768317
326,17414.916521
327,17344.526124
328,17341.776992
329,17301.141029
330,17462.944874
331,17522.871687
332,17434.305100
333,17344.541595
334,17248.474993
335,17248.261617
336,17379.815081
337,17339.950269
338,17435.097695
339,17377.732773
340,17440.647563
341,17395.409662
342,17566.453368
343,17413.250769
344,17359.359098
345,17264.831061
346,17330.398296
347,17435.438450
348,17444.002767
349,17423.527608
350,17477.402795
351,17489.057340
352,17354.734467
353,17281.457810
354,17397.545355
355,17387.557960
356,17455.768692
357,17291.265616
358,17405.510125
359,17400.649084
360,17315.731060
361,17302.525590
362,17267.164382
363,17401.657579
364,17430.843900
365,17411.897203
366,17496.451574
367,17406.415775
368,17418.820161
369,17465.425696
370,17472.416525
371,17397.621818
372,17412.850886
373,17390.728740
374,17363.650692
375,17363.091139
376,17472.049404
377,17326.499094
378,17425.186646
379,17424.684707
380,17338.779484
381,17368.254135
382,17434.981351
383,17480.102306
384,17454.419293
385,17453.318149
386,17430.560701
387,17440.245808
388,17473.631821
389,17350.951610
390,17494.822156
391,17534.135513
392,17483.637796
393,17522.520970
394,17414.074627
395,17538.616025
396,17431.660238
397,17527.814235
398,17507.274989
399,17469.291936
400,17377.771757
401,17419.084885
402,17395.651941
403,17333.114011
404,17343.598025
405,17409.931821
406,17379.410049
407,17439.146875
408,17386.809185
409,17530.514338
410,17598.684477
411,17619.217773
412,17553.551716
413,17572.660796
414,17517.388461
415,17466.547944
416,17436.632517
417,17409.150454
418,17564.896921
419,17552.155443
420,17439.333981
421,17564.191027
422,17573.932715
423,17586.858211
424,17601.329289
425,17570.028414
426,17444.079753
427,17455.838460
428,17459.323270
429,17649.326591
430,17690.596508
431,17579.945699
432,17497.197972
433,17553.244213
434,17498.328657
435,17507.486678
436,17498.067698
437,17456.156022
438,17458.560724
439,17565.684851
440,17458.757906
441,17409.190644
442,17477.600174
443,17501.368499
444,17501.793379
445,17456.734826
446,17461.687398
447,17518.830058
448,17527.607904
449,17433.225889
450,17433.480050
451,17418.137559
452,17485.154628
453,17509.381516
454,17436.859652
455,17543.937924
456,17474.596794
457,17564.762203
458,17445.087721
459,17538.706786
460,17487.519885
461,17502.285975
462,17523.896518
463,17445.134428
464,17552.405244
465,17594.854912
466,17573.284862
467,17529.102605
468,17496.713877
469,17533.729828
470,17499.464410
471,17585.460977
472,17607.164872
473,17612.210870
474,17593.593924
475,17500.875618
476,17504.063655
477,17357.618087
478,17450.701498
479,17522.337952
480,17492.473850
481,17404.031940
482,17385.366014
483,17388.053841
484,17372.936221
485,17424.276666
486,17556.472077
487,17547.685610
488,17624.372435
489,17551.559100
490,17543.502453
491,17476.919874
492,17540.513159
493,17527.546572
494,17585.378344
495,17587.622485
496,17569.314202
497,17509.985739
498,17600.960380
499,17558.662616
