0,3065.852190
1,3086.894437
2,3088.621330
3,2995.811640
4,3023.077746
5,3029.800147
6,3044.844678
7,3020.998082
8,3053.539749
9,3092.483994
10,3129.807611
11,3124.375744
12,3169.945041
13,3231.880884
14,3215.298047
15,3249.176450
16,3220.243844
17,3186.075346
18,3164.438258
19,3142.267247
20,3157.716421
21,3101.756988
22,3145.288038
23,3161.358645
24,3238.095475
25,3246.573300
26,3212.062720
27,3175.666554
28,3210.265753
29,3216.638347
30,3190.545743
31,3181.979117
32,3181.797264
33,3149.632268
34,3144.731405
35,3116.947985
36,3134.569791
37,3139.025120
38,3080.520920
39,3099.712862
40,2969.711049
41,2972.674624
42,2921.407636
43,2931.874635
44,2994.378441
45,2969.774271
46,2891.231564
47,2893.336020
48,2863.877814
49,2938.688642
50,2978.321806
51,2954.391816
52,2962.973244
53,2897.983822
54,2908.408207
55,2902.417925
56,2909.736288
57,2910.623562
58,2904.160518
59,2970.548495
60,2998.199326
61,3034.263990
62,3049.778576
63,3094.777018
64,3140.391098
65,3146.310027
66,3167.384621
67,3120.738856
68,3127.378454
69,3071.873886
70,3050.188783
71,3055.972949
72,3049.772114
73,3023.319803
74,2967.797770
75,2900.212880
76,2888.338765
77,2826.938470
78,2839.346105
79,2822.756697
80,2846.618847
81,2793.003944
82,2777.811707
83,2725.264643
84,2711.698840
85,2710.263426
86,2726.323980
87,2792.335759
88,2845.919901
89,2868.831882
90,2895.303118
91,2885.159624
92,2893.905229
93,2928.489938
94,2841.565749
95,2949.998443
96,2930.255597
97,2985.034852
98,2936.023234
99,2950.905272
100,2941.584429
101,2911.461634
102,2907.803404
103,2923.459976
104,2894.206707
105,2905.945469
106,2907.362900
107,2882.942065
108,2810.958486
109,2854.032125
110,2854.581627
111,2830.891153
112,2844.297665
113,2822.365421
114,2825.539053
115,2813.853838
116,2819.015069
117,2870.270129
118,2904.465725
119,2964.712026
120,2983.411613
121,2988.238323
122,2962.019017
123,2946.371473
124,2998.197636
125,3032.894904
126,3038.171080
127,3030.768698
128,3036.564992
129,3104.512357
130,3134.515263
131,3134.982820
132,3124.820147
133,3142.560558
134,3132.946423
135,3183.050483
136,3185.300509
137,3139.527469
138,3157.624830
139,3143.198924
140,3123.255104
141,3189.223934
142,3234.678153
143,3255.350563
144,3223.171974
145,3161.239837
146,3148.260913
147,3168.172990
148,3151.239252
149,3155.854777
150,3139.659201
151,3107.043803
152,3053.381719
153,3111.459375
154,3008.338109
155,3083.120223
156,3100.484138
157,3092.415327
158,3140.241720
159,3178.406873
160,3176.750008
161,3144.656260
162,3128.989433
163,3146.384746
164,3192.909739
165,3196.093535
166,3153.453092
167,3092.434404
168,3163.556992
169,3194.615175
170,3223.415341
171,3191.338434
172,3136.312235
173,3152.999840
174,3143.738388
175,3071.735429
176,3041.151074
177,2995.658946
178,3070.439917
179,3120.341487
180,3133.956772
181,3006.139730
182,3005.406260
183,3062.628572
184,3078.776714
185,3046.430630
186,2988.664481
187,2959.552254
188,2960.269690
189,2937.725318
190,2979.660163
191,2971.107733
192,2979.860294
193,3022.551518
194,3037.055044
195,3003.059482
196,3026.223593
197,3052.588549
198,3094.083591
199,3171.153347
200,3179.333985
201,3180.837908
202,3189.640301
203,3081.926180
204,3051.155403
205,3101.396983
206,3141.728469
207,3152.533760
208,3098.546544
209,3160.542510
210,3247.824901
211,3253.261272
212,3264.108423
213,3221.837529
214,3165.534510
215,3163.720966
216,3177.726560
217,3218.588759
218,3185.702741
219,3196.410554
220,3182.539008
221,3153.977281
222,3216.564488
223,3236.764380
224,3286.739897
225,3301.999787
226,3301.441387
227,3235.962785
228,3195.569045
229,3236.783655
230,3352.634724
231,3303.531309
232,3325.008677
233,3222.672952
234,3191.772133
235,3203.631639
236,3160.620379
237,3135.285175
238,3162.224066
239,3151.422635
240,3128.089638
241,3043.972682
242,2987.126039
243,2983.689073
244,3023.461208
245,3082.859130
246,3127.928267
247,3164.827038
248,3222.707602
249,3163.493145
250,3170.622061
251,3121.354422
252,3081.324952
253,3104.738769
254,3095.852316
255,3087.045152
256,3114.813289
257,3085.560133
258,3036.526540
259,2973.541953
260,2960.084675
261,2986.931474
262,3021.836354
263,2984.210162
264,2952.913058
265,3036.187569
266,3031.028249
267,3028.715454
268,3030.416182
269,2982.496964
270,2976.233792
271,3084.029688
272,3059.768705
273,3035.745464
274,3057.230773
275,3106.739807
276,3123.170949
277,3057.825897
278,3022.335436
279,3020.653324
280,3015.880279
281,3056.046538
282,3039.034654
283,3020.783101
284,2960.829783
285,2975.046191
286,2935.360622
287,2920.614896
288,2950.050681
289,2932.226178
290,2964.322295
291,2919.108618
292,2960.411690
293,2954.027973
294,3004.972035
295,2982.632300
296,2982.929712
297,2939.995729
298,2918.101672
299,2989.484957
300,3002.238431
301,3042.610246
302,3050.197026
303,2989.174364
304,3073.111004
305,3058.225862
306,3122.847910
307,3069.424458
308,3051.073612
309,3071.363226
310,3039.932709
311,3027.342960
312,3063.444325
313,3095.746849
314,3081.690241
315,3050.995804
316,3033.653642
317,3039.868103
318,3066.026213
319,3040.020810
320,3075.760837
321,3006.331320
322,3010.406445
323,2923.992791
324,2933.458118
325,2917.557525
326,2924.347078
327,2913.936039
328,2950.862876
329,2954.969654
330,2919.854621
331,2949.544358
332,3007.128343
333,2982.995642
334,2975.741485
335,2941.748213
336,2964.185011
337,2964.735709
338,2975.399574
339,2913.642172
340,2907.155846
341,2898.039448
342,2882.976754
343,2906.287020
344,2925.251506
345,3027.987516
346,3056.180793
347,3013.030467
348,2975.349171
349,2974.934386
350,3040.767736
351,3040.171388
352,3089.154444
353,3061.430824
354,3136.712294
355,3110.868505
356,3082.442301
357,3092.425835
358,3154.091236
359,3150.892273
360,3161.067696
361,3164.132983
362,3173.394077
363,3134.978532
364,3115.089998
365,3124.451916
366,3112.346119
367,3095.084918
368,3130.199071
369,3103.741833
370,3160.189044
371,3180.442019
372,3236.426887
373,3217.837140
374,3273.802890
375,3232.636870
376,3229.510804
377,3267.545663
378,3234.524348
379,3234.317215
380,3177.005004
381,3106.793810
382,3058.462363
383,3060.551027
384,3111.356875
385,3088.329719
386,3062.507611
387,3093.694695
388,3101.394850
389,3074.857754
390,3034.169446
391,3057.736883
392,3045.451283
393,3069.522117
394,3023.208176
395,3096.469617
396,3136.144068
397,3122.089598
398,3126.563087
399,3132.540161
400,3126.426508
401,3185.871129
402,3227.557373
403,3214.990572
404,3210.366166
405,3188.237891
406,3187.261049
407,3141.730598
408,3096.362657
409,3125.173296
410,3085.418516
411,3113.341820
412,3068.748919
413,3085.753530
414,3087.186384
415,3150.698283
416,3169.854656
417,3108.646500
418,3163.669003
419,3164.287300
420,3103.315832
421,3131.646252
422,3183.171597
423,3193.412927
424,3163.074587
425,3167.311155
426,3109.149503
427,3110.025680
428,3170.922749
429,3146.413566
430,3153.065067
431,3092.540479
432,3071.347435
433,3031.361890
434,2983.338384
435,2984.471436
436,2997.951010
437,2912.513712
438,2956.041492
439,2932.251381
440,2913.482305
441,2909.552723
442,2888.010271
443,2889.345579
444,2880.542439
445,2899.777281
446,2966.494025
447,2987.793833
448,3008.682045
449,3044.507500
450,3026.071672
451,3033.161595
452,3046.801098
453,3025.280105
454,2973.660529
455,2939.966234
456,2949.435556
457,2983.649798
458,2982.312091
459,3024.493739
460,3032.951065
461,3096.049998
462,3065.811542
463,3046.332783
464,3034.852054
465,3030.005532
466,3017.315402
467,2969.619309
468,2993.787997
469,2987.852133
470,2968.983344
471,2949.259858
472,2973.306372
473,2936.747884
474,2977.341229
475,2887.172721
476,2928.063416
477,3001.487829
478,3000.604629
479,3007.233675
480,2971.162355
481,2815.266961
482,2859.279702
483,2887.513611
484,2919.597580
485,2852.870677
486,2855.648948
487,2899.678775
488,2921.124217
489,2863.200593
490,2797.742378
491,2833.439423
492,2890.687155
493,2907.376802
494,2859.597650
495,2804.099625
496,2819.388481
497,2926.367114
498,2981.770813
499,3042.862030
