0,3102.123878
1,3524.454251
2,3758.206596
3,3985.780557
4,4227.982555
5,4398.497031
6,4617.444561
7,4808.590388
8,5023.022630
9,5204.017907
10,5374.872478
11,5526.326295
12,5681.291373
13,5829.433759
14,5994.402261
15,6074.509017
16,6136.895071
17,6209.242164
18,6248.664161
19,6287.557998
20,6316.518135
21,6354.078507
22,6393.846811
23,6412.737199
24,6446.617813
25,6468.899519
26,6489.119276
27,6520.096390
28,6551.097850
29,6574.342239
30,6597.554364
31,6618.297952
32,6653.739511
33,6674.891613
34,6679.632204
35,6694.923676
36,6726.763175
37,6759.051453
38,6776.280202
39,6792.895581
40,6812.156762
41,6829.923751
42,6844.296486
43,6857.206885
44,6861.852941
45,6875.275410
46,6890.956231
47,6905.420651
48,6920.596928
49,6933.832412
50,6948.326812
51,6958.303047
52,6967.111015
53,6977.635510
54,6989.138580
55,6999.657655
56,7007.346868
57,7026.602675
58,7044.711171
59,7049.396462
60,7059.837750
61,7064.521464
62,7071.775597
63,7076.429205
64,7085.727348
65,7097.623055
66,7104.037705
67,7110.403025
68,7125.393181
69,7129.211824
70,7139.865822
71,7147.224418
72,7156.667045
73,7164.663804
74,7178.848629
75,7189.856354
76,7194.007853
77,7199.757400
78,7204.922040
79,7214.625405
80,7226.658598
81,7231.248446
82,7235.702984
83,7244.857158
84,7248.332567
85,7251.522912
86,7258.609643
87,7264.635223
88,7269.279921
89,7271.982324
90,7274.333007
91,7278.429845
92,7283.355820
93,7284.833191
94,7290.324073
95,7299.991192
96,7307.978213
97,7313.637244
98,7327.002843
99,7328.230387
100,7332.907684
101,7337.040810
102,7343.513900
103,7349.888634
104,7352.790003
105,7360.245040
106,7364.936478
107,7375.627316
108,7378.023565
109,7381.444674
110,7389.057193
111,7392.347150
112,7399.164099
113,7413.822531
114,7422.279638
115,7426.976315
116,7436.399799
117,7439.680970
118,7451.692074
119,7454.623622
120,7459.717101
121,7465.260661
122,7467.465344
123,7470.145291
124,7474.259502
125,7475.397109
126,7479.108021
127,7483.313302
128,7492.263510
129,7497.665638
130,7504.444233
131,7508.790691
132,7514.867928
133,7517.263570
134,7517.778791
135,7521.329276
136,7525.166592
137,7526.850637
138,7527.856405
139,7528.524632
140,7530.332947
141,7530.348627
142,7530.397593
143,7533.596073
144,7533.661146
145,7533.661146
146,7537.023156
147,7537.023156
148,7541.399744
149,7544.585208
150,7544.585208
151,7547.342810
152,7547.394869
153,7552.034526
154,7560.705751
155,7565.797624
156,7573.345128
157,7579.271873
158,7584.417450
159,7593.641213
160,7597.795718
161,7609.732737
162,7628.158346
163,7630.880466
164,7631.646401
165,7632.273075
166,7633.456793
167,7633.630870
168,7633.808856
169,7634.139402
170,7634.368241
171,7634.520801
172,7634.673360
173,7634.889486
174,7635.131039
175,7635.398018
176,7635.804844
177,7636.224383
178,7636.224383
179,7636.224383
180,7636.224383
181,7636.224383
182,7636.224383
183,7636.224383
184,7636.224383
185,7636.224383
186,7636.224383
187,7636.224383
188,7636.224383
189,7636.224383
190,7636.224383
191,7636.224383
192,7636.224383
193,7636.224383
194,7636.224383
195,7636.224383
196,7636.224383
197,7636.224383
198,7636.224383
199,7636.224383
200,7636.224383
201,7636.224383
202,7636.224383
203,7636.224383
204,7636.224383
205,7636.224383
206,7636.224383
207,7636.224383
208,7636.224383
209,7636.224383
210,7636.224383
211,7636.224383
212,7636.224383
213,7636.224383
214,7636.224383
215,7636.224383
216,7636.224383
217,7636.224383
218,7636.224383
219,7636.224383
220,7636.224383
221,7636.224383
222,7636.224383
223,7636.224383
224,7636.224383
225,7636.224383
226,7636.224383
227,7636.224383
228,7636.224383
229,7636.224383
230,7636.224383
231,7636.224383
232,7636.224383
233,7636.224383
234,7636.224383
235,7636.224383
236,7636.224383
237,7636.224383
238,7636.224383
239,7636.224383
240,7636.224383
241,7636.224383
242,7636.224383
243,7636.224383
244,7636.224383
245,7636.224383
246,7636.224383
247,7636.224383
248,7636.224383
249,7636.224383
250,7636.224383
251,7636.224383
252,7636.224383
253,7636.224383
254,7636.224383
255,7636.224383
256,7636.224383
257,7636.224383
258,7636.224383
259,7636.224383
260,7636.224383
261,7636.224383
262,7636.224383
263,7636.224383
264,7636.224383
265,7636.224383
266,7636.224383
267,7636.224383
268,7636.224383
269,7636.224383
270,7636.224383
271,7636.224383
272,7636.224383
273,7636.224383
274,7636.224383
275,7636.224383
276,7636.224383
277,7636.224383
278,7636.224383
279,7636.224383
280,7636.224383
281,7636.224383
282,7636.224383
283,7636.224383
284,7636.224383
285,7636.224383
286,7636.224383
287,7636.224383
288,7636.224383
289,7636.224383
290,7636.224383
291,7636.224383
292,7636.224383
293,7636.224383
294,7636.224383
295,7636.224383
296,7636.224383
297,7636.224383
298,7636.224383
299,7636.224383
300,7636.224383
301,7636.224383
302,7636.224383
303,7636.224383
304,7636.224383
305,7636.224383
306,7636.224383
307,7636.224383
308,7636.224383
309,7636.224383
310,7636.224383
311,7636.224383
312,7636.224383
313,7636.224383
314,7636.224383
315,7636.224383
316,7636.224383
317,7636.224383
318,7636.224383
319,7636.224383
320,7636.224383
321,7636.224383
322,7636.224383
323,7636.224383
324,7636.224383
325,7636.224383
326,7636.224383
327,7636.224383
328,7636.224383
329,7636.224383
330,7636.224383
331,7636.224383
332,7636.224383
333,7636.224383
334,7636.224383
335,7636.224383
336,7636.224383
337,7636.224383
338,7636.224383
339,7636.224383
340,7636.224383
341,7636.224383
342,7636.224383
343,7636.224383
344,7636.224383
345,7636.224383
346,7636.224383
347,7636.224383
348,7636.224383
349,7636.224383
350,7636.224383
351,7636.224383
352,7636.224383
353,7636.224383
354,7636.224383
355,7636.224383
356,7636.224383
357,7636.224383
358,7636.224383
359,7636.224383
360,7636.224383
361,7636.224383
362,7636.224383
363,7636.224383
364,7636.224383
365,7636.224383
366,7636.224383
367,7636.224383
368,7636.224383
369,7636.224383
370,7636.224383
371,7636.224383
372,7636.224383
373,7636.224383
374,7636.224383
375,7636.224383
376,7636.224383
377,7636.224383
378,7636.224383
379,7636.224383
380,7636.224383
381,7636.224383
382,7636.224383
383,7636.224383
384,7636.224383
385,7636.224383
386,7636.224383
387,7636.224383
388,7636.224383
389,7636.224383
390,7636.224383
391,7636.224383
392,7636.224383
393,7636.224383
394,7636.224383
395,7636.224383
396,7636.224383
397,7636.224383
398,7636.224383
399,7636.224383
400,7636.224383
401,7636.224383
402,7636.224383
403,7636.224383
404,7636.224383
405,7636.224383
406,7636.224383
407,7636.224383
408,7636.224383
409,7636.224383
410,7636.224383
411,7636.224383
412,7636.224383
413,7636.224383
414,7636.224383
415,7636.224383
416,7636.224383
417,7636.224383
418,7636.224383
419,7636.224383
420,7636.224383
421,7636.224383
422,7636.224383
423,7636.224383
424,7636.224383
425,7636.224383
426,7636.224383
427,7636.224383
428,7636.224383
429,7636.224383
430,7636.224383
431,7636.224383
432,7636.224383
433,7636.224383
434,7636.224383
435,7636.224383
436,7636.224383
437,7636.224383
438,7636.224383
439,7636.224383
440,7636.224383
441,7636.224383
442,7636.224383
443,7636.224383
444,7636.224383
445,7636.224383
446,7636.224383
447,7636.224383
448,7636.224383
449,7636.224383
450,7636.224383
451,7636.224383
452,7636.224383
453,7636.224383
454,7636.224383
455,7636.224383
456,7636.224383
457,7636.224383
458,7636.224383
459,7636.224383
460,7636.224383
461,7636.224383
462,7636.224383
463,7636.224383
464,7636.224383
465,7636.224383
466,7636.224383
467,7636.224383
468,7636.224383
469,7636.224383
470,7636.224383
471,7636.224383
472,7636.224383
473,7636.224383
474,7636.224383
475,7636.224383
476,7636.224383
477,7636.224383
478,7636.224383
479,7636.224383
480,7636.224383
481,7636.224383
482,7636.224383
483,7636.224383
484,7636.224383
485,7636.224383
486,7636.224383
487,7636.224383
488,7636.224383
489,7636.224383
490,7636.224383
491,7636.224383
492,7636.224383
493,7636.224383
494,7636.224383
495,7636.224383
496,7636.224383
497,7636.224383
498,7636.224383
499,7636.224383
