0,3129.220780
1,3419.706884
2,3700.525773
3,3944.292381
4,4164.362737
5,4409.139201
6,4611.043529
7,4856.057486
8,5108.044764
9,5289.184872
10,5494.169279
11,5689.948240
12,5854.941915
13,6068.594238
14,6190.138149
15,6357.523431
16,6606.785557
17,6740.117102
18,6778.977768
19,6871.090499
20,6943.635290
21,7063.554400
22,7137.182115
23,7097.161098
24,7175.392435
25,7227.467589
26,7248.080795
27,7288.848502
28,7393.180736
29,7371.019250
30,7375.380787
31,7376.061432
32,7463.343699
33,7445.928472
34,7472.287635
35,7542.237901
36,7469.553154
37,7586.600761
38,7617.568420
39,7639.529877
40,7629.647447
41,7689.936121
42,7727.126004
43,7706.296978
44,7714.250092
45,7730.541403
46,7665.893100
47,7710.663569
48,7693.803393
49,7690.442469
50,7651.243041
51,7736.863292
52,7743.977908
53,7649.096404
54,7728.657868
55,7744.108702
56,7749.967475
57,7776.577227
58,7743.055681
59,7790.468081
60,7766.686926
61,7750.454867
62,7782.727338
63,7772.901170
64,7780.822524
65,7803.257124
66,7770.202178
67,7740.216319
68,7819.975218
69,7808.373727
70,7797.257899
71,7849.519615
72,7869.176211
73,7812.117864
74,7817.519378
75,7826.897445
76,7806.677250
77,7845.280642
78,7882.705542
79,7866.646366
80,7804.919699
81,7895.561987
82,7871.990771
83,7833.620848
84,7894.417392
85,7957.223205
86,8025.107361
87,8127.329224
88,8229.457436
89,8403.215350
90,8480.808773
91,8579.096185
92,8568.710040
93,8571.061130
94,8597.651501
95,8558.089688
96,8615.891119
97,8665.886931
98,8608.087361
99,8661.781455
100,8587.193747
101,8652.488765
102,8636.309169
103,8624.613518
104,8666.412785
105,8614.141549
106,8625.360457
107,8615.853033
108,8600.175910
109,8638.053698
110,8625.106633
111,8622.548699
112,8647.829170
113,8668.065700
114,8657.552948
115,8648.736258
116,8643.736279
117,8649.855424
118,8621.812705
119,8663.693001
120,8674.343259
121,8678.242094
122,8675.135563
123,8708.742312
124,8692.315981
125,8704.871735
126,8709.421752
127,8731.706587
128,8707.549212
129,8733.384598
130,8706.701019
131,8709.496163
132,8723.846994
133,8719.981249
134,8733.838936
135,8739.083997
136,8730.352391
137,8715.883416
138,8721.970008
139,8722.087964
140,8729.026029
141,8737.545624
142,8732.077690
143,8728.781621
144,8738.004876
145,8739.387155
146,8731.525202
147,8740.893078
148,8736.855978
149,8742.953667
150,8743.150554
151,8737.372169
152,8736.348861
153,8733.722908
154,8744.644467
155,8748.925896
156,8748.767624
157,8754.403399
158,8748.224872
159,8757.562610
160,8759.360888
161,8758.784270
162,8759.360888
163,8756.993457
164,8756.610751
165,8757.521767
166,8747.809306
167,8759.360888
168,8755.974120
169,8750.466996
170,8751.470323
171,8759.360888
172,8759.360888
173,8757.337093
174,8758.329273
175,8757.714509
176,8753.490856
177,8759.360888
178,8754.111898
179,8759.360888
180,8759.360888
181,8757.478645
182,8759.360888
183,8757.289565
184,8757.069464
185,8759.360888
186,8759.360888
187,8759.360888
188,8758.453099
189,8759.360888
190,8759.360888
191,8759.360888
192,8759.360888
193,8759.360888
194,8759.360888
195,8759.360888
196,8759.360888
197,8759.360888
198,8759.360888
199,8759.360888
200,8759.360888
201,8759.360888
202,8759.360888
203,8759.360888
204,8759.360888
205,8759.360888
206,8759.360888
207,8759.360888
208,8759.360888
209,8759.360888
210,8759.360888
211,8759.360888
212,8759.360888
213,8759.360888
214,8759.360888
215,8759.360888
216,8759.360888
217,8759.360888
218,8759.360888
219,8759.360888
220,8759.360888
221,8759.360888
222,8759.360888
223,8759.360888
224,8759.360888
225,8759.360888
226,8759.360888
227,8759.360888
228,8759.360888
229,8759.360888
230,8759.360888
231,8759.360888
232,8759.360888
233,8759.360888
234,8759.360888
235,8759.360888
236,8759.360888
237,8759.360888
238,8759.360888
239,8759.360888
240,8759.360888
241,8759.360888
242,8759.360888
243,8759.360888
244,8759.360888
245,8759.360888
246,8759.360888
247,8759.360888
248,8759.360888
249,8759.360888
250,8759.360888
251,8759.360888
252,8757.906967
253,8759.360888
254,8759.360888
255,8759.360888
256,8759.360888
257,8759.360888
258,8759.360888
259,8759.360888
260,8759.360888
261,8759.360888
262,8759.360888
263,8759.360888
264,8759.360888
265,8759.360888
266,8759.360888
267,8759.360888
268,8759.360888
269,8759.360888
270,8759.360888
271,8759.360888
272,8759.360888
273,8759.360888
274,8759.360888
275,8759.360888
276,8759.360888
277,8759.360888
278,8759.360888
279,8759.360888
280,8759.360888
281,8759.360888
282,8759.360888
283,8759.360888
284,8759.360888
285,8759.360888
286,8759.360888
287,8759.360888
288,8759.360888
289,8759.360888
290,8759.360888
291,8759.360888
292,8759.360888
293,8759.360888
294,8759.360888
295,8759.360888
296,8759.360888
297,8759.360888
298,8759.360888
299,8759.360888
300,8759.360888
301,8759.360888
302,8759.360888
303,8759.360888
304,8759.360888
305,8759.360888
306,8759.360888
307,8759.360888
308,8759.360888
309,8759.360888
310,8759.360888
311,8759.360888
312,8759.360888
313,8759.360888
314,8759.360888
315,8758.397700
316,8759.360888
317,8759.360888
318,8759.360888
319,8759.360888
320,8759.360888
321,8759.360888
322,8759.360888
323,8759.360888
324,8759.360888
325,8759.360888
326,8759.360888
327,8759.360888
328,8759.360888
329,8759.360888
330,8759.360888
331,8759.360888
332,8759.360888
333,8759.360888
334,8759.360888
335,8759.360888
336,8759.360888
337,8759.360888
338,8759.360888
339,8759.360888
340,8759.360888
341,8759.360888
342,8759.360888
343,8759.360888
344,8759.360888
345,8759.360888
346,8759.360888
347,8759.360888
348,8759.360888
349,8759.360888
350,8759.360888
351,8759.360888
352,8759.360888
353,8759.360888
354,8759.360888
355,8759.360888
356,8759.360888
357,8759.360888
358,8759.360888
359,8759.360888
360,8759.360888
361,8759.360888
362,8759.360888
363,8759.360888
364,8759.360888
365,8759.360888
366,8759.360888
367,8759.360888
368,8759.360888
369,8759.360888
370,8759.360888
371,8759.360888
372,8759.360888
373,8759.360888
374,8759.360888
375,8759.360888
376,8759.360888
377,8760.256199
378,8761.375338
379,8764.732755
380,8774.133523
381,8783.981947
382,8799.649893
383,8812.408078
384,8815.317839
385,8815.317839
386,8815.317839
387,8815.317839
388,8815.317839
389,8815.317839
390,8815.317839
391,8815.317839
392,8815.317839
393,8815.317839
394,8815.317839
395,8815.317839
396,8815.317839
397,8815.317839
398,8815.317839
399,8815.317839
400,8815.317839
401,8815.317839
402,8815.317839
403,8811.917631
404,8815.317839
405,8815.317839
406,8815.317839
407,8815.317839
408,8815.317839
409,8815.317839
410,8815.317839
411,8815.317839
412,8815.317839
413,8815.317839
414,8815.317839
415,8815.317839
416,8815.317839
417,8815.317839
418,8815.317839
419,8815.317839
420,8815.317839
421,8815.317839
422,8815.317839
423,8815.317839
424,8815.317839
425,8815.317839
426,8815.317839
427,8815.317839
428,8815.317839
429,8815.317839
430,8815.317839
431,8815.317839
432,8815.317839
433,8815.317839
434,8815.317839
435,8815.317839
436,8815.317839
437,8815.317839
438,8815.317839
439,8815.317839
440,8815.317839
441,8815.317839
442,8815.317839
443,8815.317839
444,8815.317839
445,8815.317839
446,8815.317839
447,8815.317839
448,8815.317839
449,8815.317839
450,8815.317839
451,8815.317839
452,8815.317839
453,8815.317839
454,8815.317839
455,8815.317839
456,8815.317839
457,8815.317839
458,8815.317839
459,8815.317839
460,8815.317839
461,8815.317839
462,8815.317839
463,8815.317839
464,8815.317839
465,8815.317839
466,8815.317839
467,8814.541451
468,8815.317839
469,8815.317839
470,8815.317839
471,8815.317839
472,8815.317839
473,8815.317839
474,8815.317839
475,8815.317839
476,8815.317839
477,8815.317839
478,8815.317839
479,8815.317839
480,8815.317839
481,8815.317839
482,8815.317839
483,8815.317839
484,8815.317839
485,8815.317839
486,8815.317839
487,8815.317839
488,8815.317839
489,8815.317839
490,8814.502031
491,8815.317839
492,8815.317839
493,8813.593878
494,8815.317839
495,8815.317839
496,8815.317839
497,8815.317839
498,8815.317839
499,8815.317839
