0,3080.418221
1,3153.612670
2,3256.221370
3,3215.623388
4,3188.213772
5,3215.581236
6,3276.133616
7,3243.334255
8,3255.182191
9,3318.636982
10,3369.850629
11,3360.368655
12,3368.895304
13,3396.140904
14,3405.070393
15,3447.263133
16,3582.504636
17,3583.725901
18,3674.252526
19,3647.409582
20,3711.712941
21,3695.516064
22,3683.296307
23,3748.117396
24,3736.752766
25,3765.644137
26,3813.421616
27,3831.828007
28,3818.096471
29,3851.680978
30,3839.178158
31,3807.087464
32,3783.356627
33,3751.171693
34,3789.640938
35,3854.993546
36,3897.310055
37,3852.962937
38,3822.216528
39,3830.498996
40,3822.514424
41,3850.480896
42,3870.318734
43,3864.319554
44,3915.471118
45,3905.142307
46,3851.986943
47,3832.533505
48,3826.060088
49,3858.038903
50,3863.765069
51,3859.560370
52,3922.993973
53,3907.470359
54,3914.843143
55,3971.802431
56,3939.862740
57,3909.095029
58,3862.550614
59,3873.031202
60,3881.446930
61,3851.220662
62,3854.855019
63,3849.533364
64,3812.805153
65,3854.396768
66,3788.601887
67,3769.530256
68,3767.611667
69,3778.709470
70,3760.812314
71,3758.367478
72,3796.948377
73,3884.300479
74,3901.337139
75,3837.020331
76,3861.124658
77,3910.883111
78,3982.880069
79,3969.290312
80,3936.910879
81,3913.673983
82,3876.706429
83,3857.098857
84,3791.127631
85,3828.283331
86,3908.298598
87,3863.185949
88,3824.342784
89,3825.480545
90,3809.354559
91,3800.649855
92,3835.187192
93,3867.420227
94,3931.151559
95,3889.462288
96,3872.025993
97,3894.372727
98,3909.329019
99,3944.262978
100,3929.568208
101,3941.617361
102,3987.057669
103,3999.133926
104,4028.869167
105,3997.951384
106,4004.078193
107,4003.173477
108,3915.081652
109,3953.036515
110,3928.179880
111,3904.018512
112,3966.826318
113,3922.643403
114,3971.307456
115,3977.959153
116,3986.981223
117,3908.711579
118,3943.139905
119,3942.602602
120,3937.502077
121,3911.658799
122,3957.520303
123,3922.359970
124,3840.181323
125,3926.879486
126,3935.653534
127,4004.629821
128,3994.884618
129,4038.880966
130,4047.041194
131,3930.322636
132,3945.817394
133,4004.868520
134,4007.166827
135,3981.531582
136,4000.640136
137,4009.122356
138,4098.287271
139,4145.299769
140,4109.481619
141,4139.544364
142,4078.669337
143,4047.148638
144,4025.186801
145,3997.290226
146,3953.793434
147,3912.887568
148,3911.152011
149,3900.558899
150,3931.352950
151,3909.488835
152,3968.193954
153,3940.551212
154,3956.839288
155,3928.427325
156,3979.001916
157,3945.469409
158,3884.642369
159,3876.743494
160,3907.909021
161,3948.662386
162,3886.391980
163,3946.199402
164,3974.557406
165,3984.308055
166,4014.587091
167,3984.837805
168,4013.822316
169,3933.789418
170,4013.031695
171,3963.964052
172,3963.267216
173,4010.134024
174,4001.291377
175,3962.582909
176,3947.265356
177,4012.439255
178,4024.587575
179,4007.382217
180,3971.964365
181,4003.536310
182,3990.555883
183,3955.756808
184,3971.208347
185,3967.120728
186,3943.585174
187,4023.998526
188,3967.869909
189,3973.545305
190,3934.083362
191,3933.209743
192,3983.925585
193,3890.410788
194,3831.579315
195,3894.052448
196,3883.185485
197,3895.059625
198,3874.298270
199,3893.538259
200,3894.490783
201,3940.492345
202,4005.848417
203,3955.455856
204,3943.904099
205,3947.335487
206,3958.340907
207,3945.819486
208,4040.881125
209,3970.214227
210,3979.200893
211,3958.603843
212,3946.497254
213,3963.835563
214,3962.585647
215,3946.027047
216,3968.375745
217,3925.084578
218,3877.513791
219,3859.216820
220,3901.396012
221,3857.552414
222,3859.743934
223,3909.369698
224,3854.413460
225,3791.110662
226,3798.314440
227,3886.337605
228,3856.362631
229,3863.043362
230,3826.389705
231,3836.069959
232,3878.946744
233,3928.334572
234,3874.158722
235,3918.315232
236,3899.737821
237,3935.040194
238,3951.471455
239,3994.147700
240,4021.960062
241,4002.079256
242,3975.765362
243,3965.293496
244,4014.949746
245,3926.182324
246,3911.444795
247,3941.420960
248,3913.263428
249,3965.162025
250,3970.388834
251,4036.901837
252,3957.217483
253,3977.604073
254,3985.878260
255,3970.033251
256,3907.704099
257,3858.706264
258,3873.425307
259,3896.701335
260,3975.436700
261,3941.097908
262,3895.467699
263,3855.804085
264,3907.463217
265,3915.689097
266,3908.061254
267,3915.376862
268,3953.708731
269,3961.695221
270,3978.070741
271,4059.165331
272,4074.733799
273,4055.717257
274,4047.926720
275,4010.853448
276,4003.998589
277,3988.375482
278,3981.555457
279,3970.976035
280,3944.958506
281,3935.713096
282,3911.951449
283,3964.298869
284,4025.755723
285,4095.488514
286,4053.740112
287,4030.063871
288,4081.862367
289,4080.326276
290,4125.322380
291,4121.351506
292,4137.724430
293,4059.325237
294,4059.677208
295,4087.022362
296,4108.482458
297,4154.617657
298,4065.421510
299,4042.955648
300,4073.984254
301,4080.860101
302,4142.252856
303,4156.299493
304,4184.502682
305,4107.473822
306,4101.081840
307,4015.972562
308,4009.655422
309,4034.138881
310,4061.042658
311,4068.951340
312,4051.441834
313,4053.963451
314,4080.417848
315,4010.673398
316,4089.179264
317,3995.472009
318,4053.165646
319,4043.277386
320,4036.252252
321,3985.941692
322,3988.638123
323,3998.612302
324,4106.343221
325,4106.954987
326,4043.870331
327,4040.757812
328,4024.590593
329,4003.064633
330,4006.280332
331,3951.714286
332,3907.666440
333,3990.684097
334,4022.606032
335,4011.151115
336,4005.467675
337,4046.991418
338,4024.608092
339,4038.887396
340,4064.082065
341,4083.991269
342,4109.062460
343,4134.291498
344,4063.705113
345,4095.359979
346,4069.908006
347,4033.883413
348,3994.964365
349,4006.772471
350,4029.604514
351,4029.396088
352,3998.715154
353,3984.272989
354,4023.255498
355,4071.593324
356,4093.170836
357,4058.595916
358,4092.127824
359,4034.569375
360,4042.942076
361,3993.860177
362,3999.203102
363,4030.943672
364,4071.354065
365,4154.721946
366,4095.282781
367,4020.303672
368,4029.855056
369,3982.815739
370,3989.907686
371,4051.322364
372,4007.602280
373,4038.112406
374,3999.497808
375,4045.775834
376,4075.853772
377,4008.693002
378,4012.972616
379,3990.384895
380,4018.222138
381,3960.374732
382,3977.117626
383,3944.417406
384,3966.627405
385,3945.124972
386,3919.870793
387,3918.706332
388,3898.637442
389,3888.645990
390,3833.266412
391,3944.993068
392,3918.270740
393,3885.032865
394,3912.656756
395,3946.745285
396,4013.443901
397,4057.411836
398,4033.179865
399,4083.328675
400,4014.155858
401,3962.012713
402,3982.050843
403,3912.522074
404,3930.854678
405,4028.334689
406,3987.706371
407,4063.012002
408,4048.414503
409,4052.248097
410,3995.425393
411,4031.969006
412,3972.691546
413,3994.844227
414,3889.830880
415,3852.663634
416,3903.864955
417,3913.508826
418,3889.132836
419,3904.058414
420,3918.504375
421,4016.967724
422,4008.338444
423,3975.032107
424,4016.489416
425,3975.619096
426,3983.569790
427,4013.433187
428,3948.468802
429,4012.173128
430,4026.215425
431,4029.601447
432,4091.918866
433,4060.602430
434,4111.963846
435,4146.925040
436,4197.086573
437,4117.502912
438,4179.240045
439,4140.417033
440,4144.290724
441,4139.377959
442,3994.553260
443,3989.536260
444,3978.161749
445,3944.091302
446,3937.959392
447,3965.228091
448,4026.942563
449,4019.316948
450,4060.669581
451,4114.346563
452,4115.315578
453,4057.533984
454,4066.594284
455,4047.088182
456,4012.525355
457,3979.964035
458,3967.364344
459,4063.793989
460,3970.236844
461,4014.040498
462,4002.723305
463,4025.139549
464,4030.078519
465,4004.465528
466,4095.458822
467,4146.351264
468,4113.590169
469,4181.685861
470,4157.845634
471,4155.382128
472,4186.637821
473,4115.385986
474,4155.498743
475,4022.644926
476,4050.278589
477,4103.118388
478,4088.389551
479,4030.525584
480,3971.050073
481,3979.729491
482,3973.549350
483,4012.137882
484,4062.621795
485,4008.042671
486,4036.189977
487,4044.478448
488,4118.363258
489,4095.220426
490,4139.402609
491,4144.996906
492,4148.307323
493,4076.598687
494,4108.745658
495,4131.148064
496,4090.012175
497,4189.004991
498,4181.347363
499,4144.398896
