0,3060.397179
1,3200.080762
2,3356.359842
3,3430.627570
4,3467.549954
5,3508.718980
6,3605.001946
7,3724.186312
8,3775.863107
9,3734.921471
10,3754.742099
11,3762.023550
12,3770.580645
13,3781.912238
14,3774.033007
15,3747.946587
16,3748.066520
17,3756.450758
18,3669.289577
19,3706.120481
20,3737.282099
21,3758.833024
22,3701.306592
23,3721.211329
24,3695.654847
25,3739.566952
26,3774.664919
27,3811.740127
28,3883.159219
29,3914.443712
30,3911.935688
31,3963.128885
32,3877.469256
33,3826.329691
34,3822.837413
35,3834.063724
36,3890.084174
37,3928.584501
38,3911.692863
39,3964.758781
40,4011.828143
41,3903.234186
42,3978.153496
43,3916.739146
44,3951.640944
45,4067.368361
46,4094.633709
47,4124.431007
48,4098.184221
49,4108.839354
50,4014.426803
51,4039.185725
52,4010.204872
53,4059.794471
54,4004.712113
55,4046.013524
56,4126.908525
57,4140.852540
58,4207.529750
59,4175.433425
60,4308.439886
61,4290.988901
62,4204.604499
63,4191.485375
64,4308.441210
65,4211.363156
66,4207.737352
67,4260.233392
68,4269.084040
69,4287.253689
70,4298.568740
71,4335.621566
72,4337.275714
73,4309.405956
74,4319.205534
75,4349.079777
76,4334.072048
77,4386.186697
78,4410.751908
79,4399.314083
80,4493.362053
81,4367.835780
82,4560.337713
83,4611.349284
84,4732.367973
85,4713.932494
86,4735.585944
87,4814.335549
88,4857.520418
89,4797.811939
90,4921.205750
91,4829.195244
92,4818.350868
93,4702.456774
94,4583.944661
95,4614.087735
96,4643.448987
97,4696.748616
98,4843.011319
99,4867.088636
100,4859.116675
101,4716.941250
102,4886.687416
103,4854.295423
104,4878.352778
105,4849.172167
106,4765.075489
107,4764.946421
108,4927.021221
109,5035.288094
110,5080.223795
111,5122.609077
112,5148.883385
113,5155.537449
114,5130.797661
115,5138.982478
116,5269.754599
117,5442.464178
118,5605.860650
119,5437.656650
120,5404.289390
121,5400.540648
122,5454.024052
123,5497.984705
124,5415.055917
125,5566.191637
126,5598.329726
127,5612.884791
128,5688.725488
129,5616.360233
130,5692.901010
131,5686.601462
132,5672.180047
133,5854.917218
134,5770.443804
135,5863.585832
136,5774.370131
137,6043.508566
138,6186.889987
139,6181.376080
140,6262.358495
141,6431.074080
142,6218.948039
143,6276.903938
144,6236.568503
145,6219.474375
146,6378.760923
147,6320.638584
148,6271.695668
149,6195.260038
150,6272.555649
151,6324.396281
152,6464.515659
153,6473.086622
154,6422.089088
155,6569.848153
156,6468.375530
157,6499.135144
158,6579.080866
159,6568.896473
160,6540.569695
161,6713.610363
162,6601.807482
163,6685.500431
164,6735.752861
165,6750.069676
166,6770.004229
167,6959.058184
168,6847.556575
169,6914.055827
170,7124.799174
171,7084.152193
172,7108.732367
173,7121.833254
174,7212.712118
175,7180.268563
176,7242.113473
177,7156.697995
178,7393.173370
179,7394.243761
180,7440.848594
181,7405.304571
182,7508.012586
183,7461.252586
184,7501.560765
185,7559.972995
186,7566.439455
187,7505.872861
188,7407.688791
189,7486.378371
190,7386.190015
191,7492.539456
192,7660.582872
193,7751.917280
194,7640.285031
195,7612.845304
196,7669.271285
197,7615.638667
198,7758.143931
199,7856.136459
200,7902.376217
201,7820.671114
202,7940.040674
203,7884.778127
204,7920.306492
205,7889.989971
206,7931.128198
207,7937.648336
208,7989.933661
209,7986.996101
210,7965.614286
211,7905.982076
212,8002.271994
213,8039.579883
214,7975.621995
215,8055.415122
216,8068.123723
217,8111.614355
218,8153.720320
219,8121.284714
220,8125.207987
221,8152.324382
222,8164.206447
223,8122.076444
224,8133.851682
225,8153.388855
226,8174.003048
227,8166.906420
228,8193.188909
229,8204.486584
230,8213.334880
231,8211.891817
232,8231.991828
233,8216.859367
234,8203.308002
235,8147.411705
236,8103.176414
237,8182.999350
238,8193.251994
239,8180.742791
240,8132.948392
241,8197.084081
242,8199.376210
243,8225.776966
244,8189.150768
245,8210.111558
246,8175.679954
247,8188.862330
248,8175.178955
249,8202.821254
250,8206.302120
251,8240.702469
252,8247.790212
253,8250.848708
254,8233.609403
255,8191.112566
256,8207.488624
257,8234.834758
258,8262.535011
259,8258.906633
260,8243.072043
261,8210.388688
262,8212.390601
263,8203.125971
264,8251.702060
265,8235.891594
266,8232.185001
267,8246.299137
268,8255.908363
269,8213.437606
270,8218.427262
271,8234.888224
272,8198.902175
273,8238.906535
274,8261.163778
275,8269.076367
276,8272.010236
277,8256.592115
278,8230.578767
279,8261.339465
280,8246.797369
281,8252.389201
282,8248.465010
283,8258.103125
284,8244.755955
285,8267.502060
286,8293.477697
287,8270.569171
288,8227.622748
289,8241.145574
290,8219.121533
291,8265.880260
292,8221.572821
293,8169.647313
294,8186.488558
295,8232.356062
296,8260.989995
297,8257.477426
298,8301.727607
299,8230.543612
300,8195.609145
301,8193.753583
302,8248.426920
303,8233.832706
304,8236.078583
305,8222.998757
306,8239.808617
307,8199.459125
308,8200.893212
309,8204.802129
310,8228.816008
311,8256.551564
312,8262.758451
313,8139.115467
314,8218.355449
315,8220.841612
316,8272.971405
317,8272.234430
318,8315.631948
319,8310.288810
320,8268.106435
321,8255.024069
322,8240.900018
323,8126.197267
324,8075.575400
325,8176.577215
326,8248.015338
327,8222.192190
328,8264.417086
329,8242.648245
330,8262.963837
331,8273.353900
332,8248.859497
333,8245.404039
334,8308.662969
335,8230.175049
336,8243.462594
337,8255.471882
338,8182.577798
339,8223.961249
340,8223.078299
341,8255.962297
342,8277.717111
343,8266.939851
344,8288.657229
345,8225.518146
346,8259.342632
347,8275.979559
348,8301.022820
349,8258.250574
350,8259.477420
351,8272.135898
352,8269.358746
353,8284.507010
354,8315.410300
355,8267.331277
356,8296.226784
357,8288.025028
358,8266.001460
359,8257.000692
360,8287.254396
361,8277.213693
362,8272.176638
363,8312.625092
364,8295.470088
365,8297.775976
366,8303.012204
367,8314.907072
368,8319.583475
369,8293.909257
370,8295.434419
371,8286.236069
372,8266.510828
373,8229.214160
374,8298.342378
375,8304.136915
376,8305.039415
377,8341.948822
378,8282.821555
379,8264.707719
380,8283.385821
381,8301.456822
382,8272.501967
383,8303.338827
384,8327.313339
385,8311.838394
386,8245.440721
387,8251.548646
388,8277.650089
389,8298.780810
390,8306.958110
391,8258.911052
392,8246.437737
393,8276.048123
394,8301.239715
395,8292.040478
396,8311.085648
397,8328.157728
398,8307.960106
399,8332.047122
400,8281.199603
401,8299.104313
402,8290.074636
403,8302.418704
404,8295.844274
405,8315.178940
406,8325.808175
407,8317.480172
408,8293.163819
409,8316.858275
410,8223.871644
411,8269.123226
412,8259.162135
413,8270.008146
414,8266.258436
415,8285.330651
416,8153.448878
417,8236.993485
418,8153.468079
419,8230.590837
420,8282.162986
421,8306.808981
422,8336.397853
423,8263.119150
424,8290.711426
425,8315.717401
426,8336.198661
427,8324.636386
428,8301.564204
429,8244.664000
430,8271.290644
431,8274.902460
432,8304.471583
433,8268.037320
434,8197.488241
435,8267.376058
436,8151.615641
437,8193.700633
438,8263.325174
439,8313.916018
440,8211.868218
441,8286.188809
442,8302.677417
443,8276.136378
444,8282.872849
445,8273.733744
446,8286.662653
447,8308.264918
448,8313.901699
449,8327.067582
450,8308.492095
451,8266.303041
452,8327.180804
453,8322.109051
454,8352.569420
455,8329.587137
456,8326.258897
457,8326.727973
458,8340.912809
459,8332.825374
460,8340.022632
461,8303.093942
462,8299.613164
463,8233.069288
464,8263.404705
465,8317.869097
466,8305.916397
467,8296.536374
468,8318.793869
469,8263.681428
470,8306.199579
471,8323.065758
472,8342.879975
473,8356.458027
474,8260.718750
475,8265.031808
476,8315.408236
477,8332.032836
478,8327.349027
479,8283.106996
480,8292.226141
481,8292.329903
482,8143.633696
483,8191.978754
484,8258.845071
485,8159.672499
486,8244.806367
487,8286.262337
488,8304.747914
489,8321.994188
490,8295.378464
491,8293.632675
492,8313.965006
493,8307.733670
494,8316.383777
495,8327.975786
496,8303.259135
497,8337.772675
498,8350.907618
499,8344.983459
