0,3071.409123
1,6163.893744
2,6560.254660
3,6915.401961
4,7212.826220
5,7533.175832
6,7814.504460
7,8058.065474
8,8199.499794
9,8546.438564
10,8824.208675
11,9063.959004
12,9330.059670
13,9549.447400
14,9799.945274
15,9985.714580
16,10304.064272
17,10545.314241
18,10742.927486
19,10851.392396
20,10863.590091
21,11069.385808
22,11299.404080
23,11457.523579
24,11577.465520
25,11647.968876
26,11714.061883
27,11929.901128
28,12129.439863
29,12165.536823
30,12204.018766
31,12379.668077
32,12433.362807
33,12428.224169
34,12597.447748
35,12556.477760
36,12663.278566
37,12829.031150
38,12936.158150
39,13013.372838
40,13052.646844
41,13175.461130
42,13136.342742
43,13326.299391
44,13428.650010
45,13258.552704
46,13329.258670
47,13419.488033
48,13424.436827
49,13618.290112
50,13589.812243
51,13581.056558
52,13746.845879
53,13778.908152
54,13813.317933
55,13629.616246
56,13703.386525
57,13795.528528
58,13926.209929
59,13938.963992
60,14072.171597
61,13858.035738
62,14012.076341
63,13906.298275
64,14078.016823
65,14027.347263
66,13907.366756
67,13908.072189
68,13897.410164
69,13812.525203
70,14099.279981
71,14038.209006
72,13998.572629
73,14200.071177
74,14176.348812
75,14280.919565
76,14235.864712
77,14075.379768
78,14299.469384
79,14355.854108
80,14225.053560
81,14137.982094
82,14288.053573
83,14353.773921
84,14260.603744
85,14333.213596
86,14396.305190
87,14477.330042
88,14168.971902
89,14219.284993
90,14313.277228
91,14416.531785
92,14501.987514
93,14308.193718
94,14287.328536
95,14383.490408
96,14335.728040
97,14384.245704
98,14225.635942
99,14363.474944
100,14389.448519
101,14479.965507
102,14524.709134
103,14480.725010
104,14596.076894
105,14649.252942
106,14489.777616
107,14418.149906
108,14508.574506
109,14515.610492
110,14543.050648
111,14548.355625
112,14577.713681
113,14599.607510
114,14571.863920
115,14670.919991
116,14643.650583
117,14713.554027
118,14693.920204
119,14697.474906
120,14549.976422
121,14694.154208
122,14664.468244
123,14666.153692
124,14758.845909
125,14612.777265
126,14624.852984
127,14745.255668
128,14750.497453
129,14781.808511
130,14741.242022
131,14616.958980
132,14690.435309
133,14737.329969
134,14760.847227
135,14845.767179
136,14813.362641
137,14789.527994
138,14743.645251
139,14927.266825
140,14882.188169
141,14909.311256
142,14820.270113
143,14754.288519
144,14874.764203
145,14916.840579
146,14894.940129
147,14896.421065
148,14903.815030
149,14981.180093
150,14955.210142
151,14925.477144
152,14909.142270
153,14903.559336
154,14992.758144
155,14939.739702
156,14913.127881
157,14953.966928
158,14921.377186
159,15020.556803
160,14971.793872
161,15029.008331
162,15009.122936
163,15044.055546
164,15096.068688
165,15006.545150
166,14939.904428
167,15015.034227
168,15014.190276
169,15031.570487
170,15077.557868
171,15008.531836
172,15098.658637
173,15037.916327
174,15068.700185
175,15031.739271
176,15068.550082
177,15070.464619
178,15035.887493
179,15054.331392
180,15072.807110
181,15108.884081
182,15036.186681
183,15081.793822
184,15084.657776
185,15109.842795
186,15062.519636
187,15088.257524
188,15084.448624
189,15117.136845
190,15103.565827
191,15114.760801
192,15133.262855
193,15124.739574
194,15127.811941
195,15109.848786
196,15124.804917
197,15100.165928
198,15109.638128
199,15110.116057
200,15137.895291
201,15112.400121
202,15130.934200
203,15134.760107
204,15143.731913
205,15116.915055
206,15119.129525
207,15152.212185
208,15143.659889
209,15130.912362
210,15147.595417
211,15139.873849
212,15140.743149
213,15137.680069
214,15127.887473
215,15147.732710
216,15145.187242
217,15150.434352
218,15152.893716
219,15148.840356
220,15153.854608
221,15143.197250
222,15141.666257
223,15157.482167
224,15149.687215
225,15154.789862
226,15150.864379
227,15152.974361
228,15149.451879
229,15159.065128
230,15157.428511
231,15161.147901
232,15155.605720
233,15156.940562
234,15146.743746
235,15142.555232
236,15157.008167
237,15154.851954
238,15148.155109
239,15156.387318
240,15156.407201
241,15160.057345
242,15154.681620
243,15153.029519
244,15159.813060
245,15154.492986
246,15151.523110
247,15148.871823
248,15152.147591
249,15147.495872
250,15150.584664
251,15153.081164
252,15147.792070
253,15157.149913
254,15153.478410
255,15152.341614
256,15151.284850
257,15139.843987
258,15157.038109
259,15147.648361
260,15149.615372
261,15149.729480
262,15156.748738
263,15155.174344
264,15158.561480
265,15153.233750
266,15150.210308
267,15152.874439
268,15156.398081
269,15149.839946
270,15149.009643
271,15141.916804
272,15152.589726
273,15154.444452
274,15154.636317
275,15147.410551
276,15132.476483
277,15147.902069
278,15157.647857
279,15141.596979
280,15159.794337
281,15153.257778
282,15140.725125
283,15153.250026
284,15154.506810
285,15144.546389
286,15149.584854
287,15160.546169
288,15150.392244
289,15158.665268
290,15154.755395
291,15156.208790
292,15145.082528
293,15153.287381
294,15143.998055
295,15145.628238
296,15150.456967
297,15150.374850
298,15159.568520
299,15152.987746
300,15159.050304
301,15153.952411
302,15156.797941
303,15154.871736
304,15155.501524
305,15150.173500
306,15151.268146
307,15154.319673
308,15152.188616
309,15144.666973
310,15151.108180
311,15158.087479
312,15159.041184
313,15154.627197
314,15151.137484
315,15147.492469
316,15151.249647
317,15153.762628
318,15155.707384
319,15153.694851
320,15158.176443
321,15151.838448
322,15151.173156
323,15153.230552
324,15154.647707
325,15155.962038
326,15149.767838
327,15152.350863
328,15155.732071
329,15156.553401
330,15150.644834
331,15154.241166
332,15156.888031
333,15153.485179
334,15154.820020
335,15155.404560
336,15156.305217
337,15156.428286
338,15157.008633
339,15156.387425
340,15155.653899
341,15159.745455
342,15152.067456
343,15151.063848
344,15156.128603
345,15158.034697
346,15159.305512
347,15155.707384
348,15142.276298
349,15154.515930
350,15145.433249
351,15156.456083
352,15150.596216
353,15153.068181
354,15146.422306
355,15137.213778
356,15155.684761
357,15157.057515
358,15157.828371
359,15139.631118
360,15142.735826
361,15141.667383
362,15148.111713
363,15156.455316
364,15146.381245
365,15150.250351
366,15154.255735
367,15149.396426
368,15153.485179
369,15150.966269
370,15156.814151
371,15159.309412
372,15150.203607
373,15143.816641
374,15150.980594
375,15157.463123
376,15156.457814
377,15148.458791
378,15149.907432
379,15153.082391
380,15147.674317
381,15143.535441
382,15152.526254
383,15159.192604
384,15161.034993
385,15159.046404
386,15158.369034
387,15152.841751
388,15157.301333
389,15148.707228
390,15153.722695
391,15154.219243
392,15154.167848
393,15137.703315
394,15146.884321
395,15148.684386
396,15153.081164
397,15153.624746
398,15147.803583
399,15150.927080
400,15155.937100
401,15149.081054
402,15157.635925
403,15159.412949
404,15153.020358
405,15152.577352
406,15149.050344
407,15150.600632
408,15151.477218
409,15155.316644
410,15152.307228
411,15151.091456
412,15158.948320
413,15154.515609
414,15154.734401
415,15146.544968
416,15151.088771
417,15154.607907
418,15151.056281
419,15150.123488
420,15146.582023
421,15142.998433
422,15143.718005
423,15153.628764
424,15148.716526
425,15154.152941
426,15150.590777
427,15149.617485
428,15153.575581
429,15157.334588
430,15156.890805
431,15158.952686
432,15157.494812
433,15154.039995
434,15154.691223
435,15154.876702
436,15160.546169
437,15151.936494
438,15152.330851
439,15149.695548
440,15150.185479
441,15151.561035
442,15153.445413
443,15140.936727
444,15157.320823
445,15155.420432
446,15149.749021
447,15156.147793
448,15156.377654
449,15155.891621
450,15155.606166
451,15154.485917
452,15150.069655
453,15160.170253
454,15157.945828
455,15154.645401
456,15155.756266
457,15155.233295
458,15149.762304
459,15158.552359
460,15156.456083
461,15158.572404
462,15156.274410
463,15149.725318
464,15152.055061
465,15154.012808
466,15149.577126
467,15148.201341
468,15149.580784
469,15147.461506
470,15156.015374
471,15144.751654
472,15151.920388
473,15145.045853
474,15151.689972
475,15153.158841
476,15159.324236
477,15154.030852
478,15155.188964
479,15141.564364
480,15156.104087
481,15154.909994
482,15152.769984
483,15151.287154
484,15155.511726
485,15150.292060
486,15153.297897
487,15142.078594
488,15153.318004
489,15156.897435
490,15154.906094
491,15142.915320
492,15158.278982
493,15152.090329
494,15159.305512
495,15154.722257
496,15156.711291
497,15148.601766
498,15145.240830
499,15151.557593
