0,3144.910588
1,3041.795912
2,2996.007016
3,3027.905899
4,2998.786864
5,3083.847185
6,3095.943724
7,3153.181601
8,3198.907389
9,3123.832518
10,3148.123617
11,3203.813944
12,3168.161295
13,3290.899627
14,3317.737262
15,3243.998430
16,3216.990567
17,3131.771440
18,3122.960550
19,3108.607917
20,3164.658187
21,3082.807874
22,3048.873537
23,3169.019563
24,3144.809569
25,3120.686954
26,3131.763458
27,3101.158869
28,3067.012179
29,3081.794153
30,3103.385811
31,3140.501836
32,3199.544130
33,3171.752561
34,3130.530774
35,3131.310063
36,3101.972719
37,3102.463096
38,3102.040221
39,3047.399704
40,3041.517797
41,3077.760535
42,3082.384534
43,3161.132828
44,3106.495077
45,3132.230667
46,3156.481165
47,3157.611414
48,3183.612410
49,3185.919951
50,3198.891522
51,3206.873531
52,3165.229171
53,3172.115731
54,3173.543786
55,3120.280706
56,3116.653468
57,3186.008182
58,3238.771187
59,3158.379794
60,3108.638148
61,3209.284989
62,3132.881344
63,3104.280691
64,3078.373552
65,3058.694101
66,3127.395720
67,3056.638836
68,2989.576971
69,2968.889419
70,2964.313905
71,2967.208006
72,3035.996491
73,3062.052940
74,2974.446550
75,3043.051606
76,3086.253946
77,3148.124813
78,3104.151602
79,3085.591120
80,3101.126425
81,3099.019461
82,3104.454472
83,3065.862035
84,3073.495305
85,3100.227444
86,3187.776037
87,3189.547076
88,3140.201528
89,3106.725408
90,3093.162803
91,3069.448525
92,3051.027298
93,3060.155242
94,3013.975263
95,3071.399341
96,3137.993366
97,3041.206118
98,3077.340461
99,3131.379340
100,3049.051468
101,3034.908339
102,2966.885033
103,3080.971669
104,3070.082522
105,3085.749774
106,3068.181326
107,3099.550364
108,3086.198693
109,3030.407845
110,3006.650893
111,3016.538768
112,3032.743390
113,2944.478698
114,2988.232095
115,3028.788319
116,3096.893793
117,3140.050853
118,3099.857165
119,3072.713093
120,3116.227556
121,3078.301766
122,3071.951577
123,3074.465620
124,3138.198098
125,3122.768889
126,3169.909596
127,3070.779869
128,3058.556343
129,3100.928317
130,3099.981311
131,3034.019710
132,3089.170316
133,3045.755418
134,3078.969677
135,3049.181628
136,3072.849928
137,3024.871262
138,3129.793246
139,3165.942237
140,3144.031446
141,3137.594165
142,3168.416977
143,3107.015086
144,3057.257838
145,3039.702059
146,3046.558801
147,3086.416795
148,3070.623110
149,3063.465482
150,3065.321127
151,3061.132333
152,3042.773061
153,3051.921862
154,3030.663643
155,3008.511819
156,3037.446067
157,3058.647682
158,3113.793125
159,3165.621996
160,3145.588993
161,3094.579155
162,3096.880767
163,3105.113035
164,3169.969394
165,3157.029118
166,3119.209952
167,3092.751839
168,3143.531023
169,3120.797941
170,3154.346586
171,3165.668487
172,3119.840446
173,3145.840049
174,3234.702625
175,3194.186494
176,3197.683331
177,3223.063821
178,3204.775062
179,3203.632776
180,3155.169610
181,3133.603789
182,3076.567093
183,3039.499310
184,3009.227049
185,3092.159725
186,3068.433050
187,3067.375852
188,3051.205824
189,3066.986780
190,3179.748872
191,3162.369411
192,3190.748399
193,3212.993936
194,3162.282608
195,3091.168605
196,3082.309498
197,3049.543289
198,3080.784868
199,3071.833968
200,3081.545046
201,3062.270576
202,3026.869224
203,3012.534247
204,2974.808190
205,2992.387671
206,3051.195742
207,3032.492488
208,3082.169072
209,3089.103958
210,3108.041494
211,3154.205609
212,3143.759396
213,3177.720031
214,3213.897545
215,3119.959001
216,3086.667284
217,3089.754424
218,3132.370250
219,3117.975822
220,3090.374390
221,3058.174873
222,3047.019831
223,3073.887605
224,3076.779788
225,3025.347063
226,3034.286639
227,3053.213266
228,2985.924329
229,3055.838509
230,3101.442906
231,3032.652585
232,3143.584787
233,3084.137955
234,3099.203022
235,3171.879730
236,3109.561497
237,3108.100751
238,2973.676378
239,2977.534438
240,3055.755326
241,3002.438519
242,2996.102561
243,3051.798026
244,3174.317180
245,3185.583849
246,3169.563718
247,3124.583260
248,3118.324168
249,3123.515441
250,3125.689471
251,3145.919979
252,3128.549847
253,3182.382596
254,3183.263176
255,3232.827145
256,3230.546075
257,3157.292227
258,3101.985299
259,3090.893509
260,3158.289672
261,3180.922996
262,3163.841966
263,3158.272827
264,3181.860775
265,3184.785097
266,3215.553067
267,3081.519685
268,3051.986225
269,3095.202892
270,3077.580195
271,3107.751690
272,3086.966026
273,3067.209969
274,3158.373069
275,3138.940603
276,3162.375697
277,3072.858533
278,3096.517855
279,3085.626153
280,3103.957574
281,3140.344711
282,3155.707076
283,3174.716022
284,3149.710173
285,3138.643174
286,3168.302414
287,3149.261465
288,3107.073258
289,3148.046077
290,3146.549067
291,3135.514003
292,3190.845881
293,3195.005525
294,3142.327368
295,3174.911997
296,3093.491028
297,3111.988810
298,3075.351154
299,3082.174310
300,3109.807773
301,3091.863226
302,3061.887080
303,3061.452531
304,3052.816581
305,3160.642454
306,3132.141233
307,3080.179656
308,3008.104752
309,2942.732232
310,2900.279185
311,2959.748571
312,2937.519648
313,2918.123293
314,2955.254009
315,2974.437410
316,3050.968135
317,3052.227596
318,3094.625353
319,3108.581832
320,3099.358433
321,3109.561766
322,3123.797466
323,3120.921359
324,3054.197727
325,3134.052298
326,3125.941778
327,3117.930087
328,3120.141043
329,3110.479469
330,3149.649177
331,3080.164323
332,3052.632809
333,3009.126043
334,3043.245573
335,3100.703179
336,3060.886059
337,3040.387624
338,3123.836231
339,3195.459687
340,3216.388035
341,3122.176933
342,3170.640441
343,3208.191654
344,3194.362177
345,3138.528786
346,3167.954361
347,3077.734778
348,3082.634708
349,3086.161974
350,3133.842779
351,3135.226675
352,3150.892396
353,3180.151595
354,3168.392285
355,3111.168334
356,3112.639741
357,3123.389596
358,3141.852504
359,3193.048962
360,3215.879942
361,3241.406638
362,3215.649072
363,3164.429110
364,3172.542139
365,3144.347058
366,3122.547438
367,3102.436840
368,3069.789799
369,3073.297394
370,3091.660662
371,3069.993919
372,3065.707489
373,3130.097880
374,3149.079957
375,3145.445137
376,3186.956540
377,3229.784768
378,3174.790055
379,3105.656122
380,3104.293808
381,3102.098473
382,3149.414866
383,3120.034078
384,3143.927635
385,3107.388385
386,3094.911475
387,3176.084385
388,3166.354449
389,3138.204920
390,3106.889254
391,3141.055667
392,3139.566488
393,3153.572623
394,3089.585992
395,3126.212539
396,3161.856273
397,3056.987775
398,3064.020125
399,3054.638750
400,3107.483442
401,3077.616699
402,3108.543977
403,3088.482061
404,3086.944815
405,3130.060372
406,3140.896436
407,3133.444949
408,3084.522351
409,3086.422447
410,3075.934819
411,3130.580749
412,3111.847260
413,3112.366909
414,3097.456784
415,3114.677702
416,3141.684183
417,3184.078959
418,3119.345673
419,3080.826055
420,2938.566406
421,3009.090234
422,3045.247549
423,3052.058406
424,3155.738582
425,3106.824268
426,3110.870739
427,3099.850923
428,3038.847753
429,3057.487228
430,3064.682549
431,3063.606612
432,3078.166804
433,3106.636952
434,3057.501243
435,3104.304141
436,3098.737967
437,3118.588610
438,3116.449342
439,3130.207229
440,3090.642407
441,3078.362596
442,3108.271602
443,3127.860585
444,3059.351578
445,3091.394543
446,3074.696753
447,3055.076478
448,3050.858264
449,3084.218215
450,3090.045656
451,3137.317252
452,3122.576542
453,3140.084698
454,3099.435158
455,3131.370977
456,3118.240354
457,3024.336059
458,3048.481227
459,3141.402365
460,3150.811622
461,3085.038365
462,3110.190312
463,3061.925495
464,3010.455646
465,3106.733361
466,3076.233120
467,3072.138147
468,3111.334446
469,3087.266633
470,3171.380275
471,3192.006499
472,3143.036426
473,3088.613139
474,3067.857109
475,3061.555475
476,3067.825315
477,3162.454708
478,3090.224308
479,3132.503477
480,3099.260146
481,3024.601085
482,2963.049863
483,2992.651994
484,3020.394100
485,3072.134588
486,3033.500344
487,3031.002769
488,3071.080789
489,3093.152144
490,3105.982736
491,3102.281715
492,3119.678217
493,3053.283935
494,3021.805659
495,3112.132470
496,3117.488900
497,3134.915801
498,3161.350716
499,3180.833347
