0,3083.931352
1,3429.859684
2,3759.904521
3,3994.370849
4,4212.752245
5,4455.721057
6,4681.560089
7,4866.527315
8,5027.559352
9,5180.508079
10,5318.442676
11,5448.823258
12,5593.657684
13,5706.562938
14,5824.835445
15,5911.152991
16,6026.698921
17,6065.195969
18,6192.086542
19,6237.038579
20,6343.475918
21,6397.434759
22,6459.896985
23,6524.567566
24,6567.496472
25,6555.346758
26,6577.133479
27,6591.971175
28,6600.431228
29,6652.263847
30,6688.469013
31,6709.444260
32,6738.022959
33,6715.928044
34,6794.081089
35,6804.755185
36,6841.406231
37,6846.141512
38,6894.974878
39,6875.516976
40,6920.748296
41,6897.565559
42,6965.167396
43,6936.411031
44,6959.503902
45,6999.193894
46,6997.510182
47,6955.260103
48,6979.897214
49,7001.034501
50,6993.467969
51,6956.178544
52,6961.883694
53,6940.001809
54,6976.638889
55,6984.579983
56,6988.056358
57,6994.632150
58,7033.313205
59,7036.599925
60,7007.821830
61,6951.228522
62,6993.294449
63,6998.223767
64,6977.767016
65,6996.881432
66,7002.073455
67,6968.970973
68,6985.177299
69,7008.771706
70,7016.779897
71,7019.748712
72,7010.944446
73,7011.471692
74,7016.609068
75,6989.281296
76,6988.618474
77,6997.394032
78,6985.171072
79,6999.792818
80,7008.878210
81,7014.625522
82,7025.019774
83,7026.806086
84,6987.323734
85,7029.342034
86,6994.980618
87,7005.179057
88,6982.463637
89,6977.759632
90,6956.451959
91,6996.391224
92,7000.073059
93,7020.449699
94,7022.917873
95,6996.855359
96,6981.324267
97,6933.257280
98,6919.808495
99,6986.498402
100,7016.267241
101,6997.963638
102,7026.300978
103,6951.694718
104,6992.501961
105,6949.468007
106,6958.759008
107,6954.344841
108,6930.583530
109,6943.703598
110,6982.039712
111,6931.549020
112,6970.878062
113,6951.229945
114,6959.660786
115,6971.266616
116,6971.211494
117,6989.445782
118,7003.349518
119,6999.552427
120,6984.252433
121,6961.966826
122,6993.804751
123,6973.885036
124,6999.360496
125,7017.914546
126,7020.660692
127,6980.257223
128,7020.202533
129,6973.822681
130,6988.832401
131,6971.454192
132,7013.042279
133,6932.047535
134,6923.143042
135,6978.103552
136,6953.175135
137,6977.042905
138,6996.694058
139,7026.261192
140,7004.447771
141,6976.618868
142,7017.718565
143,7024.009515
144,6998.629263
145,7020.895327
146,6995.109762
147,6955.933322
148,6967.970143
149,6959.571210
150,6952.775218
151,6937.945401
152,6968.461204
153,7007.683445
154,7021.785525
155,6955.603307
156,6992.639893
157,6971.230765
158,7003.797947
159,6988.223446
160,6996.725661
161,6980.856458
162,6973.184029
163,7010.861505
164,6987.897269
165,6935.927235
166,7001.676868
167,6976.821852
168,6967.690040
169,6978.558164
170,6993.656576
171,6991.587275
172,6978.779701
173,6981.209480
174,6997.900475
175,6992.642239
176,7023.654150
177,6989.291841
178,6986.598709
179,6982.496449
180,6956.605574
181,6942.804064
182,7007.808280
183,6996.414857
184,6909.143206
185,6978.976610
186,6950.204388
187,6967.654195
188,6970.891528
189,6981.065375
190,6954.981041
191,6931.090959
192,6935.781741
193,6965.562932
194,6928.404954
195,6961.706410
196,6976.656318
197,7010.894252
198,6990.814183
199,7000.089921
200,6945.081042
201,6948.038229
202,6969.259286
203,7004.535640
204,6979.382182
205,7010.088619
206,6971.174534
207,7039.995614
208,6982.942393
209,7029.131006
210,7010.679931
211,6978.958826
212,7002.264097
213,7032.552492
214,7010.188869
215,6995.964568
216,7009.910258
217,6958.227681
218,6987.581406
219,6995.975043
220,6980.487757
221,6971.434385
222,6994.938020
223,7003.663263
224,7005.060434
225,6992.074951
226,6955.724984
227,6956.926949
228,6962.675201
229,6934.265550
230,6974.657680
231,6998.597875
232,6996.736277
233,7005.440131
234,6962.809664
235,6986.782418
236,6961.656985
237,6991.817638
238,7003.267458
239,6939.874229
240,6967.967889
241,6980.367715
242,7007.782886
243,7000.680396
244,7015.010478
245,7001.523665
246,7001.489147
247,7019.333112
248,7020.302865
249,7013.630871
250,6992.743182
251,7006.203461
252,7026.372194
253,6976.046532
254,6982.857857
255,6953.910435
256,6977.041844
257,6989.434832
258,6962.239371
259,7000.704671
260,6995.042249
261,7005.777126
262,7001.622113
263,7017.698356
264,7035.540556
265,7037.915647
266,6982.249728
267,6989.890829
268,6999.466525
269,7006.741524
270,6966.389090
271,6975.378919
272,6985.843045
273,7012.180435
274,6992.454722
275,6973.531371
276,7019.031830
277,7008.527376
278,6955.405118
279,6945.451625
280,6953.534362
281,6963.088998
282,7006.993079
283,6998.259940
284,7006.699033
285,6994.516283
286,6981.019714
287,6973.701780
288,6985.266847
289,7012.064793
290,6978.871578
291,6952.590628
292,6948.577070
293,6924.516755
294,6957.751497
295,6995.636450
296,6965.530361
297,6992.487256
298,6986.018535
299,6993.842107
300,7006.130413
301,7011.454219
302,6999.058746
303,6948.441703
304,6976.776348
305,6940.335951
306,6997.238832
307,6988.718259
308,7006.986255
309,6984.602647
310,7001.916213
311,7005.908694
312,6986.635562
313,6989.197561
314,6980.563604
315,6996.950466
316,7039.002184
317,6995.428387
318,6980.704765
319,7009.802198
320,6999.423818
321,6971.321420
322,6969.808957
323,7007.798407
324,6979.808931
325,6991.118665
326,6989.819627
327,7021.371181
328,7009.672818
329,6990.665586
330,7000.548523
331,6936.985874
332,6967.343055
333,7007.431920
334,6973.584246
335,6987.018657
336,6981.955839
337,6985.369240
338,6983.538135
339,6996.224898
340,6991.237581
341,7021.058050
342,7004.856957
343,7009.057566
344,6971.364573
345,7036.087876
346,6960.672405
347,6972.019493
348,7005.673803
349,6966.063214
350,7007.827483
351,6982.594522
352,6964.198486
353,6994.825041
354,7031.433801
355,7001.524114
356,6952.485709
357,6984.550719
358,6997.253895
359,7012.828094
360,6997.846236
361,6984.161402
362,6953.314170
363,6961.769696
364,6984.113665
365,6992.109177
366,7011.998908
367,6996.506119
368,6964.702400
369,6971.072706
370,6982.541604
371,7024.284137
372,7029.215169
373,7024.667712
374,6962.637854
375,6954.588703
376,6986.654940
377,6970.583024
378,6982.909582
379,6980.239063
380,7004.929223
381,6983.170494
382,6997.213125
383,6963.468885
384,6985.487623
385,6998.687836
386,7002.288832
387,6990.344142
388,7024.180414
389,7016.750320
390,7016.907836
391,6979.684533
392,6997.453423
393,7006.020213
394,6940.572200
395,6986.113312
396,6962.244242
397,6997.909965
398,6985.556203
399,6981.016954
400,7003.556953
401,6980.320832
402,6955.107382
403,7026.880086
404,6995.833535
405,7004.829670
406,7033.146438
407,6991.906080
408,7030.777405
409,6984.370073
410,6969.853643
411,6999.495389
412,7014.368557
413,6984.542059
414,6984.198389
415,6967.250778
416,7023.034869
417,7033.664619
418,6975.150998
419,6973.165301
420,6982.571067
421,6975.100417
422,6943.151946
423,7013.694805
424,6995.711278
425,6974.821194
426,6948.673057
427,6967.686145
428,7001.446231
429,7016.194748
430,7022.228104
431,6952.082468
432,6950.534925
433,6952.605647
434,6931.029912
435,6965.112669
436,6953.770944
437,6959.101991
438,6996.706054
439,6955.130189
440,6969.844576
441,6998.417037
442,7010.104810
443,6946.554040
444,6959.950162
445,6967.346795
446,7015.136658
447,6990.198466
448,7020.951336
449,7016.764141
450,6999.346435
451,6998.934260
452,6964.195711
453,6985.942271
454,6994.316577
455,7009.955197
456,7022.916388
457,6966.617835
458,6998.652085
459,6991.948008
460,6965.981484
461,6964.288196
462,7005.216994
463,7005.382077
464,7001.358557
465,6997.251150
466,6994.712221
467,6980.917634
468,6995.211933
469,6996.966566
470,6999.833884
471,6986.863550
472,6972.256454
473,6998.918629
474,7005.636657
475,6977.629342
476,6942.562841
477,6966.085015
478,6953.592458
479,6957.286075
480,6970.413787
481,6955.906521
482,6941.783894
483,6979.350615
484,6960.861599
485,6986.547951
486,6991.373189
487,7008.891313
488,7000.269133
489,6956.473619
490,6975.862943
491,7016.426863
492,7019.976594
493,6991.176307
494,7005.041502
495,7033.730414
496,7006.568747
497,7000.228559
498,6981.022915
499,6956.872038
