0,3109.872932
1,3110.752124
2,3150.876232
3,3153.386674
4,3126.119294
5,3122.587396
6,3105.832600
7,3094.070402
8,3151.626386
9,3205.927888
10,3157.211596
11,3122.262672
12,3111.846990
13,3096.142921
14,3077.363424
15,3080.246599
16,3056.541676
17,3093.603686
18,3117.775259
19,3136.746889
20,3122.983907
21,3084.100746
22,3133.882515
23,3165.188492
24,3070.757297
25,3085.610194
26,3183.903217
27,3172.485124
28,3187.607844
29,3209.176350
30,3223.440757
31,3245.582571
32,3239.588649
33,3192.881705
34,3200.708907
35,3255.451757
36,3241.526701
37,3292.491757
38,3302.694481
39,3331.792677
40,3259.960341
41,3303.144223
42,3241.327796
43,3177.881507
44,3176.844733
45,3256.640282
46,3213.530538
47,3288.827242
48,3280.927876
49,3274.062021
50,3311.588464
51,3287.247054
52,3289.703800
53,3273.727628
54,3297.124066
55,3283.081508
56,3359.492566
57,3321.564877
58,3279.216374
59,3332.683789
60,3266.356485
61,3268.725233
62,3335.307284
63,3334.987076
64,3280.163447
65,3287.118751
66,3260.862760
67,3237.903232
68,3307.014758
69,3294.567729
70,3370.597860
71,3424.483663
72,3416.017494
73,3398.596071
74,3371.346908
75,3356.290058
76,3373.662931
77,3417.000977
78,3452.133240
79,3550.659417
80,3641.509443
81,3659.906323
82,3640.384052
83,3736.695260
84,3757.346341
85,3829.461821
86,3807.321252
87,3794.151851
88,3943.453373
89,4033.962496
90,4156.307141
91,4272.775514
92,4267.541586
93,4259.327742
94,4512.270974
95,4554.869387
96,4479.869398
97,4525.677806
98,4601.300009
99,4953.085722
100,4878.767965
101,4911.487001
102,4892.722118
103,5037.491407
104,5032.795669
105,5251.583364
106,5450.754690
107,5584.791225
108,5792.979742
109,5926.122506
110,5926.957478
111,5866.258173
112,6002.472400
113,6096.300965
114,6079.715948
115,6091.520714
116,6156.069617
117,6197.120186
118,6276.081083
119,6214.751380
120,6332.307285
121,6473.278765
122,6555.600078
123,6600.037885
124,6567.521541
125,6506.222159
126,6622.334532
127,6485.367741
128,6529.147689
129,6521.747382
130,6732.348132
131,6699.854522
132,6657.392506
133,6756.029170
134,6663.748521
135,6715.396946
136,6766.876056
137,6679.030609
138,6761.057536
139,6822.091277
140,6722.903720
141,6784.631168
142,6817.523957
143,6754.115313
144,6744.700318
145,6757.404293
146,6810.642384
147,6872.343664
148,6871.492417
149,6792.303322
150,6841.712155
151,6836.836709
152,6813.376899
153,6823.348457
154,6789.392314
155,6838.255441
156,6835.175391
157,6795.193171
158,6857.588514
159,6837.047643
160,6857.065379
161,6871.988259
162,6866.966435
163,6882.621799
164,6887.805607
165,6862.799199
166,6887.805607
167,6887.805607
168,6848.121161
169,6857.048184
170,6887.805607
171,6887.805607
172,6879.691491
173,6859.790743
174,6887.805607
175,6873.606814
176,6887.805607
177,6887.805607
178,6872.514783
179,6887.805607
180,6887.805607
181,6887.805607
182,6861.610017
183,6887.805607
184,6864.393529
185,6887.805607
186,6887.805607
187,6887.805607
188,6887.805607
189,6887.805607
190,6887.805607
191,6887.805607
192,6887.805607
193,6887.805607
194,6887.805607
195,6887.805607
196,6887.805607
197,6887.805607
198,6887.805607
199,6887.805607
200,6887.805607
201,6887.805607
202,6887.805607
203,6887.805607
204,6887.805607
205,6887.805607
206,6887.805607
207,6887.805607
208,6887.805607
209,6887.805607
210,6887.805607
211,6887.805607
212,6887.805607
213,6887.805607
214,6887.805607
215,6887.805607
216,6887.805607
217,6887.805607
218,6887.805607
219,6887.805607
220,6887.805607
221,6887.805607
222,6887.805607
223,6887.805607
224,6887.805607
225,6887.805607
226,6887.805607
227,6887.805607
228,6887.805607
229,6887.805607
230,6887.805607
231,6887.805607
232,6887.805607
233,6887.805607
234,6887.805607
235,6887.805607
236,6887.805607
237,6887.805607
238,6887.805607
239,6887.805607
240,6887.805607
241,6887.805607
242,6887.805607
243,6887.805607
244,6887.805607
245,6887.805607
246,6887.805607
247,6887.805607
248,6887.805607
249,6887.805607
250,6887.805607
251,6887.805607
252,6887.805607
253,6887.805607
254,6887.805607
255,6887.805607
256,6887.805607
257,6887.805607
258,6887.805607
259,6887.805607
260,6887.805607
261,6887.805607
262,6887.805607
263,6887.805607
264,6887.805607
265,6887.805607
266,6887.805607
267,6887.805607
268,6887.805607
269,6887.805607
270,6887.805607
271,6887.805607
272,6887.805607
273,6887.805607
274,6887.805607
275,6887.805607
276,6887.805607
277,6887.805607
278,6887.805607
279,6887.805607
280,6887.805607
281,6887.805607
282,6887.805607
283,6887.805607
284,6887.805607
285,6887.805607
286,6887.805607
287,6887.805607
288,6887.805607
289,6887.805607
290,6887.805607
291,6887.805607
292,6887.805607
293,6887.805607
294,6887.805607
295,6887.805607
296,6887.805607
297,6887.805607
298,6887.805607
299,6887.805607
300,6887.805607
301,6887.805607
302,6887.805607
303,6887.805607
304,6887.805607
305,6887.805607
306,6887.805607
307,6887.805607
308,6887.805607
309,6887.805607
310,6887.805607
311,6887.805607
312,6887.805607
313,6887.805607
314,6887.805607
315,6887.805607
316,6887.805607
317,6887.805607
318,6887.805607
319,6887.805607
320,6887.805607
321,6887.805607
322,6887.805607
323,6887.805607
324,6887.805607
325,6887.805607
326,6887.805607
327,6887.805607
328,6887.805607
329,6887.805607
330,6887.805607
331,6887.805607
332,6887.805607
333,6887.805607
334,6887.805607
335,6887.805607
336,6887.805607
337,6887.805607
338,6887.805607
339,6887.805607
340,6887.805607
341,6887.805607
342,6887.805607
343,6887.805607
344,6887.805607
345,6887.805607
346,6887.805607
347,6887.805607
348,6887.805607
349,6887.805607
350,6887.805607
351,6887.805607
352,6887.805607
353,6887.805607
354,6887.805607
355,6887.805607
356,6887.805607
357,6887.805607
358,6887.805607
359,6887.805607
360,6887.805607
361,6887.805607
362,6887.805607
363,6887.805607
364,6887.805607
365,6887.805607
366,6887.805607
367,6887.805607
368,6887.805607
369,6887.805607
370,6887.805607
371,6887.805607
372,6887.805607
373,6887.805607
374,6887.805607
375,6887.805607
376,6887.805607
377,6887.805607
378,6887.805607
379,6887.805607
380,6887.805607
381,6887.805607
382,6887.805607
383,6887.805607
384,6887.805607
385,6887.805607
386,6887.805607
387,6887.805607
388,6887.805607
389,6887.805607
390,6887.805607
391,6887.805607
392,6887.805607
393,6887.805607
394,6887.805607
395,6887.805607
396,6887.805607
397,6887.805607
398,6887.805607
399,6887.805607
400,6887.805607
401,6887.805607
402,6887.805607
403,6887.805607
404,6887.805607
405,6887.805607
406,6887.805607
407,6887.805607
408,6887.805607
409,6887.805607
410,6887.805607
411,6887.805607
412,6887.805607
413,6887.805607
414,6887.805607
415,6887.805607
416,6887.805607
417,6887.805607
418,6887.805607
419,6887.805607
420,6887.805607
421,6887.805607
422,6887.805607
423,6887.805607
424,6887.805607
425,6887.805607
426,6887.805607
427,6887.805607
428,6887.805607
429,6887.805607
430,6887.805607
431,6887.805607
432,6887.805607
433,6887.805607
434,6887.805607
435,6887.805607
436,6887.805607
437,6887.805607
438,6887.805607
439,6887.805607
440,6887.805607
441,6887.805607
442,6887.805607
443,6887.805607
444,6887.805607
445,6887.805607
446,6887.805607
447,6887.805607
448,6887.805607
449,6887.805607
450,6887.805607
451,6887.805607
452,6887.805607
453,6887.805607
454,6887.805607
455,6887.805607
456,6887.805607
457,6887.805607
458,6887.805607
459,6887.805607
460,6887.805607
461,6887.805607
462,6887.805607
463,6887.805607
464,6887.805607
465,6887.805607
466,6887.805607
467,6887.805607
468,6887.805607
469,6887.805607
470,6887.805607
471,6887.805607
472,6887.805607
473,6887.805607
474,6887.805607
475,6887.805607
476,6887.805607
477,6887.805607
478,6887.805607
479,6887.805607
480,6887.805607
481,6887.805607
482,6887.805607
483,6887.805607
484,6887.805607
485,6887.805607
486,6887.805607
487,6887.805607
488,6887.805607
489,6887.805607
490,6887.805607
491,6887.805607
492,6887.805607
493,6887.805607
494,6887.805607
495,6887.805607
496,6887.805607
497,6887.805607
498,6887.805607
499,6887.805607
