0,3123.812086
1,6250.246025
2,6749.636986
3,7129.809731
4,7426.876455
5,7767.017929
6,8073.479236
7,8396.605222
8,8634.304076
9,8892.052339
10,9117.409556
11,9265.295983
12,9435.811341
13,9628.408208
14,9862.402919
15,10008.046179
16,10168.829480
17,10327.418917
18,10526.392868
19,10677.469615
20,10834.097414
21,11040.324315
22,11267.473746
23,11487.920506
24,11624.755662
25,11769.117776
26,11850.763836
27,11985.728199
28,12037.691135
29,12215.406136
30,12358.095302
31,12520.202437
32,12692.198761
33,12758.751145
34,12880.849548
35,13059.440959
36,13088.063789
37,13210.214427
38,13335.605211
39,13384.032934
40,13405.549617
41,13437.502948
42,13522.898063
43,13494.665254
44,13577.068612
45,13671.170112
46,13742.717461
47,13755.537115
48,13808.573735
49,13960.244872
50,14032.290154
51,14000.497512
52,14000.527328
53,14036.543847
54,14049.675060
55,14003.926379
56,14098.994004
57,14238.840007
58,14215.798411
59,14285.952681
60,14377.235172
61,14203.368836
62,14320.126374
63,14402.686163
64,14488.048188
65,14561.819124
66,14576.690536
67,14624.285440
68,14649.280196
69,14602.155541
70,14708.992212
71,14590.825740
72,14784.546661
73,14827.618616
74,14995.331785
75,14949.654627
76,15030.967808
77,15127.287835
78,15101.688606
79,15218.383814
80,15445.284256
81,15374.853647
82,15383.743382
83,15497.757528
84,15534.544701
85,15449.798182
86,15613.021099
87,15619.118449
88,15580.252214
89,15630.783020
90,15734.060580
91,15833.072684
92,15784.889338
93,15770.237101
94,15763.828569
95,15618.043783
96,15648.722386
97,15663.767428
98,15724.757971
99,15752.283471
100,15680.022066
101,15783.568942
102,15821.980553
103,15965.524823
104,15916.988800
105,15928.462718
106,15902.843791
107,16042.568110
108,15875.099144
109,15879.645946
110,15917.318700
111,15900.829850
112,15992.725896
113,16127.710063
114,16148.244291
115,16173.893887
116,16024.087830
117,16106.835691
118,16220.914288
119,16243.256539
120,16297.246344
121,16306.202594
122,16307.964085
123,16247.194718
124,16247.111541
125,16261.910674
126,16289.318396
127,16233.957365
128,16446.423554
129,16376.437259
130,16284.329425
131,16300.962411
132,16336.464127
133,16327.581065
134,16235.593493
135,16219.476032
136,16380.138138
137,16255.284576
138,16223.806870
139,16348.339711
140,16431.699566
141,16274.519286
142,16508.579864
143,16490.692301
144,16447.581716
145,16444.311157
146,16361.217128
147,16427.361599
148,16354.270375
149,16330.396542
150,16454.015975
151,16390.069550
152,16465.387831
153,16522.665842
154,16469.172485
155,16463.545348
156,16494.816110
157,16572.779494
158,16456.365591
159,16341.615630
160,16428.921203
161,16369.311977
162,16316.506762
163,16429.910129
164,16435.534346
165,16534.749215
166,16500.688797
167,16489.200807
168,16473.836384
169,16509.259689
170,16478.371803
171,16380.603209
172,16352.752905
173,16270.295419
174,16281.727707
175,16395.617892
176,16329.537671
177,16330.606996
178,16407.893357
179,16646.667067
180,16448.364905
181,16363.308025
182,16344.778073
183,16404.936461
184,16512.368828
185,16483.677503
186,16461.730177
187,16454.229112
188,16474.777743
189,16583.888428
190,16530.035951
191,16528.433865
192,16488.647385
193,16455.166126
194,16378.510323
195,16319.764692
196,16433.372697
197,16275.915446
198,16528.305069
199,16382.809080
200,16427.408922
201,16427.814260
202,16524.272968
203,16552.967300
204,16446.916188
205,16392.684578
206,16404.052465
207,16660.276684
208,16619.047423
209,16624.006670
210,16521.519046
211,16665.952796
212,16600.270341
213,16598.713838
214,16710.667800
215,16650.998256
216,16701.628029
217,16901.201718
218,16906.500278
219,17010.248996
220,17082.305765
221,17119.844944
222,17044.476490
223,17024.553777
224,17136.019202
225,17127.300433
226,17015.001881
227,17030.576243
228,17071.095904
229,17069.252091
230,17030.779350
231,16918.794648
232,17007.695914
233,17065.619203
234,17160.795081
235,17107.252212
236,17143.091107
237,17255.354675
238,17264.648371
239,17135.440857
240,16992.115029
241,17090.291419
242,16946.050049
243,17083.564667
244,16874.444413
245,17276.373323
246,17226.209028
247,17253.956758
248,17261.599766
249,17143.024505
250,17147.581215
251,17177.017905
252,17145.292212
253,17124.436014
254,17094.297363
255,17110.542237
256,17150.665627
257,17216.625290
258,17113.037943
259,17037.068097
260,17082.111384
261,17286.951030
262,17171.729194
263,17056.035154
264,17087.014809
265,17039.203623
266,17237.694936
267,17060.502646
268,17118.141767
269,17208.257956
270,17134.573415
271,17245.168462
272,17272.337330
273,17327.092461
274,17244.396003
275,17249.336583
276,17100.149284
277,17148.768757
278,17115.128371
279,17046.363573
280,17176.654973
281,17188.359606
282,17002.269565
283,17147.803919
284,17210.207482
285,17288.365106
286,17165.004850
287,17217.991680
288,17202.977132
289,17181.252997
290,16999.370525
291,16906.537674
292,16825.042295
293,17058.101018
294,17130.275480
295,17244.839350
296,17207.055876
297,17130.059686
298,17091.946131
299,17184.506969
300,17098.534913
301,17019.278545
302,16982.459916
303,17208.485690
304,17241.696203
305,17023.913350
306,17164.202340
307,17290.275671
308,17194.520800
309,17190.318550
310,17235.967634
311,17024.470284
312,17120.372616
313,17046.494764
314,17021.314947
315,16860.624099
316,16999.957908
317,16899.030747
318,17045.138612
319,17042.270344
320,17062.142630
321,17010.974105
322,17074.831070
323,17278.049440
324,17276.513187
325,17146.374299
326,17259.081162
327,17116.787052
328,17157.348198
329,16979.179630
330,17012.409803
331,16998.425658
332,17200.579829
333,17143.040698
334,17201.849078
335,17269.584563
336,17062.624538
337,17082.696936
338,16962.164547
339,16961.950473
340,16984.934158
341,17175.212331
342,17176.333076
343,17103.794869
344,17119.849950
345,17157.864630
346,17315.372754
347,17127.741777
348,17096.234636
349,17284.457839
350,17287.936310
351,17300.780927
352,17145.397178
353,17156.897107
354,17106.580665
355,17092.063547
356,17009.912082
357,17080.784282
358,17097.934257
359,17021.974241
360,17107.689738
361,17152.331630
362,17182.066333
363,17306.979642
364,17251.482655
365,17197.929290
366,17104.098249
367,17154.257403
368,17215.971621
369,17237.712924
370,17099.943574
371,17230.495390
372,17271.180136
373,17237.125409
374,17101.952685
375,17177.832591
376,17095.661330
377,17190.799362
378,17166.764482
379,17169.994096
380,17043.755227
381,16971.636884
382,17147.344653
383,17024.783903
384,16972.375362
385,16939.090545
386,16980.636459
387,17045.780879
388,17046.824725
389,17059.018698
390,16955.534045
391,17027.764119
392,17155.796950
393,17269.947029
394,17142.415684
395,17206.376832
396,17266.445072
397,17259.791036
398,17305.938272
399,17194.825941
400,17172.517142
401,17073.099616
402,17012.333716
403,17027.295253
404,16993.739573
405,17162.414655
406,17079.529688
407,17122.892308
408,17153.275322
409,16987.834860
410,16992.647756
411,17049.587360
412,17240.946990
413,17240.564008
414,17176.205136
415,17043.360513
416,17030.769519
417,17243.597666
418,17103.500824
419,17134.653828
420,17242.081597
421,17061.923458
422,17017.605441
423,17143.276215
424,17075.273056
425,17080.987863
426,16977.175522
427,17014.327910
428,17007.333423
429,17164.982895
430,17180.133438
431,17010.388957
432,17058.854045
433,17145.653586
434,17212.043135
435,17078.461148
436,17292.365998
437,16993.806135
438,16906.379919
439,17085.879904
440,16988.691917
441,17134.160429
442,17259.547886
443,17299.939006
444,17144.498667
445,17067.679021
446,17012.003887
447,16978.966411
448,17152.717566
449,17201.290506
450,17032.182668
451,16949.836262
452,16995.858148
453,17111.827592
454,17138.995055
455,17125.086034
456,17078.850583
457,17063.277932
458,17137.857451
459,17177.622077
460,16965.898254
461,17095.782240
462,17208.608492
463,17122.797156
464,17046.902385
465,17115.815907
466,17003.786393
467,17186.684256
468,17121.079146
469,17041.135389
470,17206.157692
471,17222.123622
472,17155.576353
473,17241.860164
474,17154.997022
475,17223.893384
476,17116.523573
477,17140.982656
478,17272.570974
479,17135.747586
480,17156.636714
481,17224.779864
482,17193.356622
483,17176.702612
484,17058.830750
485,17073.960185
486,17229.014252
487,17199.735985
488,17178.238619
489,17048.227461
490,17143.066825
491,17191.808650
492,17218.824797
493,17189.635270
494,17198.007133
495,17175.299582
496,17117.259108
497,17164.428556
498,17109.210026
499,17145.632085
