0,3138.167907
1,3376.307203
2,3594.693302
3,3646.828231
4,3709.115556
5,3726.354544
6,3807.116425
7,3922.050068
8,4041.399277
9,4161.115337
10,4331.735237
11,4265.782300
12,4356.340001
13,4278.803378
14,4273.525998
15,4320.758727
16,4311.921289
17,4452.495261
18,4433.682247
19,4406.137377
20,4531.303112
21,4505.385277
22,4673.204944
23,4698.564105
24,4835.043446
25,4833.503468
26,4728.272830
27,4808.756558
28,4865.420639
29,4821.355919
30,4851.582345
31,4969.103374
32,4971.717440
33,4884.045110
34,4895.674703
35,4949.611114
36,5132.507990
37,5201.737837
38,5316.680898
39,5319.852607
40,5478.560132
41,5275.236570
42,5594.629274
43,5655.810633
44,5744.144132
45,5799.982331
46,5479.903836
47,5471.562292
48,5471.618612
49,5419.699143
50,5583.411727
51,5742.020783
52,5798.816248
53,5692.738077
54,5782.747253
55,5729.863918
56,5557.883743
57,5750.864424
58,5744.312961
59,5690.297534
60,5669.950710
61,5701.725688
62,5565.064015
63,5551.907309
64,5739.840400
65,5806.071399
66,5760.302163
67,5627.854249
68,5664.210068
69,5759.266097
70,5513.789127
71,5709.532823
72,5698.852790
73,5608.619852
74,5662.229773
75,5587.370790
76,5552.817423
77,5743.192369
78,5916.394517
79,5810.508581
80,5678.349183
81,5700.524690
82,5832.533900
83,5886.235314
84,5838.132944
85,5542.913039
86,5756.071048
87,5945.686357
88,6138.063122
89,6011.217518
90,6151.754116
91,5927.472664
92,6013.946200
93,5911.942514
94,5795.868608
95,5704.102803
96,5791.923365
97,5819.944849
98,5931.367125
99,6054.391516
100,6021.563730
101,5812.581016
102,5975.069272
103,6058.143067
104,6278.034449
105,6278.263021
106,5976.809714
107,6228.003113
108,6327.648796
109,6196.701601
110,6066.298068
111,6039.873972
112,6056.399076
113,6201.183506
114,6243.378295
115,6289.378451
116,6060.026768
117,6045.117757
118,6133.330224
119,6197.007833
120,5968.841826
121,5867.247143
122,6001.638086
123,6330.283591
124,6348.449763
125,6125.837157
126,6059.574216
127,5924.554027
128,6109.534645
129,6079.430792
130,5951.689239
131,5807.846434
132,6028.689126
133,6252.696856
134,6195.198776
135,6360.202853
136,6266.614527
137,6199.224584
138,6290.303168
139,6310.750566
140,6359.609013
141,6215.261940
142,6372.563270
143,6668.547256
144,6311.139013
145,6125.889836
146,6031.337469
147,6069.845858
148,6089.363166
149,5856.490619
150,6143.191422
151,6154.228948
152,6184.280890
153,6104.201731
154,6060.274290
155,6252.803811
156,6225.474130
157,6397.817287
158,6244.918673
159,6213.560329
160,6161.199682
161,6351.123334
162,6240.555671
163,6099.329064
164,6030.378428
165,5812.681877
166,5769.409761
167,5913.238673
168,5912.534021
169,5807.607280
170,6032.151187
171,6009.325575
172,6118.202157
173,6341.053990
174,6252.812408
175,6362.518167
176,6316.071655
177,6297.104354
178,6254.052396
179,6372.216963
180,6273.621140
181,6187.350188
182,6244.479534
183,6226.651603
184,6457.723069
185,6617.424925
186,6544.798972
187,6456.990821
188,6558.681751
189,6371.803987
190,6436.341963
191,6351.882197
192,6488.642568
193,6378.693698
194,6332.059028
195,6413.758634
196,6221.205726
197,6188.909050
198,6279.954693
199,6256.399054
200,6421.980810
201,6488.815551
202,6201.386878
203,6145.251903
204,6237.212359
205,6085.753011
206,5941.859537
207,6091.982973
208,6048.784706
209,6241.169075
210,6028.009287
211,6181.405929
212,6006.038264
213,5940.978363
214,6148.337632
215,6404.277243
216,6480.428434
217,6596.408538
218,6526.969898
219,6638.827412
220,6467.473141
221,6566.769912
222,6693.513569
223,6675.076550
224,6516.180138
225,6532.037219
226,6872.477383
227,7155.591894
228,6938.366804
229,7203.976873
230,6904.406886
231,6625.403550
232,6714.842473
233,6853.597148
234,6861.319443
235,6922.632736
236,6806.926274
237,6892.685122
238,7135.717479
239,7038.176234
240,6677.748872
241,6825.554638
242,6810.783881
243,6804.737815
244,6900.504449
245,6777.528708
246,6814.318254
247,6833.797397
248,6574.724469
249,6612.758470
250,6501.593899
251,6558.340517
252,6558.491650
253,6263.059775
254,6436.150474
255,6880.430077
256,6845.322212
257,6861.369319
258,6698.679350
259,6836.123730
260,6663.150190
261,6633.298854
262,6806.490809
263,6973.421071
264,6939.266865
265,6864.678112
266,6753.209163
267,6765.819968
268,6949.109473
269,6905.607670
270,6843.316860
271,7218.767989
272,7126.598043
273,6822.811025
274,7011.683515
275,7289.910562
276,7181.449130
277,7216.080840
278,7224.658597
279,7121.055321
280,6956.062865
281,6753.078928
282,6491.684616
283,6800.514391
284,6987.107077
285,6919.841467
286,6963.707705
287,6781.649341
288,6945.368261
289,6656.907019
290,6709.341832
291,6765.850903
292,6875.126253
293,6662.170284
294,6807.890724
295,6886.594705
296,6902.398701
297,7114.377053
298,6732.564154
299,6635.605434
300,6401.544907
301,6311.892183
302,6460.792682
303,6506.372754
304,6595.715179
305,6691.036149
306,6731.985568
307,6846.955867
308,6873.972231
309,6757.419178
310,6933.851189
311,6807.235400
312,6704.708149
313,6736.984084
314,6754.946594
315,6611.764185
316,6528.800646
317,6431.439925
318,6787.521024
319,6874.350881
320,6919.314994
321,6952.715904
322,6974.128769
323,6885.233694
324,6858.530722
325,6600.839095
326,6608.700972
327,6679.224226
328,6834.475732
329,6897.325839
330,6638.309637
331,6986.644598
332,6901.798522
333,6683.987765
334,6630.345601
335,6318.963649
336,6591.919100
337,6716.736386
338,6468.351824
339,6360.837727
340,6459.139869
341,6410.906110
342,6527.821847
343,6789.341034
344,7029.775159
345,7085.174024
346,7132.339638
347,7109.269848
348,7017.087893
349,6956.354860
350,6921.207962
351,7150.677314
352,6886.917906
353,6501.185527
354,6387.456916
355,6298.641050
356,6207.906971
357,6330.620402
358,6561.391027
359,6494.101338
360,6614.195262
361,6662.995797
362,6783.638764
363,6766.000741
364,6836.352342
365,6780.462169
366,6794.044735
367,7061.723184
368,6872.028556
369,6780.175397
370,6918.404288
371,7203.208135
372,6956.835207
373,7040.248852
374,6883.769126
375,6746.286529
376,6408.939793
377,6676.167299
378,6493.526679
379,6295.677540
380,6546.566229
381,6363.072304
382,6381.535565
383,6287.852939
384,6382.920610
385,6542.414510
386,6737.881524
387,6288.481839
388,6411.819086
389,6862.698825
390,6912.142150
391,7089.853939
392,7038.489645
393,7143.092550
394,7045.498425
395,7024.223819
396,6897.778255
397,6585.609808
398,6631.482156
399,6603.600721
400,6824.690390
401,6831.825646
402,6841.570139
403,6838.955408
404,6754.028495
405,6894.687171
406,6923.238395
407,7125.006233
408,6850.224886
409,7002.118346
410,6894.741753
411,6938.310799
412,6980.610370
413,6842.989075
414,6697.702761
415,6433.434415
416,6861.210345
417,7036.971901
418,6932.064154
419,6988.634067
420,6997.239587
421,6634.306111
422,6668.063073
423,6574.771772
424,6364.595611
425,6749.634550
426,6703.365602
427,6548.353965
428,6522.344971
429,6663.008533
430,6908.204399
431,7187.781606
432,6798.377808
433,6704.178511
434,6677.603303
435,7034.792630
436,6967.676472
437,6697.723713
438,6582.661364
439,6720.552807
440,6859.240668
441,6756.287435
442,6456.878539
443,6475.562008
444,6177.924475
445,6330.430167
446,6377.274434
447,6324.991532
448,6802.574290
449,6737.035232
450,6545.606437
451,6506.063699
452,6530.579071
453,6569.308435
454,6610.238624
455,6420.838152
456,6674.490185
457,7041.824669
458,7033.208558
459,7050.991945
460,6930.864040
461,7023.837242
462,7147.896515
463,7428.095283
464,7242.061697
465,7216.692212
466,7064.883490
467,7113.858670
468,7098.498600
469,6965.284741
470,6933.596571
471,7021.775984
472,6948.426669
473,6780.729779
474,6642.433447
475,6569.789458
476,6396.110390
477,6451.460844
478,6267.041677
479,6141.532532
480,6215.220506
481,6355.091741
482,6560.425830
483,6417.629592
484,6663.101191
485,6987.668275
486,6775.770546
487,6677.874195
488,7038.415383
489,6859.154394
490,6797.986505
491,6655.353241
492,6792.122616
493,6935.860544
494,6839.358606
495,6664.267352
496,6789.565596
497,6733.001668
498,6802.795680
499,6751.808004
