0,3106.613557
1,6231.641423
2,6569.935604
3,6798.477869
4,7024.914939
5,7192.243718
6,7324.038028
7,7493.713167
8,7643.980183
9,7761.706852
10,7858.545498
11,8005.418416
12,8174.209421
13,8408.164229
14,8514.862325
15,8568.788039
16,8753.354380
17,8769.416517
18,8928.897480
19,8975.703085
20,9015.252078
21,9247.495556
22,9217.808879
23,9299.603454
24,9412.983454
25,9624.115927
26,9533.053540
27,9616.860506
28,9833.464161
29,9712.734493
30,9737.920094
31,9913.542759
32,10129.698305
33,10228.990922
34,10120.320913
35,10241.278343
36,10295.645207
37,10596.747806
38,10796.624579
39,10767.115434
40,11135.744586
41,10927.120502
42,11087.711759
43,11153.613132
44,11249.780786
45,11130.260666
46,11316.765224
47,11045.908807
48,11250.510516
49,11403.891118
50,11472.825863
51,11266.961765
52,11510.938407
53,11142.374588
54,11450.085809
55,11387.141001
56,11553.590300
57,11642.848032
58,11739.706331
59,11640.045865
60,11622.030382
61,11668.482036
62,11518.973771
63,11540.419971
64,11303.158330
65,11686.179109
66,11797.964034
67,11560.410849
68,11509.890051
69,11402.032723
70,11666.826925
71,11648.043742
72,11622.432578
73,11491.625423
74,11316.153292
75,11459.093557
76,11550.106766
77,11781.276730
78,11719.132068
79,11582.905004
80,11735.210886
81,11828.476078
82,11846.817447
83,11827.477624
84,11422.198789
85,11779.592028
86,11401.314903
87,11817.105592
88,11596.157003
89,11828.327787
90,11651.499201
91,11914.817867
92,11616.787069
93,11547.928600
94,11333.278309
95,11625.084184
96,11596.477216
97,12059.173493
98,11948.474063
99,11619.109550
100,11654.400047
101,11938.087228
102,11777.975555
103,11622.374318
104,11725.446448
105,11657.844933
106,11850.699288
107,11842.496163
108,11831.223652
109,12138.653066
110,11730.290300
111,11766.203744
112,11760.332408
113,11495.777437
114,11693.952977
115,11582.258088
116,11438.083179
117,11845.807126
118,11885.534784
119,11562.012074
120,11614.228756
121,11724.510497
122,11775.179979
123,11481.713753
124,11520.555747
125,11823.069233
126,11991.773194
127,12005.817653
128,12052.324953
129,11805.198257
130,12051.714152
131,11969.816793
132,11610.381507
133,11583.996059
134,11941.011881
135,11905.333587
136,12042.301598
137,12056.881538
138,12116.153255
139,12152.405042
140,11879.755156
141,11932.207888
142,11840.593394
143,11801.272531
144,11593.780585
145,11577.968276
146,12023.227093
147,11868.973425
148,11725.698760
149,11938.220644
150,11956.303741
151,11898.089974
152,12013.224729
153,11713.915767
154,11769.299067
155,11932.490495
156,11936.863419
157,11857.831260
158,12132.097773
159,12300.711646
160,12072.618774
161,12099.170931
162,12389.175754
163,12186.122416
164,12049.090527
165,12185.891113
166,12382.345485
167,12189.776981
168,12185.761111
169,11927.713837
170,12260.056912
171,12090.318878
172,11940.542220
173,11723.778371
174,11908.063423
175,12272.848817
176,12214.295368
177,11989.881270
178,11929.019382
179,11724.513662
180,11968.967986
181,12311.849294
182,11947.411983
183,12166.460979
184,12280.847665
185,11864.108913
186,11935.065056
187,12314.478238
188,12295.641914
189,11861.393132
190,12064.095486
191,11860.368273
192,11726.768706
193,12406.256502
194,12105.678179
195,12143.398991
196,11864.933892
197,11798.628230
198,11870.446168
199,12272.092076
200,12142.806795
201,12169.175031
202,12164.590312
203,11905.323049
204,12019.596660
205,12416.544024
206,12321.625975
207,12083.982219
208,12527.970012
209,12253.504639
210,12242.987511
211,12049.075901
212,12106.350803
213,12247.466209
214,12408.060516
215,12132.475334
216,12087.533743
217,11986.724542
218,12213.897140
219,11823.672358
220,12425.188017
221,12621.267615
222,12004.246657
223,12249.696376
224,12451.028330
225,12543.648899
226,12279.951433
227,12337.103541
228,12232.281677
229,12069.556464
230,12102.713366
231,12048.723118
232,12057.131765
233,11800.450297
234,11884.648041
235,11527.984540
236,11960.387914
237,12422.157326
238,11958.185709
239,12180.208987
240,12149.259974
241,11783.986700
242,12276.529218
243,12334.841095
244,12387.175508
245,12481.458542
246,12291.394683
247,12380.966872
248,12341.360784
249,11863.775065
250,12070.225189
251,12004.860400
252,12188.422347
253,11911.730694
254,12145.370157
255,12125.724922
256,12179.040002
257,11992.086337
258,11861.946436
259,12210.145631
260,12458.195823
261,12077.978217
262,12083.290077
263,12143.698194
264,12140.499247
265,12268.755058
266,12442.643775
267,11789.887733
268,12015.637163
269,11919.541985
270,12199.145652
271,12254.613238
272,12539.031948
273,12131.392107
274,11916.133731
275,12123.573333
276,11890.729042
277,11959.002271
278,12045.676179
279,11966.658097
280,11699.632631
281,11870.925484
282,12055.417997
283,12052.197698
284,12081.641491
285,11989.211197
286,11876.879306
287,11646.979377
288,11979.940402
289,12281.309086
290,12240.813293
291,12375.774192
292,12310.258478
293,12267.329030
294,12207.170743
295,12270.316644
296,12169.773315
297,11958.579168
298,12047.310962
299,11991.608863
300,12080.728289
301,12278.467431
302,12000.919181
303,12039.071817
304,11714.827160
305,11701.686178
306,12348.456794
307,12195.368112
308,12152.178498
309,11982.327762
310,12238.986574
311,11945.770939
312,12349.690611
313,12056.238761
314,11868.737457
315,11982.841221
316,11865.619856
317,12300.291177
318,11781.224023
319,11908.509038
320,12179.700074
321,12279.856616
322,12003.132601
323,12100.651283
324,12137.176383
325,12303.124553
326,11899.817224
327,12228.242361
328,12142.349339
329,11841.207803
330,12194.003585
331,12144.622273
332,12082.922801
333,12177.910356
334,12094.361273
335,12162.922449
336,12002.761137
337,12037.930026
338,12179.036693
339,12033.477131
340,12562.919990
341,12113.073093
342,12125.916517
343,12048.160440
344,11996.948277
345,12025.065735
346,12273.551983
347,12378.255798
348,12149.165336
349,12116.552937
350,12000.492324
351,11977.835010
352,11575.998912
353,12040.537666
354,12029.844722
355,12050.141192
356,12195.738151
357,12410.306646
358,12096.907359
359,11860.890311
360,12012.023630
361,12196.713078
362,11940.965814
363,12250.829819
364,11930.516726
365,12219.155554
366,12071.269730
367,12213.618181
368,12239.876711
369,12322.605048
370,12363.142286
371,12276.670546
372,11987.739912
373,12409.190731
374,11920.703858
375,11932.858247
376,11962.842585
377,12055.132241
378,12041.906357
379,12130.893043
380,12219.101317
381,12301.012656
382,12180.838167
383,11974.271348
384,12170.036520
385,12265.075131
386,12370.779975
387,12022.394019
388,12009.635901
389,11923.004596
390,11808.966353
391,11887.866079
392,12035.334977
393,11643.184140
394,11897.621969
395,12214.741794
396,12850.718196
397,12400.953687
398,12446.843204
399,11993.388309
400,11887.109834
401,12189.409456
402,12178.963272
403,12070.370745
404,12045.637909
405,12091.026064
406,12126.722461
407,12313.119203
408,12284.601323
409,12127.421083
410,12052.334564
411,12002.687278
412,12135.032661
413,12233.128414
414,12313.174784
415,12046.555918
416,12168.498322
417,12278.557893
418,12236.766921
419,12095.482274
420,11699.560543
421,12112.760218
422,11698.058381
423,12084.182666
424,12135.701170
425,12073.642951
426,12106.274367
427,12082.220074
428,12263.799731
429,11679.030539
430,11820.972921
431,12084.716032
432,12392.421458
433,12098.175842
434,11814.950711
435,11798.692432
436,11995.619786
437,12176.057177
438,12516.242783
439,12144.260224
440,12129.998705
441,12371.612987
442,12218.737541
443,12032.503348
444,12104.183128
445,12204.314086
446,11953.936719
447,12076.685165
448,11920.650293
449,12290.446605
450,12018.117360
451,12013.663558
452,12268.984112
453,12357.183909
454,11956.843543
455,12423.590044
456,12241.699772
457,12126.870248
458,12127.735528
459,11890.742795
460,11988.774184
461,12139.050626
462,11993.668160
463,12034.970977
464,12022.203405
465,11905.741547
466,12098.570387
467,12277.897622
468,12335.251060
469,12301.060164
470,12568.204068
471,12189.750323
472,12266.409566
473,11860.068929
474,12019.387099
475,12064.592463
476,11931.397029
477,12265.677066
478,12320.751785
479,11893.921461
480,12153.737570
481,12311.555091
482,12208.534001
483,12082.708894
484,12075.119345
485,12152.351174
486,12142.435853
487,12196.364967
488,11994.239773
489,12104.624787
490,12281.464492
491,12033.932985
492,12082.378862
493,12147.690657
494,11874.877695
495,12035.153246
496,12000.189995
497,11746.072658
498,11745.482687
499,11668.495398
