0,3155.822320
1,3193.121493
2,3123.045989
3,3136.457493
4,3136.175302
5,3166.831367
6,3115.080893
7,3102.856122
8,3134.871125
9,3141.229431
10,3118.350908
11,3078.582227
12,3127.500171
13,3096.241025
14,3059.871600
15,3083.891438
16,3109.269732
17,3119.009993
18,3112.739535
19,3170.063580
20,3194.108184
21,3171.746312
22,3138.825174
23,3195.016923
24,3219.857191
25,3219.989643
26,3241.908456
27,3232.557030
28,3178.024199
29,3168.610415
30,3171.731022
31,3191.549394
32,3141.455308
33,3165.259304
34,3225.338010
35,3239.456960
36,3205.607378
37,3169.686110
38,3196.087996
39,3167.061929
40,3184.425670
41,3167.596352
42,3187.373102
43,3157.479591
44,3196.917200
45,3131.310510
46,3163.950576
47,3189.923784
48,3215.478147
49,3205.596989
50,3211.775126
51,3189.238763
52,3325.999411
53,3341.270720
54,3247.790856
55,3242.559563
56,3186.409521
57,3246.513927
58,3366.400411
59,3401.319118
60,3407.819759
61,3433.306785
62,3423.563588
63,3445.823556
64,3455.889184
65,3428.286755
66,3471.958313
67,3456.703451
68,3439.478890
69,3418.692065
70,3357.862331
71,3318.932864
72,3323.416011
73,3305.849501
74,3290.257573
75,3313.032381
76,3340.663659
77,3318.046039
78,3404.700158
79,3515.069797
80,3580.130365
81,3644.437648
82,3689.123086
83,3755.336422
84,3763.863750
85,3739.098953
86,3740.695604
87,3832.889438
88,3929.938897
89,4036.949475
90,4175.383468
91,4209.904054
92,4347.242653
93,4513.981100
94,4673.073816
95,4849.904788
96,5146.482614
97,5223.815773
98,5512.968212
99,5635.273266
100,5662.358593
101,5826.419978
102,5824.329628
103,5970.412893
104,6021.073669
105,6084.445990
106,6416.960041
107,6363.494164
108,6387.327834
109,6473.819512
110,6723.108242
111,6798.615555
112,6715.889362
113,6826.651591
114,6878.879616
115,6847.055438
116,6899.437948
117,7054.912162
118,7090.690293
119,7076.910847
120,7203.225328
121,7101.624368
122,7196.573163
123,7108.550327
124,7225.853137
125,7068.930600
126,7200.624814
127,7149.675334
128,7220.826664
129,7200.994489
130,7189.523729
131,7276.325627
132,7299.424887
133,7309.831662
134,7268.670832
135,7350.555887
136,7230.532044
137,7219.143227
138,7262.729399
139,7136.020954
140,7239.796125
141,7306.958784
142,7321.523921
143,7360.421987
144,7386.745693
145,7395.453469
146,7395.610887
147,7308.817655
148,7385.661189
149,7431.048930
150,7420.918040
151,7391.829530
152,7359.798428
153,7414.936796
154,7391.660795
155,7397.594737
156,7444.888516
157,7417.976144
158,7460.037520
159,7473.970261
160,7462.463930
161,7482.093328
162,7461.799152
163,7483.733702
164,7484.333782
165,7487.984968
166,7489.704902
167,7490.834290
168,7439.043638
169,7492.998221
170,7478.804656
171,7493.273726
172,7491.995392
173,7492.967921
174,7478.275314
175,7478.909042
176,7494.455940
177,7494.117411
178,7494.600222
179,7495.707774
180,7495.515247
181,7496.408759
182,7497.586700
183,7498.652946
184,7499.668910
185,7500.381798
186,7502.274347
187,7501.373005
188,7501.568459
189,7501.163613
190,7503.281275
191,7503.341483
192,7503.762049
193,7504.512424
194,7504.962649
195,7505.112724
196,7504.512424
197,7504.137237
198,7503.687012
199,7503.386862
200,7504.812574
201,7505.037687
202,7504.887612
203,7505.037687
204,7504.962649
205,7505.637987
206,7506.013174
207,7505.788062
208,7505.187762
209,7505.412874
210,7504.812574
211,7505.037687
212,7504.587462
213,7504.512424
214,7504.662499
215,7504.437387
216,7504.362349
217,7504.887612
218,7505.487912
219,7506.013174
220,7506.313324
221,7506.463399
222,7506.913624
223,7507.063699
224,7507.063699
225,7506.913624
226,7506.688511
227,7506.613474
228,7507.288811
229,7506.988661
230,7507.138736
231,7507.288811
232,7507.213774
233,7507.438886
234,7507.363849
235,7507.438886
236,7507.363849
237,7507.663999
238,7507.663999
239,7507.663999
240,7507.663999
241,7507.663999
242,7507.663999
243,7507.663999
244,7507.663999
245,7507.663999
246,7507.663999
247,7507.663999
248,7507.663999
249,7507.663999
250,7507.663999
251,7507.663999
252,7507.663999
253,7507.663999
254,7507.663999
255,7507.663999
256,7507.663999
257,7507.663999
258,7507.663999
259,7507.663999
260,7507.663999
261,7507.663999
262,7507.663999
263,7507.663999
264,7507.663999
265,7507.663999
266,7507.663999
267,7507.663999
268,7507.663999
269,7507.663999
270,7507.663999
271,7507.663999
272,7507.663999
273,7507.663999
274,7507.663999
275,7507.663999
276,7507.663999
277,7507.663999
278,7507.663999
279,7507.663999
280,7507.663999
281,7507.663999
282,7507.663999
283,7507.663999
284,7507.663999
285,7507.663999
286,7507.663999
287,7507.663999
288,7507.663999
289,7507.663999
290,7507.663999
291,7507.663999
292,7507.663999
293,7507.663999
294,7507.663999
295,7507.663999
296,7507.663999
297,7507.663999
298,7507.663999
299,7507.663999
300,7507.663999
301,7507.663999
302,7507.663999
303,7507.663999
304,7507.663999
305,7507.663999
306,7507.663999
307,7507.663999
308,7507.663999
309,7507.663999
310,7507.663999
311,7507.663999
312,7507.663999
313,7507.663999
314,7507.663999
315,7507.663999
316,7507.663999
317,7507.663999
318,7507.663999
319,7507.663999
320,7507.663999
321,7507.663999
322,7507.663999
323,7507.663999
324,7507.663999
325,7507.663999
326,7507.663999
327,7507.663999
328,7507.663999
329,7507.663999
330,7507.663999
331,7507.663999
332,7507.663999
333,7507.663999
334,7507.663999
335,7507.663999
336,7507.663999
337,7507.663999
338,7507.663999
339,7507.663999
340,7507.663999
341,7507.663999
342,7507.663999
343,7507.663999
344,7507.663999
345,7507.663999
346,7507.663999
347,7507.663999
348,7507.663999
349,7507.663999
350,7507.663999
351,7507.663999
352,7507.663999
353,7507.663999
354,7507.663999
355,7507.663999
356,7507.663999
357,7507.663999
358,7507.663999
359,7507.663999
360,7507.663999
361,7507.663999
362,7507.663999
363,7507.663999
364,7507.663999
365,7507.663999
366,7507.663999
367,7507.663999
368,7507.663999
369,7507.663999
370,7507.663999
371,7507.663999
372,7507.663999
373,7507.663999
374,7507.663999
375,7507.663999
376,7507.663999
377,7507.663999
378,7507.663999
379,7507.663999
380,7507.663999
381,7507.663999
382,7507.663999
383,7507.663999
384,7507.663999
385,7507.663999
386,7507.663999
387,7507.663999
388,7507.663999
389,7507.663999
390,7507.663999
391,7507.663999
392,7507.663999
393,7507.663999
394,7507.663999
395,7507.663999
396,7507.663999
397,7507.663999
398,7507.663999
399,7507.663999
400,7507.663999
401,7507.663999
402,7507.663999
403,7507.663999
404,7507.663999
405,7507.663999
406,7507.663999
407,7507.663999
408,7507.663999
409,7507.663999
410,7507.663999
411,7507.663999
412,7507.663999
413,7507.663999
414,7507.663999
415,7507.663999
416,7507.663999
417,7507.663999
418,7507.663999
419,7507.663999
420,7507.663999
421,7507.663999
422,7507.663999
423,7507.663999
424,7507.663999
425,7507.663999
426,7507.663999
427,7507.663999
428,7507.663999
429,7507.663999
430,7507.663999
431,7507.663999
432,7507.663999
433,7507.663999
434,7507.663999
435,7507.663999
436,7507.663999
437,7507.663999
438,7507.663999
439,7507.663999
440,7507.663999
441,7507.663999
442,7507.663999
443,7507.663999
444,7507.663999
445,7507.663999
446,7507.663999
447,7507.663999
448,7507.663999
449,7507.663999
450,7507.663999
451,7507.663999
452,7507.663999
453,7507.663999
454,7507.663999
455,7507.663999
456,7507.663999
457,7507.663999
458,7507.663999
459,7507.663999
460,7507.663999
461,7507.663999
462,7507.663999
463,7507.663999
464,7507.663999
465,7507.663999
466,7507.663999
467,7507.663999
468,7507.663999
469,7507.663999
470,7507.663999
471,7507.663999
472,7507.663999
473,7507.663999
474,7507.663999
475,7507.663999
476,7507.663999
477,7507.663999
478,7507.663999
479,7507.663999
480,7507.663999
481,7507.663999
482,7507.663999
483,7507.663999
484,7507.663999
485,7507.663999
486,7507.663999
487,7507.663999
488,7507.663999
489,7507.663999
490,7507.663999
491,7507.663999
492,7507.663999
493,7507.663999
494,7507.663999
495,7507.663999
496,7507.663999
497,7507.663999
498,7507.663999
499,7507.663999
