0,3140.423253
1,6224.257889
2,6648.518673
3,6984.733271
4,7235.020674
5,7496.737402
6,7580.550844
7,7885.961628
8,7999.908453
9,8219.555948
10,8404.820980
11,8449.769781
12,8703.304323
13,8796.666768
14,8920.628133
15,9259.464536
16,9292.261706
17,9594.045222
18,9571.707734
19,9880.195027
20,10116.827854
21,10264.208848
22,10468.273703
23,10430.281109
24,10839.571608
25,11021.518238
26,11217.325358
27,11176.928024
28,11472.489556
29,11570.804164
30,11852.727995
31,12232.035715
32,12274.010242
33,12139.104100
34,12341.331859
35,12601.142638
36,12644.575991
37,12637.499517
38,12532.548201
39,13033.672071
40,12692.549788
41,12825.783819
42,12718.704003
43,13406.981680
44,13033.650251
45,13132.141956
46,13198.087881
47,13257.057755
48,13215.027317
49,13405.797639
50,13167.995746
51,13146.679834
52,13245.295352
53,13325.657986
54,13318.032205
55,13302.083062
56,13372.300660
57,13458.628197
58,13828.245570
59,13515.859501
60,13532.558503
61,13651.265971
62,13988.900923
63,13619.481348
64,13689.440593
65,13758.524387
66,13872.259533
67,13545.423226
68,13976.702636
69,14006.174022
70,14102.682376
71,13737.298947
72,13968.339319
73,13960.671630
74,13699.487292
75,13868.223110
76,14041.306474
77,14199.129950
78,14165.002304
79,14363.625807
80,14490.015572
81,14422.781678
82,14603.225488
83,14538.129676
84,14661.417447
85,14716.467213
86,14490.803479
87,14408.684904
88,14285.701127
89,14395.366108
90,14482.225575
91,14509.000233
92,14454.362129
93,14606.986199
94,14399.303158
95,14236.543371
96,13976.611561
97,14417.251068
98,14260.670934
99,14348.269999
100,14795.916813
101,14529.675992
102,14567.481172
103,14741.088989
104,14796.189657
105,14284.302377
106,14195.780432
107,14088.042658
108,14309.510467
109,14669.919792
110,14308.600258
111,14592.377317
112,14526.458346
113,14008.292373
114,14364.311926
115,14302.017107
116,14130.665008
117,14236.694919
118,14647.973530
119,14661.570891
120,14422.289298
121,14477.078446
122,14554.689238
123,14563.889197
124,14484.055505
125,14055.581528
126,14456.280102
127,14500.236918
128,14621.834763
129,14310.443953
130,14557.153082
131,14386.215092
132,14681.252560
133,14519.358984
134,14354.359929
135,14340.174877
136,14498.936942
137,14657.657037
138,14553.434717
139,14212.305328
140,14576.642106
141,14388.961525
142,14493.202243
143,14339.709619
144,14517.341589
145,14247.233443
146,14453.877959
147,14102.036049
148,14311.043851
149,14314.070050
150,14497.670709
151,14598.324040
152,14144.148542
153,14846.478473
154,14895.186290
155,14618.157046
156,14369.101276
157,14090.602561
158,14258.884532
159,14434.259645
160,14404.407989
161,14302.829323
162,14366.932217
163,14786.642797
164,14384.257611
165,14239.814572
166,14191.675891
167,14665.524789
168,14415.343609
169,14226.451174
170,14348.170272
171,14572.745420
172,14800.914475
173,14343.181304
174,14607.826446
175,14399.321747
176,14335.595169
177,14225.342698
178,14481.229460
179,14439.931061
180,14225.619360
181,14330.389747
182,14610.356047
183,14820.791391
184,14296.914691
185,14754.566724
186,14330.430688
187,14387.202917
188,14589.786138
189,14270.576554
190,14522.120101
191,14696.424026
192,14533.048197
193,14568.172063
194,14418.426294
195,14517.959261
196,14303.226417
197,14324.581625
198,14575.287832
199,14494.715375
200,14742.988273
201,14259.629969
202,14415.723601
203,14363.975210
204,14209.361809
205,14444.024320
206,14607.734815
207,14488.110877
208,14515.169029
209,14612.776395
210,14554.468351
211,14806.615104
212,14846.171500
213,14986.598375
214,14383.649090
215,14304.209290
216,14529.561515
217,14428.540812
218,14674.506372
219,14641.829034
220,14207.393621
221,14542.266792
222,14454.744958
223,14265.764951
224,14389.606407
225,14305.423354
226,14343.852577
227,14286.743336
228,14285.273117
229,14261.361160
230,14245.025889
231,14502.678170
232,14304.676260
233,14238.918528
234,13864.813060
235,14348.028685
236,14468.723058
237,14360.231390
238,14170.843137
239,14054.685041
240,14244.092635
241,14565.653037
242,14121.240417
243,14112.783431
244,14440.450028
245,14826.486007
246,14552.461212
247,14405.068929
248,14369.681958
249,14526.200512
250,14415.196279
251,14626.711844
252,15091.049940
253,14304.396909
254,14187.368893
255,14191.157056
256,14077.889304
257,14359.774313
258,14394.327199
259,14280.597401
260,14516.493227
261,14113.318170
262,14076.889152
263,14255.600123
264,14322.075176
265,14539.920382
266,14530.093536
267,14699.850671
268,14775.953162
269,14623.440373
270,14330.631905
271,14366.019090
272,14237.080582
273,14470.762882
274,14149.064897
275,14390.351453
276,14604.484855
277,14542.581743
278,14334.769183
279,14490.613801
280,14215.637131
281,14217.587384
282,14117.379105
283,14280.921453
284,14165.384497
285,14453.817270
286,14472.133901
287,14228.135852
288,14418.222815
289,14309.802466
290,14628.014258
291,14473.572700
292,14551.042361
293,14592.472406
294,14673.445769
295,14602.729393
296,14228.995355
297,14211.936993
298,14421.533798
299,14226.886960
300,14596.361915
301,14115.865275
302,14438.198681
303,14135.865589
304,14361.622656
305,14779.566707
306,14191.109580
307,14116.442632
308,14442.317321
309,14194.638574
310,14616.908274
311,14509.455662
312,14323.308956
313,14696.283599
314,14221.724336
315,14596.331549
316,14349.924653
317,14433.152503
318,14217.599631
319,14441.232861
320,14459.409838
321,14179.608716
322,14308.111336
323,14717.136959
324,14468.651062
325,14127.092419
326,14288.585064
327,14315.962223
328,14514.760115
329,14159.596932
330,14409.210070
331,14529.390000
332,14570.465476
333,14663.390121
334,14382.611657
335,14526.568032
336,14577.237296
337,14678.574468
338,14926.929700
339,14529.960194
340,14010.865422
341,14556.724215
342,14360.363222
343,14544.523202
344,14322.833237
345,14734.945440
346,14141.618835
347,14260.334046
348,14222.541236
349,14406.171368
350,14336.130187
351,14297.567017
352,14389.446698
353,14453.877495
354,14165.164885
355,14497.088771
356,14320.136586
357,14161.472695
358,14616.822374
359,14685.655566
360,14417.882696
361,14475.329557
362,14176.749987
363,14503.219275
364,14053.293685
365,14533.910603
366,14027.087292
367,14583.964657
368,14517.515071
369,14599.157075
370,14125.203302
371,14568.362327
372,14785.115106
373,14434.598291
374,14596.099875
375,14495.912576
376,14528.214125
377,14370.538831
378,14329.554606
379,14381.458376
380,14495.343804
381,14253.066862
382,14854.131326
383,14734.252575
384,14635.884092
385,14626.010903
386,14386.556144
387,14479.309828
388,14669.262275
389,14489.177686
390,14242.213458
391,14119.793156
392,14268.847385
393,14467.544723
394,14507.177860
395,14733.500549
396,14242.943693
397,14207.808926
398,14162.952458
399,14401.373141
400,14654.953343
401,14496.044968
402,14415.823851
403,14481.496233
404,14229.579399
405,14148.057511
406,14716.878906
407,14696.240247
408,14357.403281
409,14105.866028
410,14298.579899
411,14535.445143
412,14318.283616
413,14646.503760
414,14264.739636
415,14298.768393
416,14734.069108
417,15043.803877
418,14578.683490
419,14514.040586
420,14533.364490
421,14321.529375
422,14380.796730
423,14313.786914
424,14658.502374
425,14612.758973
426,14420.268827
427,14673.787933
428,14468.900401
429,14336.455196
430,14649.301358
431,14420.766686
432,14594.932912
433,14684.623178
434,14159.214074
435,14568.880798
436,14683.447812
437,14851.873111
438,14554.390387
439,14812.397561
440,14353.667540
441,14274.265711
442,14487.180892
443,13964.921104
444,14196.754550
445,14449.944441
446,14563.628174
447,14606.453648
448,14408.212841
449,14734.456726
450,14676.130744
451,14448.870551
452,14735.163211
453,14298.384310
454,14378.640131
455,14503.622040
456,14540.761991
457,14626.886749
458,14468.714429
459,14238.614724
460,14186.626294
461,14524.187699
462,14331.770997
463,14804.206526
464,14753.829716
465,14948.337145
466,14249.623998
467,14380.848542
468,14281.612151
469,14376.763607
470,14421.376187
471,14328.761748
472,14528.054034
473,14318.955247
474,14616.052672
475,14445.866365
476,14423.915923
477,14546.009550
478,14280.482385
479,14210.222081
480,14542.851980
481,14633.012005
482,14117.228432
483,14436.552907
484,14371.950429
485,14462.279275
486,14649.835202
487,14540.790843
488,14659.948174
489,14504.140564
490,14311.748691
491,14384.407920
492,14598.974347
493,14494.779127
494,14126.515479
495,14392.445639
496,14251.501694
497,14145.474380
498,14550.603185
499,14544.710288
