0,3060.891223
1,3008.451530
2,3040.828158
3,3118.126975
4,3132.598592
5,3161.537719
6,3221.232886
7,3260.979207
8,3268.457503
9,3219.392075
10,3168.956396
11,3235.703578
12,3283.327997
13,3367.711097
14,3387.402776
15,3362.641248
16,3307.597667
17,3300.245516
18,3255.639714
19,3228.859929
20,3292.148673
21,3298.609400
22,3307.029747
23,3258.366644
24,3282.176446
25,3296.744485
26,3238.101435
27,3238.122022
28,3326.767593
29,3280.518417
30,3256.502258
31,3236.448495
32,3226.414295
33,3251.008409
34,3192.962311
35,3187.837801
36,3185.589403
37,3243.462002
38,3198.291345
39,3222.743548
40,3215.217507
41,3225.798953
42,3218.215724
43,3149.275589
44,3203.959315
45,3180.159665
46,3200.333939
47,3265.114536
48,3212.769123
49,3186.822073
50,3201.943555
51,3194.418255
52,3196.068836
53,3157.376077
54,3196.594112
55,3220.257475
56,3178.786884
57,3145.471055
58,3145.568331
59,3180.119248
60,3168.249368
61,3146.895920
62,3164.900629
63,3242.694346
64,3171.281342
65,3243.906361
66,3249.762374
67,3236.569953
68,3183.133978
69,3229.206933
70,3249.533412
71,3203.283495
72,3251.353775
73,3223.915946
74,3174.196796
75,3135.521469
76,3124.011168
77,3111.599202
78,3186.896015
79,3236.418445
80,3198.124084
81,3162.804819
82,3182.375064
83,3176.005860
84,3169.503698
85,3233.601610
86,3212.672610
87,3254.332447
88,3255.587032
89,3255.679098
90,3267.290119
91,3290.089906
92,3315.824666
93,3310.873143
94,3327.934229
95,3311.187361
96,3334.871716
97,3289.669122
98,3291.743510
99,3263.242048
100,3257.771590
101,3251.316289
102,3259.685257
103,3242.175649
104,3184.961701
105,3212.385915
106,3215.975478
107,3235.527677
108,3220.499768
109,3199.982866
110,3213.450615
111,3233.825804
112,3248.623360
113,3321.134706
114,3323.712308
115,3335.785059
116,3300.948007
117,3310.136261
118,3340.675807
119,3313.429310
120,3280.757227
121,3233.684438
122,3229.607700
123,3220.742709
124,3232.141711
125,3166.332185
126,3224.252592
127,3253.565911
128,3203.105638
129,3171.939380
130,3200.152201
131,3213.811947
132,3242.378410
133,3250.597223
134,3233.603624
135,3210.143588
136,3232.057923
137,3248.946910
138,3285.504052
139,3270.007547
140,3319.700513
141,3320.591184
142,3284.824128
143,3322.628649
144,3299.021006
145,3223.728493
146,3207.409263
147,3177.600148
148,3163.378490
149,3177.183836
150,3172.785110
151,3188.254724
152,3171.661212
153,3221.905254
154,3271.597101
155,3308.146546
156,3317.705371
157,3272.472976
158,3296.116513
159,3333.031282
160,3288.239099
161,3305.203049
162,3291.243076
163,3282.541785
164,3257.556629
165,3217.717859
166,3170.527319
167,3147.137024
168,3174.347282
169,3221.732048
170,3331.557299
171,3315.486773
172,3316.756186
173,3302.824597
174,3289.907853
175,3268.339424
176,3218.198772
177,3203.937939
178,3157.147735
179,3181.224171
180,3247.461037
181,3254.510353
182,3291.595866
183,3180.251830
184,3191.188616
185,3184.992603
186,3159.573140
187,3146.764627
188,3134.802572
189,3186.659687
190,3218.107294
191,3215.026398
192,3151.756656
193,3132.895289
194,3154.657346
195,3074.121114
196,3119.368741
197,3103.602994
198,3158.023617
199,3153.598133
200,3167.103022
201,3134.117010
202,3112.744589
203,3127.060409
204,3088.922638
205,3096.802881
206,3112.089184
207,3166.229489
208,3215.970020
209,3226.454627
210,3257.782186
211,3254.902516
212,3256.084875
213,3252.616820
214,3306.965661
215,3329.341062
216,3305.591450
217,3267.387433
218,3184.959090
219,3210.512365
220,3223.953144
221,3226.242386
222,3279.272980
223,3285.665511
224,3284.635326
225,3367.106987
226,3387.807135
227,3425.155736
228,3361.406254
229,3379.251950
230,3384.548755
231,3415.333794
232,3370.818383
233,3355.237719
234,3381.317350
235,3363.788722
236,3450.006500
237,3474.731775
238,3465.799010
239,3466.651566
240,3509.319615
241,3517.814576
242,3514.648218
243,3472.021996
244,3498.934680
245,3505.367390
246,3432.144012
247,3505.405177
248,3528.634327
249,3541.639199
250,3542.929739
251,3489.548612
252,3517.295378
253,3536.481119
254,3526.050667
255,3482.957606
256,3422.266583
257,3436.173588
258,3421.643800
259,3423.091276
260,3351.315025
261,3365.732068
262,3396.299717
263,3375.172297
264,3383.666872
265,3350.697324
266,3310.564141
267,3344.250757
268,3349.346297
269,3345.612988
270,3367.546195
271,3385.697487
272,3453.476553
273,3513.845123
274,3498.515701
275,3509.051548
276,3475.098197
277,3550.948615
278,3525.505291
279,3481.719831
280,3515.713862
281,3528.035773
282,3496.029829
283,3522.866143
284,3532.757778
285,3508.082229
286,3526.608477
287,3496.637159
288,3501.146341
289,3475.486700
290,3505.379952
291,3479.731244
292,3524.359598
293,3519.775085
294,3496.335584
295,3503.407230
296,3517.341918
297,3538.521657
298,3530.510690
299,3471.739486
300,3465.983189
301,3440.334642
302,3468.915080
303,3432.456701
304,3458.321063
305,3467.052693
306,3429.022969
307,3431.089303
308,3419.329961
309,3395.547969
310,3420.522203
311,3427.940774
312,3404.400934
313,3333.868397
314,3297.103178
315,3310.273077
316,3359.537486
317,3367.715938
318,3320.584998
319,3316.806535
320,3279.278688
321,3262.295956
322,3293.579739
323,3291.670199
324,3307.411546
325,3312.381032
326,3331.955800
327,3346.614832
328,3347.603305
329,3404.357334
330,3381.689840
331,3425.038512
332,3435.866583
333,3452.145871
334,3467.482825
335,3444.244675
336,3380.355343
337,3369.028680
338,3369.715467
339,3340.491933
340,3347.861951
341,3360.425209
342,3349.714307
343,3343.124012
344,3360.661298
345,3377.859475
346,3351.353382
347,3369.218962
348,3386.904361
349,3420.723959
350,3439.291024
351,3362.873766
352,3341.477834
353,3370.469719
354,3423.683727
355,3408.166602
356,3394.365829
357,3380.360281
358,3342.306993
359,3349.406723
360,3409.515377
361,3386.952019
362,3375.791607
363,3385.401737
364,3297.001101
365,3279.741434
366,3282.913657
367,3290.013275
368,3264.821917
369,3314.514281
370,3246.094835
371,3248.587526
372,3265.427948
373,3272.603201
374,3223.794363
375,3252.687303
376,3310.681869
377,3251.783142
378,3237.050232
379,3228.381051
380,3206.698833
381,3329.581590
382,3311.939945
383,3316.735684
384,3286.053359
385,3287.048913
386,3318.841790
387,3288.027361
388,3305.562538
389,3338.722093
390,3247.198960
391,3226.427022
392,3233.372721
393,3235.092235
394,3228.474531
395,3288.937210
396,3237.720474
397,3215.704195
398,3268.611567
399,3283.353399
400,3340.540394
401,3336.374366
402,3347.405328
403,3373.006425
404,3422.808614
405,3453.128798
406,3407.475241
407,3403.385392
408,3345.153618
409,3260.174354
410,3414.305387
411,3438.224708
412,3422.881468
413,3491.801163
414,3485.335187
415,3483.488986
416,3426.970081
417,3472.257307
418,3520.375273
419,3466.893951
420,3442.175996
421,3423.975319
422,3424.817853
423,3433.644518
424,3394.068338
425,3425.811846
426,3450.922574
427,3483.739082
428,3484.053440
429,3464.888828
430,3429.024982
431,3428.555359
432,3444.316726
433,3430.739384
434,3439.885792
435,3488.348393
436,3505.615323
437,3523.131815
438,3575.413872
439,3581.129684
440,3600.790834
441,3553.899199
442,3596.391381
443,3561.433220
444,3554.180511
445,3445.426747
446,3458.074398
447,3459.877888
448,3471.171436
449,3461.734069
450,3463.846178
451,3444.443222
452,3359.992355
453,3366.651390
454,3401.050371
455,3338.681053
456,3334.385310
457,3343.125316
458,3349.136634
459,3346.556559
460,3373.422338
461,3347.901949
462,3399.990222
463,3452.150563
464,3402.482013
465,3353.979010
466,3302.739832
467,3289.946013
468,3306.000696
469,3332.175784
470,3307.794482
471,3343.100366
472,3361.023227
473,3422.525377
474,3390.239697
475,3376.968426
476,3404.210754
477,3407.989875
478,3404.713429
479,3442.326253
480,3451.339739
481,3473.992258
482,3409.364129
483,3384.326400
484,3377.232476
485,3437.135975
486,3399.553740
487,3427.211719
488,3391.783672
489,3429.400215
490,3452.146848
491,3474.263782
492,3433.708264
493,3367.837914
494,3393.687273
495,3409.135774
496,3443.002374
497,3436.945755
498,3437.418471
499,3464.955772
