0,3093.885283
1,6475.695110
2,7072.387736
3,7507.512434
4,7789.494934
5,8095.666513
6,8234.556791
7,8446.492004
8,8610.695738
9,8734.970208
10,8982.244056
11,9163.258481
12,9179.641656
13,9253.092716
14,9427.218916
15,9374.907704
16,9618.871281
17,9719.635388
18,9870.841081
19,9973.059314
20,9964.865321
21,10146.928146
22,10285.672572
23,10319.809296
24,10418.030410
25,10552.352565
26,10521.988952
27,10404.924239
28,10649.022292
29,10608.774071
30,10870.797431
31,10872.391919
32,10772.092727
33,10900.208954
34,10977.204416
35,11068.032077
36,11026.936110
37,11009.350170
38,11090.655247
39,11034.489874
40,11123.225027
41,11233.871151
42,11249.758901
43,11304.801034
44,11208.129756
45,11406.438531
46,11377.299543
47,11592.645336
48,11605.423885
49,11600.243936
50,11570.781768
51,11395.425673
52,11612.079726
53,11684.629551
54,11580.002275
55,11907.054755
56,11729.741963
57,11887.053916
58,11823.761540
59,11762.888973
60,11932.835979
61,11994.859389
62,11803.794484
63,11802.673199
64,11828.918391
65,11910.245747
66,11933.094559
67,11957.020193
68,11994.066202
69,12017.609383
70,12008.286332
71,12014.276536
72,12340.996715
73,12037.361630
74,12093.250250
75,12115.753332
76,12189.169785
77,12181.636056
78,12160.352448
79,12213.959181
80,12266.272610
81,12239.692989
82,12259.231382
83,12219.178406
84,12264.568681
85,12425.169591
86,12288.822161
87,12255.059238
88,12391.944085
89,12355.186368
90,12433.275163
91,12492.294443
92,12324.809883
93,12278.832456
94,12238.166462
95,12229.939466
96,12199.819654
97,12310.480033
98,12297.107572
99,12257.072509
100,12530.865271
101,12455.715244
102,12344.669918
103,12505.926368
104,12420.183775
105,12672.432502
106,12312.461773
107,12494.505162
108,12652.653638
109,12630.166396
110,12495.606332
111,12503.102268
112,12308.915837
113,12761.385837
114,12497.510251
115,12602.212256
116,12573.957244
117,12685.848969
118,12569.840177
119,12775.374986
120,12570.343911
121,12775.858804
122,12891.056210
123,12676.882100
124,12580.941294
125,12887.461570
126,12726.177385
127,12471.077777
128,12680.991682
129,12742.893610
130,12640.788298
131,13021.527319
132,12880.488559
133,12916.637225
134,12629.537802
135,12926.476783
136,12658.230352
137,12588.548838
138,12797.710258
139,12719.757539
140,12839.847420
141,12638.502659
142,12598.018659
143,12640.017685
144,12557.252013
145,12964.431612
146,12795.552204
147,12916.489418
148,12737.953608
149,12857.842717
150,12792.801135
151,12677.964200
152,12622.007873
153,12762.510380
154,13014.524971
155,12919.716145
156,12727.155224
157,12951.140019
158,13075.391851
159,13067.410633
160,13071.497048
161,12875.384227
162,12898.882812
163,12906.251118
164,12836.124576
165,12975.281044
166,12950.684336
167,12859.980227
168,12824.025184
169,13026.608726
170,13082.273420
171,13010.725134
172,13084.357559
173,12849.691632
174,12691.556605
175,12939.157674
176,12779.912430
177,12884.861781
178,12760.120124
179,12912.600603
180,12885.747037
181,12810.409797
182,12935.701219
183,13062.165494
184,13058.902326
185,12936.590372
186,13006.046682
187,12533.318280
188,12970.267172
189,12807.465433
190,12798.343337
191,12837.483438
192,13057.324927
193,12913.315658
194,13020.970393
195,13202.373724
196,13056.784750
197,12975.906082
198,12985.609163
199,13029.162272
200,13082.768007
201,12961.890400
202,13141.473474
203,12811.544442
204,13161.634776
205,13231.752799
206,13022.211029
207,13155.575219
208,12754.428946
209,12920.751193
210,13065.845508
211,12800.526977
212,13066.285651
213,13079.855009
214,12952.891842
215,13132.870675
216,12846.621743
217,12889.241791
218,12853.276551
219,12816.044191
220,13132.402839
221,13121.504593
222,12908.534562
223,13039.084593
224,13131.242271
225,12995.482422
226,12943.165398
227,12915.662239
228,13006.879939
229,12711.693354
230,13059.248476
231,12939.744513
232,12959.942088
233,13047.893117
234,12795.226453
235,12958.417286
236,12830.998590
237,13192.533233
238,12784.202810
239,12660.627337
240,12936.745292
241,13166.504341
242,13150.522907
243,12968.274268
244,13111.324386
245,12926.922730
246,12959.690264
247,13059.656024
248,13017.700146
249,13141.312475
250,13259.276555
251,13086.241838
252,12798.503309
253,13130.936935
254,13137.408695
255,13320.940148
256,12975.094659
257,12797.111807
258,12918.819472
259,13167.911354
260,13211.328131
261,13311.989077
262,13362.851485
263,12996.230013
264,13218.676505
265,13125.836665
266,13018.187791
267,13060.602932
268,13309.354074
269,13094.525949
270,13320.403954
271,13218.354453
272,13075.911813
273,13174.312172
274,13238.303008
275,13267.264301
276,13020.178118
277,13012.935539
278,13357.759563
279,13223.249886
280,13244.463616
281,13223.438573
282,13218.791788
283,13111.527767
284,13115.710608
285,13292.531677
286,13001.398525
287,13197.228200
288,13131.432368
289,13227.803278
290,13021.504951
291,12998.443699
292,13099.175443
293,13311.842504
294,13140.076641
295,13237.620847
296,13192.031872
297,13131.352159
298,13153.309793
299,13139.055715
300,13272.025867
301,13350.158159
302,13110.778945
303,13261.423893
304,12899.662938
305,13111.629526
306,13233.517635
307,13081.502917
308,13186.158560
309,13166.737600
310,13200.575186
311,13150.804900
312,13350.405283
313,13267.762130
314,12972.667607
315,13251.282240
316,13271.882042
317,13286.277768
318,13288.791198
319,13411.133933
320,13107.156765
321,13262.593451
322,13488.260150
323,13224.299700
324,13193.321265
325,13458.303716
326,13423.003239
327,13255.577662
328,13280.783959
329,13127.424774
330,13282.327057
331,13268.228140
332,13138.290976
333,13192.878910
334,13142.324578
335,13235.227874
336,13274.588013
337,13104.012158
338,13284.684161
339,13257.654892
340,13465.717540
341,13205.219657
342,13188.562497
343,13442.122871
344,13658.289306
345,13192.426722
346,13246.409724
347,13255.732964
348,13331.814347
349,13259.769481
350,13391.259512
351,13318.445868
352,13364.687941
353,13128.266081
354,13095.707559
355,13269.905877
356,13299.203614
357,13329.332328
358,13223.287041
359,13210.689586
360,13496.074312
361,13210.493903
362,13444.047304
363,13261.974023
364,13424.430654
365,13329.509794
366,13324.719710
367,13382.220617
368,13465.936024
369,13401.448125
370,13386.649553
371,13150.110032
372,13390.513586
373,13263.891273
374,13425.070427
375,13479.318288
376,13401.201772
377,13487.933882
378,13444.356774
379,13365.717597
380,13272.514193
381,13209.018353
382,13249.890382
383,13466.258230
384,13502.968892
385,13339.780337
386,13279.986655
387,13381.037456
388,13390.879643
389,13459.305669
390,13394.207662
391,13330.570123
392,13596.655493
393,13340.858354
394,13443.225392
395,13394.659865
396,13407.948322
397,13420.579051
398,13389.244159
399,13288.698117
400,13287.438469
401,13423.765657
402,13404.702674
403,13563.628557
404,13512.042894
405,13573.725075
406,13288.606332
407,13165.730573
408,13404.106178
409,13428.291017
410,13323.965576
411,13566.503666
412,13625.554898
413,13620.447032
414,13587.750575
415,13505.838817
416,13332.834930
417,13374.008786
418,13348.412793
419,13361.101153
420,13439.537498
421,13616.664753
422,13297.070177
423,13735.929825
424,13840.417354
425,13620.084205
426,13562.054834
427,13369.807948
428,13309.812671
429,13401.340441
430,13437.432751
431,13411.590320
432,13390.805627
433,13434.947753
434,13576.678399
435,13578.474147
436,13566.241033
437,13608.136115
438,13469.462459
439,13409.277386
440,13629.941189
441,13545.481941
442,13409.356396
443,13224.270177
444,13522.189467
445,13530.103994
446,13532.408898
447,13536.839444
448,13388.936400
449,13524.250199
450,13565.205836
451,13451.439007
452,13588.555579
453,13290.783197
454,13665.586441
455,13566.933720
456,13536.627515
457,13454.877668
458,13804.367538
459,13659.425114
460,13722.489674
461,13345.751138
462,13412.282389
463,13577.906331
464,13600.071605
465,13446.738336
466,13564.589948
467,13571.019159
468,13533.713059
469,13558.359613
470,13449.723881
471,13466.738926
472,13705.649263
473,13509.602619
474,13498.566625
475,13599.805942
476,13559.920295
477,13637.833918
478,13762.595777
479,13602.833205
480,13810.122590
481,13669.543360
482,13746.573198
483,13544.081705
484,13390.483391
485,13523.551085
486,13192.711964
487,13520.571674
488,13544.521682
489,13728.317276
490,13913.646803
491,13723.024093
492,13660.578530
493,13672.316002
494,13432.981470
495,13442.254041
496,13676.049608
497,13488.437287
498,13525.137098
499,13492.305586
