0,3071.916087
1,6172.195006
2,6538.945085
3,6787.443643
4,7050.894650
5,7217.375468
6,7395.052723
7,7566.382757
8,7639.710291
9,7745.988001
10,7867.462670
11,7929.805848
12,8031.285785
13,8104.118132
14,8261.779097
15,8269.438848
16,8379.140461
17,8378.313868
18,8531.081045
19,8585.274489
20,8614.852443
21,8602.845955
22,8742.398425
23,8750.971461
24,8788.550024
25,8771.661016
26,8898.655218
27,8925.455757
28,9047.634889
29,9103.948314
30,9234.186968
31,9141.351643
32,9209.150429
33,9299.521574
34,9246.747231
35,9344.308569
36,9444.693835
37,9430.430445
38,9407.536085
39,9314.901763
40,9474.278522
41,9542.376134
42,9585.044502
43,9598.457524
44,9620.580204
45,9590.704673
46,9650.062557
47,9591.346738
48,9772.477534
49,9808.439053
50,9714.649219
51,9750.342860
52,9810.846782
53,9826.426903
54,9845.809534
55,9915.490332
56,9933.831347
57,9872.506580
58,9821.888228
59,9909.705470
60,10107.631468
61,10172.882893
62,10089.451567
63,10090.182435
64,10051.129373
65,10038.382967
66,10084.416495
67,10139.153913
68,10185.841260
69,10283.095978
70,10184.579513
71,10211.468417
72,10120.277706
73,10216.657845
74,10240.205852
75,10314.143762
76,10362.543703
77,10312.907581
78,10292.284828
79,10358.594544
80,10396.655743
81,10339.139782
82,10382.379578
83,10389.789052
84,10433.017420
85,10392.766258
86,10343.030979
87,10508.774796
88,10515.043803
89,10516.255168
90,10375.911399
91,10463.811427
92,10482.007337
93,10535.873127
94,10573.226617
95,10660.963357
96,10579.395334
97,10658.753216
98,10616.100134
99,10634.270867
100,10774.095234
101,10648.137493
102,10845.545499
103,10946.659282
104,10851.327608
105,10898.291949
106,10876.180757
107,10772.248931
108,10863.100795
109,10870.278150
110,10921.400999
111,10918.530190
112,10973.938292
113,10942.995000
114,11015.525346
115,10987.857910
116,10975.827908
117,10976.530121
118,10951.865829
119,11009.382588
120,10943.788485
121,11048.607669
122,11083.450300
123,11161.781963
124,11083.542278
125,11078.574245
126,11027.988151
127,11063.919580
128,11084.503069
129,11137.942161
130,11136.525687
131,11296.561120
132,11356.964271
133,11335.629390
134,11068.532726
135,11072.389066
136,11237.211267
137,11184.373987
138,11217.543767
139,11269.909304
140,11215.742151
141,11239.094706
142,11195.150477
143,11340.433662
144,11304.108021
145,11334.485046
146,11365.225969
147,11446.778297
148,11343.153613
149,11583.281386
150,11401.899630
151,11360.062283
152,11513.950812
153,11392.544802
154,11434.536262
155,11435.950111
156,11449.738587
157,11510.227529
158,11509.526923
159,11351.936772
160,11371.181833
161,11430.609246
162,11425.801023
163,11518.245725
164,11544.240750
165,11564.920998
166,11621.284568
167,11557.100435
168,11481.474085
169,11560.645848
170,11612.748538
171,11640.518834
172,11610.150091
173,11664.627645
174,11672.666969
175,11668.997048
176,11557.594021
177,11873.666435
178,11838.839203
179,11855.922269
180,11784.790408
181,11674.999139
182,11756.108436
183,11713.221466
184,11662.313606
185,11672.496139
186,11738.900948
187,11788.130168
188,11741.033901
189,11911.653014
190,11896.150230
191,11747.271238
192,11807.090042
193,11777.304011
194,11866.520285
195,11815.390815
196,11876.540641
197,11865.394035
198,11722.083704
199,11792.139156
200,11857.048148
201,11837.894497
202,11909.426410
203,11786.065536
204,11934.964090
205,11883.383078
206,11904.161867
207,11907.262435
208,11933.356623
209,11921.036493
210,12006.345415
211,12010.422916
212,12018.805482
213,11932.888458
214,11985.298476
215,11876.377469
216,12044.225959
217,11958.151588
218,12027.781682
219,11996.913582
220,12115.886857
221,11936.429975
222,11895.646230
223,11864.583047
224,11974.481620
225,12042.540889
226,12117.055774
227,12028.437066
228,11995.326372
229,12111.801023
230,12061.319735
231,11940.385248
232,12034.022398
233,12033.315100
234,12072.158170
235,12074.420530
236,12000.332763
237,11972.528138
238,11998.057384
239,11959.995598
240,12009.511198
241,11910.339409
242,12131.381529
243,12058.453512
244,12068.653433
245,12026.221332
246,11998.929390
247,11969.565074
248,12166.155571
249,12041.575777
250,12006.471413
251,12053.206590
252,12032.910583
253,12237.438941
254,12146.528612
255,12193.372046
256,12250.440117
257,12070.228341
258,12052.834150
259,12158.732618
260,12245.168205
261,12116.831629
262,12222.999433
263,12069.171115
264,12097.004832
265,12088.174173
266,12201.960421
267,12249.974453
268,12234.555530
269,12103.242740
270,12042.670580
271,12246.691343
272,12043.881808
273,11941.931732
274,12116.189336
275,12082.773652
276,12187.165798
277,12142.270814
278,12275.648909
279,12073.257461
280,12241.489942
281,12385.829822
282,12320.231472
283,12169.709190
284,12145.430487
285,12229.104488
286,12144.037842
287,12270.644340
288,12231.302276
289,12245.405360
290,12263.688728
291,12182.798505
292,12194.523301
293,12192.296839
294,12084.068659
295,12027.911299
296,12307.123412
297,12081.723351
298,12112.794552
299,12211.033756
300,12404.493441
301,12109.387763
302,12269.147899
303,12241.215380
304,12314.261314
305,12175.028671
306,12202.563056
307,12179.691490
308,12242.232904
309,12260.817854
310,12244.395926
311,12303.577485
312,12273.199232
313,12351.821354
314,12084.203021
315,12239.605075
316,12361.344582
317,12323.905179
318,12277.225819
319,12272.011322
320,12211.060266
321,12262.864318
322,12319.086521
323,12192.243144
324,12166.663187
325,12239.636167
326,12255.839242
327,12474.222533
328,12385.656591
329,12371.445785
330,12285.010838
331,12357.773890
332,12214.848288
333,12382.268999
334,12335.272073
335,12309.360111
336,12226.326778
337,12204.700955
338,12273.504160
339,12399.522545
340,12437.450051
341,12529.258875
342,12487.654871
343,12368.830534
344,12319.981805
345,12331.415592
346,12155.044349
347,12286.242498
348,12450.941370
349,12505.945011
350,12311.560185
351,12296.578062
352,12424.923749
353,12401.910231
354,12383.822729
355,12500.246067
356,12407.852179
357,12448.371837
358,12447.468966
359,12446.208950
360,12477.164556
361,12320.583935
362,12424.055369
363,12223.761801
364,12395.400776
365,12534.420573
366,12426.451413
367,12385.541403
368,12431.268994
369,12410.067085
370,12250.561759
371,12312.106939
372,12447.975241
373,12511.496577
374,12468.237482
375,12464.455713
376,12325.372789
377,12316.148509
378,12429.808726
379,12324.846239
380,12566.790798
381,12525.449841
382,12511.606908
383,12493.281990
384,12638.633505
385,12434.268672
386,12448.245463
387,12512.975674
388,12413.592256
389,12467.588236
390,12466.519160
391,12358.697294
392,12352.835335
393,12562.185169
394,12592.869856
395,12474.088214
396,12344.011975
397,12449.267146
398,12464.194340
399,12421.626836
400,12512.940981
401,12546.015418
402,12591.295691
403,12570.764262
404,12489.812530
405,12416.011607
406,12640.268169
407,12518.738399
408,12528.885568
409,12489.515912
410,12524.385145
411,12688.368233
412,12511.307389
413,12416.809948
414,12497.520804
415,12379.708634
416,12486.129437
417,12501.754304
418,12412.499921
419,12448.237026
420,12591.741196
421,12554.594926
422,12503.790446
423,12631.265568
424,12491.765425
425,12473.051019
426,12428.725041
427,12559.399152
428,12502.926721
429,12558.045215
430,12631.707057
431,12540.092108
432,12530.422666
433,12313.833791
434,12621.121171
435,12623.161362
436,12513.169871
437,12516.053362
438,12604.032502
439,12484.642235
440,12555.430529
441,12503.257463
442,12617.066512
443,12526.790025
444,12695.580709
445,12693.273479
446,12676.619223
447,12578.511575
448,12521.897545
449,12589.371568
450,12589.370387
451,12574.443685
452,12611.141228
453,12570.346633
454,12450.508585
455,12548.198659
456,12570.380600
457,12578.702136
458,12570.330098
459,12472.023155
460,12419.333033
461,12526.322672
462,12366.480096
463,12510.744724
464,12567.760640
465,12595.723382
466,12561.066735
467,12537.832099
468,12573.927460
469,12428.430374
470,12586.792584
471,12558.226873
472,12569.487934
473,12471.916678
474,12480.966316
475,12414.256217
476,12616.962162
477,12454.181152
478,12508.181089
479,12668.886106
480,12704.207179
481,12640.613423
482,12528.183207
483,12762.394927
484,12573.103882
485,12602.365488
486,12665.067632
487,12583.792711
488,12586.278071
489,12613.433468
490,12643.074119
491,12323.764535
492,12525.917734
493,12576.292234
494,12653.135813
495,12547.482903
496,12587.834065
497,12523.633151
498,12567.387765
499,12643.844460
