0,3097.497105
1,3142.542923
2,3177.126097
3,3159.463056
4,3191.915566
5,3264.475718
6,3267.106147
7,3298.486805
8,3261.886374
9,3234.136694
10,3238.361953
11,3238.648906
12,3207.899497
13,3227.576857
14,3259.961268
15,3310.874384
16,3349.898388
17,3369.639924
18,3342.884979
19,3361.816010
20,3394.786172
21,3426.384387
22,3425.514208
23,3444.698889
24,3434.778689
25,3440.920025
26,3452.514314
27,3461.986398
28,3473.733238
29,3475.644005
30,3496.623476
31,3489.925849
32,3513.002503
33,3517.632752
34,3564.039604
35,3596.042427
36,3606.889638
37,3594.903505
38,3601.331865
39,3623.636158
40,3649.418501
41,3668.170999
42,3693.866998
43,3703.295498
44,3649.414075
45,3665.881653
46,3643.322598
47,3640.703294
48,3669.786820
49,3643.665395
50,3657.105786
51,3649.947492
52,3683.222568
53,3650.431487
54,3661.075042
55,3662.381390
56,3667.304773
57,3664.694380
58,3641.598545
59,3683.161378
60,3695.742426
61,3707.174305
62,3713.470343
63,3708.271918
64,3777.791842
65,3724.384683
66,3746.858705
67,3736.095719
68,3758.586517
69,3807.053135
70,3796.811984
71,3793.996555
72,3817.453900
73,3856.314358
74,3841.811355
75,3849.953964
76,3844.745476
77,3834.981441
78,3818.183390
79,3815.410294
80,3813.966171
81,3825.547197
82,3824.870239
83,3817.193344
84,3802.774710
85,3834.449179
86,3842.381194
87,3865.454755
88,3878.673362
89,3844.357167
90,3849.134406
91,3901.484665
92,3885.530243
93,3879.782341
94,3841.551428
95,3820.004833
96,3855.894387
97,3870.472928
98,3896.608373
99,3897.358340
100,3892.558417
101,3893.314143
102,3929.276321
103,3932.647411
104,3949.045977
105,3990.546064
106,3991.759680
107,4011.698114
108,4057.008593
109,4056.070848
110,3983.118148
111,3923.245312
112,3905.969222
113,3918.836642
114,3886.474545
115,3919.092988
116,3917.253640
117,3956.217074
118,4006.871658
119,3959.257666
120,3988.510811
121,4010.531589
122,4001.348086
123,3947.957785
124,3953.303376
125,4010.600241
126,4033.601036
127,3994.597647
128,4025.688048
129,4020.150935
130,4033.483817
131,4019.956320
132,3962.290856
133,3955.710236
134,3976.485494
135,3975.143882
136,3963.556242
137,3948.072137
138,3978.721669
139,3929.888061
140,3958.370325
141,3911.697976
142,3935.268021
143,3916.646731
144,3917.332003
145,3964.051212
146,3949.579103
147,3953.560598
148,3958.661130
149,3941.704241
150,3942.391438
151,3933.562138
152,3925.688562
153,3908.899552
154,3907.903597
155,3899.890434
156,3881.662073
157,3897.779899
158,3933.944369
159,4005.044208
160,4021.150222
161,4023.956735
162,4013.349925
163,4007.665054
164,4026.333070
165,4008.489588
166,4016.259666
167,3975.503900
168,4021.594611
169,4031.712719
170,4007.076301
171,4058.494245
172,4054.036520
173,3993.019964
174,4018.326497
175,3992.903621
176,4012.835953
177,4040.654144
178,4003.944629
179,4033.515218
180,4024.041487
181,4025.625306
182,4043.867410
183,4027.498023
184,4046.574970
185,4086.072158
186,4077.741481
187,4050.770030
188,3987.013612
189,3998.967559
190,4012.142028
191,4025.728723
192,4055.685532
193,4074.828334
194,4073.494813
195,4050.326685
196,4055.373945
197,4027.398834
198,4084.110314
199,4134.771838
200,4090.299397
201,4095.964800
202,4085.649351
203,4055.424755
204,4081.089655
205,4087.947119
206,4023.357372
207,4021.573440
208,4017.768443
209,4056.185881
210,4044.986500
211,4040.651305
212,4106.353273
213,4078.389310
214,4047.032407
215,4050.620531
216,4067.807829
217,4048.886622
218,4026.470794
219,4073.512953
220,4017.371493
221,4005.519066
222,4032.582886
223,4037.139506
224,4053.879161
225,4101.158299
226,4066.020960
227,4063.023000
228,4035.852665
229,4018.966058
230,4005.586825
231,4028.620496
232,4003.432566
233,4048.634986
234,4094.484072
235,4101.832148
236,4113.146646
237,4109.251370
238,4103.681827
239,4130.181895
240,4111.942368
241,4150.368530
242,4138.035883
243,4098.847695
244,4115.695403
245,4138.441106
246,4153.114019
247,4165.076888
248,4134.630662
249,4150.444305
250,4138.158437
251,4161.814264
252,4181.658552
253,4164.231371
254,4188.822763
255,4153.156656
256,4149.121905
257,4106.878105
258,4091.351420
259,4122.324028
260,4135.112770
261,4203.131597
262,4223.563339
263,4210.077441
264,4214.024590
265,4233.765051
266,4210.106524
267,4164.702594
268,4173.112385
269,4123.060778
270,4169.465524
271,4185.511477
272,4227.459447
273,4181.239086
274,4212.379087
275,4116.743219
276,4079.523141
277,4073.136336
278,4041.337874
279,4066.504498
280,4076.358111
281,4075.473042
282,4127.851396
283,4124.720573
284,4161.936414
285,4118.109792
286,4115.091087
287,4154.082799
288,4178.710324
289,4152.663877
290,4130.663627
291,4097.732436
292,4170.608146
293,4147.428561
294,4137.952492
295,4086.923370
296,4144.357636
297,4168.679544
298,4201.239213
299,4184.866660
300,4196.442169
301,4225.395642
302,4200.335503
303,4266.662438
304,4217.891355
305,4165.479538
306,4204.285284
307,4215.038272
308,4198.116897
309,4161.124304
310,4134.691887
311,4176.726422
312,4174.451854
313,4174.181481
314,4166.759863
315,4123.709594
316,4127.510493
317,4124.282653
318,4119.398943
319,4116.171020
320,4108.535654
321,4099.512738
322,4076.488843
323,4077.217514
324,4065.634912
325,4120.311506
326,4138.987780
327,4094.841141
328,4064.919955
329,4113.449857
330,4132.452642
331,4161.454522
332,4178.275658
333,4167.152903
334,4166.379416
335,4152.741073
336,4119.256760
337,4119.780238
338,4120.166229
339,4143.656360
340,4146.268042
341,4174.065830
342,4152.668403
343,4161.820368
344,4164.531022
345,4197.092033
346,4251.364672
347,4294.970273
348,4253.864161
349,4205.327327
350,4189.166653
351,4196.594548
352,4239.460183
353,4284.942497
354,4210.204015
355,4167.776513
356,4179.140987
357,4173.833525
358,4174.500374
359,4140.975575
360,4202.032383
361,4180.164840
362,4183.366066
363,4210.771652
364,4203.765658
365,4236.381795
366,4272.038951
367,4239.915088
368,4234.193585
369,4191.589073
370,4186.771073
371,4194.953974
372,4154.307745
373,4208.904792
374,4170.583356
375,4140.343344
376,4114.604713
377,4062.971000
378,4076.880816
379,4134.171746
380,4132.757227
381,4128.454293
382,4132.362757
383,4100.905348
384,4158.314001
385,4149.305656
386,4205.289223
387,4177.469991
388,4190.706162
389,4224.589329
390,4224.572418
391,4229.127414
392,4216.661621
393,4277.598720
394,4280.485522
395,4278.461200
396,4259.461828
397,4248.561280
398,4197.828019
399,4180.360443
400,4164.124434
401,4156.843236
402,4165.837171
403,4187.431962
404,4193.255316
405,4175.707857
406,4174.067832
407,4151.541882
408,4175.670707
409,4188.602838
410,4145.200489
411,4136.036702
412,4084.981234
413,4123.322330
414,4154.143288
415,4147.010161
416,4169.923376
417,4170.766573
418,4193.649371
419,4214.462006
420,4238.923530
421,4223.123027
422,4229.624557
423,4184.394529
424,4160.561831
425,4192.977925
426,4182.067815
427,4179.912057
428,4205.960633
429,4136.295784
430,4160.446089
431,4142.584182
432,4166.143572
433,4150.206196
434,4133.003568
435,4147.643463
436,4159.888057
437,4183.576813
438,4130.958065
439,4116.865463
440,4126.436140
441,4128.904220
442,4160.236914
443,4084.565018
444,4116.745666
445,4131.588919
446,4126.640867
447,4152.558566
448,4103.844876
449,4168.265043
450,4180.790043
451,4183.875063
452,4176.656530
453,4186.053461
454,4178.281429
455,4122.719749
456,4139.521929
457,4097.944224
458,4098.025126
459,4062.696578
460,4039.407707
461,4105.997119
462,4071.969439
463,4146.381362
464,4085.261687
465,4113.193109
466,4094.519888
467,4162.023223
468,4226.157546
469,4244.072929
470,4214.265133
471,4135.314376
472,4178.591585
473,4130.946397
474,4152.059547
475,4161.464305
476,4154.895471
477,4180.205937
478,4170.897418
479,4207.509408
480,4180.623829
481,4221.445873
482,4181.949536
483,4204.741949
484,4204.448743
485,4175.024645
486,4239.708863
487,4186.904637
488,4226.796966
489,4257.042520
490,4291.130968
491,4314.009679
492,4300.909165
493,4265.404894
494,4237.855837
495,4207.701829
496,4218.722134
497,4199.816156
498,4209.099502
499,4202.800560
