0,3105.925338
1,6223.526955
2,6667.109826
3,6997.466466
4,7321.692039
5,7633.938703
6,7930.796144
7,8182.484410
8,8556.967277
9,8832.428638
10,9086.784654
11,9348.113513
12,9581.340410
13,9866.048759
14,10059.124611
15,10173.265591
16,10594.734930
17,10773.664172
18,10877.051910
19,11128.125831
20,11301.198627
21,11462.267088
22,11636.141334
23,11635.234262
24,11924.043790
25,12138.126173
26,12123.234932
27,12267.369312
28,12435.210841
29,12530.657738
30,12518.958859
31,12571.113751
32,12649.927835
33,12759.894330
34,12848.511266
35,12928.941115
36,13004.627454
37,12869.827081
38,13060.802667
39,12988.627653
40,12906.163169
41,13233.062376
42,13215.091824
43,13261.307224
44,13420.278506
45,13344.503701
46,13481.948818
47,13320.543255
48,13389.575578
49,13402.111965
50,13557.973367
51,13558.809250
52,13722.465392
53,13697.305502
54,13640.995732
55,13624.600997
56,13657.710906
57,13586.051538
58,13639.902578
59,13801.027975
60,13623.656018
61,13615.661860
62,13602.740646
63,13587.558511
64,13641.353825
65,13610.530698
66,13623.497572
67,13595.570262
68,13689.604879
69,13797.436361
70,13668.435029
71,13664.712557
72,13742.077934
73,13691.518806
74,13719.836774
75,13761.923470
76,13655.220880
77,13737.772923
78,13705.335127
79,13903.074456
80,13803.387154
81,13695.402876
82,13648.040725
83,13678.474218
84,13783.660425
85,13871.258376
86,13855.618005
87,13916.111015
88,13862.667835
89,13751.466013
90,13784.243523
91,13677.699739
92,13674.115338
93,13871.323801
94,13854.014262
95,13756.633001
96,13813.126386
97,13990.580958
98,13889.908708
99,13991.868277
100,13874.113013
101,13906.909210
102,13949.924168
103,13863.473524
104,13847.817461
105,13839.193951
106,13810.474940
107,13945.944378
108,13908.487057
109,13981.894767
110,13898.484094
111,13782.598094
112,13878.041362
113,13927.935556
114,13910.804562
115,13876.785562
116,14008.156167
117,13953.065736
118,13843.707220
119,13930.738764
120,13864.267371
121,13713.467602
122,13678.454752
123,13852.511843
124,13879.043989
125,14081.329692
126,13995.991325
127,13697.580489
128,13864.772210
129,13806.983025
130,13688.823347
131,13771.730379
132,13895.386509
133,13654.966566
134,13794.548504
135,13899.042734
136,13885.423127
137,13743.996412
138,13709.518519
139,13926.879270
140,13857.259709
141,13806.877203
142,13808.350248
143,13852.384621
144,13750.507501
145,13817.010909
146,13918.386905
147,13806.028045
148,13711.117157
149,13827.632962
150,13792.572068
151,13752.709621
152,13912.588540
153,13871.216901
154,13828.778057
155,13983.422641
156,13812.165945
157,13690.487319
158,13737.246407
159,13808.429497
160,13943.918517
161,14061.616628
162,13914.026863
163,13984.260357
164,13923.513007
165,13874.391241
166,13945.852386
167,13850.408038
168,13999.519188
169,13900.480246
170,13579.975618
171,13672.550233
172,13807.175710
173,13768.537215
174,13946.922348
175,13956.910948
176,14005.770071
177,13906.583596
178,13962.163313
179,14060.664605
180,13963.085007
181,13781.540439
182,13639.253287
183,13732.512554
184,13804.148970
185,13947.171929
186,13790.372323
187,13845.767139
188,14059.670194
189,13852.377993
190,13890.382480
191,13711.799749
192,13788.248809
193,13871.540735
194,13891.099693
195,14057.421263
196,14117.589209
197,14021.808395
198,13965.188972
199,13810.431617
200,13879.474241
201,13834.333848
202,13825.737832
203,13884.126120
204,13921.206539
205,13924.302060
206,13835.101068
207,13812.246667
208,13860.144159
209,14012.141539
210,13889.679536
211,13953.722404
212,13881.757974
213,13800.393943
214,13772.851921
215,13825.012653
216,13850.706901
217,13848.575437
218,13809.623560
219,13688.080066
220,13739.567398
221,13755.755090
222,13626.011786
223,13790.457735
224,13769.562240
225,13920.028875
226,13925.359463
227,13971.975829
228,13980.047621
229,13872.803690
230,13808.096066
231,13912.446506
232,13838.110011
233,13816.582249
234,13584.203851
235,13735.776535
236,13641.170108
237,13676.868159
238,13878.409398
239,13997.032941
240,13949.275423
241,13919.801764
242,13928.062063
243,13810.229252
244,14001.140491
245,14004.370514
246,13836.131328
247,13871.826684
248,13820.623361
249,13736.866967
250,13839.640990
251,13925.903222
252,13788.150077
253,13714.726818
254,13651.481547
255,13901.189129
256,14025.509863
257,13932.687837
258,13973.030118
259,14018.624962
260,14028.322292
261,13900.816049
262,13691.673398
263,13743.945162
264,13923.406038
265,13999.545278
266,13814.718220
267,13836.266463
268,13844.319163
269,13788.155120
270,13679.242068
271,13806.557260
272,13908.502379
273,13919.328802
274,13967.949622
275,14028.505198
276,13905.381776
277,13852.520276
278,13833.638185
279,13833.405389
280,13855.483287
281,13847.735795
282,13952.055487
283,13846.402454
284,13736.847356
285,13943.162232
286,13801.080836
287,14020.280699
288,13890.417008
289,14065.566412
290,13983.468862
291,13835.840584
292,13751.339239
293,13875.758279
294,13908.197668
295,13464.338309
296,13677.742248
297,13801.275762
298,13769.413842
299,13755.526907
300,13938.247986
301,13935.634908
302,13779.883188
303,13647.660367
304,13810.419181
305,13894.960911
306,13737.590399
307,13881.590890
308,13873.482968
309,13999.864379
310,13923.152001
311,14014.840415
312,13912.282486
313,13873.769138
314,13840.837091
315,13742.341351
316,13916.355672
317,13841.633670
318,13928.408287
319,13855.958090
320,14001.616778
321,13805.252448
322,13913.509678
323,13832.890485
324,13643.566158
325,13799.259758
326,13807.906345
327,13938.100691
328,13916.793557
329,13885.194496
330,13669.573551
331,13888.288938
332,13850.365790
333,13860.245259
334,13822.115392
335,13824.196269
336,13893.592989
337,13752.267157
338,13948.819370
339,13816.013302
340,13762.977303
341,13758.057588
342,13936.068690
343,14099.964367
344,14049.412997
345,13903.204764
346,14021.336703
347,13804.892461
348,13770.226037
349,13935.065500
350,14016.175717
351,13919.732071
352,13961.114048
353,13849.313203
354,13842.718794
355,13849.730200
356,13905.445222
357,13760.992710
358,13892.311569
359,13792.094801
360,13864.797505
361,13939.834051
362,13900.658017
363,13800.921437
364,13933.771189
365,13861.456478
366,13862.433856
367,13764.439329
368,13769.292780
369,13841.857813
370,13732.417072
371,14052.685339
372,13960.188476
373,14030.529480
374,13908.516729
375,13929.610618
376,13808.803047
377,13879.605680
378,13928.681887
379,13833.029555
380,13946.725799
381,14073.691563
382,13736.569037
383,13885.799638
384,14082.522044
385,14036.150439
386,13777.156897
387,13834.876287
388,13698.225322
389,13913.068540
390,13985.879731
391,13813.224953
392,13735.907941
393,13834.872864
394,13859.588990
395,13862.649461
396,13872.945580
397,13929.975984
398,13809.068534
399,13834.306697
400,13899.506629
401,13917.609011
402,13842.031129
403,13804.218570
404,13668.001584
405,13841.438198
406,13906.597071
407,13846.853302
408,13895.080114
409,13898.600860
410,13844.259976
411,13850.665718
412,13932.852120
413,13839.487098
414,13725.304314
415,13911.030053
416,13921.315935
417,13979.077079
418,13738.135353
419,13709.421601
420,13878.985580
421,13779.165360
422,13640.011506
423,13788.387690
424,13821.843928
425,13780.906040
426,13714.105413
427,13937.810239
428,13790.791016
429,13819.022121
430,13926.289928
431,13898.848607
432,13880.019262
433,13830.809878
434,13749.795156
435,13745.983959
436,13834.452253
437,13999.694887
438,13746.273072
439,13868.265388
440,13804.157100
441,13832.563746
442,13858.679723
443,13992.673638
444,14033.166672
445,13777.475920
446,13812.416476
447,13755.746462
448,13759.364549
449,13727.101640
450,13875.642492
451,13926.270186
452,13916.350225
453,13740.869714
454,13838.512846
455,14044.231717
456,13912.408991
457,13896.250849
458,13900.488839
459,13840.796111
460,13797.873644
461,13796.323575
462,13875.147934
463,13840.407457
464,13711.295649
465,13985.872598
466,13896.956817
467,14000.034475
468,13974.281617
469,13980.933162
470,14039.412255
471,13985.474834
472,13789.895576
473,14018.639920
474,13780.925662
475,13722.849894
476,13815.936293
477,13859.211944
478,13834.044341
479,13860.177302
480,13985.219506
481,13978.001265
482,13703.236603
483,13691.732979
484,13482.783618
485,13693.091918
486,13984.810413
487,13782.279327
488,13809.870287
489,13887.159746
490,13757.852295
491,13815.899142
492,13809.720332
493,13630.574252
494,13972.402875
495,13866.336290
496,13852.664441
497,13723.347074
498,13830.370208
499,13910.887564
