0,3125.216734
1,6237.843050
2,6662.215443
3,7016.959982
4,7335.057409
5,7611.270367
6,7912.684277
7,8222.415713
8,8486.425436
9,8753.720479
10,8991.269695
11,9186.446081
12,9434.498129
13,9665.736783
14,9838.204781
15,10084.146133
16,10311.799041
17,10470.608428
18,10679.248565
19,10841.934289
20,10998.623825
21,11132.027747
22,11309.238035
23,11532.725977
24,11679.160526
25,11853.422517
26,12026.847599
27,12207.775825
28,12370.129582
29,12608.023646
30,12773.190458
31,12869.937455
32,13132.333455
33,13287.159487
34,13499.818801
35,13685.326835
36,13892.056012
37,14217.303571
38,14286.365542
39,14472.788795
40,14521.878304
41,14734.032784
42,14940.450387
43,15013.676529
44,15007.252269
45,15116.101021
46,15253.611846
47,15433.212309
48,15449.377812
49,15611.226962
50,15631.070978
51,15790.351728
52,15820.207305
53,15813.674757
54,15906.592895
55,16085.848037
56,16112.159084
57,16046.229979
58,16161.478419
59,16142.625883
60,16243.388966
61,16183.356709
62,16364.841442
63,16339.513838
64,16363.849543
65,16294.630903
66,16246.415273
67,16363.352090
68,16425.260829
69,16380.338367
70,16415.108515
71,16437.316790
72,16464.136523
73,16367.645624
74,16505.080144
75,16428.482812
76,16465.032212
77,16426.428969
78,16521.564734
79,16518.876200
80,16505.441049
81,16503.678855
82,16541.872155
83,16579.998577
84,16462.888668
85,16602.522735
86,16642.494104
87,16457.803818
88,16430.328269
89,16523.920545
90,16537.639563
91,16516.081123
92,16598.967234
93,16577.922119
94,16695.748166
95,16569.866593
96,16437.796449
97,16492.836783
98,16485.985874
99,16424.905762
100,16432.368447
101,16460.954629
102,16454.908198
103,16654.114069
104,16745.698145
105,16792.405995
106,16732.134189
107,16707.864806
108,16768.848562
109,16688.554369
110,16603.211136
111,16770.188921
112,16671.628701
113,16735.708780
114,16747.325687
115,16792.964246
116,16830.150501
117,16773.937042
118,16738.322603
119,16793.685170
120,16814.864986
121,16981.075913
122,16783.567664
123,16912.438346
124,16824.613359
125,16744.851531
126,16828.795430
127,16858.896294
128,16795.526021
129,16865.089144
130,16806.944129
131,16850.658442
132,16908.129831
133,17009.345448
134,16922.003112
135,16863.307755
136,16792.875762
137,16936.899255
138,16934.718588
139,16879.266907
140,16772.171019
141,16871.875466
142,16835.354502
143,16825.552603
144,16737.334697
145,16770.118502
146,16756.599851
147,16963.710826
148,16963.593019
149,16944.126632
150,16929.701812
151,16907.538003
152,16949.466233
153,16989.432140
154,16907.617280
155,16947.974133
156,16874.557178
157,16857.693565
158,16877.871410
159,16813.319983
160,16853.264153
161,16869.759583
162,16831.737564
163,16836.452663
164,16750.420942
165,16886.090329
166,16791.886614
167,16796.427619
168,16896.380471
169,16788.451772
170,16769.708091
171,16709.359845
172,16825.499792
173,16817.738468
174,16844.294274
175,16855.715039
176,16934.487625
177,16867.245283
178,16896.262696
179,16891.248477
180,16931.345483
181,16951.471148
182,16967.695847
183,16910.973912
184,17030.147563
185,16883.021749
186,16891.552770
187,17006.261183
188,16992.484789
189,17043.225475
190,17019.073493
191,16955.107325
192,16976.175988
193,16936.302842
194,16927.194594
195,16862.207965
196,16884.511999
197,16964.008365
198,16980.176513
199,16912.385547
200,17030.437803
201,16858.061262
202,16973.098283
203,16973.725982
204,16995.844892
205,17061.067013
206,17136.566542
207,17129.047719
208,16907.808236
209,16996.054035
210,16905.158754
211,16894.106306
212,16930.052426
213,16932.305932
214,17015.837192
215,16860.267606
216,17064.187509
217,17015.342714
218,17052.564524
219,17074.968131
220,17038.333403
221,16967.448138
222,16915.988887
223,16941.494802
224,16956.723507
225,16957.231585
226,17054.606756
227,16806.079213
228,16970.971651
229,16979.594982
230,17021.207348
231,17003.338280
232,16856.821028
233,16929.651988
234,17030.495355
235,17100.632624
236,17103.464080
237,17131.276289
238,17010.698925
239,16964.774640
240,16888.913810
241,16833.415499
242,16888.797490
243,16938.623689
244,17073.125099
245,16888.930398
246,16828.876663
247,16962.022684
248,16979.587598
249,17035.965200
250,16946.958708
251,16832.533338
252,16802.745560
253,16836.317113
254,16875.860872
255,16885.986547
256,17006.378371
257,17056.604326
258,17058.712437
259,17066.258015
260,16935.237128
261,16938.099427
262,16904.697168
263,17138.202279
264,17050.798550
265,17025.632238
266,16952.630743
267,16999.561927
268,17060.849100
269,17031.588723
270,17153.528415
271,17064.813478
272,17133.440151
273,17068.266532
274,16950.059490
275,16900.980671
276,16945.384800
277,16952.371079
278,16934.523908
279,16948.420359
280,16982.947625
281,17048.329404
282,16908.654663
283,16981.495234
284,16948.184610
285,17067.388756
286,16995.523535
287,17008.162393
288,17057.595034
289,16988.655770
290,16964.429334
291,17083.414702
292,17103.907722
293,17027.823706
294,17056.320332
295,17081.808365
296,17049.492821
297,16993.189275
298,16962.078686
299,16890.141754
300,16874.882735
301,16891.390130
302,16820.994262
303,17029.701755
304,17012.313622
305,16988.062701
306,17007.578355
307,17055.936970
308,16995.637996
309,16948.327306
310,16957.548615
311,17003.073899
312,16905.871357
313,16931.811323
314,16931.299072
315,17072.966263
316,16883.843426
317,16904.745608
318,16867.432998
319,16925.830354
320,17034.546176
321,17072.810930
322,17054.379853
323,17037.852215
324,16955.847030
325,17002.699466
326,17067.483567
327,17011.682451
328,16940.828163
329,16900.780644
330,17054.513509
331,17015.270141
332,16957.440639
333,17040.548563
334,16975.431094
335,16881.155696
336,16865.335595
337,16943.534514
338,17009.069701
339,16888.291524
340,16998.422452
341,17015.701522
342,16937.458424
343,17010.513935
344,16995.902014
345,17114.092672
346,17041.573904
347,17046.259119
348,17083.570974
349,17019.607058
350,16919.339819
351,16957.431134
352,16967.671484
353,17059.896283
354,16981.529821
355,17122.206973
356,17121.382586
357,17038.961104
358,17026.257163
359,17117.791413
360,17118.209148
361,16992.913607
362,16938.854449
363,16892.260015
364,16948.550936
365,16882.485634
366,16953.833207
367,16939.012826
368,17087.607325
369,16980.778919
370,17123.791154
371,17061.338284
372,16957.274999
373,17036.603821
374,17099.044417
375,17022.805742
376,17036.824728
377,17101.377487
378,17087.359727
379,17036.171112
380,16964.738335
381,17039.033149
382,16958.146217
383,16924.005165
384,16891.458907
385,16824.369872
386,16886.364139
387,16925.267955
388,16966.493992
389,16855.913912
390,16770.831216
391,16820.503146
392,16943.238117
393,16958.132623
394,16957.511935
395,16953.345889
396,16810.460544
397,16859.757178
398,16944.833985
399,17045.578860
400,16985.316917
401,17011.558328
402,16876.408223
403,17077.723564
404,17039.921497
405,17034.875782
406,16987.892304
407,16984.552272
408,16940.099219
409,17020.852719
410,16950.982863
411,16989.823982
412,17002.316933
413,17022.929001
414,17149.421974
415,17082.195876
416,17085.859535
417,17079.606489
418,16906.408530
419,16915.244841
420,16964.950990
421,16966.882067
422,17102.370430
423,16958.786639
424,17019.798589
425,17003.999673
426,16900.621436
427,16988.834797
428,16934.165303
429,16941.962573
430,16794.809322
431,17061.932137
432,17076.438205
433,16989.417779
434,16911.408235
435,16836.193733
436,16958.773392
437,16936.227340
438,16973.747940
439,17064.220869
440,17052.640273
441,17080.252810
442,17102.595456
443,17123.407712
444,17044.451773
445,17087.637700
446,17102.096072
447,17051.420631
448,17030.343398
449,17047.813278
450,17000.646850
451,17016.635866
452,16989.727245
453,16975.769997
454,17042.446893
455,17030.581810
456,17043.761962
457,17067.688234
458,17066.817311
459,17042.242937
460,16951.030250
461,17072.118366
462,17167.184582
463,17067.247479
464,17081.204040
465,17127.825004
466,17049.849265
467,17023.028766
468,17079.355857
469,17057.647557
470,17202.142069
471,17218.562989
472,17168.455560
473,17177.763629
474,17271.434963
475,17299.941183
476,17243.670069
477,17298.442523
478,17346.380741
479,17282.531185
480,17178.793645
481,17187.876975
482,17175.268413
483,17417.221277
484,17344.547527
485,17335.230430
486,17390.354458
487,17312.160568
488,17285.957455
489,17256.890605
490,17227.392048
491,17130.910486
492,17287.061476
493,17374.596603
494,17185.333334
495,17310.723571
496,17173.538490
497,17121.382574
498,17200.718444
499,17285.405666
