0,3092.786551
1,6230.896866
2,6563.035625
3,6945.068767
4,7215.068841
5,7493.118365
6,7749.993105
7,8008.035049
8,8202.998618
9,8536.482133
10,8748.130208
11,8949.014684
12,9213.244443
13,9346.144607
14,9524.107847
15,9817.944387
16,10013.123826
17,10190.492317
18,10361.925484
19,10541.447158
20,10763.932504
21,10882.617265
22,11093.380927
23,11140.702031
24,11385.625352
25,11451.720758
26,11696.765230
27,11789.463162
28,11920.384217
29,12049.462388
30,12181.174924
31,12373.243364
32,12457.623213
33,12547.216955
34,12710.674050
35,12644.567294
36,12769.975981
37,12773.063551
38,13076.068783
39,13287.200682
40,13366.864948
41,13290.611907
42,13338.858789
43,13621.225943
44,13602.124975
45,13700.001660
46,13606.860588
47,13643.061689
48,13722.984843
49,13873.765879
50,13700.299538
51,13851.610211
52,14156.369171
53,13998.461581
54,14043.750575
55,14057.719008
56,14296.999237
57,14012.215446
58,14129.800425
59,14144.462504
60,14376.686911
61,14507.830577
62,14332.290458
63,14288.608873
64,14457.840971
65,14366.084069
66,14580.086010
67,14445.906667
68,14485.017517
69,14554.208485
70,14408.126526
71,14521.238775
72,14808.764276
73,14697.105797
74,14594.315595
75,14590.062836
76,14400.059269
77,14543.858275
78,14515.270957
79,14695.394136
80,14699.228989
81,14651.695290
82,14655.569405
83,14716.001944
84,14650.078267
85,14678.459188
86,14583.047827
87,14783.156033
88,14906.849659
89,14608.848472
90,14508.608392
91,14623.027476
92,14416.624033
93,14720.791422
94,14703.752276
95,14672.383440
96,14580.867477
97,14632.155997
98,14688.849445
99,14617.072401
100,14524.633855
101,14607.695163
102,14541.029795
103,14697.376167
104,14623.608213
105,14716.670596
106,14800.579989
107,14710.450688
108,14643.709741
109,14592.913939
110,14593.538658
111,14588.889765
112,14433.612968
113,14661.415980
114,14566.551738
115,14629.040780
116,14723.459000
117,14612.170501
118,14656.510519
119,14667.689360
120,14746.449034
121,14652.465984
122,14749.891780
123,14643.810311
124,14545.473887
125,14524.398289
126,14631.085061
127,14565.939730
128,14526.824098
129,14618.400991
130,14779.887043
131,14627.662423
132,14623.431750
133,14468.260716
134,14587.445765
135,14603.025803
136,14660.162334
137,14664.536261
138,14738.060161
139,14639.472318
140,14680.706506
141,14624.130426
142,14545.439175
143,14695.593385
144,14670.943487
145,14675.240280
146,14687.902988
147,14736.889436
148,14706.709228
149,14663.652822
150,14499.469450
151,14641.699051
152,14612.530432
153,14636.192028
154,14730.566714
155,14727.463099
156,14650.155441
157,14655.798785
158,14606.260410
159,14644.774675
160,14841.154137
161,14668.387780
162,14689.298909
163,14706.693661
164,14812.431757
165,14660.743956
166,14531.269500
167,14492.890480
168,14737.321600
169,14680.619773
170,14720.706354
171,14692.382855
172,14579.244285
173,14629.697856
174,14481.806895
175,14378.586838
176,14451.697896
177,14629.976875
178,14535.896950
179,14479.488840
180,14555.077065
181,14689.451489
182,14695.931947
183,14788.264086
184,14575.405540
185,14721.443428
186,14771.781015
187,14585.928784
188,14661.997697
189,14351.012863
190,14446.954494
191,14471.333160
192,14418.816716
193,14395.109381
194,14592.886134
195,14583.374609
196,14534.549799
197,14735.208915
198,14813.981010
199,14710.379683
200,14659.411112
201,14728.823429
202,14727.674777
203,14742.875512
204,14696.226881
205,14455.137195
206,14552.806510
207,14626.018443
208,14667.001313
209,14554.019192
210,14769.182993
211,14718.359127
212,14835.316799
213,14479.345448
214,14562.729699
215,14523.649537
216,14588.888488
217,14732.723474
218,14677.787205
219,14502.293414
220,14448.238054
221,14572.066587
222,14519.602318
223,14654.210880
224,14470.520740
225,14520.642163
226,14796.902279
227,14747.882433
228,14539.124918
229,14749.390974
230,14697.591775
231,14595.293798
232,14434.767194
233,14682.025774
234,14539.689381
235,14707.023525
236,14618.734868
237,14444.165343
238,14331.252436
239,14621.892322
240,14628.223792
241,14520.307946
242,14628.005816
243,14744.053024
244,14674.443060
245,14570.499216
246,14466.354037
247,14552.227210
248,14774.663742
249,14655.636374
250,14571.904632
251,14532.179796
252,14459.132884
253,14620.836839
254,14692.584680
255,14554.356781
256,14482.675983
257,14492.970787
258,14484.642024
259,14633.427693
260,14632.881396
261,14615.977977
262,14623.051303
263,14712.899525
264,14657.480350
265,14666.449655
266,14665.791210
267,14668.909592
268,14556.062657
269,14592.645725
270,14523.060463
271,14486.627494
272,14590.742102
273,14682.166138
274,14559.008922
275,14584.459743
276,14662.650617
277,14441.911862
278,14529.976082
279,14411.141752
280,14599.080784
281,14505.329143
282,14520.507055
283,14324.654987
284,14562.211700
285,14550.068293
286,14523.729477
287,14602.874233
288,14542.413445
289,14484.156483
290,14623.516809
291,14757.696952
292,14832.112335
293,14604.093931
294,14805.837853
295,14539.412436
296,14564.113962
297,14438.471390
298,14533.783944
299,14553.291824
300,14741.719397
301,14676.133278
302,14565.859303
303,14693.034505
304,14663.733224
305,14571.066830
306,14614.432400
307,14754.127147
308,14639.846522
309,14674.273455
310,14583.794202
311,14454.494933
312,14494.945390
313,14460.961654
314,14603.793576
315,14712.015932
316,14724.634673
317,14593.035117
318,14610.837348
319,14605.999474
320,14432.264561
321,14546.508343
322,14694.022685
323,14624.019189
324,14633.427821
325,14686.928888
326,14474.146347
327,14428.215750
328,14440.735991
329,14438.169444
330,14598.603786
331,14477.271697
332,14642.493519
333,14765.589440
334,14666.439878
335,14475.804077
336,14434.132781
337,14545.398767
338,14707.485913
339,14577.856610
340,14522.189026
341,14609.736925
342,14698.092237
343,14751.949440
344,14857.290712
345,14611.041834
346,14576.553325
347,14492.856671
348,14460.652010
349,14668.220419
350,14513.739514
351,14299.331543
352,14630.253556
353,14774.226157
354,14714.665790
355,14681.989997
356,14635.677350
357,14551.828147
358,14677.776185
359,14721.565814
360,14686.236949
361,14613.468445
362,14684.298174
363,14539.139372
364,14536.919338
365,14500.874710
366,14372.065947
367,14530.345080
368,14495.872754
369,14665.121310
370,14607.348352
371,14425.167950
372,14663.361506
373,14622.773252
374,14696.458510
375,14581.264640
376,14555.343948
377,14590.833854
378,14684.767991
379,14776.560141
380,14490.608187
381,14486.965707
382,14604.127733
383,14520.015186
384,14689.076518
385,14651.844225
386,14653.172611
387,14641.642222
388,14787.372916
389,14557.591936
390,14418.956295
391,14527.677503
392,14548.607079
393,14496.865734
394,14547.695168
395,14606.538087
396,14571.286328
397,14545.007662
398,14516.316607
399,14576.134743
400,14736.224337
401,14728.873123
402,14623.925875
403,14734.245622
404,14906.093432
405,14622.378899
406,14659.212108
407,14693.762366
408,14677.477212
409,14747.561909
410,14804.245082
411,14531.968692
412,14560.088928
413,14625.820188
414,14645.518327
415,14750.972638
416,14648.481089
417,14668.462420
418,14731.906299
419,14492.746292
420,14566.428166
421,14556.497480
422,14709.841268
423,14627.750928
424,14673.700966
425,14876.396570
426,14732.476247
427,14549.385520
428,14529.657192
429,14536.179855
430,14604.393095
431,14869.192048
432,14666.781536
433,14704.262110
434,14449.412881
435,14325.047049
436,14575.870367
437,14545.054774
438,14540.735875
439,14529.945433
440,14653.211762
441,14578.528605
442,14792.370358
443,14717.219929
444,14399.073337
445,14327.816076
446,14516.094231
447,14606.692647
448,14392.857499
449,14372.827575
450,14518.878461
451,14508.401048
452,14512.952598
453,14511.157178
454,14398.961462
455,14425.342937
456,14319.550503
457,14364.209228
458,14631.030580
459,14607.888734
460,14484.725171
461,14612.964934
462,14743.560426
463,14672.715103
464,14705.248971
465,14682.086401
466,14831.324991
467,14736.448617
468,14681.871068
469,14686.782972
470,14532.670299
471,14544.532868
472,14341.102274
473,14522.636862
474,14418.969338
475,14514.632843
476,14564.652204
477,14707.856144
478,14589.135225
479,14757.719892
480,14610.529700
481,14683.047329
482,14752.374823
483,14679.139666
484,14675.304006
485,14742.527903
486,14689.376047
487,14550.754889
488,14646.860511
489,14699.261077
490,14583.108161
491,14536.571674
492,14553.233075
493,14423.483616
494,14388.661239
495,14446.565595
496,14736.266442
497,14675.558823
498,14535.438665
499,14511.683612
