0,3060.961135
1,3497.195195
2,3779.303789
3,3944.108021
4,4046.109977
5,4203.594082
6,4343.604950
7,4450.603757
8,4532.584864
9,4625.812370
10,4710.047333
11,4745.827720
12,4743.022888
13,4795.106235
14,4851.026927
15,4946.290496
16,4987.450819
17,5062.413981
18,5136.119787
19,5135.276228
20,5147.062704
21,5158.695887
22,5201.484330
23,5209.428010
24,5231.037443
25,5205.354201
26,5315.768348
27,5349.257106
28,5307.388646
29,5435.343899
30,5483.915334
31,5473.382981
32,5381.391254
33,5411.143039
34,5494.338689
35,5500.074712
36,5466.561691
37,5510.138914
38,5489.664631
39,5436.120141
40,5516.072101
41,5538.306181
42,5543.388238
43,5573.609310
44,5604.033393
45,5635.951846
46,5542.514711
47,5573.800002
48,5657.611428
49,5621.969055
50,5650.526089
51,5617.375928
52,5593.612512
53,5593.124383
54,5590.233394
55,5557.624571
56,5479.258162
57,5568.058273
58,5591.248583
59,5714.352465
60,5719.537960
61,5669.734072
62,5677.485806
63,5730.795229
64,5871.698020
65,5714.867299
66,5720.129430
67,5702.878539
68,5757.816174
69,5799.106049
70,5788.296845
71,5681.086187
72,5775.436181
73,5754.569969
74,5774.612445
75,5808.887177
76,5978.076040
77,5990.702773
78,5882.323856
79,5860.304037
80,5887.369404
81,5890.760456
82,5909.087377
83,5910.088812
84,5879.840319
85,5905.444498
86,5966.764530
87,5970.072011
88,5970.994228
89,5965.295829
90,5986.860713
91,5971.856493
92,6115.014163
93,6080.218148
94,6072.707892
95,6034.724814
96,6071.581625
97,6102.317995
98,6069.026284
99,5948.733988
100,5977.359055
101,6031.055522
102,6099.822769
103,6163.611274
104,6042.014765
105,6070.766472
106,6204.411614
107,6166.924668
108,6212.661646
109,6110.359883
110,6156.797683
111,6167.827180
112,6190.489343
113,6028.091246
114,6031.366018
115,6069.648240
116,6144.039729
117,6146.251744
118,6163.508427
119,6182.772558
120,6197.753549
121,6112.069685
122,6121.166609
123,6136.904326
124,6213.592916
125,6179.084027
126,6169.546986
127,6291.489450
128,6220.618983
129,6201.509816
130,6172.038588
131,6240.706365
132,6167.341473
133,6262.156202
134,6262.586159
135,6247.902531
136,6320.219298
137,6308.421166
138,6284.578164
139,6387.316409
140,6218.371696
141,6206.636981
142,6349.031056
143,6268.321329
144,6177.269765
145,6123.091683
146,6175.655895
147,6110.121295
148,6128.603833
149,6230.966879
150,6214.129948
151,6100.330631
152,6000.343448
153,6061.368694
154,6135.095715
155,6075.176578
156,6153.224221
157,6112.283895
158,6093.429065
159,6103.797696
160,6094.964556
161,6218.519281
162,6142.447905
163,6190.015913
164,6162.619485
165,6199.004954
166,6180.686878
167,6224.473819
168,6280.086023
169,6383.680005
170,6435.159288
171,6329.179476
172,6365.839548
173,6384.534216
174,6292.139331
175,6205.019831
176,6220.795499
177,6222.446369
178,6179.111585
179,6244.370739
180,6176.922849
181,6231.624558
182,6250.399204
183,6172.855953
184,6159.586011
185,6175.117653
186,6147.194833
187,6212.999936
188,6134.401248
189,6097.017632
190,6198.365059
191,6204.132430
192,6228.046068
193,6151.427427
194,6197.623033
195,6112.202641
196,6142.539342
197,6225.884242
198,6311.078809
199,6326.098496
200,6232.424636
201,6231.728034
202,6325.797089
203,6271.671183
204,6185.650201
205,6175.304730
206,6221.403344
207,6143.836063
208,6117.981243
209,6066.179300
210,6076.891390
211,6150.472511
212,6132.350632
213,6161.169079
214,6139.016215
215,6125.373165
216,6291.540204
217,6236.781057
218,6322.000973
219,6263.890470
220,6302.752400
221,6141.691558
222,6156.142607
223,6273.547444
224,6279.113947
225,6283.716957
226,6282.501961
227,6207.235080
228,6233.020326
229,6272.690647
230,6218.139232
231,6267.709336
232,6286.347156
233,6222.798245
234,6145.901065
235,6155.620185
236,6206.654927
237,6299.267253
238,6362.944566
239,6242.864434
240,6221.415526
241,6181.605415
242,6200.441494
243,6218.332269
244,6270.785097
245,6205.503310
246,6226.918367
247,6247.852316
248,6386.366281
249,6325.740342
250,6255.480519
251,6288.971983
252,6220.520878
253,6177.629325
254,6228.560519
255,6270.384462
256,6242.471784
257,6310.746892
258,6146.383995
259,6121.729213
260,6157.115852
261,6237.454179
262,6254.106810
263,6334.656419
264,6390.664629
265,6309.791012
266,6290.665321
267,6295.535104
268,6255.131725
269,6285.041997
270,6191.632306
271,6107.655386
272,6189.560194
273,6256.508345
274,6268.269182
275,6170.358004
276,6282.347028
277,6220.891980
278,6117.684282
279,6124.546773
280,6098.953411
281,6306.424654
282,6222.206700
283,6215.310388
284,6095.654776
285,6255.328710
286,6191.997935
287,6244.675049
288,6152.699657
289,6222.192806
290,6272.814436
291,6335.518848
292,6342.282663
293,6342.809817
294,6374.182486
295,6394.369238
296,6246.359644
297,6195.995986
298,6214.482852
299,6185.144514
300,6374.716479
301,6438.564049
302,6364.617921
303,6302.894013
304,6353.510843
305,6299.144869
306,6394.609116
307,6333.762379
308,6376.680082
309,6258.068062
310,6364.134601
311,6309.116116
312,6414.682048
313,6303.439630
314,6235.944521
315,6330.149047
316,6319.495279
317,6345.343197
318,6415.248529
319,6476.680651
320,6400.698092
321,6261.514884
322,6395.485386
323,6510.253001
324,6588.260510
325,6422.063076
326,6479.560140
327,6385.001046
328,6425.594261
329,6512.479748
330,6539.739686
331,6604.787484
332,6458.351734
333,6342.156838
334,6377.812393
335,6341.391820
336,6319.299608
337,6324.647272
338,6320.027907
339,6294.247013
340,6292.293738
341,6336.608529
342,6350.168984
343,6273.884731
344,6278.777285
345,6325.797490
346,6328.821743
347,6187.167473
348,6385.832242
349,6386.551001
350,6269.693764
351,6313.767872
352,6229.291781
353,6071.327826
354,6076.657539
355,6205.537579
356,6241.245348
357,6450.782941
358,6429.213136
359,6429.882354
360,6356.263358
361,6366.992218
362,6325.213157
363,6191.018394
364,6257.805142
365,6266.956808
366,6324.334442
367,6300.646143
368,6401.267929
369,6507.650288
370,6458.129183
371,6408.640772
372,6381.580057
373,6437.233165
374,6430.743418
375,6532.754752
376,6510.251050
377,6370.784673
378,6492.722741
379,6533.062100
380,6480.272011
381,6513.681542
382,6527.440754
383,6350.485998
384,6344.569873
385,6401.174959
386,6452.213907
387,6375.408101
388,6386.335716
389,6420.361461
390,6404.509555
391,6332.666819
392,6361.125923
393,6419.669536
394,6406.750251
395,6250.130059
396,6248.963726
397,6233.527151
398,6320.917791
399,6264.746885
400,6251.643954
401,6404.937512
402,6282.957779
403,6322.034453
404,6306.120863
405,6442.284223
406,6455.985365
407,6376.942759
408,6358.636184
409,6283.792710
410,6330.469767
411,6433.459492
412,6567.685783
413,6490.178947
414,6630.217460
415,6574.083739
416,6413.444749
417,6393.295250
418,6406.451578
419,6542.338196
420,6563.220898
421,6474.321698
422,6511.444871
423,6386.344998
424,6451.136206
425,6513.324092
426,6644.938283
427,6592.481735
428,6557.499142
429,6433.966818
430,6566.979257
431,6658.237536
432,6542.558013
433,6597.904106
434,6544.205629
435,6526.397142
436,6509.897731
437,6565.819785
438,6592.823142
439,6546.069277
440,6623.308358
441,6578.343137
442,6550.504703
443,6648.919169
444,6557.467512
445,6379.878927
446,6389.868756
447,6493.139826
448,6468.486768
449,6482.547585
450,6412.131535
451,6270.272872
452,6326.447874
453,6454.748370
454,6519.086051
455,6395.538482
456,6396.619266
457,6445.978834
458,6338.055946
459,6546.516735
460,6512.695009
461,6568.316702
462,6575.721472
463,6518.744622
464,6449.786626
465,6646.070585
466,6502.530190
467,6644.696439
468,6673.158382
469,6584.219391
470,6620.600282
471,6450.896357
472,6314.777242
473,6366.103424
474,6358.400148
475,6439.802541
476,6469.349565
477,6589.171818
478,6587.785584
479,6684.049252
480,6544.249168
481,6466.203706
482,6532.823851
483,6456.092872
484,6509.579072
485,6521.327561
486,6537.391858
487,6424.525453
488,6526.668207
489,6509.964573
490,6545.889632
491,6379.837233
492,6380.565785
493,6253.901495
494,6427.830463
495,6500.398748
496,6437.029637
497,6499.012999
498,6454.549038
499,6539.588124
