0,3100.073394
1,3403.582466
2,3661.059414
3,3878.099615
4,4080.209269
5,4268.870533
6,4423.983782
7,4657.910460
8,4876.084278
9,5036.924670
10,5193.769227
11,5400.307700
12,5546.172263
13,5683.682078
14,5810.918384
15,5928.821482
16,6046.696515
17,6055.988310
18,6114.643801
19,6189.171792
20,6264.601745
21,6284.065133
22,6286.175499
23,6374.388553
24,6341.527133
25,6354.202811
26,6445.015913
27,6460.826226
28,6453.097926
29,6526.299449
30,6466.935576
31,6493.569784
32,6448.795974
33,6515.503216
34,6560.290435
35,6621.809999
36,6623.239759
37,6674.165942
38,6665.702166
39,6610.802196
40,6674.266986
41,6665.829276
42,6679.639727
43,6706.232657
44,6719.319184
45,6739.635326
46,6760.751203
47,6695.121383
48,6712.449349
49,6750.390233
50,6793.322801
51,6829.615094
52,6822.054235
53,6812.488833
54,6811.933142
55,6841.447468
56,6767.255900
57,6796.781205
58,6865.778397
59,6842.975887
60,6860.631612
61,6901.012804
62,6897.309959
63,6924.609333
64,6960.388170
65,6967.706865
66,6979.483612
67,6918.230972
68,6884.882130
69,6971.212675
70,6920.404261
71,6938.559232
72,6959.529489
73,7002.767569
74,6967.368960
75,6948.743867
76,6935.490974
77,6971.013144
78,6917.947562
79,6893.719405
80,6951.875900
81,6980.620364
82,6882.848757
83,6900.665219
84,6899.468793
85,6919.826781
86,6944.284267
87,6924.022685
88,6936.579447
89,6965.919398
90,6949.219197
91,6914.294768
92,6914.469224
93,6923.807959
94,6929.418059
95,6912.907751
96,6943.016765
97,6914.867182
98,6973.756831
99,6964.406070
100,6957.408971
101,6921.538725
102,6886.347548
103,6940.504992
104,6973.302922
105,6948.005634
106,6934.646414
107,6952.003087
108,6949.901445
109,6972.606653
110,6936.902176
111,6905.702921
112,6919.373985
113,6930.105886
114,6940.927070
115,6999.447815
116,6944.354844
117,6934.384343
118,6955.971906
119,6985.560803
120,6941.365448
121,6924.868813
122,6961.219999
123,6945.309339
124,7053.335620
125,6962.551037
126,7006.152200
127,6971.734988
128,7021.721853
129,7079.475638
130,7142.605654
131,7185.107735
132,7140.883908
133,7178.747888
134,7178.926626
135,7224.241105
136,7224.316692
137,7200.531294
138,7220.501924
139,7209.644155
140,7235.939171
141,7181.932062
142,7209.647779
143,7223.863100
144,7217.061625
145,7233.289674
146,7192.229789
147,7166.669287
148,7160.963751
149,7172.402605
150,7194.309299
151,7169.980797
152,7187.687210
153,7269.047793
154,7183.390540
155,7197.129506
156,7241.202227
157,7274.993010
158,7228.294807
159,7289.755832
160,7246.593794
161,7226.213692
162,7240.644357
163,7222.871580
164,7187.397483
165,7229.736475
166,7252.737055
167,7271.668988
168,7253.219394
169,7226.223460
170,7268.501660
171,7220.606465
172,7248.055080
173,7187.077483
174,7218.594761
175,7240.467034
176,7285.922082
177,7300.074359
178,7296.893794
179,7309.515347
180,7329.966608
181,7374.976977
182,7315.396571
183,7302.125862
184,7294.734372
185,7371.938812
186,7400.875358
187,7371.078525
188,7325.248766
189,7346.999462
190,7328.513979
191,7288.718016
192,7341.810596
193,7361.263061
194,7325.866267
195,7387.986850
196,7377.010597
197,7401.453814
198,7378.972958
199,7355.471747
200,7404.903397
201,7301.105517
202,7291.907072
203,7412.549091
204,7408.818063
205,7421.831915
206,7463.301881
207,7445.645415
208,7454.598025
209,7442.345721
210,7441.284312
211,7391.669866
212,7422.270824
213,7407.316548
214,7364.238582
215,7401.247806
216,7430.893178
217,7429.651769
218,7397.749864
219,7399.969710
220,7353.543181
221,7446.277990
222,7447.474997
223,7430.062331
224,7406.779862
225,7417.485349
226,7410.812156
227,7471.436277
228,7447.936352
229,7473.198114
230,7490.868336
231,7461.287465
232,7460.122718
233,7437.226065
234,7463.520390
235,7422.450290
236,7432.327856
237,7417.408373
238,7425.524043
239,7397.011106
240,7400.086700
241,7415.073053
242,7485.029719
243,7448.590488
244,7466.407324
245,7440.765203
246,7483.673064
247,7468.351393
248,7481.612034
249,7459.674770
250,7442.139801
251,7457.847254
252,7461.818395
253,7439.113399
254,7392.936345
255,7456.204910
256,7378.915786
257,7395.651763
258,7390.310227
259,7395.019844
260,7476.325887
261,7433.293236
262,7394.188234
263,7432.014186
264,7436.825817
265,7447.972547
266,7435.803773
267,7440.556790
268,7457.547724
269,7496.607784
270,7437.758530
271,7467.797933
272,7474.615944
273,7473.965253
274,7414.422883
275,7422.229432
276,7401.906515
277,7426.833212
278,7370.752667
279,7374.804380
280,7435.815453
281,7498.049137
282,7449.477176
283,7425.285724
284,7378.440073
285,7384.552441
286,7455.969241
287,7398.515597
288,7373.381750
289,7367.477658
290,7385.258982
291,7378.022351
292,7419.372898
293,7469.553811
294,7480.549298
295,7499.440054
296,7447.583060
297,7480.855879
298,7419.398693
299,7399.769202
300,7447.335248
301,7489.403140
302,7428.740124
303,7461.743262
304,7429.598686
305,7414.254750
306,7345.558911
307,7358.951463
308,7331.994875
309,7438.780656
310,7466.050855
311,7450.819838
312,7381.744245
313,7475.826357
314,7443.254385
315,7460.480772
316,7488.494251
317,7444.325936
318,7427.946444
319,7470.531417
320,7465.498103
321,7474.721224
322,7433.997188
323,7468.385444
324,7402.854540
325,7481.673931
326,7391.409648
327,7410.391353
328,7438.047309
329,7421.022346
330,7477.800924
331,7469.794047
332,7426.022520
333,7485.695764
334,7479.504621
335,7489.494019
336,7479.432356
337,7464.544136
338,7450.288836
339,7439.711805
340,7425.654824
341,7437.957752
342,7459.002311
343,7459.989353
344,7453.667506
345,7423.962501
346,7424.386214
347,7453.554271
348,7400.408577
349,7480.167547
350,7441.532661
351,7432.423588
352,7457.413016
353,7466.131329
354,7413.827439
355,7353.699872
356,7462.101109
357,7448.031669
358,7428.636383
359,7436.642575
360,7488.797984
361,7453.498876
362,7430.095260
363,7477.979829
364,7477.340105
365,7442.706731
366,7471.388859
367,7481.601641
368,7485.059123
369,7439.861884
370,7461.113789
371,7437.253537
372,7426.259591
373,7458.535703
374,7417.687116
375,7428.743878
376,7352.014354
377,7439.333833
378,7414.322276
379,7432.316164
380,7427.527169
381,7448.256150
382,7448.398032
383,7461.319527
384,7482.618749
385,7510.790146
386,7507.231016
387,7448.593403
388,7461.146001
389,7401.099761
390,7429.710910
391,7436.432400
392,7433.186134
393,7443.216775
394,7447.673047
395,7465.795348
396,7473.176706
397,7411.576896
398,7389.640865
399,7332.787640
400,7380.344966
401,7368.740803
402,7498.600201
403,7432.366687
404,7436.661944
405,7450.572728
406,7441.831996
407,7394.732745
408,7440.613646
409,7463.541016
410,7448.456683
411,7471.940298
412,7406.410558
413,7468.127197
414,7440.254770
415,7462.481454
416,7409.541230
417,7476.623669
418,7484.126639
419,7452.474071
420,7417.871054
421,7478.266921
422,7492.734680
423,7488.696565
424,7473.123821
425,7480.515439
426,7400.806187
427,7409.530403
428,7417.242595
429,7408.716359
430,7432.862569
431,7442.483990
432,7453.616025
433,7391.769375
434,7425.467333
435,7449.962354
436,7398.992507
437,7446.349376
438,7472.894865
439,7480.790114
440,7466.952830
441,7449.446930
442,7515.837865
443,7503.288458
444,7505.608505
445,7469.025029
446,7420.088640
447,7493.838843
448,7493.652839
449,7457.943397
450,7418.558663
451,7523.517749
452,7475.055522
453,7517.438654
454,7500.164941
455,7571.975996
456,7572.303076
457,7593.504976
458,7537.698598
459,7525.274830
460,7583.744418
461,7557.260702
462,7574.788096
463,7542.525829
464,7566.967178
465,7545.075643
466,7505.501272
467,7576.783142
468,7597.140659
469,7481.344828
470,7480.888179
471,7518.397905
472,7573.667624
473,7517.111601
474,7582.877539
475,7486.969146
476,7523.329166
477,7489.493623
478,7472.859924
479,7550.725787
480,7539.392918
481,7549.305313
482,7556.216201
483,7555.441513
484,7518.294188
485,7533.719080
486,7545.485402
487,7543.028486
488,7515.037934
489,7533.815520
490,7594.214219
491,7553.237841
492,7557.236263
493,7531.924234
494,7574.832648
495,7527.392775
496,7495.598846
497,7535.504908
498,7551.324823
499,7567.406403
