0,3088.218712
1,3264.118803
2,3454.817010
3,3575.372533
4,3708.250539
5,3899.080346
6,4039.641165
7,4163.769679
8,4268.044652
9,4489.751929
10,4657.537398
11,4842.034481
12,4946.288645
13,5148.735323
14,5257.442483
15,5303.886682
16,5374.584354
17,5453.580127
18,5535.724653
19,5644.533595
20,5684.771272
21,5735.755795
22,5801.140919
23,5874.081124
24,5903.943051
25,5964.815607
26,5985.126677
27,6028.407309
28,6034.037033
29,6070.727667
30,6095.634428
31,6054.851056
32,6045.329748
33,6123.748656
34,6097.644811
35,6154.097976
36,6183.386143
37,6179.238087
38,6196.390634
39,6190.412038
40,6189.736225
41,6190.921954
42,6209.059723
43,6195.849788
44,6212.662472
45,6192.593617
46,6185.380225
47,6150.937130
48,6126.701870
49,6133.426145
50,6137.495215
51,6182.660873
52,6193.845267
53,6181.635099
54,6207.372091
55,6213.061192
56,6253.725425
57,6264.808591
58,6255.173391
59,6300.514233
60,6281.387133
61,6320.344036
62,6383.518119
63,6360.010950
64,6425.499869
65,6455.839924
66,6453.213992
67,6462.899512
68,6473.815450
69,6534.679307
70,6567.291567
71,6581.621351
72,6603.992435
73,6636.271504
74,6601.940848
75,6582.737687
76,6607.012044
77,6671.045474
78,6684.264179
79,6710.061817
80,6757.645517
81,6746.922832
82,6839.213364
83,6862.824242
84,6882.792047
85,6892.823823
86,6859.118827
87,6854.182725
88,6897.928587
89,6939.898155
90,6951.713349
91,6944.215797
92,6990.599636
93,6948.584990
94,7001.813591
95,7055.861633
96,7085.456112
97,7079.288031
98,7084.790432
99,7150.644464
100,7178.726856
101,7198.756596
102,7225.539540
103,7227.915096
104,7229.297236
105,7221.013334
106,7243.929154
107,7265.599285
108,7295.592119
109,7307.461801
110,7308.721559
111,7361.582189
112,7392.542560
113,7384.188485
114,7388.640731
115,7381.766118
116,7424.408162
117,7460.887006
118,7446.991660
119,7431.577976
120,7463.307502
121,7476.173715
122,7535.923820
123,7501.248794
124,7549.124731
125,7576.911105
126,7601.943913
127,7529.441796
128,7525.538163
129,7568.895465
130,7576.053714
131,7572.370911
132,7580.419685
133,7612.601258
134,7640.841645
135,7672.344482
136,7681.696849
137,7728.584894
138,7735.819182
139,7764.584529
140,7770.635586
141,7747.941209
142,7752.847987
143,7735.644461
144,7752.939058
145,7815.999904
146,7825.664002
147,7856.559132
148,7885.222744
149,7938.395948
150,7953.454550
151,8008.724038
152,8036.868966
153,8066.205672
154,8072.933735
155,8078.012540
156,8100.471379
157,8108.792122
158,8112.043047
159,8118.357626
160,8120.231389
161,8125.461891
162,8133.955530
163,8136.864211
164,8152.183647
165,8125.117126
166,8123.637531
167,8118.845279
168,8159.092005
169,8144.992852
170,8150.742927
171,8165.691274
172,8155.592898
173,8173.347536
174,8159.405245
175,8182.367336
176,8173.681849
177,8175.518598
178,8166.824332
179,8171.748871
180,8159.004983
181,8177.135248
182,8157.453024
183,8156.318691
184,8161.476128
185,8158.603723
186,8175.383123
187,8182.740606
188,8207.308682
189,8203.390096
190,8205.888796
191,8209.689643
192,8202.365844
193,8190.384218
194,8203.167078
195,8220.333020
196,8205.858504
197,8216.198928
198,8214.731145
199,8220.207584
200,8220.933676
201,8223.804223
202,8224.458650
203,8214.344753
204,8230.450931
205,8218.599874
206,8234.738623
207,8228.517211
208,8232.873912
209,8233.506595
210,8236.315610
211,8238.668976
212,8231.835881
213,8232.584835
214,8230.920117
215,8247.438683
216,8231.853082
217,8235.422042
218,8235.538953
219,8240.408590
220,8248.159509
221,8249.630690
222,8254.458983
223,8255.970895
224,8254.045689
225,8254.643252
226,8256.057867
227,8262.528099
228,8260.601050
229,8267.841626
230,8256.243212
231,8264.824723
232,8259.370846
233,8262.375231
234,8267.959547
235,8271.270349
236,8274.521802
237,8277.929970
238,8265.835934
239,8263.107402
240,8263.453990
241,8279.166719
242,8267.258317
243,8275.187142
244,8276.308396
245,8277.648944
246,8285.903768
247,8286.243378
248,8285.476229
249,8282.885560
250,8285.556935
251,8278.122115
252,8280.158190
253,8283.979834
254,8287.250511
255,8294.763400
256,8297.240179
257,8291.986561
258,8295.818546
259,8302.033696
260,8316.129049
261,8321.559204
262,8332.815170
263,8347.726429
264,8358.536994
265,8366.469340
266,8361.967374
267,8379.869402
268,8376.718009
269,8388.406798
270,8389.778072
271,8386.762497
272,8386.037768
273,8384.886902
274,8387.668830
275,8385.435595
276,8390.426693
277,8391.767992
278,8390.671302
279,8389.166747
280,8390.515520
281,8392.867099
282,8389.321199
283,8382.591094
284,8388.865316
285,8393.594293
286,8393.384698
287,8379.526293
288,8387.273244
289,8402.067554
290,8396.375345
291,8392.690707
292,8393.358414
293,8398.974195
294,8393.633581
295,8394.583301
296,8400.681865
297,8395.541590
298,8405.012493
299,8394.557403
300,8404.469428
301,8408.544301
302,8395.825852
303,8399.869900
304,8401.315759
305,8401.642804
306,8401.343204
307,8400.015407
308,8410.068575
309,8406.946290
310,8401.582353
311,8402.099532
312,8404.765652
313,8411.103989
314,8415.773261
315,8436.213844
316,8475.640675
317,8530.945036
318,8588.080731
319,8614.099282
320,8620.619993
321,8627.433373
322,8630.858090
323,8634.308556
324,8634.982872
325,8629.650913
326,8628.441290
327,8627.946996
328,8629.252328
329,8629.489513
330,8631.684253
331,8631.573421
332,8622.721253
333,8634.489410
334,8636.557545
335,8621.443719
336,8623.507809
337,8626.766003
338,8636.355653
339,8638.331519
340,8633.628929
341,8632.954911
342,8634.725215
343,8640.388280
344,8641.713949
345,8633.781843
346,8636.203772
347,8635.170845
348,8638.048056
349,8644.483728
350,8640.403368
351,8644.391243
352,8645.078349
353,8639.731316
354,8632.167138
355,8634.813410
356,8639.613586
357,8643.352659
358,8645.661576
359,8638.621357
360,8648.014798
361,8650.829432
362,8648.617901
363,8645.857445
364,8651.223121
365,8652.097267
366,8640.466587
367,8649.650942
368,8646.079911
369,8641.602778
370,8650.741961
371,8659.047902
372,8655.001296
373,8655.498854
374,8644.948255
375,8655.406549
376,8657.464552
377,8653.993170
378,8662.339761
379,8662.895549
380,8661.725114
381,8655.558965
382,8661.841986
383,8663.010002
384,8665.574826
385,8668.086153
386,8669.205499
387,8671.191416
388,8672.376412
389,8679.521440
390,8691.179830
391,8688.684280
392,8687.623214
393,8700.769400
394,8697.021950
395,8701.199502
396,8701.405452
397,8707.501423
398,8712.022607
399,8714.157236
400,8708.949047
401,8705.402090
402,8710.105058
403,8712.897019
404,8719.915009
405,8718.045006
406,8716.660452
407,8712.776975
408,8709.167460
409,8712.122880
410,8714.444937
411,8707.426332
412,8710.053120
413,8711.780217
414,8706.502426
415,8716.205616
416,8713.518214
417,8712.422894
418,8714.588231
419,8714.116057
420,8708.857853
421,8712.083327
422,8715.206445
423,8711.107168
424,8717.162623
425,8719.535147
426,8713.789114
427,8717.201668
428,8713.733521
429,8713.666039
430,8716.413095
431,8711.560806
432,8712.204126
433,8711.850857
434,8709.938313
435,8710.701431
436,8717.524591
437,8715.692523
438,8712.021826
439,8714.987205
440,8720.018254
441,8718.628111
442,8713.756849
443,8712.645805
444,8707.429928
445,8713.609263
446,8712.206380
447,8706.306894
448,8715.327087
449,8706.580664
450,8718.119879
451,8716.428399
452,8706.018101
453,8712.313798
454,8715.753926
455,8705.863366
456,8715.225741
457,8706.431514
458,8716.111148
459,8718.648947
460,8709.614951
461,8717.257626
462,8702.395012
463,8709.752041
464,8712.779093
465,8711.584976
466,8706.314174
467,8711.300526
468,8710.476120
469,8717.575302
470,8716.843056
471,8717.507783
472,8714.756615
473,8718.206841
474,8716.050774
475,8714.313541
476,8712.598502
477,8705.186444
478,8701.559421
479,8704.838545
480,8714.049985
481,8715.768694
482,8708.667338
483,8716.780392
484,8718.946753
485,8724.571243
486,8729.432587
487,8733.122119
488,8744.863389
489,8753.914516
490,8758.234683
491,8777.469948
492,8782.853511
493,8783.055011
494,8786.264828
495,8791.463726
496,8787.135055
497,8797.573168
498,8791.630746
499,8804.343028
