0,3107.372574
1,6282.019723
2,6668.127064
3,6940.797568
4,7250.182291
5,7469.920984
6,7808.153792
7,8027.916969
8,8263.896793
9,8541.106662
10,8756.612328
11,8948.849513
12,9208.579860
13,9485.232719
14,9623.624007
15,9853.533523
16,10073.234220
17,10140.218464
18,10361.282726
19,10531.478118
20,10714.874141
21,10764.160729
22,11119.124968
23,11316.172664
24,11413.612574
25,11561.016597
26,11813.866880
27,12023.511331
28,12133.938305
29,12309.076296
30,12402.458215
31,12582.237270
32,12505.206410
33,12463.131474
34,12477.654636
35,12851.268756
36,12654.180096
37,12693.959811
38,13006.738695
39,12967.828480
40,13158.496380
41,13256.109592
42,13144.021356
43,13028.248268
44,13309.759816
45,13340.302948
46,13422.289340
47,13427.396835
48,13619.316935
49,13669.075770
50,13696.145476
51,13646.937853
52,13936.784962
53,13754.027398
54,13637.582807
55,13761.043409
56,13963.988310
57,13955.406735
58,14161.946111
59,14192.512179
60,14019.025931
61,14110.739140
62,13952.191859
63,14252.171467
64,14189.319290
65,14298.812191
66,14043.139324
67,14337.730493
68,14488.779883
69,14572.865717
70,14860.813391
71,14590.921540
72,14803.173006
73,14919.709690
74,14926.530428
75,15109.021921
76,15053.176525
77,15244.107049
78,15341.937846
79,15240.255415
80,15272.720629
81,15204.496015
82,15325.835803
83,15458.320617
84,15441.571417
85,15405.885402
86,15424.471453
87,15572.468732
88,15615.235771
89,15572.013454
90,15603.552168
91,15748.786975
92,15840.689342
93,15823.973567
94,15797.572789
95,15903.454485
96,15989.374574
97,15971.470848
98,15917.061887
99,16077.086083
100,16160.802756
101,15959.560171
102,15916.332073
103,15925.376866
104,16031.190289
105,16132.064441
106,16122.733558
107,16031.449658
108,16047.492767
109,16199.130706
110,16017.883728
111,16074.771613
112,16131.131381
113,16136.769342
114,16169.644039
115,16148.092868
116,16066.550135
117,16140.646641
118,16241.642319
119,16116.120434
120,16201.794464
121,16107.501498
122,16201.993377
123,16252.761683
124,16144.294464
125,16460.840475
126,16334.186915
127,16429.371889
128,16378.381786
129,16349.579572
130,16355.596316
131,16432.399195
132,16339.355318
133,16360.514606
134,16403.731405
135,16404.454390
136,16473.375568
137,16485.698065
138,16574.182146
139,16568.005541
140,16612.719641
141,16648.377033
142,16649.679293
143,16603.933495
144,16701.744814
145,16629.553868
146,16751.198170
147,16681.659192
148,16677.065502
149,16696.865074
150,16792.528486
151,16785.287153
152,16768.894779
153,16798.474565
154,16727.422870
155,16806.397871
156,16681.612949
157,16807.342672
158,16777.599784
159,16811.039554
160,16779.978987
161,16816.943988
162,16805.199142
163,16825.298740
164,16791.792139
165,16863.519819
166,16826.113223
167,16820.316948
168,16827.619590
169,16761.445346
170,16818.501904
171,16851.481750
172,16894.476714
173,16877.437029
174,16892.856134
175,16903.903639
176,16851.016654
177,16867.963131
178,16855.631699
179,16882.556516
180,16851.262653
181,16875.752408
182,16903.622355
183,16879.170756
184,16864.370691
185,16854.894153
186,16906.971218
187,16876.625390
188,16905.825816
189,16882.669476
190,16911.659838
191,16882.203042
192,16917.596799
193,16908.910598
194,16910.227494
195,16901.178939
196,16910.641931
197,16917.854390
198,16915.294714
199,16904.454695
200,16916.314784
201,16914.835924
202,16909.954107
203,16916.244248
204,16915.261886
205,16933.481691
206,16918.773276
207,16931.979056
208,16921.041065
209,16921.507112
210,16924.172254
211,16919.048581
212,16923.892193
213,16923.578667
214,16919.372567
215,16921.928577
216,16928.742708
217,16926.272534
218,16912.111419
219,16928.079384
220,16926.205282
221,16919.916707
222,16926.502219
223,16925.760378
224,16931.790249
225,16930.720718
226,16920.476738
227,16928.793100
228,16932.495554
229,16919.807865
230,16927.407649
231,16932.043924
232,16927.738019
233,16931.477392
234,16926.295930
235,16931.477392
236,16926.810397
237,16925.172612
238,16930.386884
239,16925.389837
240,16931.950111
241,16928.158406
242,16924.916053
243,16926.560082
244,16933.481691
245,16933.481691
246,16928.774405
247,16931.354432
248,16931.829782
249,16929.068808
250,16925.725894
251,16932.804243
252,16927.361710
253,16923.330761
254,16923.863729
255,16933.481691
256,16923.809424
257,16927.198437
258,16922.664812
259,16926.799171
260,16931.379054
261,16923.721134
262,16932.223331
263,16928.278024
264,16931.936915
265,16930.707983
266,16929.196084
267,16926.690207
268,16924.211583
269,16926.724747
270,16928.883437
271,16926.418776
272,16926.442415
273,16929.991075
274,16932.063519
275,16929.671830
276,16932.015608
277,16931.701184
278,16929.569454
279,16933.481691
280,16928.103370
281,16928.530976
282,16926.323138
283,16930.766401
284,16930.873377
285,16931.829985
286,16927.250271
287,16931.246131
288,16930.628230
289,16922.431354
290,16931.044865
291,16929.474892
292,16931.799069
293,16931.862343
294,16928.480818
295,16930.097005
296,16930.827816
297,16932.248809
298,16931.882584
299,16933.481691
300,16929.897481
301,16929.828621
302,16930.945125
303,16922.310210
304,16933.481691
305,16928.123375
306,16933.481691
307,16933.481691
308,16933.481691
309,16927.652143
310,16931.908675
311,16919.505387
312,16927.357321
313,16927.789123
314,16930.029048
315,16926.598650
316,16932.391180
317,16933.481691
318,16931.869241
319,16928.528403
320,16930.854541
321,16926.213802
322,16922.096413
323,16931.491118
324,16932.115124
325,16919.791219
326,16928.551896
327,16933.481691
328,16927.600857
329,16925.281848
330,16930.760154
331,16929.070465
332,16933.481691
333,16929.082394
334,16930.904956
335,16930.753342
336,16923.050065
337,16929.903885
338,16931.402101
339,16918.105533
340,16921.331806
341,16931.443009
342,16933.481691
343,16923.944702
344,16932.667133
345,16926.059770
346,16930.684068
347,16920.140571
348,16930.942058
349,16930.337203
350,16926.672940
351,16927.055889
352,16923.496984
353,16931.251529
354,16929.740734
355,16925.804523
356,16922.631182
357,16929.704679
358,16932.081694
359,16930.449467
360,16930.811923
361,16922.500005
362,16930.994143
363,16928.381861
364,16930.854612
365,16928.173468
366,16931.817131
367,16923.431027
368,16925.582457
369,16932.307078
370,16926.006977
371,16924.933927
372,16931.830168
373,16931.830168
374,16929.042068
375,16927.796104
376,16933.481691
377,16929.713473
378,16927.532657
379,16929.675629
380,16930.867210
381,16925.509950
382,16923.520581
383,16930.113747
384,16930.500208
385,16931.843734
386,16930.692971
387,16926.520837
388,16923.733188
389,16926.683193
390,16925.613593
391,16930.493610
392,16932.737809
393,16924.246766
394,16933.481691
395,16923.764100
396,16930.004838
397,16931.482494
398,16930.737050
399,16933.481691
400,16926.342732
401,16933.481691
402,16924.428478
403,16922.115826
404,16931.900801
405,16926.912826
406,16920.785364
407,16926.268939
408,16928.879946
409,16926.586143
410,16923.375624
411,16921.217375
412,16927.860175
413,16928.666513
414,16922.356118
415,16927.755242
416,16931.409114
417,16932.515419
418,16933.481691
419,16927.766472
420,16933.481691
421,16924.945691
422,16925.344582
423,16925.116205
424,16930.707385
425,16929.804561
426,16924.876154
427,16931.531748
428,16927.061725
429,16925.025021
430,16923.390446
431,16931.387234
432,16930.720718
433,16925.911149
434,16931.047573
435,16928.725906
436,16928.042959
437,16930.122142
438,16930.267123
439,16927.714795
440,16928.836974
441,16926.480395
442,16929.450821
443,16930.786841
444,16929.381065
445,16930.009440
446,16921.915150
447,16930.348846
448,16929.173914
449,16919.749981
450,16929.425213
451,16930.865309
452,16927.361517
453,16933.481691
454,16930.672146
455,16930.085729
456,16928.112187
457,16932.688456
458,16933.481691
459,16930.693875
460,16931.782914
461,16933.481691
462,16932.204536
463,16925.160949
464,16930.105357
465,16926.805640
466,16933.481691
467,16929.024371
468,16925.903752
469,16932.151637
470,16917.004893
471,16920.680153
472,16930.583154
473,16925.578005
474,16927.366328
475,16923.493984
476,16929.817117
477,16929.809083
478,16932.435250
479,16929.388406
480,16928.037006
481,16927.943670
482,16931.732526
483,16932.129191
484,16929.295515
485,16929.408432
486,16925.666710
487,16929.930117
488,16919.762555
489,16921.715562
490,16929.993017
491,16924.423904
492,16931.603937
493,16930.586178
494,16927.696100
495,16925.887345
496,16930.243614
497,16929.599777
498,16931.051652
499,16931.585988
