0,3087.565090
1,3354.715625
2,3602.289867
3,3824.050257
4,4069.524569
5,4281.660507
6,4535.688648
7,4741.853540
8,4950.326794
9,5147.461877
10,5367.686378
11,5620.680081
12,5760.254851
13,5886.409409
14,6017.606905
15,6116.012929
16,6143.053731
17,6229.102708
18,6254.431696
19,6298.733671
20,6348.322932
21,6398.136731
22,6424.079925
23,6433.292506
24,6474.427471
25,6485.216841
26,6511.071200
27,6542.661274
28,6583.836531
29,6616.339339
30,6633.179918
31,6646.976602
32,6674.034129
33,6693.937381
34,6696.736528
35,6700.064382
36,6712.472746
37,6709.603830
38,6693.355896
39,6697.676667
40,6726.688833
41,6710.405687
42,6724.392735
43,6720.530220
44,6711.301133
45,6712.294837
46,6733.657436
47,6738.653560
48,6709.173746
49,6736.075282
50,6747.506953
51,6731.718829
52,6725.149244
53,6716.759546
54,6726.763624
55,6745.331864
56,6744.998451
57,6752.203091
58,6744.644794
59,6732.878492
60,6747.933916
61,6733.069020
62,6734.605897
63,6724.494951
64,6744.322950
65,6736.350726
66,6727.160022
67,6724.497064
68,6750.214207
69,6739.408054
70,6727.016289
71,6704.268625
72,6718.291532
73,6730.016702
74,6722.764625
75,6713.784423
76,6704.121076
77,6729.958176
78,6731.041939
79,6723.298916
80,6709.708687
81,6724.664849
82,6722.036792
83,6726.348300
84,6744.719846
85,6738.256429
86,6744.892688
87,6734.122070
88,6735.667230
89,6735.980793
90,6740.428518
91,6736.108828
92,6729.756774
93,6720.640200
94,6734.541819
95,6744.393026
96,6749.271986
97,6733.883746
98,6741.822348
99,6728.536022
100,6720.905670
101,6726.336049
102,6741.480184
103,6742.392753
104,6742.239835
105,6717.122636
106,6731.933463
107,6735.279591
108,6750.116436
109,6743.407985
110,6729.314133
111,6753.220711
112,6747.161740
113,6754.041204
114,6739.484433
115,6714.548251
116,6732.930374
117,6727.435941
118,6733.121689
119,6731.877756
120,6753.530882
121,6740.964512
122,6734.956649
123,6736.949703
124,6722.223872
125,6737.253819
126,6720.984383
127,6731.783599
128,6744.232586
129,6754.966265
130,6769.785708
131,6751.366822
132,6749.985879
133,6769.238619
134,6764.806189
135,6771.653666
136,6759.946062
137,6732.339023
138,6750.969239
139,6746.008663
140,6771.255560
141,6781.109991
142,6764.748033
143,6772.180480
144,6778.465912
145,6768.121576
146,6769.366506
147,6760.970071
148,6754.010626
149,6763.634433
150,6756.189773
151,6730.215667
152,6762.105346
153,6779.989168
154,6785.360716
155,6762.253011
156,6781.913732
157,6773.714095
158,6747.008018
159,6770.183344
160,6761.472551
161,6775.579365
162,6763.288476
163,6747.184715
164,6772.078019
165,6775.355095
166,6784.424746
167,6761.484725
168,6779.728211
169,6765.782627
170,6754.217686
171,6735.763177
172,6743.304523
173,6773.991673
174,6756.093047
175,6737.084293
176,6755.496650
177,6741.165885
178,6764.369571
179,6767.568121
180,6780.646415
181,6761.904336
182,6773.012586
183,6758.679722
184,6766.334955
185,6770.350524
186,6778.265432
187,6779.214468
188,6776.240555
189,6770.288691
190,6757.465208
191,6749.073917
192,6764.147129
193,6764.453198
194,6762.383276
195,6784.695193
196,6761.225034
197,6756.956873
198,6770.077320
199,6746.484906
200,6762.713832
201,6759.485061
202,6766.836556
203,6767.375989
204,6753.347002
205,6771.558701
206,6756.472134
207,6770.467562
208,6787.578005
209,6766.867839
210,6779.413331
211,6760.395133
212,6755.474815
213,6775.006336
214,6752.830980
215,6752.686200
216,6750.466841
217,6753.624699
218,6757.195159
219,6774.507075
220,6755.500244
221,6760.952311
222,6755.604480
223,6772.045932
224,6754.760955
225,6776.962873
226,6767.168725
227,6766.875537
228,6767.127007
229,6760.693215
230,6779.030432
231,6769.111825
232,6776.989931
233,6762.304700
234,6763.403683
235,6778.835668
236,6778.925521
237,6767.671342
238,6761.604973
239,6761.447898
240,6778.548845
241,6765.398069
242,6766.760932
243,6779.351103
244,6781.324359
245,6783.905708
246,6762.699622
247,6766.551402
248,6772.945106
249,6773.551390
250,6781.316025
251,6763.890450
252,6760.887192
253,6762.502638
254,6765.515377
255,6761.887912
256,6769.679477
257,6763.748738
258,6771.813025
259,6782.987195
260,6768.571573
261,6785.825614
262,6760.910366
263,6771.658469
264,6771.716149
265,6718.847422
266,6749.106879
267,6745.079599
268,6755.254205
269,6773.630776
270,6748.443943
271,6743.113522
272,6753.882600
273,6766.296911
274,6792.047063
275,6787.961473
276,6771.672093
277,6758.949753
278,6746.377902
279,6747.377155
280,6760.445880
281,6762.347745
282,6757.261673
283,6763.131147
284,6769.464172
285,6761.337314
286,6767.147279
287,6754.573678
288,6773.701134
289,6777.787040
290,6775.169295
291,6755.714270
292,6771.544418
293,6738.889714
294,6748.010643
295,6762.996132
296,6768.509369
297,6776.013236
298,6768.375231
299,6776.395730
300,6769.120722
301,6774.501732
302,6764.052214
303,6781.936933
304,6764.699405
305,6778.474220
306,6785.586755
307,6781.896978
308,6772.192532
309,6782.771241
310,6770.438355
311,6760.906624
312,6776.953297
313,6754.600672
314,6756.436722
315,6748.129169
316,6763.306031
317,6766.850074
318,6768.835995
319,6766.407954
320,6758.914628
321,6751.802071
322,6760.661995
323,6747.633501
324,6772.609936
325,6756.193413
326,6771.828399
327,6762.092045
328,6764.075596
329,6739.375676
330,6744.680236
331,6747.737005
332,6739.747754
333,6743.289443
334,6754.397747
335,6765.441462
336,6750.125987
337,6764.637730
338,6760.160022
339,6752.124924
340,6745.132230
341,6763.145897
342,6762.759682
343,6778.759229
344,6770.349010
345,6767.407797
346,6755.975237
347,6748.064723
348,6766.384119
349,6757.129250
350,6730.490335
351,6754.392295
352,6753.787806
353,6770.567900
354,6766.986336
355,6780.429440
356,6746.766683
357,6740.873960
358,6758.344805
359,6763.548589
360,6745.959716
361,6766.438538
362,6778.946536
363,6755.167843
364,6758.414533
365,6785.732911
366,6782.477405
367,6759.983236
368,6748.946023
369,6737.216122
370,6756.060753
371,6751.047744
372,6766.499914
373,6776.660186
374,6762.552705
375,6739.425079
376,6760.476407
377,6734.180786
378,6762.136089
379,6762.834167
380,6767.960461
381,6753.619401
382,6763.050219
383,6779.408247
384,6763.359126
385,6742.935219
386,6757.189812
387,6757.475497
388,6767.926464
389,6754.759175
390,6750.832169
391,6740.370688
392,6747.060978
393,6776.552593
394,6779.300436
395,6776.089565
396,6774.404729
397,6779.086101
398,6761.408538
399,6768.474295
400,6766.985786
401,6767.155245
402,6778.760010
403,6760.163985
404,6756.395263
405,6777.011563
406,6762.160337
407,6762.651625
408,6760.846663
409,6793.769793
410,6755.279449
411,6754.779104
412,6753.492461
413,6755.500023
414,6757.278176
415,6753.328589
416,6752.225276
417,6748.669158
418,6750.023412
419,6772.213476
420,6781.296130
421,6754.274707
422,6776.666814
423,6785.849746
424,6775.340659
425,6764.642195
426,6787.576700
427,6772.361981
428,6760.790340
429,6754.160879
430,6764.675583
431,6778.059570
432,6790.651251
433,6790.784916
434,6768.714723
435,6754.120971
436,6777.378861
437,6776.701081
438,6785.680622
439,6778.761333
440,6774.090596
441,6774.990267
442,6768.956881
443,6774.100516
444,6760.965884
445,6780.808516
446,6778.700937
447,6759.438003
448,6757.291627
449,6765.504188
450,6719.897480
451,6721.123742
452,6723.207316
453,6764.072570
454,6764.317556
455,6766.699803
456,6766.078802
457,6782.437985
458,6777.141263
459,6761.440642
460,6770.726252
461,6746.541327
462,6749.423741
463,6762.658998
464,6779.633232
465,6761.732158
466,6771.012736
467,6766.800938
468,6788.449237
469,6775.504088
470,6777.623322
471,6770.728414
472,6772.085572
473,6760.042753
474,6767.432998
475,6776.059315
476,6754.944762
477,6772.893573
478,6758.008620
479,6762.536958
480,6770.624051
481,6761.386958
482,6754.826787
483,6750.828428
484,6752.582935
485,6772.563858
486,6777.439136
487,6772.170029
488,6745.872176
489,6732.105695
490,6742.522575
491,6744.797911
492,6760.892229
493,6746.001094
494,6764.991866
495,6745.879123
496,6741.221285
497,6772.746948
498,6778.873301
499,6776.038275
