0,3152.281852
1,6387.056974
2,6980.658835
3,7392.795134
4,7850.568793
5,8286.225087
6,8645.357598
7,9041.028094
8,9356.105322
9,9649.359891
10,10072.922191
11,10386.617934
12,10719.610368
13,11023.109887
14,11328.438410
15,11670.566958
16,11768.064004
17,11936.017522
18,12144.152372
19,12304.860118
20,12445.123822
21,12581.243581
22,12680.231219
23,12708.568428
24,12778.039941
25,12892.721709
26,12997.367868
27,13071.271716
28,13109.146310
29,13227.301960
30,13290.512344
31,13363.234788
32,13439.292393
33,13560.140180
34,13597.336718
35,13646.026717
36,13870.579573
37,13961.839711
38,14034.125283
39,14096.967976
40,14217.650094
41,14265.648269
42,14245.779386
43,14451.367745
44,14580.119358
45,14599.859171
46,14545.068464
47,14629.422299
48,14688.198919
49,14836.625592
50,14832.466856
51,14902.902333
52,14793.988417
53,14978.604202
54,15065.151356
55,15082.860253
56,15073.021866
57,14945.740172
58,14979.400346
59,14976.773082
60,15126.584000
61,15073.301045
62,15180.126044
63,15033.442986
64,15099.916478
65,15216.410074
66,15196.999117
67,15288.974407
68,15336.169617
69,15303.934828
70,15170.038413
71,15351.807755
72,15385.746503
73,15448.683091
74,15627.175564
75,15663.280855
76,15661.510393
77,15619.246760
78,15606.599791
79,15647.179786
80,15599.458149
81,15677.437298
82,15712.567400
83,15779.365302
84,15729.094969
85,15781.593038
86,15836.768945
87,15819.537392
88,15734.266770
89,15692.643508
90,15732.033119
91,15722.335185
92,15841.800363
93,15792.351637
94,15697.846145
95,15830.776719
96,15815.174442
97,15765.245349
98,15829.944241
99,15762.117360
100,15713.984716
101,15790.230420
102,15807.662539
103,15866.361119
104,15749.011728
105,15685.394274
106,15789.145930
107,15736.572998
108,15653.816828
109,15867.868292
110,15721.281372
111,15818.755521
112,15764.964964
113,15879.614431
114,15806.410496
115,15885.156105
116,15837.580006
117,15727.632627
118,15811.253699
119,15844.264935
120,15814.964197
121,15759.784022
122,15906.830702
123,15901.447905
124,15863.256553
125,15887.447139
126,15850.344430
127,15981.924762
128,15909.250866
129,15892.199115
130,16007.707961
131,15967.942832
132,15991.633758
133,15999.385158
134,15900.154490
135,16047.312876
136,15998.694568
137,15962.040042
138,15881.945437
139,15874.295029
140,15969.235888
141,15929.407286
142,16050.156488
143,16004.195896
144,15958.820133
145,16039.190142
146,15912.877767
147,16039.285582
148,15964.324821
149,16065.378713
150,15974.014310
151,16134.730479
152,16099.801931
153,16122.349590
154,16089.321609
155,16130.669550
156,16203.502813
157,16141.387424
158,16124.505168
159,16150.616480
160,16032.801650
161,16012.203486
162,16104.705100
163,16144.158091
164,16124.272042
165,16036.926943
166,15975.422321
167,15978.631466
168,16028.247688
169,16026.155704
170,16084.079162
171,16111.223142
172,16184.304441
173,16156.297268
174,16031.106881
175,16073.340692
176,16050.765532
177,16068.127290
178,16172.904597
179,16102.774818
180,16074.682732
181,15970.174878
182,16072.624444
183,16132.941981
184,16202.667544
185,16143.897901
186,16213.584198
187,16223.858266
188,16132.358899
189,16082.064229
190,16067.290252
191,15923.994906
192,16049.129454
193,16050.850246
194,16109.943758
195,16130.027753
196,16093.022194
197,16119.241351
198,16117.332965
199,16107.322869
200,16090.484929
201,16024.181947
202,16026.040626
203,16092.425490
204,16028.910362
205,16085.088087
206,16077.403423
207,16067.848454
208,16117.782201
209,15914.355610
210,15984.555369
211,15952.640164
212,16055.617093
213,16134.029080
214,16021.122385
215,16042.611232
216,16084.103344
217,15957.456802
218,16139.163136
219,16065.762555
220,16184.390995
221,16000.556086
222,16145.179966
223,16147.898718
224,16131.053949
225,16068.166526
226,16038.384408
227,16036.575507
228,15946.299521
229,16094.444693
230,16115.132145
231,16128.217522
232,16230.852280
233,16190.680078
234,16065.402252
235,15983.561810
236,16167.792816
237,16088.504297
238,16156.278716
239,16133.314143
240,16107.837458
241,16035.959045
242,16122.178903
243,16372.478758
244,16313.479954
245,16370.723102
246,16444.257552
247,16360.849071
248,16279.814843
249,16429.687066
250,16481.882665
251,16359.470171
252,16372.713028
253,16194.278770
254,16257.606296
255,16420.731722
256,16387.218753
257,16308.562215
258,16368.721917
259,16357.204737
260,16296.864740
261,16260.004785
262,16388.460351
263,16310.692449
264,16240.065099
265,16209.081476
266,16281.181928
267,16359.333024
268,16275.842533
269,16451.581237
270,16421.691430
271,16332.587840
272,16266.604511
273,16283.853593
274,16246.638406
275,16318.951185
276,16340.523201
277,16381.242546
278,16391.381147
279,16308.037389
280,16243.162242
281,16339.503725
282,16422.007396
283,16408.890663
284,16441.663070
285,16342.828988
286,16443.350697
287,16411.357922
288,16328.937619
289,16370.937180
290,16344.624825
291,16298.743086
292,16227.222486
293,16132.694090
294,16239.655662
295,16273.607286
296,16334.657827
297,16380.485746
298,16472.044209
299,16381.103759
300,16324.735504
301,16458.785609
302,16247.827059
303,16344.782469
304,16440.044521
305,16421.464371
306,16419.089489
307,16521.809546
308,16363.458211
309,16313.157671
310,16405.374732
311,16510.543509
312,16462.323928
313,16475.509070
314,16402.421758
315,16505.128223
316,16465.500328
317,16407.726340
318,16338.096220
319,16335.581537
320,16371.053286
321,16359.309444
322,16456.386563
323,16478.160953
324,16411.294825
325,16488.425755
326,16535.674839
327,16513.870177
328,16460.718164
329,16440.473517
330,16452.367210
331,16444.087330
332,16422.689699
333,16373.776591
334,16337.164817
335,16304.942552
336,16319.251286
337,16344.168851
338,16358.239164
339,16388.820160
340,16456.656019
341,16488.393365
342,16445.058189
343,16482.412123
344,16475.165660
345,16548.665793
346,16499.588442
347,16395.499873
348,16497.442942
349,16443.438487
350,16483.432134
351,16459.723578
352,16439.822322
353,16691.833768
354,16718.810182
355,16609.726879
356,16650.521316
357,16794.065165
358,16633.095230
359,16720.296834
360,16675.478654
361,16823.764960
362,16654.686875
363,16656.987202
364,16692.707262
365,16553.793329
366,16804.673663
367,16854.414428
368,16914.309923
369,16981.924418
370,16765.040755
371,16886.074971
372,16868.050884
373,16844.853972
374,16790.819512
375,16754.940207
376,16753.385341
377,16878.373847
378,16949.991267
379,16864.726472
380,16781.839321
381,16872.703394
382,16855.435605
383,16866.688841
384,16658.772960
385,16724.010628
386,16780.616222
387,16792.358648
388,16951.041858
389,16893.454271
390,16849.148573
391,16713.321659
392,16853.168941
393,16931.747044
394,16826.590984
395,16971.438069
396,16927.152541
397,16799.991672
398,17012.765488
399,16981.281651
400,16852.186697
401,17006.503795
402,16947.559653
403,17019.758261
404,17009.798224
405,17024.862929
406,17070.836706
407,16905.079005
408,16884.610466
409,17003.061386
410,16943.299760
411,16995.416901
412,16901.615621
413,16998.199162
414,17091.993165
415,16990.151278
416,17146.283798
417,17136.375059
418,17139.510710
419,17115.073352
420,17147.691141
421,17040.082005
422,17065.285481
423,17036.073593
424,17097.417313
425,17180.356321
426,17120.283871
427,16992.481232
428,17151.409380
429,17197.050573
430,17112.891681
431,17094.425217
432,17163.028162
433,17138.953281
434,17159.192184
435,17266.513854
436,17104.156900
437,17059.783883
438,17097.645237
439,17262.804211
440,17159.991259
441,16971.999574
442,17068.963594
443,17241.216920
444,17108.963081
445,17124.435174
446,17131.785538
447,17181.558310
448,17155.350124
449,17028.594535
450,17181.942781
451,17107.121709
452,17118.208535
453,17200.899646
454,17269.195179
455,17179.241907
456,17128.684140
457,17100.071055
458,17067.443816
459,17163.884298
460,17123.702945
461,17146.285169
462,17096.048279
463,17120.889117
464,17261.528085
465,17215.486458
466,17185.077644
467,17173.532042
468,17208.382781
469,17237.631165
470,17239.709521
471,17088.342613
472,16992.604069
473,17136.235395
474,17145.036308
475,17112.454487
476,17126.514738
477,17117.631565
478,17151.317685
479,17132.561504
480,17111.287249
481,17173.046489
482,17088.080156
483,17171.013191
484,17002.708800
485,17028.038347
486,17137.776726
487,17254.222475
488,17127.694402
489,17169.143580
490,17129.196432
491,17165.534620
492,17142.472577
493,17120.615851
494,17192.663842
495,17136.486704
496,17197.139863
497,17122.802199
498,17057.849154
499,17080.145000
