0,3111.105904
1,6214.051160
2,6566.392084
3,6846.769233
4,7071.804482
5,7246.067054
6,7396.067772
7,7452.013354
8,7583.178009
9,7677.549001
10,7758.762050
11,7922.018663
12,8013.280398
13,8095.775474
14,8101.442570
15,8214.467690
16,8287.893979
17,8398.988174
18,8533.726455
19,8550.329692
20,8615.108315
21,8597.661807
22,8661.704122
23,8671.598814
24,8774.092036
25,8927.684912
26,8951.491410
27,8944.281982
28,9003.293565
29,9157.627928
30,9109.601363
31,9127.907689
32,9234.477950
33,9291.407421
34,9409.930718
35,9312.601506
36,9477.467469
37,9552.553127
38,9574.594081
39,9694.857824
40,9702.813851
41,9670.389402
42,9704.460911
43,9654.782858
44,9780.882477
45,9775.927122
46,9881.614270
47,9813.174704
48,9776.824587
49,9779.668688
50,9887.945490
51,10007.126992
52,9973.778533
53,9981.920231
54,9875.307241
55,9816.206415
56,10001.061632
57,10097.485461
58,10015.899488
59,10016.970958
60,10124.660505
61,10139.014839
62,10221.684092
63,10236.079924
64,10317.560842
65,10209.781808
66,10259.711425
67,10207.428197
68,10492.282290
69,10321.464595
70,10432.135328
71,10483.117898
72,10418.303280
73,10450.919181
74,10277.369484
75,10543.803505
76,10431.100653
77,10509.687658
78,10569.818795
79,10566.961547
80,10463.041721
81,10529.382965
82,10482.902489
83,10568.168824
84,10508.166152
85,10688.974951
86,10541.964738
87,10606.997658
88,10597.134115
89,10692.878934
90,10665.037924
91,10574.595755
92,10664.095107
93,10695.554025
94,10685.800269
95,10668.662146
96,10726.452728
97,10753.472244
98,10746.174425
99,10807.573437
100,10721.966146
101,10822.513406
102,10723.022272
103,10866.012285
104,10858.297422
105,10723.239982
106,10779.671312
107,10868.849126
108,10775.058459
109,10840.885370
110,10965.126370
111,10818.791328
112,10790.293348
113,10923.449588
114,10867.347752
115,11046.200768
116,10967.633318
117,11018.217875
118,10931.157305
119,11043.344642
120,11032.810827
121,11141.925561
122,11023.585925
123,11050.542575
124,11012.000119
125,11179.949096
126,11021.368512
127,11200.251082
128,11198.857364
129,11202.706212
130,11116.080456
131,11173.736787
132,11183.112752
133,11172.623071
134,11139.237805
135,11236.734451
136,11193.608507
137,11300.053344
138,11227.272037
139,11297.957316
140,11222.155721
141,11360.850984
142,11259.338446
143,11228.116226
144,11340.862740
145,11201.951869
146,11260.123683
147,11430.658583
148,11189.291906
149,11340.159842
150,11367.354192
151,11485.778776
152,11365.814930
153,11381.214485
154,11540.632721
155,11526.062805
156,11541.636790
157,11441.623076
158,11493.622981
159,11483.308433
160,11388.593953
161,11517.495819
162,11581.017894
163,11484.947078
164,11561.020730
165,11490.222424
166,11582.463815
167,11603.189417
168,11554.325119
169,11485.515604
170,11645.364915
171,11565.494187
172,11577.751629
173,11731.269140
174,11645.038029
175,11547.504677
176,11444.380505
177,11558.560072
178,11442.173306
179,11714.832098
180,11553.677066
181,11645.535339
182,11548.925393
183,11739.283295
184,11710.677191
185,11596.149001
186,11580.070161
187,11778.309930
188,11727.603800
189,11637.448139
190,11626.984276
191,11604.780742
192,11570.526523
193,11686.992697
194,11842.254330
195,11791.452048
196,11703.432333
197,11696.463965
198,11779.616280
199,11807.946061
200,11767.988059
201,11704.654045
202,11717.811099
203,11718.089201
204,11733.746879
205,11822.959360
206,11858.694324
207,11850.700350
208,11690.481184
209,11729.353733
210,11842.425665
211,11739.711719
212,11897.698983
213,11942.168855
214,11859.439490
215,12027.335887
216,11900.882970
217,11792.004230
218,11774.550703
219,12075.829014
220,11827.049493
221,11909.642543
222,11900.230518
223,11821.991027
224,11860.101782
225,11807.114832
226,11999.922101
227,12067.252402
228,11895.201981
229,11909.276099
230,11872.647906
231,11895.168539
232,11800.115916
233,11680.491339
234,11962.171850
235,12032.741010
236,12038.781328
237,12028.445143
238,11952.036413
239,11918.693370
240,11966.482086
241,11950.478620
242,12051.992369
243,11947.861557
244,11855.575239
245,11918.996251
246,11931.904880
247,11983.687705
248,12212.717993
249,12064.095530
250,12028.877458
251,12044.125613
252,11924.254306
253,12086.994394
254,11936.390875
255,11819.862940
256,11981.840518
257,11959.057359
258,12067.942887
259,11861.569178
260,11982.057814
261,11977.621920
262,12016.604883
263,11943.780428
264,12025.877754
265,12000.560696
266,11996.632864
267,12120.317036
268,12053.018514
269,12008.634552
270,11969.050352
271,12045.999316
272,12024.721892
273,11984.088729
274,11961.919987
275,11882.726785
276,12079.616075
277,12095.418948
278,12089.476224
279,12084.080518
280,12061.210786
281,12126.030746
282,12149.766324
283,12113.248885
284,12037.509402
285,12083.250416
286,11981.231815
287,12002.839967
288,11986.098698
289,12022.291922
290,12047.809027
291,12097.953180
292,12236.885756
293,12145.542700
294,11999.618713
295,12187.257485
296,12114.653666
297,12212.163104
298,12093.129972
299,12213.942382
300,12193.997235
301,12124.887783
302,11975.860209
303,11960.153906
304,12138.316647
305,12002.331631
306,12118.404636
307,12050.545558
308,12161.408735
309,12119.754094
310,12103.661694
311,12184.316382
312,12186.854173
313,12065.830760
314,12126.255725
315,12126.220189
316,12130.446593
317,12182.635078
318,12249.346065
319,12244.480159
320,12042.361972
321,12196.367954
322,12352.622118
323,12156.556688
324,12150.441247
325,12091.260056
326,12311.265893
327,12173.980580
328,12151.285123
329,12217.164654
330,12279.430584
331,12235.894654
332,12105.302257
333,12201.356335
334,12208.438318
335,12305.568835
336,12364.501765
337,12250.721636
338,12129.112726
339,12124.867018
340,12205.460497
341,12251.394116
342,12241.686326
343,12256.054701
344,12310.461823
345,12239.268592
346,12170.331354
347,12169.562147
348,12202.642158
349,12391.128143
350,12225.727195
351,12215.352629
352,12225.804332
353,12278.980736
354,12318.800676
355,12300.849899
356,12341.229739
357,12415.087606
358,12304.489558
359,12332.594278
360,12296.004076
361,12324.870432
362,12261.673644
363,12145.739759
364,12117.568614
365,12203.423317
366,12242.683632
367,12262.442851
368,12250.319053
369,12411.896192
370,12430.474941
371,12397.893454
372,12212.554349
373,12343.523640
374,12358.773965
375,12287.139988
376,12380.017170
377,12418.847871
378,12340.988033
379,12317.938580
380,12282.759796
381,12309.023784
382,12308.600290
383,12304.898324
384,12321.546476
385,12304.761269
386,12291.960810
387,12346.007990
388,12247.857485
389,12283.966281
390,12188.029489
391,12336.902810
392,12502.864411
393,12363.229234
394,12407.004231
395,12341.916207
396,12364.515053
397,12398.836099
398,12351.640691
399,12309.427672
400,12486.343999
401,12400.235923
402,12410.813287
403,12415.346970
404,12243.947929
405,12350.782137
406,12486.201205
407,12383.542052
408,12395.053484
409,12287.281417
410,12335.083556
411,12382.938440
412,12191.135976
413,12459.440230
414,12371.374869
415,12354.147282
416,12541.196960
417,12507.797341
418,12362.476959
419,12284.403649
420,12452.096862
421,12357.274698
422,12510.225459
423,12398.321096
424,12255.421412
425,12318.736859
426,12362.434061
427,12489.248207
428,12213.215436
429,12437.636035
430,12332.275413
431,12384.225325
432,12408.278391
433,12303.820844
434,12452.966227
435,12496.500615
436,12442.489939
437,12354.131185
438,12504.778847
439,12598.631569
440,12338.967180
441,12355.534342
442,12436.051314
443,12420.022054
444,12483.512605
445,12436.020939
446,12462.050506
447,12292.658118
448,12283.706645
449,12501.588076
450,12529.677203
451,12370.902725
452,12399.137780
453,12383.879072
454,12171.272396
455,12589.297952
456,12505.386930
457,12530.527867
458,12444.618845
459,12455.706156
460,12502.609791
461,12536.888951
462,12603.219304
463,12586.451760
464,12498.726487
465,12367.242946
466,12624.791959
467,12456.994896
468,12369.019362
469,12403.910507
470,12309.110289
471,12417.923662
472,12465.116692
473,12564.753472
474,12378.894745
475,12409.333939
476,12453.880805
477,12449.568241
478,12496.628738
479,12523.339161
480,12430.764023
481,12561.924209
482,12623.136205
483,12522.386661
484,12466.254033
485,12606.570196
486,12509.774912
487,12433.039943
488,12384.875602
489,12441.698723
490,12437.616734
491,12575.410599
492,12639.924934
493,12515.597791
494,12460.751835
495,12358.258837
496,12519.866263
497,12398.835402
498,12592.220437
499,12447.292742
