0,3127.356877
1,6261.847345
2,6638.539217
3,6972.205276
4,7305.314829
5,7574.547086
6,7793.784476
7,8108.650468
8,8302.725040
9,8731.411490
10,8932.811131
11,9198.541228
12,9468.226113
13,9769.461002
14,9938.530480
15,10223.223339
16,10400.543227
17,10622.616992
18,10878.306696
19,11163.097085
20,11383.418311
21,11664.861637
22,11725.431702
23,11978.708321
24,12274.325087
25,12472.024649
26,12473.948489
27,12614.606580
28,12939.284349
29,12698.473193
30,12848.780651
31,12873.446302
32,13074.843676
33,13143.167414
34,13223.659905
35,13333.028212
36,13340.485090
37,13483.302763
38,13736.162986
39,13605.233141
40,13763.958886
41,13783.511489
42,13837.050832
43,13933.861793
44,13966.439793
45,14113.412494
46,14153.883558
47,14129.071296
48,14193.412612
49,14085.290427
50,14214.596556
51,14289.260855
52,14337.509382
53,14525.717367
54,14476.782158
55,14319.999703
56,14439.389830
57,14432.710116
58,14434.079514
59,14770.439124
60,14776.076522
61,14699.655690
62,14606.157506
63,14679.697835
64,14756.435002
65,14786.240856
66,14832.009337
67,15065.009029
68,15133.201949
69,14947.496632
70,15141.786209
71,15183.848326
72,14937.338922
73,14939.594012
74,14862.198083
75,15017.247750
76,15216.841513
77,15184.614266
78,15083.422311
79,15012.577586
80,15167.039419
81,14991.888324
82,15198.883215
83,14992.948727
84,15051.393456
85,15142.172888
86,14998.859552
87,14844.716349
88,14819.685428
89,14878.906689
90,14999.686625
91,15067.069943
92,15078.744905
93,15137.917144
94,14997.247427
95,14975.943542
96,15015.838719
97,15058.094689
98,15113.224138
99,15171.176961
100,15190.778076
101,15120.256594
102,15065.090349
103,15210.500901
104,15115.021363
105,15244.558690
106,15205.091840
107,15283.556594
108,15065.823063
109,15106.883624
110,15223.601594
111,15292.976200
112,15240.251741
113,15108.068619
114,15087.352222
115,15154.971625
116,15123.190167
117,15068.890783
118,15092.767711
119,15163.986687
120,15201.516606
121,15004.296517
122,15108.294852
123,15217.634999
124,15157.944133
125,15043.970395
126,15255.303580
127,15291.244975
128,15465.365583
129,15337.401864
130,15415.482185
131,15415.288605
132,15357.548159
133,15250.975366
134,15375.268641
135,15224.246635
136,15281.444323
137,15158.760291
138,15092.333593
139,15354.061407
140,15499.795311
141,15337.045618
142,15453.732241
143,15457.010329
144,15343.464947
145,15203.221673
146,15457.819086
147,15353.506362
148,15478.582996
149,15563.496404
150,15354.514817
151,15510.917280
152,15533.188988
153,15153.684149
154,15380.898949
155,15180.643038
156,15298.674343
157,15431.975605
158,15454.898147
159,15344.137809
160,15285.175239
161,15133.937081
162,15251.873774
163,15185.397014
164,15069.188866
165,15322.653693
166,15271.151518
167,15284.642081
168,15235.539574
169,15315.700964
170,15401.789120
171,15232.228883
172,15158.513642
173,15316.468965
174,15388.458442
175,15341.718846
176,15461.794678
177,15181.323558
178,15052.627316
179,15084.396883
180,15254.659032
181,15437.451761
182,15383.069506
183,15461.487442
184,15273.303692
185,15172.424859
186,15218.804801
187,15132.147287
188,15151.318602
189,15261.622156
190,15455.119559
191,15146.746749
192,15230.986525
193,15252.587349
194,15171.445468
195,15241.125833
196,15286.825038
197,15252.547399
198,15501.367686
199,15411.706344
200,15171.743320
201,15252.348445
202,15384.198420
203,15574.554258
204,15613.485206
205,15522.886396
206,15516.923409
207,15532.355411
208,15337.283080
209,15325.096848
210,15258.704430
211,15320.069160
212,15245.946336
213,15215.690591
214,15463.074692
215,15346.990457
216,15374.326142
217,15294.992377
218,15578.954437
219,15519.760162
220,15318.285073
221,15365.521226
222,15317.736264
223,15397.699513
224,15369.394470
225,15287.478242
226,15152.455107
227,15333.617868
228,15203.775190
229,15202.418972
230,15262.370105
231,15270.980979
232,15515.906099
233,15391.507453
234,15515.866949
235,15255.624152
236,15372.717191
237,15334.788119
238,15458.984145
239,15480.349546
240,15395.859914
241,15406.431963
242,15249.124840
243,15346.249884
244,15279.874043
245,15420.224803
246,15489.030454
247,15213.976036
248,15310.857179
249,15265.214815
250,15219.372710
251,15197.882245
252,15318.003676
253,15230.654875
254,15431.811200
255,15438.557916
256,15394.520425
257,15420.924661
258,15440.710264
259,15201.678036
260,15151.853229
261,15348.516447
262,15387.600952
263,15346.241457
264,15515.850892
265,15445.811394
266,15285.606228
267,15511.069332
268,15421.217628
269,15333.239783
270,15221.511509
271,15403.911455
272,15399.453332
273,15315.842647
274,15403.877847
275,15341.486640
276,15548.588308
277,15542.605059
278,15273.123310
279,15382.844489
280,15340.735628
281,15413.044642
282,15432.072315
283,15434.076528
284,15445.779668
285,15173.971825
286,15150.355467
287,15370.674320
288,15474.194852
289,15586.160504
290,15401.028208
291,15287.906203
292,15188.239003
293,15292.575689
294,15352.036129
295,15247.684683
296,15122.863146
297,15326.632634
298,15542.025901
299,15481.985889
300,15269.478952
301,15230.632487
302,15239.513397
303,15213.562211
304,15366.379820
305,15414.507983
306,15312.266809
307,15436.452437
308,15284.160336
309,15311.416305
310,15402.293135
311,15507.767963
312,15492.370069
313,15572.813401
314,15507.630233
315,15315.259947
316,15402.802968
317,15459.715207
318,15439.976594
319,15395.845429
320,15535.535894
321,15390.451906
322,15429.327486
323,15479.149061
324,15285.200014
325,15314.896345
326,15512.363704
327,15477.609600
328,15387.756693
329,15354.102667
330,15522.027824
331,15418.287421
332,15499.477351
333,15474.170521
334,15584.849538
335,15487.622060
336,15530.616349
337,15629.000552
338,15358.563458
339,15764.221858
340,15518.012618
341,15497.672474
342,15747.907507
343,15491.721644
344,15486.687193
345,15385.870497
346,15353.280977
347,15442.891559
348,15560.692327
349,15527.691924
350,15433.843568
351,15509.243550
352,15725.459601
353,15488.785914
354,15470.001120
355,15606.731821
356,15377.309454
357,15537.554747
358,15587.256745
359,15583.786498
360,15607.071574
361,15419.153911
362,15582.037523
363,15389.663636
364,15307.511405
365,15504.712986
366,15349.278582
367,15549.611222
368,15445.648846
369,15461.541771
370,15420.615965
371,15502.297547
372,15505.205305
373,15661.288136
374,15479.045064
375,15565.296768
376,15484.548394
377,15454.472222
378,15490.775448
379,15543.281187
380,15653.831229
381,15473.668006
382,15590.669507
383,15559.644078
384,15776.678056
385,15510.608995
386,15580.562688
387,15603.784154
388,15804.084837
389,15769.892675
390,15717.267205
391,15620.322700
392,15662.723447
393,15532.690842
394,15568.002904
395,15509.293168
396,15469.010577
397,15603.105375
398,15561.402585
399,15519.396294
400,15522.928587
401,15458.872753
402,15597.687481
403,15556.361775
404,15726.989125
405,15606.615762
406,15672.030725
407,15625.930315
408,15502.407761
409,15348.460410
410,15444.181431
411,15632.350912
412,15468.518623
413,15465.343912
414,15550.391778
415,15506.791213
416,15574.261580
417,15500.592063
418,15594.875923
419,15484.993186
420,15244.205353
421,15546.661104
422,15630.378047
423,15665.806060
424,15506.952474
425,15555.137603
426,15498.209053
427,15357.354802
428,15368.409312
429,15326.418621
430,15426.452714
431,15451.213073
432,15261.540530
433,15558.600367
434,15386.374891
435,15512.465435
436,15622.616771
437,15384.078544
438,15419.339810
439,15299.822486
440,15398.616243
441,15674.256007
442,15588.188220
443,15560.725671
444,15753.125350
445,15501.304974
446,15550.568523
447,15465.548185
448,15447.326868
449,15623.594327
450,15610.442219
451,15444.388507
452,15434.078320
453,15535.572003
454,15657.837809
455,15496.128192
456,15554.376411
457,15640.212185
458,15252.921121
459,15457.976050
460,15513.895247
461,15575.553135
462,15511.218615
463,15485.230339
464,15683.322820
465,15538.974425
466,15621.602647
467,15564.350945
468,15470.535251
469,15357.501810
470,15520.472951
471,15635.239280
472,15579.317327
473,15505.083806
474,15579.744629
475,15464.627991
476,15453.858673
477,15462.769920
478,15419.712107
479,15509.358260
480,15639.233310
481,15699.684473
482,15637.247320
483,15616.218217
484,15379.554430
485,15677.120133
486,15539.472795
487,15487.184551
488,15351.389687
489,15391.660746
490,15588.628930
491,15424.205680
492,15275.957491
493,15327.726234
494,15409.646881
495,15323.954842
496,15231.104724
497,15386.412251
498,15594.607956
499,15715.559319
