0,3104.196346
1,6180.118328
2,6578.004492
3,6903.383652
4,7150.339270
5,7440.910416
6,7584.643746
7,7730.006659
8,7950.322514
9,8076.870433
10,8297.810260
11,8440.598980
12,8588.653493
13,8722.412392
14,8947.993036
15,9105.223538
16,9078.362647
17,9420.089656
18,9451.184596
19,9690.230392
20,9754.430874
21,9910.514827
22,10095.520872
23,10223.885506
24,10584.611229
25,10594.037599
26,10617.751998
27,10743.798880
28,10887.197188
29,11238.376695
30,11245.854696
31,11372.046925
32,11589.613414
33,11674.190503
34,11619.866200
35,11832.547918
36,12115.354926
37,12201.027548
38,12457.923710
39,12627.041192
40,12769.004987
41,12500.413787
42,12869.273683
43,12834.327805
44,12906.555727
45,12786.323487
46,12869.487675
47,12842.786204
48,13162.581111
49,13097.577364
50,13108.367356
51,12955.910755
52,13202.417236
53,13131.650026
54,12978.981998
55,13142.020426
56,13056.275732
57,13160.168730
58,13326.433374
59,13220.399904
60,13251.214390
61,13428.049056
62,13245.402950
63,13440.666802
64,13144.462293
65,13370.825819
66,13562.715664
67,13498.310455
68,13583.885752
69,13615.785561
70,13349.578043
71,13172.112142
72,13398.761561
73,13228.095412
74,13329.745556
75,13587.672438
76,13651.255751
77,13374.198140
78,13525.043655
79,13654.520148
80,13600.770921
81,13669.864664
82,13566.233990
83,13445.344440
84,13636.228907
85,13679.488377
86,13407.538992
87,13636.525512
88,13525.167869
89,13998.279556
90,13509.292989
91,13874.693545
92,13956.702834
93,14012.428112
94,13992.407337
95,14088.818968
96,13935.237472
97,13747.027305
98,13660.179260
99,13800.648054
100,13872.392514
101,13639.024739
102,13467.291547
103,13763.823994
104,13784.863482
105,13680.028058
106,13976.540371
107,13777.379223
108,13592.304316
109,13586.540940
110,13748.919635
111,13757.802016
112,13389.782600
113,13786.096911
114,13842.264425
115,13973.201499
116,13721.385808
117,13749.287584
118,13562.397543
119,13639.696822
120,13835.928357
121,13565.474439
122,13833.144241
123,13615.413826
124,13921.131860
125,13903.554828
126,13840.982982
127,13731.048654
128,13932.097704
129,13903.448922
130,13685.622377
131,13793.555849
132,13857.614879
133,13722.711764
134,13454.128215
135,13726.577212
136,13896.582857
137,13944.846049
138,13675.114000
139,13729.427469
140,13459.402217
141,13645.863149
142,13692.791147
143,13583.988267
144,13727.213371
145,13865.185397
146,13777.212525
147,14095.527756
148,13754.223044
149,13987.090279
150,13721.944994
151,13631.174877
152,13675.677846
153,13839.107617
154,13786.735756
155,13633.068843
156,13679.089447
157,14044.483476
158,13885.042406
159,13981.472502
160,13631.207045
161,13966.301126
162,13796.876130
163,13821.500804
164,13805.754679
165,13868.347997
166,13941.879918
167,13591.084146
168,13824.835987
169,14127.397529
170,13799.935706
171,13631.965853
172,13687.907693
173,13712.281871
174,13816.032158
175,13987.630460
176,13762.561930
177,13908.917792
178,13736.868704
179,13553.609263
180,13732.946982
181,13788.831951
182,13931.658254
183,13706.815679
184,13684.400577
185,13802.309253
186,13441.985188
187,13841.078217
188,13661.790408
189,13740.772383
190,13789.036789
191,13738.878194
192,13875.412438
193,13731.946576
194,13489.369638
195,13610.939939
196,13847.525675
197,13725.375982
198,13742.917327
199,13987.520610
200,13686.279190
201,13709.042364
202,13722.699493
203,13938.864222
204,13708.861095
205,13794.349174
206,13636.727988
207,13669.034872
208,14081.764774
209,13680.664948
210,13619.659096
211,13573.352619
212,13530.537410
213,14014.792048
214,13726.833714
215,14094.094525
216,13843.556151
217,13765.653208
218,13880.560772
219,13826.915686
220,13640.256748
221,13701.833230
222,13822.909288
223,13640.416847
224,13640.998582
225,13594.809716
226,13572.826525
227,13614.417416
228,13498.442376
229,13788.223864
230,13685.017269
231,13957.645383
232,13640.419064
233,13794.625858
234,13689.787699
235,13723.780288
236,13993.669517
237,13693.933606
238,13669.822588
239,13885.304913
240,13661.204562
241,13479.550278
242,13636.261363
243,13821.325773
244,13944.440294
245,14093.503010
246,13992.207820
247,13689.055466
248,13501.518958
249,13507.713296
250,13763.219389
251,13970.671784
252,13771.752402
253,13783.825747
254,13653.084848
255,13734.188331
256,13770.952212
257,13809.840935
258,13786.889097
259,14065.107023
260,13785.769693
261,13526.345533
262,13769.451674
263,14003.642357
264,13956.550084
265,13645.681148
266,13822.568586
267,13726.591543
268,13781.186924
269,13857.798082
270,13734.349259
271,13798.668226
272,13841.395880
273,13775.020594
274,13663.802178
275,13923.949689
276,13946.778862
277,13694.543678
278,13699.259559
279,13745.037435
280,13927.226150
281,13598.024705
282,13730.383896
283,13683.195092
284,13802.313015
285,13919.693229
286,13671.589961
287,13649.885056
288,13790.505359
289,13773.585536
290,13666.045193
291,13748.107918
292,13997.351858
293,13970.069864
294,13646.746189
295,13691.450006
296,13691.607950
297,13754.179842
298,13764.829976
299,13795.686361
300,13980.641492
301,14029.646026
302,13802.439524
303,13821.064357
304,13655.886671
305,13650.846597
306,13852.524350
307,13661.039432
308,13758.828528
309,13927.371139
310,13756.068843
311,13915.910596
312,13848.621403
313,13732.533983
314,13764.374447
315,13744.311793
316,13772.059583
317,13666.752157
318,13594.581126
319,13821.452229
320,13986.165825
321,13926.489150
322,13873.345929
323,13745.045321
324,14006.545552
325,13802.397288
326,13714.403178
327,14017.089478
328,13869.942872
329,13883.006090
330,13819.855159
331,13698.329390
332,13798.784815
333,13584.290297
334,13702.509029
335,13595.222602
336,13619.903151
337,13731.694383
338,13550.763626
339,13683.440293
340,13736.270211
341,13718.317618
342,13788.669186
343,13825.190558
344,13549.557518
345,13753.824973
346,13933.310598
347,13567.396701
348,13662.247801
349,13801.397280
350,13939.522029
351,13983.123837
352,13873.301814
353,13753.380549
354,13536.795021
355,13690.401613
356,13650.842870
357,13975.461287
358,13668.538285
359,13942.832234
360,13666.887982
361,13699.848038
362,13668.088621
363,13869.420301
364,13772.893169
365,13576.716979
366,13683.492300
367,13832.577841
368,13745.370278
369,13761.902470
370,13673.295574
371,13783.748245
372,13414.917424
373,13596.750546
374,13418.627824
375,13636.076536
376,13724.040692
377,13860.695467
378,14050.083337
379,14004.828980
380,13948.467923
381,14151.270855
382,13730.988175
383,13661.339215
384,13645.096982
385,13697.256086
386,13570.006823
387,13423.395507
388,13591.501632
389,13755.683750
390,13538.486230
391,13666.451157
392,13524.062451
393,13388.797462
394,13855.148492
395,13845.555711
396,14187.451947
397,13923.040505
398,13730.805674
399,13635.782846
400,13682.018344
401,13855.974260
402,13874.927777
403,13935.644844
404,13872.747692
405,13866.288352
406,13745.566964
407,13869.098483
408,14038.999237
409,13856.018166
410,13922.632245
411,13623.155132
412,13796.826434
413,13995.217559
414,13872.935525
415,13824.595110
416,13893.853981
417,13736.003244
418,13841.577091
419,13858.636943
420,13921.772135
421,13949.426924
422,13814.064807
423,13604.348997
424,13783.113236
425,13782.290217
426,13865.993777
427,14004.725881
428,13932.335567
429,14076.043155
430,13719.735868
431,13706.092971
432,13826.832007
433,13873.314956
434,13893.031513
435,13626.897368
436,13483.197359
437,13709.634364
438,13695.020366
439,13615.459357
440,13663.737732
441,13752.273052
442,13714.889855
443,13726.334089
444,13768.610608
445,13726.568928
446,13461.768130
447,13802.074192
448,13704.422172
449,13618.049947
450,13466.966174
451,13787.702558
452,13765.368617
453,14085.864941
454,13819.538865
455,13651.140541
456,13914.042060
457,13680.899748
458,13721.219808
459,13755.383307
460,13718.786441
461,13912.513941
462,13779.626382
463,13745.588237
464,13957.226137
465,13722.070404
466,13572.088866
467,13705.331026
468,13651.037210
469,13976.021166
470,13775.127409
471,13975.103365
472,13745.901404
473,13717.182449
474,13927.860480
475,13885.153924
476,13815.017554
477,13581.823153
478,13555.152407
479,13706.331729
480,13709.740698
481,13758.349252
482,13690.177195
483,13748.174113
484,13702.548727
485,13927.201691
486,13833.792851
487,13780.670417
488,13654.117906
489,13568.993496
490,13829.598399
491,14044.493697
492,13830.240880
493,13599.828263
494,13454.702136
495,13887.273942
496,13812.051333
497,13825.774468
498,13841.107045
499,13731.246347
