0,3114.396599
1,6403.220226
2,6931.287367
3,7441.859512
4,7847.542502
5,8201.531653
6,8492.483455
7,8804.428258
8,9179.433357
9,9514.460862
10,9706.946014
11,9993.232590
12,10235.142046
13,10479.212769
14,10771.877036
15,11031.823109
16,11431.032500
17,11595.303674
18,11722.791207
19,12094.538877
20,12303.243195
21,12495.304558
22,12727.024128
23,12796.847819
24,13023.682800
25,12988.864256
26,13144.686595
27,13147.316737
28,13200.487421
29,13460.305943
30,13333.700536
31,13316.117228
32,13583.535803
33,13538.725633
34,13561.722670
35,13514.746242
36,13640.590700
37,13729.629018
38,13830.044073
39,13836.305806
40,13604.999632
41,13599.275999
42,13801.109624
43,13827.631175
44,13689.231704
45,13742.874669
46,13776.215546
47,13761.915676
48,13823.861168
49,13624.238468
50,13640.629856
51,13850.189284
52,13889.758833
53,13847.338982
54,13783.421609
55,13773.723034
56,13829.761889
57,13791.361382
58,13728.277495
59,13895.714812
60,13784.204847
61,13825.206251
62,13882.777052
63,13707.573390
64,13863.693670
65,13844.064851
66,13877.555140
67,13835.938767
68,13850.494359
69,13797.041706
70,13697.464071
71,13726.485053
72,13686.730470
73,13728.109094
74,13779.014521
75,13772.726067
76,13746.664753
77,13823.791143
78,13686.905141
79,13864.825592
80,13816.792765
81,13807.991674
82,13914.167071
83,13782.774955
84,13699.174497
85,13840.059686
86,13793.710632
87,13821.463733
88,13700.887681
89,13698.923054
90,13815.149692
91,13797.429492
92,13824.527868
93,13757.230854
94,13763.843865
95,13859.688744
96,13879.246022
97,13720.882660
98,13772.790632
99,13776.166712
100,13753.247797
101,13731.751785
102,13788.528637
103,13708.999818
104,13818.163442
105,13690.764176
106,13803.103154
107,13733.727341
108,13893.747395
109,13883.000734
110,13842.914612
111,13834.781889
112,13988.471683
113,13916.116890
114,13920.727494
115,13933.796166
116,13853.761518
117,13883.619712
118,13851.869241
119,13917.191131
120,13939.633238
121,13757.906401
122,13751.052077
123,13792.718108
124,13846.602939
125,13926.611244
126,13865.429324
127,13738.615507
128,13778.765229
129,13812.624892
130,13799.187474
131,13762.450418
132,13909.081344
133,13849.281569
134,13863.956098
135,13830.698994
136,13815.306857
137,13793.542709
138,13875.142178
139,13830.315756
140,13673.356315
141,13804.482430
142,13658.138035
143,13757.214197
144,13831.682527
145,13799.410641
146,13860.876405
147,13905.844556
148,13930.437993
149,13809.514763
150,13897.571776
151,13888.278862
152,13744.459585
153,13769.699023
154,13803.692100
155,13799.110994
156,13733.994288
157,13696.208302
158,13658.084616
159,13688.880785
160,13745.866613
161,13711.327392
162,13859.467710
163,13868.643402
164,13793.405720
165,13813.170987
166,13811.799154
167,13764.076932
168,13757.099410
169,13772.011991
170,13870.706983
171,13932.635193
172,13921.058071
173,13980.516875
174,13866.846347
175,13854.459715
176,13801.971642
177,13788.631444
178,13798.070711
179,13817.762218
180,13843.594742
181,13880.490631
182,13793.677232
183,13809.147431
184,13772.483040
185,13871.300019
186,13928.941088
187,13840.219298
188,13850.854533
189,13808.420867
190,13882.765498
191,13886.897791
192,13912.122944
193,13855.420729
194,13762.689374
195,13768.690488
196,13703.689072
197,13762.054931
198,13777.043514
199,13739.099762
200,13780.332122
201,13760.451547
202,13799.837464
203,13862.440206
204,13866.561066
205,13730.221896
206,13705.671219
207,13811.658761
208,13750.479408
209,13936.872855
210,14006.260472
211,13867.945553
212,13879.005660
213,13791.150240
214,13596.855396
215,13833.003334
216,13844.031461
217,13931.751921
218,13794.977042
219,13700.013390
220,13683.453978
221,13666.359481
222,13611.062702
223,13769.211484
224,13826.465128
225,13767.117932
226,13884.720973
227,13805.629136
228,13861.493737
229,13762.191499
230,13748.252223
231,13934.074742
232,13825.175910
233,13803.156418
234,13828.423219
235,13689.411847
236,13764.911527
237,13878.308489
238,13855.730344
239,13817.316367
240,13694.326048
241,13688.742003
242,13835.552626
243,13908.285020
244,13957.282720
245,13947.638860
246,13895.649522
247,13909.335561
248,13809.548663
249,13737.065025
250,13902.161986
251,13782.524734
252,13728.683643
253,13879.994800
254,13805.198528
255,13800.082900
256,13681.704316
257,13824.318669
258,13929.835257
259,13766.817550
260,13692.712311
261,13649.007590
262,13764.887772
263,13883.054757
264,13752.688445
265,13585.780448
266,13713.033550
267,13742.914543
268,13771.834195
269,13856.221186
270,13942.653242
271,13856.577506
272,13807.229036
273,13925.652069
274,13801.826703
275,13813.549392
276,13723.611911
277,13868.880213
278,13855.614172
279,13764.256323
280,13854.346097
281,13855.887602
282,13819.433999
283,13851.206320
284,13656.992306
285,13760.511315
286,13726.118280
287,13729.015870
288,13872.892876
289,13715.921480
290,13861.208487
291,13820.888042
292,13783.353787
293,13777.418075
294,13767.344781
295,13883.560737
296,13934.393692
297,13742.280478
298,13799.667300
299,13776.467487
300,13849.390707
301,13792.474247
302,13745.133752
303,13758.675200
304,13839.754659
305,13828.700862
306,13914.627741
307,13901.573488
308,13707.835378
309,13792.865893
310,13775.745358
311,13776.802932
312,13836.254762
313,13948.877302
314,13829.409497
315,13852.676286
316,13799.133622
317,13859.602919
318,13772.321935
319,13782.126683
320,13769.980074
321,13863.341372
322,13751.202746
323,13749.776396
324,13859.439347
325,13874.261515
326,13902.522011
327,13890.638049
328,13735.759804
329,13929.209769
330,13867.486258
331,13817.582363
332,13612.344585
333,13786.898187
334,13865.936955
335,13775.667643
336,13772.929756
337,13804.533747
338,13872.297059
339,13934.015960
340,13795.521866
341,13819.128495
342,13884.842070
343,13806.113443
344,13684.630232
345,13825.632765
346,13815.738260
347,13717.688815
348,13797.031189
349,13669.132528
350,13804.237361
351,13742.389071
352,13790.813459
353,13904.721554
354,13852.633525
355,13864.242761
356,13777.208985
357,13868.090040
358,13868.998954
359,13752.946553
360,13808.349170
361,13913.478968
362,13883.575287
363,13870.430986
364,13874.748228
365,13815.321421
366,13767.798626
367,13860.354229
368,13849.688554
369,13970.501182
370,13918.916223
371,13839.359417
372,13744.135211
373,13757.434985
374,13800.651576
375,13694.576583
376,13707.186937
377,13715.184087
378,13746.496983
379,13850.904357
380,13992.197670
381,13849.563313
382,13735.070932
383,13770.768748
384,13807.617514
385,13755.452350
386,13753.770933
387,13821.223511
388,13907.044533
389,13812.735657
390,13848.374551
391,13881.886770
392,13842.284403
393,13793.586496
394,13824.620923
395,13815.589440
396,13779.052800
397,13830.041755
398,13741.244573
399,13749.360765
400,13875.020305
401,13774.306836
402,13705.925038
403,13837.179750
404,13963.989597
405,13924.334262
406,13815.272330
407,13992.640305
408,13903.336479
409,13753.179345
410,13847.808661
411,13658.913740
412,13916.354256
413,13780.080998
414,13862.696027
415,13692.475963
416,13786.395871
417,13804.404821
418,13884.458124
419,13861.550659
420,13682.945737
421,13761.702441
422,13692.550362
423,13681.279933
424,13793.281560
425,13658.262154
426,13901.966824
427,13812.368946
428,13698.747198
429,13909.524383
430,13936.319979
431,13820.395768
432,13858.282629
433,13683.524890
434,13779.784551
435,13887.618659
436,13831.782276
437,13838.374824
438,13868.619398
439,13866.154303
440,13765.441818
441,13751.041589
442,13620.549195
443,13674.120282
444,13536.586314
445,13703.383796
446,13799.784292
447,13791.594714
448,13820.394265
449,13842.407752
450,13837.531762
451,13841.973335
452,13767.872137
453,13870.976018
454,13942.498804
455,13849.477206
456,13817.611320
457,13830.268364
458,13848.262807
459,13859.358835
460,13853.468584
461,13812.091072
462,13850.035020
463,13857.618821
464,13782.157477
465,13630.403436
466,13776.731716
467,13724.746592
468,13791.398678
469,13784.925939
470,13800.481252
471,13823.491107
472,13804.258046
473,13780.266033
474,13790.001242
475,13798.350308
476,13836.801393
477,13959.241813
478,14040.524863
479,13837.517195
480,13876.018743
481,13783.809355
482,13804.718943
483,13727.248758
484,13820.446296
485,13820.746107
486,13874.448302
487,13832.225954
488,13882.637044
489,13885.746722
490,13900.487487
491,13942.900627
492,13800.997392
493,13927.197953
494,13821.633050
495,13713.672129
496,13872.187243
497,13708.838461
498,13773.561397
499,13684.020463
