0,3167.154316
1,3451.494778
2,3690.958810
3,3854.452679
4,3998.174381
5,4181.606951
6,4352.496957
7,4492.549913
8,4633.574150
9,4710.128853
10,4863.242733
11,4971.518196
12,5055.715056
13,5055.274904
14,5154.751625
15,5208.329385
16,5231.308550
17,5283.030540
18,5337.432613
19,5377.997537
20,5471.248560
21,5500.355429
22,5519.246475
23,5512.823790
24,5563.320337
25,5621.689725
26,5674.229275
27,5649.331734
28,5647.873356
29,5692.800483
30,5758.374489
31,5764.639110
32,5760.610443
33,5900.547965
34,5899.053982
35,5887.142888
36,5848.061380
37,5898.311667
38,5936.438604
39,5933.880156
40,5998.848437
41,5996.261324
42,5953.347728
43,5909.074728
44,5980.056626
45,5986.769680
46,5963.975383
47,6021.222335
48,5950.305630
49,5939.339650
50,5953.301719
51,6001.983676
52,5979.823059
53,6048.712653
54,6038.219871
55,6056.229224
56,6014.263621
57,5971.042108
58,6080.163019
59,6091.155329
60,6036.866863
61,6060.506187
62,5984.872494
63,5982.466456
64,5986.666002
65,5972.517213
66,5967.989686
67,6021.152176
68,6004.656850
69,6110.278828
70,6148.103501
71,6109.385975
72,6071.143233
73,6053.122436
74,6110.956954
75,6159.645681
76,6154.409201
77,6043.500663
78,6095.773388
79,6147.311643
80,6190.887945
81,6131.374751
82,6148.310730
83,6078.908191
84,6118.079184
85,6091.687825
86,6132.378300
87,6202.398490
88,6263.000560
89,6256.813170
90,6177.057229
91,6160.290208
92,6161.486063
93,6219.063863
94,6192.088824
95,6247.282699
96,6224.405557
97,6190.988655
98,6180.600046
99,6211.261191
100,6232.637737
101,6283.470380
102,6173.525725
103,6081.007107
104,6165.423239
105,6181.895795
106,6083.790667
107,6172.315129
108,6171.542398
109,6229.690187
110,6226.173619
111,6156.425075
112,6191.721239
113,6242.568235
114,6216.391706
115,6207.011829
116,6261.928170
117,6220.923084
118,6223.434484
119,6212.950797
120,6219.434136
121,6273.895245
122,6256.357833
123,6269.877996
124,6152.797631
125,6209.577458
126,6280.058848
127,6276.384129
128,6232.415317
129,6306.147000
130,6262.104346
131,6340.080453
132,6285.540603
133,6351.691301
134,6334.273304
135,6266.229863
136,6195.351483
137,6300.494168
138,6234.342460
139,6223.949502
140,6165.160834
141,6161.793528
142,6183.325262
143,6178.438901
144,6250.379251
145,6227.314840
146,6315.773273
147,6249.743475
148,6231.450738
149,6247.621475
150,6233.375249
151,6265.014488
152,6246.890672
153,6236.320799
154,6237.689760
155,6262.574182
156,6239.790049
157,6269.160345
158,6316.490988
159,6287.170229
160,6235.369054
161,6266.514461
162,6249.324715
163,6262.442093
164,6319.426546
165,6252.657493
166,6174.990746
167,6267.649114
168,6225.708643
169,6194.249937
170,6191.288318
171,6172.702932
172,6190.448001
173,6176.029493
174,6219.810039
175,6224.651361
176,6202.192787
177,6188.146709
178,6223.054926
179,6303.832648
180,6259.952791
181,6321.818381
182,6330.367949
183,6360.432076
184,6295.362287
185,6272.371582
186,6264.256026
187,6216.979895
188,6234.674966
189,6324.367887
190,6298.359308
191,6278.679795
192,6247.310593
193,6210.974937
194,6247.523793
195,6295.151622
196,6243.611974
197,6262.520569
198,6339.311245
199,6329.750017
200,6373.853452
201,6254.444630
202,6341.172017
203,6281.607923
204,6336.181337
205,6308.093075
206,6299.948776
207,6300.619946
208,6266.813255
209,6307.613064
210,6329.382197
211,6317.937925
212,6281.267224
213,6227.222597
214,6220.403185
215,6154.271491
216,6176.287793
217,6182.540981
218,6199.873344
219,6184.924527
220,6199.953427
221,6262.860250
222,6243.172268
223,6234.629096
224,6253.663392
225,6254.235740
226,6305.492226
227,6304.138986
228,6340.536619
229,6277.872344
230,6285.857704
231,6276.780705
232,6280.808921
233,6324.628661
234,6280.096579
235,6251.200790
236,6107.393926
237,6192.327619
238,6308.840845
239,6347.719566
240,6237.302492
241,6194.294101
242,6297.684567
243,6179.320547
244,6116.176688
245,6201.486118
246,6217.531872
247,6158.250441
248,6203.793863
249,6205.335252
250,6209.622896
251,6231.253352
252,6201.653684
253,6197.270962
254,6173.870716
255,6096.957208
256,6146.234849
257,6146.171990
258,6180.915132
259,6186.796869
260,6254.323853
261,6255.603999
262,6320.424540
263,6321.964767
264,6239.325341
265,6253.224421
266,6256.550649
267,6304.378141
268,6160.971339
269,6252.939808
270,6210.379952
271,6264.307362
272,6201.960081
273,6176.464671
274,6239.330808
275,6148.989467
276,6200.361602
277,6250.081161
278,6165.467505
279,6129.101248
280,6177.317095
281,6095.568903
282,6105.316849
283,6196.220379
284,6257.681066
285,6165.220509
286,6228.158130
287,6176.536398
288,6228.515634
289,6327.898292
290,6257.188274
291,6239.305223
292,6221.383048
293,6201.043349
294,6237.730540
295,6242.074689
296,6243.074699
297,6250.356396
298,6312.973721
299,6312.839028
300,6254.969172
301,6225.168451
302,6281.957477
303,6244.867053
304,6231.686126
305,6216.884053
306,6242.702328
307,6212.032428
308,6177.182721
309,6184.767607
310,6255.339553
311,6068.671225
312,6166.247510
313,6217.701338
314,6186.332383
315,6222.923416
316,6208.928934
317,6180.937650
318,6165.377992
319,6213.225138
320,6261.920171
321,6192.809209
322,6167.677919
323,6243.386255
324,6267.535300
325,6183.812088
326,6259.641149
327,6142.606591
328,6179.889928
329,6131.011232
330,6172.424497
331,6164.501437
332,6179.217860
333,6275.219079
334,6243.299651
335,6282.614142
336,6354.888347
337,6320.371548
338,6363.922270
339,6297.131182
340,6320.816513
341,6309.596065
342,6316.537396
343,6285.365138
344,6253.242355
345,6364.575841
346,6324.283250
347,6297.783757
348,6251.863977
349,6254.374915
350,6238.975475
351,6235.929527
352,6189.977282
353,6302.892815
354,6253.372307
355,6314.542880
356,6281.708139
357,6277.951177
358,6243.142528
359,6357.108924
360,6283.504359
361,6272.250830
362,6296.544596
363,6301.482051
364,6250.032338
365,6267.582814
366,6261.367826
367,6215.038580
368,6249.826882
369,6208.583082
370,6212.777745
371,6220.621121
372,6277.341192
373,6310.993288
374,6292.266156
375,6313.422011
376,6276.290138
377,6262.648939
378,6148.157864
379,6236.900975
380,6251.568595
381,6233.791032
382,6225.807814
383,6342.881168
384,6320.033031
385,6368.676664
386,6258.993518
387,6267.160539
388,6250.486944
389,6222.970377
390,6215.536761
391,6270.500359
392,6254.773594
393,6235.889988
394,6211.238482
395,6288.511295
396,6266.112595
397,6179.332680
398,6159.394773
399,6242.346383
400,6250.059654
401,6236.415642
402,6323.233800
403,6322.002086
404,6298.115158
405,6259.372639
406,6357.471650
407,6304.681058
408,6136.196008
409,6217.341451
410,6221.422239
411,6202.677849
412,6180.086520
413,6207.697082
414,6080.346295
415,6066.838874
416,6118.621672
417,6251.638913
418,6214.396623
419,6257.268182
420,6247.099477
421,6224.958434
422,6186.460220
423,6258.583516
424,6259.939651
425,6270.066242
426,6301.331629
427,6275.106907
428,6178.589564
429,6213.628259
430,6187.868697
431,6284.998265
432,6231.828384
433,6327.210666
434,6295.399009
435,6219.674973
436,6264.115566
437,6216.602854
438,6252.163904
439,6293.522372
440,6311.151258
441,6237.821714
442,6217.448253
443,6296.776992
444,6285.980718
445,6213.730665
446,6260.310879
447,6297.057919
448,6250.733012
449,6266.286559
450,6230.668300
451,6159.845180
452,6250.375971
453,6324.992144
454,6302.772262
455,6303.615844
456,6225.653382
457,6268.508000
458,6235.213792
459,6248.599105
460,6317.116723
461,6265.915354
462,6237.045492
463,6240.432256
464,6178.858340
465,6205.728838
466,6219.127277
467,6217.931746
468,6257.209578
469,6229.720868
470,6276.238609
471,6206.589484
472,6116.514446
473,6113.072308
474,6131.269432
475,6232.995272
476,6259.962654
477,6250.306135
478,6231.500883
479,6197.715535
480,6208.790934
481,6185.140518
482,6244.537038
483,6278.783078
484,6345.066939
485,6290.481012
486,6317.603579
487,6303.835901
488,6321.404647
489,6333.417194
490,6389.249226
491,6349.776374
492,6291.752129
493,6309.706460
494,6251.217385
495,6269.884666
496,6337.788888
497,6311.666682
498,6242.363901
499,6310.733184
