0,3071.316820
1,3135.895772
2,3143.304444
3,3152.498697
4,3168.340777
5,3189.280190
6,3251.222041
7,3252.036591
8,3334.095778
9,3290.277923
10,3324.389535
11,3319.879283
12,3248.638472
13,3233.276165
14,3277.650965
15,3291.405101
16,3281.506400
17,3312.130603
18,3336.253466
19,3403.643110
20,3445.397622
21,3407.058685
22,3418.164461
23,3436.718058
24,3452.401944
25,3502.353964
26,3547.947251
27,3449.658147
28,3433.906872
29,3413.145320
30,3476.887928
31,3416.395516
32,3380.139830
33,3359.556040
34,3334.964885
35,3346.363453
36,3448.951769
37,3510.453419
38,3552.721530
39,3462.091075
40,3429.923865
41,3465.740423
42,3553.772549
43,3550.409733
44,3540.986314
45,3537.785635
46,3496.161596
47,3484.968631
48,3490.550659
49,3512.467380
50,3520.420503
51,3545.377271
52,3586.291575
53,3552.864587
54,3573.749492
55,3665.951981
56,3584.998522
57,3555.295276
58,3554.779367
59,3602.426836
60,3603.165518
61,3659.486726
62,3609.513375
63,3606.370863
64,3568.873043
65,3553.512201
66,3615.663934
67,3619.923186
68,3634.362942
69,3662.607971
70,3609.718401
71,3626.723498
72,3656.723472
73,3641.942098
74,3643.475431
75,3621.906817
76,3623.562020
77,3568.302056
78,3591.212335
79,3574.180625
80,3598.222563
81,3661.701654
82,3702.507250
83,3691.262169
84,3754.046397
85,3736.862089
86,3689.708541
87,3715.086184
88,3689.345407
89,3662.368229
90,3661.426774
91,3694.681135
92,3795.976208
93,3756.726328
94,3704.746216
95,3773.345308
96,3868.781146
97,3851.227913
98,3912.454464
99,3972.301628
100,3937.680331
101,3952.248896
102,3879.967141
103,3892.481193
104,3924.112324
105,3960.128927
106,3999.640857
107,4019.666117
108,4050.990512
109,4049.743236
110,4117.816755
111,4156.830216
112,4194.028884
113,4175.209049
114,4207.857326
115,4150.463830
116,4103.228018
117,4171.133198
118,4165.898622
119,4293.466248
120,4225.031924
121,4185.326536
122,4135.714381
123,4197.331260
124,4205.183548
125,4252.463854
126,4343.573014
127,4502.282047
128,4494.703480
129,4652.622927
130,4850.757366
131,4809.376078
132,4793.493465
133,4944.248325
134,5070.017288
135,5123.788919
136,5027.044751
137,5015.129941
138,5140.663582
139,5256.734025
140,5394.022212
141,5294.548301
142,5343.934935
143,5404.967336
144,5537.496155
145,5744.772120
146,5803.117739
147,5854.657513
148,5977.548654
149,6096.518192
150,6231.984049
151,6301.429600
152,6413.779789
153,6481.922528
154,6515.360082
155,6595.243433
156,6647.298919
157,6730.198209
158,6707.937802
159,6754.818284
160,6850.728795
161,6832.784099
162,6829.691962
163,6965.482897
164,7008.874109
165,6978.068870
166,6997.257608
167,7039.378819
168,7102.968382
169,7087.893559
170,7153.757707
171,7113.921789
172,7138.602877
173,7125.654262
174,7152.146028
175,7204.767000
176,7213.419911
177,7244.748483
178,7264.476206
179,7267.807371
180,7261.239355
181,7264.517932
182,7267.490004
183,7269.080447
184,7237.821773
185,7241.154955
186,7258.189259
187,7286.406771
188,7273.368386
189,7274.085623
190,7289.890039
191,7293.843696
192,7295.834763
193,7299.468204
194,7300.946839
195,7300.048267
196,7300.159467
197,7299.791260
198,7299.944452
199,7300.730243
200,7301.063846
201,7299.840637
202,7300.473237
203,7300.473237
204,7301.474044
205,7302.919654
206,7303.030855
207,7305.032469
208,7305.810875
209,7306.700481
210,7307.367686
211,7308.479693
212,7308.702095
213,7308.924497
214,7308.479693
215,7309.369300
216,7311.815717
217,7312.260520
218,7312.816524
219,7313.150126
220,7313.261327
221,7313.483729
222,7313.928532
223,7313.928532
224,7314.262134
225,7314.706937
226,7315.040540
227,7315.151740
228,7315.151740
229,7315.151740
230,7315.151740
231,7315.151740
232,7315.151740
233,7315.151740
234,7315.151740
235,7315.151740
236,7315.151740
237,7315.151740
238,7315.151740
239,7315.151740
240,7315.151740
241,7315.151740
242,7315.151740
243,7315.151740
244,7315.151740
245,7315.151740
246,7315.151740
247,7315.151740
248,7315.151740
249,7315.151740
250,7315.151740
251,7315.151740
252,7315.151740
253,7315.151740
254,7315.151740
255,7315.151740
256,7315.151740
257,7315.151740
258,7315.151740
259,7315.151740
260,7315.151740
261,7315.151740
262,7315.151740
263,7315.151740
264,7315.151740
265,7315.151740
266,7315.151740
267,7315.151740
268,7315.151740
269,7315.151740
270,7315.151740
271,7315.151740
272,7315.151740
273,7315.151740
274,7315.151740
275,7315.151740
276,7315.151740
277,7315.151740
278,7315.151740
279,7315.151740
280,7315.151740
281,7315.151740
282,7315.151740
283,7315.151740
284,7315.151740
285,7315.151740
286,7315.151740
287,7315.151740
288,7315.151740
289,7315.151740
290,7315.151740
291,7315.151740
292,7315.151740
293,7315.151740
294,7315.151740
295,7315.151740
296,7315.151740
297,7315.151740
298,7315.151740
299,7315.151740
300,7315.151740
301,7315.151740
302,7315.151740
303,7315.151740
304,7315.151740
305,7315.151740
306,7315.151740
307,7315.151740
308,7315.151740
309,7315.151740
310,7315.151740
311,7315.151740
312,7315.151740
313,7315.151740
314,7315.151740
315,7315.151740
316,7315.151740
317,7315.151740
318,7315.151740
319,7315.151740
320,7315.151740
321,7315.151740
322,7315.151740
323,7315.151740
324,7315.151740
325,7315.151740
326,7315.151740
327,7315.151740
328,7315.151740
329,7315.151740
330,7315.151740
331,7315.151740
332,7315.151740
333,7315.151740
334,7315.151740
335,7315.151740
336,7315.151740
337,7315.151740
338,7315.151740
339,7315.151740
340,7315.151740
341,7315.151740
342,7315.151740
343,7315.151740
344,7315.151740
345,7315.151740
346,7315.151740
347,7315.151740
348,7315.151740
349,7315.151740
350,7315.151740
351,7315.151740
352,7315.151740
353,7315.151740
354,7315.151740
355,7315.151740
356,7315.151740
357,7315.151740
358,7315.151740
359,7315.151740
360,7315.151740
361,7315.151740
362,7315.151740
363,7315.151740
364,7315.151740
365,7315.151740
366,7315.151740
367,7315.151740
368,7315.151740
369,7315.151740
370,7315.151740
371,7315.151740
372,7315.151740
373,7315.151740
374,7315.151740
375,7315.151740
376,7315.151740
377,7315.151740
378,7315.151740
379,7315.151740
380,7315.151740
381,7315.151740
382,7315.151740
383,7315.151740
384,7315.151740
385,7315.151740
386,7315.151740
387,7315.151740
388,7315.151740
389,7315.151740
390,7315.151740
391,7315.151740
392,7315.151740
393,7315.151740
394,7315.151740
395,7315.151740
396,7315.151740
397,7315.151740
398,7315.151740
399,7315.151740
400,7315.151740
401,7315.151740
402,7315.151740
403,7315.151740
404,7315.151740
405,7315.151740
406,7315.151740
407,7315.151740
408,7315.151740
409,7315.151740
410,7315.151740
411,7315.151740
412,7315.151740
413,7315.151740
414,7315.151740
415,7315.151740
416,7315.151740
417,7315.151740
418,7315.151740
419,7315.151740
420,7315.151740
421,7315.151740
422,7315.151740
423,7315.151740
424,7315.151740
425,7315.151740
426,7315.151740
427,7315.151740
428,7315.151740
429,7315.151740
430,7315.151740
431,7315.151740
432,7315.151740
433,7315.151740
434,7315.151740
435,7315.151740
436,7315.151740
437,7315.151740
438,7315.151740
439,7315.151740
440,7315.151740
441,7315.151740
442,7315.151740
443,7315.151740
444,7315.151740
445,7315.151740
446,7315.151740
447,7315.151740
448,7315.151740
449,7315.151740
450,7315.151740
451,7315.151740
452,7315.151740
453,7315.151740
454,7315.151740
455,7315.151740
456,7315.151740
457,7315.151740
458,7315.151740
459,7315.151740
460,7315.151740
461,7315.151740
462,7315.151740
463,7315.151740
464,7315.151740
465,7315.151740
466,7315.151740
467,7315.151740
468,7315.151740
469,7315.151740
470,7315.151740
471,7315.151740
472,7315.151740
473,7315.151740
474,7315.151740
475,7315.151740
476,7315.151740
477,7315.151740
478,7315.151740
479,7315.151740
480,7315.151740
481,7315.151740
482,7315.151740
483,7315.151740
484,7315.151740
485,7315.151740
486,7315.151740
487,7315.151740
488,7315.151740
489,7315.151740
490,7315.151740
491,7315.151740
492,7315.151740
493,7315.151740
494,7315.151740
495,7315.151740
496,7315.151740
497,7315.151740
498,7315.151740
499,7315.151740
