0,3098.710568
1,6189.345566
2,6635.173486
3,6869.986136
4,7053.639168
5,7273.805158
6,7414.865862
7,7590.058783
8,7731.552120
9,7802.495323
10,7806.667364
11,7926.577924
12,8082.960137
13,8136.269452
14,8304.803813
15,8339.684796
16,8410.864985
17,8487.218580
18,8581.569086
19,8593.401878
20,8570.993845
21,8757.501897
22,8800.686988
23,8831.394670
24,8859.870299
25,8963.994356
26,9047.041031
27,9058.481000
28,9035.593952
29,9120.372830
30,9138.530534
31,9177.344302
32,9166.252155
33,9258.231163
34,9307.952130
35,9448.160406
36,9499.057189
37,9476.564811
38,9514.484221
39,9493.590665
40,9527.239548
41,9474.258265
42,9627.659303
43,9670.892962
44,9770.117974
45,9755.109935
46,9706.920444
47,9792.201838
48,9876.624953
49,9990.413274
50,10101.065910
51,10014.938723
52,9949.917450
53,10027.690740
54,10061.858790
55,10091.870008
56,10174.974503
57,10182.295358
58,10290.498538
59,10279.311849
60,10203.201416
61,10214.555556
62,10318.406429
63,10507.337546
64,10398.602269
65,10515.228157
66,10570.317658
67,10448.589218
68,10527.083394
69,10531.274202
70,10486.587697
71,10633.289694
72,10677.524601
73,10626.716569
74,10785.755987
75,10767.378124
76,10815.015193
77,10825.402300
78,10876.128941
79,10782.148817
80,10815.423344
81,10903.818640
82,10802.799389
83,10926.577461
84,10980.907714
85,10936.871599
86,10976.809844
87,11057.607779
88,10963.609686
89,11098.954449
90,11139.350789
91,11138.193493
92,11165.359946
93,11198.616274
94,11109.496692
95,11135.493987
96,11198.561449
97,11207.598358
98,11357.751911
99,11340.992162
100,11393.073237
101,11277.156917
102,11260.481478
103,11386.928150
104,11316.864747
105,11184.373855
106,11333.992067
107,11448.531603
108,11468.621213
109,11301.768894
110,11336.611446
111,11333.214073
112,11384.192507
113,11233.894307
114,11525.801501
115,11432.602176
116,11370.253703
117,11527.458458
118,11590.570345
119,11484.064709
120,11498.148559
121,11717.219978
122,11562.234244
123,11583.452125
124,11709.213930
125,11535.244251
126,11650.079984
127,11622.490735
128,11570.399672
129,11712.560843
130,11585.285507
131,11607.339027
132,11801.836493
133,11689.107065
134,11711.263593
135,11622.211970
136,11575.533252
137,11816.117546
138,11761.170594
139,11720.054988
140,11860.811659
141,11787.037450
142,11796.676493
143,11782.431996
144,11924.859315
145,11870.305813
146,11804.186871
147,11777.859635
148,11845.018060
149,11944.960967
150,11903.710656
151,11833.802630
152,11746.147262
153,11660.860437
154,11848.839815
155,11947.135906
156,11944.512487
157,11939.203206
158,11943.640962
159,11852.046462
160,11850.284407
161,11934.993405
162,11914.673027
163,12032.689276
164,11854.278884
165,11900.539019
166,12000.052587
167,11901.650092
168,11869.438537
169,11867.379735
170,11891.241202
171,12126.633069
172,11999.817369
173,11983.373459
174,11937.968438
175,12146.386818
176,11997.638868
177,11895.253351
178,12018.333943
179,12010.549592
180,12026.992410
181,12014.865568
182,12009.498377
183,12024.146975
184,12101.829930
185,12007.552238
186,12066.303720
187,12066.484201
188,12155.101387
189,12081.865885
190,12142.114553
191,12082.180044
192,12132.978876
193,12199.050674
194,11981.034284
195,12049.210932
196,12135.530294
197,12232.037102
198,12142.303294
199,12116.222339
200,12131.153003
201,12046.183588
202,12064.325109
203,12234.840233
204,12123.506186
205,12238.372253
206,12103.293083
207,12102.208964
208,12125.056387
209,12219.947656
210,12156.731263
211,12121.066796
212,12266.942307
213,12201.723845
214,12085.063644
215,12281.844499
216,12203.928938
217,12118.753525
218,12118.002193
219,12140.357668
220,12184.867836
221,12147.449377
222,12171.753662
223,12217.956330
224,12208.934749
225,12240.697366
226,12144.836863
227,12185.496193
228,12205.487401
229,12296.514044
230,12185.592853
231,12268.934150
232,12349.299768
233,12186.546324
234,12349.486976
235,12254.211942
236,12044.819762
237,12081.666329
238,12284.833499
239,12259.334125
240,12261.960450
241,12241.213856
242,12229.376502
243,12366.549035
244,12355.513588
245,12334.337342
246,12196.888884
247,12416.563040
248,12247.828566
249,12242.907578
250,12345.210115
251,12225.528197
252,12204.037658
253,12288.116140
254,12168.422666
255,12322.731502
256,12286.668660
257,12217.229170
258,12443.396620
259,12389.357830
260,12253.307518
261,12294.729459
262,12219.517513
263,12310.545439
264,12247.074455
265,12296.212741
266,12195.474848
267,12375.552098
268,12369.036071
269,12344.083352
270,12415.369231
271,12221.066641
272,12284.887643
273,12400.433854
274,12542.755154
275,12327.150627
276,12434.623006
277,12455.699558
278,12446.243747
279,12409.895003
280,12413.555453
281,12250.769955
282,12321.139421
283,12403.068107
284,12328.027704
285,12371.292506
286,12323.809050
287,12385.950452
288,12434.795477
289,12436.326065
290,12445.650227
291,12423.462788
292,12349.505308
293,12336.249946
294,12437.222115
295,12430.674188
296,12378.591745
297,12501.188065
298,12417.955663
299,12363.764351
300,12410.853885
301,12473.775175
302,12381.423141
303,12388.047524
304,12468.637203
305,12438.469248
306,12504.006368
307,12483.337799
308,12425.259069
309,12470.278174
310,12458.063939
311,12369.847908
312,12442.300254
313,12546.081008
314,12525.298538
315,12449.903991
316,12475.705459
317,12455.748185
318,12472.440593
319,12410.219564
320,12440.835967
321,12366.100929
322,12459.456679
323,12564.359958
324,12421.667158
325,12418.199575
326,12481.900034
327,12504.867650
328,12623.851473
329,12448.664839
330,12436.281498
331,12406.150108
332,12600.450041
333,12526.089691
334,12564.187001
335,12503.362149
336,12435.225514
337,12510.937040
338,12394.634279
339,12431.072735
340,12346.076453
341,12523.057603
342,12467.895358
343,12433.613481
344,12623.789165
345,12575.659733
346,12608.922889
347,12523.214997
348,12713.175193
349,12521.946846
350,12545.804667
351,12483.150691
352,12489.947841
353,12432.038265
354,12475.083895
355,12542.417048
356,12540.971814
357,12548.163758
358,12586.509121
359,12320.426613
360,12436.658969
361,12572.812565
362,12670.172943
363,12456.519843
364,12605.547111
365,12568.123954
366,12537.950632
367,12556.387575
368,12479.289073
369,12540.557377
370,12651.029905
371,12598.811318
372,12623.229982
373,12542.992201
374,12566.773218
375,12379.069275
376,12503.916946
377,12505.081651
378,12528.246075
379,12437.945941
380,12593.976310
381,12443.920666
382,12427.412630
383,12520.091781
384,12588.565698
385,12573.884685
386,12566.041680
387,12511.531760
388,12600.978278
389,12560.972422
390,12600.509803
391,12715.728181
392,12501.491297
393,12603.826831
394,12368.042096
395,12587.284826
396,12695.703656
397,12553.812170
398,12487.343152
399,12454.343364
400,12630.647164
401,12574.652022
402,12766.052131
403,12652.125944
404,12681.998729
405,12623.933001
406,12536.458038
407,12637.069553
408,12536.775918
409,12657.756896
410,12553.832613
411,12626.094402
412,12530.866456
413,12670.581611
414,12531.106636
415,12588.973616
416,12525.290697
417,12615.720357
418,12464.280901
419,12515.024873
420,12523.309360
421,12537.104642
422,12431.300785
423,12571.224678
424,12639.555607
425,12634.941491
426,12673.180665
427,12518.077064
428,12697.482834
429,12686.870198
430,12642.161804
431,12865.287730
432,12663.682217
433,12721.275028
434,12590.844660
435,12545.043026
436,12766.148505
437,12723.873173
438,12660.780598
439,12765.654349
440,12595.835392
441,12651.410514
442,12698.845708
443,12751.129207
444,12509.940403
445,12552.929336
446,12717.616684
447,12517.750545
448,12759.564220
449,12687.531210
450,12733.000069
451,12619.976966
452,12716.429162
453,12597.539211
454,12688.897154
455,12698.407736
456,12733.851359
457,12605.143463
458,12498.989627
459,12660.979809
460,12781.938964
461,12802.855997
462,12717.076980
463,12743.978252
464,12676.890293
465,12692.187581
466,12769.538127
467,12778.011339
468,12756.513384
469,12849.595505
470,12653.836962
471,12791.154632
472,12679.299285
473,12635.550311
474,12733.485278
475,12770.869137
476,12625.491390
477,12613.332308
478,12733.600188
479,12639.808995
480,12686.894573
481,12708.313608
482,12681.739417
483,12593.056442
484,12628.168289
485,12642.530682
486,12649.563614
487,12664.647530
488,12758.448184
489,12831.361610
490,12775.069933
491,12761.752522
492,12830.170746
493,12753.659078
494,12626.265708
495,12564.412080
496,12588.068278
497,12737.532863
498,12677.184678
499,12662.285977
