0,3114.760137
1,3678.499611
2,4124.824744
3,4435.740679
4,4766.086570
5,5034.832864
6,5334.610586
7,5593.362099
8,5809.964964
9,5994.035150
10,6181.051000
11,6391.632497
12,6548.985229
13,6709.135640
14,6858.127188
15,6964.225133
16,7047.133179
17,7113.253058
18,7201.363381
19,7289.830874
20,7350.232019
21,7402.815730
22,7442.100581
23,7466.088728
24,7503.571621
25,7527.974515
26,7545.727158
27,7555.703701
28,7559.893511
29,7559.893511
30,7559.893511
31,7559.893511
32,7559.893511
33,7560.197184
34,7560.197184
35,7561.411872
36,7561.411872
37,7562.554952
38,7564.394225
39,7569.645498
40,7578.194623
41,7598.967651
42,7633.138868
43,7635.859969
44,7635.889037
45,7635.937484
46,7636.063445
47,7636.257230
48,7636.794654
49,7637.589176
50,7638.364320
51,7638.364320
52,7638.364320
53,7638.364320
54,7638.625267
55,7638.886214
56,7639.408107
57,7640.712842
58,7641.234736
59,7644.105152
60,7650.367877
61,7660.544806
62,7670.852209
63,7670.852209
64,7670.852209
65,7670.852209
66,7670.852209
67,7670.852209
68,7670.852209
69,7670.852209
70,7670.852209
71,7670.852209
72,7670.852209
73,7670.852209
74,7670.852209
75,7670.852209
76,7670.852209
77,7670.852209
78,7670.852209
79,7670.852209
80,7670.852209
81,7670.852209
82,7670.852209
83,7670.852209
84,7670.852209
85,7670.995518
86,7671.138826
87,7671.282135
88,7671.568753
89,7672.571914
90,7675.581397
91,7681.313745
92,7692.655179
93,7706.679388
94,7706.679388
95,7706.679388
96,7706.679388
97,7707.933903
98,7711.697448
99,7715.460994
100,7721.733569
101,7738.042265
102,7771.004797
103,7840.175696
104,7988.498482
105,8020.308160
106,8020.308160
107,8020.308160
108,8020.308160
109,8020.308160
110,8020.308160
111,8020.308160
112,8020.308160
113,8020.308160
114,8020.308160
115,8020.308160
116,8020.308160
117,8020.308160
118,8020.308160
119,8020.308160
120,8020.308160
121,8020.308160
122,8020.308160
123,8020.308160
124,8020.441661
125,8020.775414
126,8021.242669
127,8022.978184
128,8025.714958
129,8032.189766
130,8036.995809
131,8036.995809
132,8036.995809
133,8037.889356
134,8038.112743
135,8038.336129
136,8039.006289
137,8040.793383
138,8045.037730
139,8053.526425
140,8070.727200
141,8092.842483
142,8092.842483
143,8092.842483
144,8092.842483
145,8092.842483
146,8092.842483
147,8092.842483
148,8092.842483
149,8092.842483
150,8092.842483
151,8092.842483
152,8092.842483
153,8092.842483
154,8092.842483
155,8093.275712
156,8093.362358
157,8094.315462
158,8095.095274
159,8096.741544
160,8099.860793
161,8105.666062
162,8114.503934
163,8114.503934
164,8114.503934
165,8114.503934
166,8114.503934
167,8114.503934
168,8114.503934
169,8114.503934
170,8114.503934
171,8114.503934
172,8114.503934
173,8114.503934
174,8114.503934
175,8114.503934
176,8114.503934
177,8114.503934
178,8114.503934
179,8114.503934
180,8114.503934
181,8114.503934
182,8114.503934
183,8114.503934
184,8114.503934
185,8114.985544
186,8116.109302
187,8118.517354
188,8122.691311
189,8130.557614
190,8148.216662
191,8154.638134
192,8154.638134
193,8154.638134
194,8154.638134
195,8154.638134
196,8154.638134
197,8154.638134
198,8154.638134
199,8154.638134
200,8154.638134
201,8154.638134
202,8154.638134
203,8154.638134
204,8154.638134
205,8154.638134
206,8154.638134
207,8154.638134
208,8154.638134
209,8154.638134
210,8154.638134
211,8154.638134
212,8154.638134
213,8154.638134
214,8154.688937
215,8154.739740
216,8154.739740
217,8154.790543
218,8154.892149
219,8155.044558
220,8155.654194
221,8156.517845
222,8158.143542
223,8162.360193
224,8167.338889
225,8167.338889
226,8167.338889
227,8167.338889
228,8167.338889
229,8167.338889
230,8167.338889
231,8167.338889
232,8167.338889
233,8167.338889
234,8167.338889
235,8167.338889
236,8167.338889
237,8167.338889
238,8167.338889
239,8167.338889
240,8167.338889
241,8167.338889
242,8167.338889
243,8167.338889
244,8167.338889
245,8167.338889
246,8167.338889
247,8167.338889
248,8167.338889
249,8167.338889
250,8167.338889
251,8167.338889
252,8167.338889
253,8167.338889
254,8167.338889
255,8167.338889
256,8167.338889
257,8167.338889
258,8167.338889
259,8167.338889
260,8167.338889
261,8167.338889
262,8167.338889
263,8167.338889
264,8167.338889
265,8167.338889
266,8167.338889
267,8167.338889
268,8167.338889
269,8167.338889
270,8167.338889
271,8167.338889
272,8167.338889
273,8167.338889
274,8167.338889
275,8167.338889
276,8167.338889
277,8167.338889
278,8167.338889
279,8167.338889
280,8167.338889
281,8167.338889
282,8167.338889
283,8167.338889
284,8167.338889
285,8167.338889
286,8167.338889
287,8167.338889
288,8167.338889
289,8167.338889
290,8167.338889
291,8167.338889
292,8167.338889
293,8167.338889
294,8167.338889
295,8167.338889
296,8167.338889
297,8167.338889
298,8167.338889
299,8167.338889
300,8167.338889
301,8167.338889
302,8167.338889
303,8167.338889
304,8167.338889
305,8167.338889
306,8167.338889
307,8167.338889
308,8167.338889
309,8167.338889
310,8167.338889
311,8167.338889
312,8167.338889
313,8167.338889
314,8167.338889
315,8167.338889
316,8167.338889
317,8167.338889
318,8167.338889
319,8167.338889
320,8167.338889
321,8167.338889
322,8167.338889
323,8167.338889
324,8167.338889
325,8167.338889
326,8167.338889
327,8167.338889
328,8167.338889
329,8167.338889
330,8167.338889
331,8167.338889
332,8167.338889
333,8167.338889
334,8167.338889
335,8167.338889
336,8167.338889
337,8167.338889
338,8167.338889
339,8167.338889
340,8167.338889
341,8167.338889
342,8167.338889
343,8167.338889
344,8167.338889
345,8167.338889
346,8167.338889
347,8167.338889
348,8167.338889
349,8167.338889
350,8167.338889
351,8167.338889
352,8167.338889
353,8167.338889
354,8167.338889
355,8167.338889
356,8167.338889
357,8167.338889
358,8167.338889
359,8167.338889
360,8167.338889
361,8167.338889
362,8167.338889
363,8167.338889
364,8167.338889
365,8167.338889
366,8167.338889
367,8167.338889
368,8167.338889
369,8167.338889
370,8167.338889
371,8167.338889
372,8167.338889
373,8167.338889
374,8167.338889
375,8167.338889
376,8167.338889
377,8167.338889
378,8167.338889
379,8167.338889
380,8167.338889
381,8167.338889
382,8167.338889
383,8167.338889
384,8167.338889
385,8167.338889
386,8167.338889
387,8167.338889
388,8167.338889
389,8167.338889
390,8167.338889
391,8167.338889
392,8167.338889
393,8167.338889
394,8167.338889
395,8167.338889
396,8167.338889
397,8167.338889
398,8167.338889
399,8167.338889
400,8167.338889
401,8167.338889
402,8167.338889
403,8167.338889
404,8167.338889
405,8167.338889
406,8167.338889
407,8167.338889
408,8167.338889
409,8167.338889
410,8167.338889
411,8167.338889
412,8167.338889
413,8167.338889
414,8167.338889
415,8167.338889
416,8167.338889
417,8167.338889
418,8167.338889
419,8167.338889
420,8167.338889
421,8167.338889
422,8167.338889
423,8167.338889
424,8167.338889
425,8167.338889
426,8167.564367
427,8167.789846
428,8168.691760
429,8170.721067
430,8172.524896
431,8175.456117
432,8183.347867
433,8200.935194
434,8223.708528
435,8223.708528
436,8223.708528
437,8223.708528
438,8223.708528
439,8223.708528
440,8223.708528
441,8223.708528
442,8223.708528
443,8229.376573
444,8236.933967
445,8238.823315
446,8250.159405
447,8284.167674
448,8340.848124
449,8459.999401
450,8677.385383
451,8696.045606
452,8696.045606
453,8696.045606
454,8696.045606
455,8696.045606
456,8696.045606
457,8696.045606
458,8696.045606
459,8696.045606
460,8696.045606
461,8696.045606
462,8696.045606
463,8696.045606
464,8696.045606
465,8696.045606
466,8696.045606
467,8696.045606
468,8696.045606
469,8696.045606
470,8696.045606
471,8696.045606
472,8696.045606
473,8696.045606
474,8696.045606
475,8696.045606
476,8696.045606
477,8696.045606
478,8696.045606
479,8696.045606
480,8696.045606
481,8696.045606
482,8696.045606
483,8696.045606
484,8696.045606
485,8696.045606
486,8696.045606
487,8696.045606
488,8696.045606
489,8696.045606
490,8696.045606
491,8696.045606
492,8696.045606
493,8696.045606
494,8696.045606
495,8696.045606
496,8696.045606
497,8696.045606
498,8696.045606
499,8696.045606
