0,3079.240553
1,6133.076972
2,6555.187687
3,6840.315746
4,7274.155566
5,7551.035460
6,7769.895272
7,8006.493227
8,8227.450233
9,8351.008810
10,8678.746614
11,8878.684993
12,9071.416080
13,9290.831448
14,9582.299256
15,9783.460009
16,10023.413132
17,10412.820367
18,10706.339026
19,10748.793291
20,10805.211872
21,11182.082379
22,11087.342509
23,11454.220232
24,11698.052942
25,11662.042076
26,12168.650809
27,12026.833463
28,12146.138573
29,12364.309393
30,12452.469872
31,12778.318110
32,12795.109902
33,13003.987901
34,13242.258882
35,13243.675067
36,13205.268699
37,13083.252260
38,13341.438979
39,13197.636599
40,13422.092180
41,13480.895413
42,13413.951741
43,13470.713419
44,13624.620767
45,13518.250634
46,13630.027479
47,14018.939270
48,13984.403635
49,13825.724824
50,13885.539210
51,14053.484952
52,13738.691036
53,13900.529943
54,13944.729816
55,14126.057784
56,13964.175239
57,13780.943195
58,13911.243981
59,14065.161750
60,14350.779178
61,14318.983369
62,14230.841262
63,14315.649440
64,14170.165025
65,14192.232252
66,14145.178391
67,14307.970705
68,14424.227958
69,14251.969253
70,14342.301950
71,14676.863116
72,14460.830765
73,14486.228581
74,14529.744986
75,14454.417294
76,14623.076603
77,14260.480827
78,14416.365515
79,14509.716191
80,14561.131708
81,14440.533742
82,14447.522696
83,14503.043147
84,14636.722740
85,14469.546243
86,14673.640101
87,14458.922056
88,14327.105528
89,14241.913039
90,14073.837599
91,14421.622262
92,14567.417082
93,14399.013037
94,14230.159301
95,14259.694828
96,14612.705573
97,14576.041000
98,14592.623622
99,14640.753701
100,14347.566954
101,14548.741118
102,14841.049390
103,14522.071319
104,14680.179367
105,14623.246460
106,14720.959589
107,14307.125036
108,14601.219746
109,14576.742117
110,14693.405138
111,14765.583056
112,14886.515519
113,14734.833785
114,14945.890113
115,14654.762109
116,14651.527261
117,14460.020462
118,14823.008765
119,14591.676786
120,14589.251391
121,14895.558599
122,14969.900068
123,15076.265369
124,14752.151090
125,15027.595811
126,14807.012692
127,15093.545374
128,15213.519909
129,14859.607023
130,14646.430615
131,14813.597173
132,15038.643863
133,14757.460619
134,15036.629907
135,14819.674315
136,15080.402351
137,15103.789010
138,15301.338699
139,15485.073293
140,15473.380035
141,15001.709997
142,14859.024541
143,15274.848410
144,15421.143862
145,15322.833157
146,14852.792978
147,15146.521864
148,15184.632396
149,15149.558069
150,15331.980934
151,15256.020930
152,15352.313922
153,15290.401395
154,15148.308016
155,15032.367115
156,14747.207287
157,14929.012804
158,14936.091808
159,15138.692870
160,15069.597163
161,15280.886440
162,15079.083880
163,15128.891927
164,15041.337664
165,14747.068790
166,14918.207284
167,14952.802275
168,15079.589511
169,15129.869366
170,15062.444643
171,15319.414656
172,15093.218400
173,15337.259385
174,15379.419716
175,15275.908177
176,15165.600076
177,15466.209086
178,15587.871873
179,15311.265717
180,15296.060015
181,15501.539000
182,15402.997121
183,15258.463065
184,15162.303685
185,15255.639385
186,15369.395199
187,15039.085770
188,15294.173690
189,15306.377053
190,15309.425877
191,15426.499332
192,15398.028604
193,15437.487898
194,15419.246828
195,15314.999175
196,15209.996671
197,15443.152603
198,15151.672434
199,15259.769032
200,15327.924662
201,15477.854824
202,15570.086865
203,15439.134638
204,15298.837075
205,15246.894430
206,15367.577238
207,15280.403573
208,15360.312052
209,15282.550312
210,14988.135532
211,15227.900105
212,15409.201496
213,15121.322093
214,15016.210459
215,15508.842069
216,15477.741139
217,15362.986042
218,15335.182955
219,15454.066868
220,15368.729875
221,15279.963270
222,15332.952922
223,15610.694218
224,15304.047236
225,15315.395476
226,15263.397656
227,15142.813566
228,15272.480590
229,15449.639612
230,15385.109788
231,15818.358299
232,15565.808960
233,15212.053891
234,15522.856455
235,15359.619845
236,15190.958648
237,15258.137477
238,15248.528129
239,15083.532963
240,15380.005914
241,15373.984994
242,15312.168160
243,15403.727009
244,15352.662725
245,15459.467167
246,15434.948877
247,15542.368080
248,15371.669774
249,15219.081733
250,15475.351476
251,15254.443072
252,15295.328768
253,15397.691078
254,15372.360140
255,15286.656326
256,15157.502422
257,15345.962864
258,15396.748602
259,15217.321066
260,15298.869443
261,15189.673508
262,15378.796596
263,15441.056217
264,15105.704538
265,15365.556921
266,15312.142595
267,15047.190253
268,14927.942629
269,15004.755289
270,15000.127873
271,15135.600718
272,15248.602818
273,15184.597946
274,15211.397234
275,15102.269724
276,15155.855658
277,14928.258455
278,15297.421334
279,15292.166695
280,15430.878111
281,15364.322444
282,15286.554373
283,15602.739753
284,15301.258434
285,15549.527463
286,15519.808165
287,15776.714609
288,15660.856892
289,15446.195154
290,15169.446505
291,15140.316402
292,15436.170662
293,15393.498305
294,15429.035213
295,15357.202261
296,14844.922194
297,15391.322431
298,15542.500567
299,15476.760864
300,15589.405013
301,15274.585559
302,15400.431368
303,15178.043191
304,15309.989427
305,15176.692940
306,15263.874044
307,15417.912861
308,15428.100269
309,15459.291991
310,15353.177653
311,15469.942136
312,15556.797939
313,15258.465945
314,15284.371079
315,14896.865270
316,15348.969527
317,15237.224915
318,15314.230475
319,15224.778843
320,15328.784090
321,15280.745622
322,15226.597287
323,15380.915391
324,15218.402866
325,15395.814431
326,15082.280399
327,15398.773296
328,15496.883057
329,15419.843439
330,15425.494339
331,15365.359833
332,15378.817458
333,15135.154851
334,14821.071727
335,14877.848614
336,15290.560833
337,15203.227225
338,15271.552828
339,15487.364483
340,15413.558936
341,15412.874605
342,15451.562465
343,15355.190481
344,15321.441030
345,15322.272139
346,15497.852669
347,15293.880233
348,15170.079751
349,15205.596072
350,15620.657385
351,15454.346171
352,15611.956485
353,15527.666163
354,15401.803660
355,15271.233266
356,15299.114423
357,15221.312831
358,15440.732606
359,15471.958297
360,15655.884567
361,15462.816103
362,15513.765615
363,15473.785463
364,15308.329761
365,14890.477697
366,15160.456960
367,15478.023826
368,15342.863275
369,15332.159562
370,15341.780436
371,15286.789716
372,15014.713322
373,15198.044552
374,15484.065227
375,15184.695231
376,15132.607965
377,15499.061506
378,15306.546257
379,15229.616941
380,15830.561188
381,15393.612248
382,15474.317024
383,15391.739324
384,15374.841295
385,15736.108621
386,15563.840525
387,15243.085780
388,15309.807590
389,15247.448609
390,15595.186077
391,15463.784454
392,15564.024020
393,15688.155555
394,15399.532836
395,15817.725075
396,15617.002589
397,15564.597012
398,15627.625622
399,15609.103514
400,15635.501990
401,15509.328363
402,15570.063004
403,15590.866432
404,15147.742020
405,15876.588507
406,15736.989925
407,15726.511163
408,15567.244130
409,15364.206171
410,15359.208282
411,15462.835947
412,15300.689381
413,15202.308543
414,15524.849106
415,15781.584785
416,15844.715983
417,15416.334811
418,15398.354808
419,15336.294921
420,15353.753576
421,15312.000133
422,15131.418228
423,15246.186286
424,15362.017677
425,15239.000218
426,15417.810874
427,15651.051016
428,15531.368432
429,15756.405510
430,15600.657929
431,15232.071982
432,15528.849376
433,15782.435716
434,15541.673668
435,15415.599306
436,15265.369301
437,15672.023407
438,15520.944824
439,15344.980589
440,15495.054718
441,15238.432843
442,15519.925339
443,15214.692754
444,15284.506299
445,15331.089924
446,15590.286336
447,15384.467767
448,15213.208370
449,15180.984132
450,15230.374182
451,15560.750935
452,15338.901717
453,15256.220907
454,15210.898767
455,15139.535379
456,15326.307247
457,15315.556243
458,15720.094596
459,15351.872857
460,15265.376711
461,15432.124408
462,15488.970108
463,15401.391969
464,15294.198657
465,15162.941607
466,15221.182363
467,15326.956168
468,15153.307626
469,15105.133830
470,15457.324392
471,15345.714522
472,15264.243898
473,15306.073995
474,15429.910229
475,15549.825910
476,15697.131904
477,15501.309480
478,15456.220138
479,15584.767517
480,15829.495447
481,15538.831208
482,15758.790194
483,15188.564028
484,15271.904711
485,15450.062776
486,15565.088292
487,15707.821622
488,15770.004605
489,15838.017956
490,15747.068290
491,15526.878263
492,14978.512451
493,15168.878989
494,15108.373999
495,15349.106570
496,15286.600343
497,15140.029298
498,15276.437378
499,15120.156119
