0,3102.331499
1,6210.229944
2,6691.818656
3,7047.075994
4,7410.042797
5,7696.887207
6,7956.505364
7,8280.671458
8,8556.149731
9,8859.567460
10,9154.453397
11,9402.438946
12,9650.468834
13,9911.688832
14,10097.048709
15,10340.568952
16,10581.767065
17,10865.933757
18,11049.232849
19,11208.266529
20,11358.177198
21,11564.688547
22,11744.949653
23,11884.356997
24,12077.589918
25,12199.563348
26,12413.404716
27,12541.339763
28,12707.582329
29,12908.143330
30,13003.643037
31,13042.150909
32,13063.965327
33,13118.456756
34,13184.677391
35,13256.281224
36,13316.609031
37,13474.398341
38,13571.924301
39,13547.826231
40,13664.683342
41,13730.041492
42,13819.924444
43,13839.345066
44,13847.089758
45,13905.490277
46,13880.221892
47,13921.022071
48,13921.437797
49,13909.468567
50,13998.590533
51,14033.736214
52,13998.420708
53,14081.736060
54,14130.729203
55,14153.654095
56,14223.977979
57,14276.531705
58,14361.020782
59,14370.326680
60,14379.990102
61,14450.325680
62,14559.384424
63,14593.948315
64,14523.930892
65,14639.968265
66,14678.430530
67,14707.268234
68,14778.320912
69,14755.891101
70,14836.020157
71,14782.500396
72,14786.905712
73,14923.566533
74,14900.949894
75,14951.976887
76,14967.030855
77,15059.968641
78,15119.987916
79,15177.123300
80,15217.500172
81,15141.426626
82,15156.694737
83,15221.571482
84,15219.720781
85,15291.903983
86,15429.096764
87,15362.443532
88,15392.305873
89,15416.559196
90,15413.215305
91,15447.143589
92,15345.232780
93,15438.542820
94,15407.969596
95,15467.495265
96,15407.084414
97,15418.467870
98,15449.270330
99,15368.146000
100,15312.406396
101,15429.319014
102,15451.849025
103,15484.303222
104,15325.734346
105,15440.830381
106,15423.990241
107,15377.477393
108,15477.192176
109,15480.177482
110,15494.392832
111,15438.173749
112,15490.813116
113,15513.883904
114,15450.836998
115,15531.252922
116,15759.547933
117,15822.319196
118,15848.004204
119,15754.071440
120,15738.686285
121,15830.574121
122,15883.583370
123,15965.397683
124,15981.496657
125,15889.323869
126,15890.808384
127,15944.659699
128,15896.778056
129,15831.642098
130,15854.318328
131,15746.314535
132,15929.789458
133,15794.905191
134,15853.050346
135,15971.499424
136,16008.499498
137,15889.389674
138,15873.576413
139,15939.456158
140,16046.660670
141,16033.154429
142,16062.970728
143,15844.658047
144,15844.258497
145,15914.444610
146,16028.611175
147,15986.990424
148,15994.825751
149,16055.260380
150,16094.511571
151,16084.535823
152,16240.016208
153,16274.120250
154,16347.774118
155,16418.818854
156,16368.699640
157,16468.513590
158,16577.132835
159,16625.974157
160,16605.123013
161,16651.334604
162,16475.407019
163,16645.792382
164,16658.264957
165,16643.610902
166,16574.024196
167,16679.346628
168,16604.752909
169,16606.865104
170,16657.328882
171,16723.995842
172,16626.808316
173,16687.937691
174,16652.485830
175,16574.937291
176,16708.128017
177,16703.037465
178,16639.967608
179,16622.999885
180,16621.621313
181,16671.983680
182,16703.565716
183,16787.999679
184,16723.108826
185,16653.702028
186,16575.016276
187,16583.607233
188,16640.112826
189,16727.468160
190,16617.571113
191,16729.282098
192,16589.699681
193,16692.033389
194,16713.485064
195,16784.469203
196,16967.560355
197,16866.808931
198,16942.295755
199,16847.658531
200,16934.755626
201,16885.966406
202,16921.187278
203,16859.506164
204,16741.859547
205,16681.750443
206,16905.355999
207,16798.913868
208,16785.134105
209,16845.403606
210,16889.198782
211,16853.471122
212,16809.173293
213,16874.263127
214,16985.346069
215,16873.939607
216,16840.033999
217,16987.944404
218,16873.277183
219,16817.697427
220,16945.809960
221,16932.871743
222,16880.508573
223,16897.004755
224,16782.799779
225,16848.383759
226,16981.966950
227,16738.575524
228,16798.307023
229,17015.846028
230,16852.872659
231,16732.112584
232,16602.283031
233,16694.883216
234,16786.825082
235,16804.259341
236,16864.588356
237,16684.007770
238,16767.268845
239,16888.215732
240,16942.936410
241,16825.010410
242,16923.293659
243,16886.334998
244,16852.062518
245,16953.116490
246,16860.825036
247,16897.722669
248,16867.993441
249,16835.208321
250,16952.889970
251,16879.437004
252,16808.900924
253,16890.351545
254,16910.755396
255,16876.066020
256,16968.478933
257,16896.512571
258,16937.408022
259,16852.810191
260,16810.053189
261,16722.315143
262,16734.639468
263,16761.138192
264,16753.463780
265,16788.037057
266,16840.899995
267,16788.051926
268,16805.116947
269,16795.570440
270,16723.510517
271,16661.866181
272,16648.792223
273,16632.489102
274,16758.032418
275,16702.492134
276,16871.128586
277,16768.575264
278,16833.762188
279,16965.877771
280,16823.340966
281,16880.012418
282,16856.373246
283,16823.483905
284,16833.587461
285,16936.739146
286,16959.667554
287,16864.024667
288,16799.829917
289,16782.713948
290,16822.936807
291,16895.240619
292,16968.096549
293,16778.701586
294,16846.841502
295,16829.638780
296,16751.428419
297,16827.628388
298,16879.306623
299,16870.893696
300,16864.936662
301,16804.085349
302,16752.354300
303,16704.609767
304,16764.605055
305,16793.865104
306,16729.282705
307,16751.610487
308,16888.968927
309,16802.500348
310,16807.748888
311,16812.751406
312,16823.687241
313,16883.606126
314,16936.491142
315,16862.870632
316,16789.498526
317,16878.177070
318,16910.708479
319,16875.490717
320,16864.303322
321,16881.696972
322,16928.337991
323,16961.887198
324,16710.900359
325,16750.289086
326,16764.281131
327,16706.126767
328,16806.227397
329,16812.111186
330,16884.317438
331,16945.116281
332,16903.928480
333,16930.471512
334,16864.368825
335,16891.641677
336,16913.693396
337,16935.439920
338,16955.502395
339,16990.556967
340,16937.906225
341,16857.219477
342,16917.343523
343,16858.825245
344,16771.151469
345,16844.399407
346,16907.853494
347,16905.620783
348,16826.950341
349,16863.721486
350,16826.883733
351,16875.632964
352,16796.074024
353,16655.610656
354,16853.379637
355,16817.459850
356,16902.233883
357,16794.436014
358,16889.705669
359,16831.638691
360,16926.479052
361,16963.443386
362,16828.700897
363,16905.281518
364,16919.151528
365,16879.585857
366,16950.892203
367,16837.173755
368,16887.692077
369,16809.386423
370,16703.941149
371,16834.704152
372,16870.014715
373,16938.835289
374,16859.502040
375,16905.347806
376,16880.643800
377,16832.565422
378,16922.014736
379,16948.762935
380,16960.193758
381,16982.954689
382,16911.102738
383,16766.651698
384,16830.458076
385,16804.841684
386,16868.940351
387,16848.354820
388,16840.997476
389,16899.899429
390,16917.861813
391,16827.294000
392,16822.528043
393,16774.738621
394,16897.642167
395,16845.569326
396,16916.581936
397,16924.897989
398,16928.491399
399,16827.236035
400,16883.788500
401,16882.348608
402,16926.661437
403,16899.395445
404,16833.305540
405,16676.424956
406,16798.091845
407,16869.151439
408,16825.050249
409,16837.384590
410,16888.323599
411,16902.107128
412,16851.339747
413,16845.048027
414,16889.325591
415,16912.324507
416,16893.941003
417,16854.216728
418,16910.032159
419,16964.588073
420,16981.623682
421,17011.175451
422,17059.071761
423,16988.823176
424,16977.058307
425,16903.929182
426,16971.147997
427,16926.156578
428,17054.961289
429,16896.978293
430,16849.867484
431,16878.353212
432,16976.111011
433,16904.670159
434,16873.693420
435,16839.442841
436,16804.571505
437,16900.812399
438,16890.232455
439,17030.625885
440,16944.605671
441,17035.428234
442,16818.173492
443,16798.541966
444,16884.414149
445,16854.783442
446,16910.399701
447,16840.081939
448,16740.618591
449,16842.549912
450,16881.630899
451,16863.873582
452,16879.192078
453,16763.994544
454,16810.955759
455,16869.509388
456,16855.791141
457,16918.182246
458,16883.530280
459,16851.339053
460,16907.634374
461,17007.716676
462,16915.805278
463,16953.685354
464,16976.943241
465,16995.309967
466,16822.732180
467,16848.439405
468,16949.829689
469,16914.240584
470,16785.793440
471,16854.809361
472,16863.292697
473,16897.371556
474,16881.145178
475,16829.398603
476,16915.053661
477,16868.570822
478,16729.237338
479,16900.721914
480,16913.097272
481,16929.522778
482,16884.909271
483,17007.268510
484,17036.107259
485,16854.367607
486,16839.998968
487,16942.316332
488,17065.022238
489,17022.634165
490,16914.004728
491,16870.932594
492,16970.687367
493,16932.776989
494,16982.127901
495,17140.992322
496,17179.895809
497,16998.963052
498,17010.751114
499,17143.305341
