0,3108.230532
1,3328.539076
2,3458.485295
3,3628.538719
4,3710.907247
5,3729.278542
6,3767.771180
7,3854.297202
8,3888.562588
9,3954.484407
10,3910.038238
11,3924.971719
12,3916.554164
13,3997.108193
14,4042.536324
15,4074.468757
16,4119.727522
17,4056.247711
18,4074.918224
19,4153.107513
20,4184.387720
21,4261.977132
22,4148.507054
23,4153.598383
24,4204.228436
25,4203.201803
26,4177.896764
27,4171.361177
28,4170.312930
29,4234.635075
30,4372.018637
31,4400.954594
32,4442.110987
33,4382.883997
34,4299.616042
35,4311.422506
36,4324.630224
37,4353.960031
38,4318.466081
39,4339.159537
40,4352.240075
41,4376.792269
42,4443.443376
43,4375.987209
44,4448.841732
45,4353.555431
46,4472.496838
47,4575.326323
48,4428.895485
49,4477.681985
50,4558.867313
51,4486.410576
52,4456.035432
53,4305.984256
54,4371.344762
55,4351.861954
56,4396.045628
57,4285.049456
58,4308.156399
59,4401.893181
60,4461.723156
61,4575.966604
62,4530.963968
63,4590.837437
64,4484.944807
65,4478.979620
66,4436.904835
67,4478.142859
68,4669.808260
69,4616.985409
70,4616.058201
71,4640.252141
72,4611.406227
73,4379.233586
74,4518.487556
75,4517.880730
76,4544.912866
77,4559.548754
78,4668.234108
79,4755.446866
80,4655.740712
81,4751.535452
82,4781.846625
83,4783.169939
84,4776.489683
85,4889.004607
86,4766.916987
87,4678.956945
88,4690.494784
89,4575.767072
90,4529.974739
91,4691.725428
92,4744.159734
93,4642.654966
94,4659.067442
95,4689.143647
96,4588.046332
97,4607.173160
98,4627.616966
99,4644.856575
100,4542.308641
101,4499.281374
102,4626.624001
103,4697.745537
104,4681.830716
105,4697.566911
106,4637.924624
107,4639.440568
108,4715.704682
109,4728.427244
110,4661.644567
111,4644.348020
112,4680.067348
113,4664.184557
114,4698.330222
115,4551.827326
116,4613.239855
117,4652.597848
118,4588.224093
119,4553.399694
120,4550.126854
121,4616.689458
122,4559.262864
123,4578.763605
124,4595.125655
125,4638.863939
126,4680.369796
127,4630.400398
128,4630.371388
129,4735.487274
130,4586.495030
131,4606.003585
132,4625.390798
133,4557.220571
134,4669.553630
135,4595.818272
136,4585.204535
137,4416.977357
138,4493.603806
139,4485.375527
140,4468.159717
141,4430.003832
142,4524.574790
143,4470.662328
144,4600.066492
145,4698.912229
146,4624.166950
147,4656.278946
148,4595.803097
149,4589.086269
150,4611.998371
151,4653.515911
152,4534.859970
153,4502.014895
154,4476.592358
155,4440.520859
156,4460.575521
157,4399.972047
158,4475.454101
159,4468.703738
160,4439.316357
161,4440.058498
162,4554.658725
163,4626.283496
164,4555.009392
165,4625.813073
166,4640.766778
167,4584.572414
168,4407.009591
169,4491.067510
170,4496.250865
171,4630.318565
172,4702.387320
173,4709.102281
174,4630.605264
175,4613.629563
176,4541.555358
177,4641.124867
178,4762.053943
179,4760.763200
180,4867.985970
181,4845.863843
182,4799.910550
183,4781.473981
184,4745.456405
185,4804.592735
186,4778.491409
187,4789.955014
188,4805.006946
189,4725.822289
190,4807.231690
191,4792.621125
192,4713.501973
193,4722.465856
194,4707.988308
195,4661.999223
196,4664.382421
197,4651.435511
198,4697.978598
199,4567.037940
200,4545.110716
201,4526.098585
202,4426.779709
203,4389.784567
204,4406.714442
205,4420.132328
206,4452.248978
207,4364.432158
208,4476.108301
209,4475.116062
210,4544.828708
211,4581.581431
212,4485.382937
213,4521.774156
214,4522.464582
215,4430.352696
216,4542.837715
217,4468.656966
218,4492.203331
219,4620.384043
220,4548.883970
221,4666.144426
222,4685.343680
223,4713.789537
224,4872.384515
225,4809.176194
226,4784.016604
227,4574.152781
228,4542.797279
229,4482.717829
230,4586.376956
231,4657.261276
232,4620.069497
233,4615.585791
234,4664.371544
235,4629.722162
236,4709.783276
237,4742.906598
238,4649.266371
239,4739.411385
240,4626.290675
241,4564.133149
242,4588.580111
243,4516.456298
244,4541.517958
245,4488.262764
246,4479.642158
247,4562.058382
248,4526.548862
249,4701.195776
250,4670.519231
251,4795.357985
252,4863.245062
253,4891.983208
254,4921.103158
255,4885.041006
256,4778.357124
257,4633.045475
258,4615.720278
259,4757.133602
260,4714.961931
261,4735.739781
262,4750.542394
263,4612.929606
264,4654.386383
265,4621.306522
266,4633.794068
267,4677.370546
268,4642.217194
269,4688.178265
270,4647.631024
271,4688.233245
272,4816.792400
273,4778.465057
274,4876.965365
275,4650.533781
276,4695.590686
277,4671.957937
278,4692.198051
279,4632.601800
280,4572.140090
281,4494.144001
282,4474.478944
283,4516.114139
284,4398.399658
285,4426.907402
286,4419.714976
287,4481.201804
288,4490.039024
289,4511.524079
290,4561.318456
291,4535.096912
292,4494.652860
293,4376.271137
294,4416.537913
295,4486.139221
296,4405.899855
297,4428.701443
298,4494.161417
299,4509.797324
300,4534.953645
301,4570.329840
302,4461.882994
303,4522.245393
304,4600.647719
305,4570.915121
306,4515.257653
307,4571.727483
308,4508.965877
309,4479.805940
310,4460.272534
311,4502.497539
312,4526.385906
313,4655.625623
314,4710.503332
315,4823.788671
316,4821.431534
317,4688.338279
318,4684.938578
319,4663.883002
320,4530.587135
321,4633.068893
322,4513.276119
323,4590.127656
324,4626.400583
325,4634.321645
326,4557.448436
327,4570.155548
328,4540.421788
329,4553.628757
330,4480.979737
331,4443.462221
332,4415.935920
333,4416.280737
334,4501.149726
335,4507.061765
336,4525.291386
337,4569.899583
338,4558.943633
339,4524.841087
340,4641.502851
341,4658.033835
342,4707.357516
343,4740.428639
344,4624.916440
345,4543.169104
346,4620.465577
347,4635.353318
348,4570.734039
349,4515.590608
350,4489.610369
351,4460.949861
352,4592.721539
353,4532.156204
354,4577.885444
355,4579.817714
356,4488.677990
357,4503.388425
358,4535.478743
359,4493.837606
360,4554.480421
361,4470.186849
362,4433.036388
363,4239.917603
364,4249.691020
365,4252.867778
366,4318.849271
367,4245.041685
368,4340.486576
369,4360.907301
370,4401.686034
371,4451.005395
372,4280.507212
373,4436.123007
374,4508.033755
375,4632.190227
376,4484.482049
377,4501.656369
378,4709.419942
379,4583.715995
380,4617.682483
381,4627.956620
382,4716.849938
383,4674.251504
384,4582.906031
385,4602.386638
386,4612.875959
387,4552.635466
388,4568.678315
389,4566.558910
390,4611.403322
391,4569.840644
392,4709.515805
393,4651.496623
394,4686.844343
395,4714.736397
396,4689.992413
397,4524.136084
398,4525.739155
399,4544.653501
400,4613.877518
401,4595.739399
402,4708.018416
403,4789.222752
404,4740.619223
405,4689.136749
406,4686.622948
407,4634.403234
408,4563.741289
409,4513.320959
410,4517.711708
411,4587.102668
412,4480.495692
413,4445.119328
414,4534.858506
415,4401.733375
416,4328.409734
417,4424.968487
418,4435.871262
419,4482.302218
420,4522.677107
421,4535.550849
422,4535.539642
423,4448.122540
424,4466.397810
425,4639.601405
426,4648.649543
427,4647.300661
428,4600.865381
429,4543.749804
430,4582.861933
431,4740.268884
432,4593.079353
433,4690.204779
434,4603.635519
435,4556.336040
436,4532.038658
437,4362.157346
438,4372.644111
439,4336.217372
440,4351.448539
441,4424.217866
442,4417.641632
443,4470.791215
444,4524.329804
445,4460.703290
446,4514.034057
447,4505.953705
448,4470.149997
449,4589.363271
450,4610.085905
451,4629.452574
452,4627.604142
453,4581.997277
454,4563.578380
455,4654.976501
456,4632.887933
457,4503.935636
458,4729.607018
459,4777.200179
460,4857.530677
461,4805.351620
462,4799.806008
463,4834.754919
464,4794.918106
465,4712.477831
466,4706.287797
467,4646.143968
468,4630.310094
469,4657.910063
470,4681.493383
471,4622.331902
472,4637.474736
473,4805.649391
474,4761.056491
475,4801.827869
476,4745.359044
477,4770.131377
478,4762.606659
479,4678.461647
480,4527.703527
481,4605.204890
482,4486.313219
483,4517.025459
484,4526.547989
485,4586.535835
486,4523.779920
487,4453.702081
488,4494.337691
489,4600.981066
490,4711.212700
491,4504.462929
492,4540.341765
493,4578.063446
494,4547.933157
495,4758.910862
496,4627.791427
497,4655.637561
498,4553.425460
499,4653.755491
