0,3123.940422
1,3215.591588
2,3263.068347
3,3403.218672
4,3464.452079
5,3538.080893
6,3571.377341
7,3638.207079
8,3666.471722
9,3726.161019
10,3783.926312
11,3867.545694
12,3980.652731
13,4025.999250
14,4116.258219
15,4143.364632
16,4222.989836
17,4315.650784
18,4311.506795
19,4451.772646
20,4576.195679
21,4697.387292
22,4804.973288
23,4852.384919
24,4866.439442
25,4897.297309
26,5020.042049
27,5132.358408
28,5224.674879
29,5292.470690
30,5319.154612
31,5323.765150
32,5377.147443
33,5459.270067
34,5477.123293
35,5635.012491
36,5677.468792
37,5737.120321
38,5711.553889
39,5768.360123
40,5816.872938
41,5844.133593
42,5868.120459
43,5937.864210
44,6011.038210
45,5942.303638
46,5893.093054
47,5920.399677
48,5905.069254
49,5876.777138
50,5881.562591
51,5960.057462
52,5917.387029
53,5932.253009
54,6002.984881
55,6011.146559
56,6131.590749
57,6080.459428
58,6026.695144
59,6202.709652
60,6263.510644
61,6339.134065
62,6404.686131
63,6401.227865
64,6424.722855
65,6471.662498
66,6570.953391
67,6621.871559
68,6600.800062
69,6624.764651
70,6598.915296
71,6635.120177
72,6601.007904
73,6676.344531
74,6775.287805
75,6837.029987
76,6838.579488
77,6857.368970
78,6843.175928
79,6878.128688
80,6952.752704
81,6949.299246
82,6899.405518
83,6937.289159
84,6943.427170
85,7117.958178
86,7116.952401
87,7207.117366
88,7330.098361
89,7342.433404
90,7273.363787
91,7278.019366
92,7282.426855
93,7304.444071
94,7376.080875
95,7411.590830
96,7433.462380
97,7473.324998
98,7591.606545
99,7690.775891
100,7686.444343
101,7649.169338
102,7640.190216
103,7610.040436
104,7624.438704
105,7607.407389
106,7637.458192
107,7658.258864
108,7675.081693
109,7748.695490
110,7718.443178
111,7786.680453
112,7783.909491
113,7791.488707
114,7805.005888
115,7780.159016
116,7794.051017
117,7736.430606
118,7829.647437
119,7802.227660
120,7839.206661
121,7791.111273
122,7795.128718
123,7871.176973
124,7872.937543
125,7857.454363
126,7834.237228
127,7857.389246
128,7862.869015
129,7901.433370
130,7832.288735
131,7877.038487
132,7909.022050
133,7921.408902
134,7963.123261
135,8049.493721
136,8042.411186
137,8047.817335
138,8070.107777
139,8105.241647
140,8144.248813
141,8186.140424
142,8210.020031
143,8239.261755
144,8272.171048
145,8253.233620
146,8268.998075
147,8294.658857
148,8290.370807
149,8270.381756
150,8346.045431
151,8368.419198
152,8338.952197
153,8374.031562
154,8372.018882
155,8374.211363
156,8436.288706
157,8450.892709
158,8445.604179
159,8410.807727
160,8400.566095
161,8445.374150
162,8418.950308
163,8405.827552
164,8448.876412
165,8479.858010
166,8441.853290
167,8445.906781
168,8430.837435
169,8479.111253
170,8465.538607
171,8500.120642
172,8504.631663
173,8480.191262
174,8484.825138
175,8474.924961
176,8489.316548
177,8519.257789
178,8498.425463
179,8515.309550
180,8540.474494
181,8500.334964
182,8523.000326
183,8543.143990
184,8545.901953
185,8560.341916
186,8560.505711
187,8579.747338
188,8567.922130
189,8578.676214
190,8574.611448
191,8576.876521
192,8579.782018
193,8565.164480
194,8548.765331
195,8564.614185
196,8566.349877
197,8600.708504
198,8577.745313
199,8590.228133
200,8610.876093
201,8602.009389
202,8606.365806
203,8584.948880
204,8607.938584
205,8602.107015
206,8608.328159
207,8593.828566
208,8604.666694
209,8613.228386
210,8595.802877
211,8610.788039
212,8604.863837
213,8613.001510
214,8606.394012
215,8615.705064
216,8619.426972
217,8618.820118
218,8615.617676
219,8599.588467
220,8611.042153
221,8613.213711
222,8625.512689
223,8613.932833
224,8630.510334
225,8622.350530
226,8619.195844
227,8622.917331
228,8623.333467
229,8626.004571
230,8633.562300
231,8625.114523
232,8635.898348
233,8633.677245
234,8630.049243
235,8645.448788
236,8636.920892
237,8644.374156
238,8645.945738
239,8633.163774
240,8634.453602
241,8639.973817
242,8649.408838
243,8645.873226
244,8647.557090
245,8671.874213
246,8670.994701
247,8683.371339
248,8679.094285
249,8687.214889
250,8693.270951
251,8692.228404
252,8693.152200
253,8707.545880
254,8714.124367
255,8717.449738
256,8716.861834
257,8715.854114
258,8712.768993
259,8721.993655
260,8722.177523
261,8723.370948
262,8723.288587
263,8719.598566
264,8719.926788
265,8715.612490
266,8729.650441
267,8723.837791
268,8724.470568
269,8718.862495
270,8724.792091
271,8722.558577
272,8722.848295
273,8721.722456
274,8722.224657
275,8727.254969
276,8724.136317
277,8724.207442
278,8729.239501
279,8723.623297
280,8709.020680
281,8725.473940
282,8728.662007
283,8730.029684
284,8724.240666
285,8721.249658
286,8725.099154
287,8716.239367
288,8720.277757
289,8718.028644
290,8726.076182
291,8725.139473
292,8721.139033
293,8724.557699
294,8724.820297
295,8715.783970
296,8713.479219
297,8711.663425
298,8725.874979
299,8718.107270
300,8725.737107
301,8720.512035
302,8730.312692
303,8722.501205
304,8723.607994
305,8710.836463
306,8713.621835
307,8722.464950
308,8714.288085
309,8719.176300
310,8716.978375
311,8718.116161
312,8724.729500
313,8720.171628
314,8723.268295
315,8724.671679
316,8726.919230
317,8714.305178
318,8716.025475
319,8720.789885
320,8715.646672
321,8727.092168
322,8724.555816
323,8724.483542
324,8724.822022
325,8717.303992
326,8721.176379
327,8720.565620
328,8715.668024
329,8725.355066
330,8726.007829
331,8724.158001
332,8720.629048
333,8724.358337
334,8717.361748
335,8723.508065
336,8716.062622
337,8718.370366
338,8713.346764
339,8719.914484
340,8721.585637
341,8724.966331
342,8717.427765
343,8720.234537
344,8719.409181
345,8719.021824
346,8708.575158
347,8725.680424
348,8717.622953
349,8722.240570
350,8719.277553
351,8719.940236
352,8723.968098
353,8715.230410
354,8719.239404
355,8727.531200
356,8725.135362
357,8723.905399
358,8727.767252
359,8716.324421
360,8727.818576
361,8725.546743
362,8713.572056
363,8713.739392
364,8722.322756
365,8724.565054
366,8716.919772
367,8719.403736
368,8726.920592
369,8726.981064
370,8720.851037
371,8725.208029
372,8726.278100
373,8711.969907
374,8721.965463
375,8725.199478
376,8722.302218
377,8715.208300
378,8718.098152
379,8717.909599
380,8705.850507
381,8723.465980
382,8727.058260
383,8724.918360
384,8717.528460
385,8713.195890
386,8721.682966
387,8713.487762
388,8723.964974
389,8710.676307
390,8729.614237
391,8729.548932
392,8720.134312
393,8720.463848
394,8729.157626
395,8724.296799
396,8715.069780
397,8725.248461
398,8713.338650
399,8711.711529
400,8717.440431
401,8720.052542
402,8716.228787
403,8720.990618
404,8720.430579
405,8720.351846
406,8724.876943
407,8724.253668
408,8715.756726
409,8715.268045
410,8725.335963
411,8719.266423
412,8713.828812
413,8723.354340
414,8715.020362
415,8717.884108
416,8721.737242
417,8723.170537
418,8722.937912
419,8725.846473
420,8715.304247
421,8719.229240
422,8726.181074
423,8729.359330
424,8728.723149
425,8717.639842
426,8716.376696
427,8724.476538
428,8728.204034
429,8724.692250
430,8726.756124
431,8721.973495
432,8727.207775
433,8724.706754
434,8727.239643
435,8720.851479
436,8719.839711
437,8719.386317
438,8724.270282
439,8723.069307
440,8728.410100
441,8715.491637
442,8722.490089
443,8716.550180
444,8711.543543
445,8724.559255
446,8710.353089
447,8726.155593
448,8727.392980
449,8713.088783
450,8707.700189
451,8720.548804
452,8722.364943
453,8726.064802
454,8720.403311
455,8724.141750
456,8727.018709
457,8717.825030
458,8719.326920
459,8720.031321
460,8712.454549
461,8726.393763
462,8726.839004
463,8726.308277
464,8729.335936
465,8721.593630
466,8724.573188
467,8720.150105
468,8724.261707
469,8721.772593
470,8723.376639
471,8719.353762
472,8719.824420
473,8721.465134
474,8720.981378
475,8719.769008
476,8725.467821
477,8721.073790
478,8719.431417
479,8719.001565
480,8724.813548
481,8723.803432
482,8718.628012
483,8723.032142
484,8720.702381
485,8721.688752
486,8724.043789
487,8718.546975
488,8709.086904
489,8720.101095
490,8723.505889
491,8718.201231
492,8722.144883
493,8724.194548
494,8724.535223
495,8716.681691
496,8719.483558
497,8721.122989
498,8724.546211
499,8720.503235
