0,3154.297958
1,6467.924261
2,7010.151183
3,7321.936664
4,7594.187701
5,7848.305267
6,8022.259790
7,8260.002933
8,8334.516186
9,8523.356641
10,8597.497979
11,8741.843423
12,8916.142895
13,9111.146487
14,9284.198875
15,9547.948306
16,9764.421584
17,9877.528130
18,10143.867336
19,9996.237245
20,10100.062361
21,10293.129547
22,10755.041146
23,10814.396589
24,10984.825173
25,11222.972932
26,11234.878221
27,11260.257835
28,11518.131934
29,11796.848064
30,11696.204166
31,11950.921368
32,12169.570983
33,12171.908983
34,12113.740902
35,11990.455148
36,12223.149476
37,12207.143196
38,12398.341279
39,12535.474396
40,12623.657633
41,12545.392169
42,12615.933570
43,12689.585224
44,12754.789526
45,13077.906716
46,12887.208377
47,12988.813554
48,12633.335735
49,13208.892195
50,12839.292876
51,12987.923119
52,12867.736038
53,12952.799258
54,13470.221425
55,13218.318968
56,12948.453553
57,12887.972258
58,13004.656313
59,13550.316177
60,13709.394268
61,13257.485319
62,13230.842691
63,13359.193689
64,13369.765621
65,13185.685467
66,13142.915565
67,12844.018535
68,12903.307625
69,12942.185395
70,12949.077523
71,13350.837135
72,12633.815472
73,13215.676647
74,13409.489827
75,13297.402014
76,12963.264275
77,13013.225686
78,12907.938099
79,13248.625089
80,13141.708381
81,13149.740121
82,13457.440584
83,13298.645766
84,13155.798961
85,13343.126801
86,13134.702562
87,13342.802837
88,13234.648115
89,13369.713604
90,13123.121492
91,12920.899661
92,13072.495675
93,13071.700268
94,13263.202244
95,12926.811535
96,13084.901193
97,13198.947985
98,13157.773039
99,13402.783455
100,13481.761454
101,13330.350524
102,12925.328977
103,13248.353521
104,13522.491749
105,13011.899030
106,13239.403639
107,13121.826575
108,13577.209819
109,12948.966874
110,13183.290644
111,13312.675887
112,12844.722302
113,13382.863169
114,13117.345978
115,13277.156894
116,13091.210984
117,13100.131860
118,13260.125293
119,13276.288499
120,12949.948473
121,12813.733139
122,13286.113820
123,13076.804892
124,13263.590544
125,13177.814150
126,13348.897233
127,13039.014307
128,13439.094178
129,13534.179344
130,13492.831048
131,13329.037085
132,13289.929599
133,13110.644920
134,13059.537473
135,13269.031053
136,13117.032523
137,13271.362666
138,13455.473718
139,13612.117089
140,13632.801056
141,13226.293052
142,13430.101103
143,13359.991818
144,13153.620017
145,13388.533175
146,13520.323729
147,13389.221109
148,13086.752790
149,13192.837339
150,13119.032997
151,13166.094533
152,13326.735653
153,13176.827227
154,13384.653689
155,13364.446083
156,13290.856437
157,13109.839493
158,13646.899335
159,13481.627956
160,13527.330453
161,13315.109907
162,13741.949896
163,13692.130409
164,13431.522107
165,13215.352963
166,13456.438047
167,13267.320800
168,13304.572998
169,13521.681577
170,13494.517142
171,13607.046655
172,13492.776439
173,13667.061141
174,13599.123965
175,13313.976291
176,13267.878073
177,13376.483125
178,13199.345094
179,12900.737950
180,12591.758340
181,13154.614509
182,13197.623635
183,13303.746209
184,13455.208699
185,12959.600544
186,13399.983445
187,13516.635536
188,13400.181631
189,13380.895612
190,13234.081321
191,13729.779073
192,13680.274472
193,13422.215033
194,13464.707499
195,13546.194844
196,13442.317666
197,13164.501620
198,13244.471575
199,13415.958197
200,13631.653945
201,13359.169892
202,13222.954668
203,13464.274961
204,13653.673341
205,13544.895053
206,13176.691538
207,13462.646158
208,13468.165352
209,13703.763458
210,13817.565810
211,13809.320906
212,13076.675090
213,13234.788220
214,13453.725123
215,13174.054064
216,13355.266369
217,13384.330102
218,13511.793055
219,13209.918799
220,12862.538079
221,13277.832068
222,13127.915646
223,13271.095932
224,13347.763630
225,13158.380109
226,13310.132593
227,13255.077383
228,13496.791818
229,13618.343227
230,13220.498867
231,13353.735500
232,13204.798601
233,13010.208450
234,13236.694125
235,13543.488121
236,13494.274805
237,13665.976014
238,13677.788604
239,13168.140878
240,13389.507959
241,13266.722847
242,13408.584304
243,13487.015805
244,13726.538448
245,13419.569683
246,13606.518542
247,13115.497717
248,13531.064026
249,13341.750807
250,13525.346980
251,13481.496582
252,13499.219978
253,13774.840832
254,13476.170587
255,13276.446594
256,13571.607812
257,13704.523793
258,13595.965861
259,13319.880179
260,13408.428741
261,13626.058267
262,13360.526725
263,12929.148841
264,13498.566737
265,13520.683686
266,13603.452832
267,13404.134490
268,13070.475106
269,13631.443819
270,13561.859482
271,13637.037885
272,13495.476291
273,13443.130188
274,13192.686697
275,13731.045768
276,13541.593112
277,13318.957321
278,13401.358416
279,13234.735866
280,13425.218145
281,13395.680393
282,13265.927341
283,13786.293029
284,13965.752574
285,13394.726967
286,13331.289020
287,13284.025884
288,13470.951117
289,13494.971262
290,13330.027168
291,13391.723335
292,13266.181989
293,13374.151813
294,13614.356312
295,13677.331862
296,13837.671737
297,13459.525376
298,13478.616070
299,13421.960462
300,13015.496218
301,13637.944396
302,13549.900512
303,13505.892316
304,13305.586930
305,13544.579172
306,13773.713149
307,13316.413652
308,13654.449506
309,13858.152135
310,13697.621325
311,13661.946801
312,13828.467836
313,13773.274204
314,13317.113977
315,13625.532878
316,13678.907007
317,13297.620273
318,13543.138445
319,13120.930310
320,13574.656282
321,13634.010181
322,13528.141703
323,13295.919596
324,13519.896240
325,13484.426854
326,13172.865766
327,13255.704903
328,13376.758327
329,13561.453063
330,13803.011113
331,13364.840988
332,13455.760524
333,13654.912786
334,13546.514000
335,13979.336650
336,13334.038107
337,13376.063465
338,13376.215397
339,13619.091253
340,13710.465979
341,13362.342037
342,13521.079542
343,13509.607262
344,13496.158524
345,13174.126652
346,13236.367616
347,13540.407247
348,13485.226427
349,13314.708070
350,13290.638294
351,13424.175257
352,13467.739709
353,13316.009298
354,13159.810596
355,13302.833823
356,13703.775717
357,13546.267285
358,13619.354551
359,13546.803466
360,13499.428417
361,13088.805940
362,12978.249311
363,13503.497840
364,13024.008515
365,13565.054443
366,13414.676786
367,13729.909040
368,13169.607066
369,13412.419616
370,13420.784861
371,13761.042335
372,13044.649513
373,13113.540556
374,13245.741042
375,13543.997502
376,13667.687345
377,13656.289984
378,13513.257673
379,13569.184101
380,13220.159801
381,13703.988317
382,13386.532636
383,13457.838430
384,13816.142200
385,13760.038169
386,13321.044161
387,13506.503479
388,13745.227016
389,13421.209000
390,13303.045051
391,13293.798294
392,13799.922368
393,13704.360364
394,13140.195787
395,13801.712480
396,13396.794723
397,13232.127532
398,13276.563765
399,13551.365545
400,13265.943179
401,13523.819315
402,13295.654999
403,13439.419008
404,13416.922924
405,13311.917176
406,13574.328127
407,13335.422867
408,13558.399282
409,13471.864466
410,13182.142146
411,13454.359436
412,13538.607226
413,13547.891491
414,13491.945275
415,13923.094674
416,13912.311441
417,13586.260340
418,13832.663689
419,13106.826755
420,13187.895676
421,13347.111119
422,13300.370942
423,13588.471155
424,13659.113240
425,13941.722097
426,13687.747854
427,13845.557533
428,13824.573490
429,13561.674226
430,13499.688838
431,13070.521128
432,13471.372271
433,13089.993970
434,13545.317311
435,13558.916813
436,13424.721785
437,13491.290868
438,13495.117505
439,13447.536064
440,13254.801532
441,13605.765584
442,13257.713109
443,13226.101759
444,13652.005756
445,13412.386874
446,13267.366648
447,13511.991487
448,13311.503114
449,13395.130768
450,13576.589460
451,13366.635108
452,13903.812875
453,13584.102781
454,13978.677157
455,13772.487345
456,14157.138363
457,14104.484355
458,14063.247273
459,13905.645569
460,14150.303684
461,13967.983141
462,14201.608181
463,13991.821269
464,13990.586675
465,13775.270387
466,13529.435592
467,13711.472081
468,13626.366873
469,13434.764559
470,13818.964898
471,14322.584289
472,13875.149505
473,14069.488739
474,14208.027814
475,14022.288904
476,13899.170628
477,14267.417872
478,14216.490972
479,13947.951186
480,13853.602140
481,13824.226846
482,14201.011402
483,13880.358446
484,14024.767011
485,14317.140072
486,13625.312239
487,14126.237249
488,14134.909455
489,14292.985795
490,14236.406087
491,14036.155360
492,14046.390362
493,14450.318225
494,14421.301977
495,14325.157280
496,13878.217758
497,14096.223862
498,13999.767804
499,13824.867633
