0,3142.645688
1,3167.825389
2,3148.631898
3,3051.615691
4,3138.658471
5,3079.390435
6,3185.264064
7,3248.574858
8,3130.278323
9,3095.094427
10,3057.729011
11,3033.150272
12,3068.570055
13,3033.295864
14,3038.465869
15,3107.450396
16,3100.358768
17,3073.454742
18,3139.884640
19,3081.703829
20,3005.606776
21,2985.319218
22,3061.385305
23,3080.940637
24,3093.982463
25,3083.280101
26,3012.071757
27,3010.641830
28,3037.408974
29,2976.477176
30,3050.294145
31,3111.433653
32,3100.652796
33,3161.225081
34,3142.463378
35,3123.051381
36,3017.421049
37,3020.817658
38,3039.238029
39,3041.057196
40,3079.442757
41,2997.271610
42,3011.306995
43,3028.093182
44,3018.025209
45,3104.501794
46,3148.500484
47,3100.457959
48,3052.338865
49,3027.652331
50,3040.726980
51,3019.450891
52,3104.922138
53,3155.914520
54,3139.621138
55,3179.614723
56,3154.379120
57,3138.855828
58,3158.083427
59,3155.119471
60,3177.941551
61,3150.704513
62,3157.127316
63,3118.943834
64,3086.261311
65,3105.458400
66,3107.415412
67,3104.103936
68,3077.546149
69,3106.782384
70,3101.095344
71,3051.945588
72,3053.791890
73,3076.296147
74,3067.760991
75,3049.737095
76,3026.817784
77,3041.167640
78,3006.562773
79,2980.957808
80,2959.362402
81,3010.451066
82,2995.038537
83,2976.373860
84,2994.725915
85,2964.789282
86,2987.039032
87,3023.586529
88,3077.161367
89,3122.207737
90,3070.268014
91,3099.695879
92,3041.116527
93,3124.754027
94,3021.914218
95,3038.635533
96,3055.456703
97,3025.055344
98,3058.642397
99,3002.931125
100,3029.535925
101,3018.235157
102,2976.191120
103,2960.701098
104,2992.886692
105,3027.573127
106,3064.337430
107,3010.941249
108,3064.333192
109,3123.719575
110,3092.110555
111,3144.436716
112,3146.531332
113,3109.958059
114,3176.721912
115,3197.033207
116,3185.684887
117,3171.328149
118,3156.373321
119,3093.244919
120,3075.471788
121,3124.733422
122,3123.710909
123,3108.510284
124,3117.730337
125,3111.334690
126,3108.998475
127,3107.632218
128,3203.281772
129,3175.411496
130,3176.882937
131,3169.684976
132,3146.196994
133,3192.126915
134,3091.138513
135,3023.083615
136,3040.001026
137,3029.707725
138,3071.260592
139,3074.911385
140,3071.731170
141,3066.379952
142,3109.872170
143,3187.701970
144,3109.032257
145,3146.919569
146,3217.371073
147,3231.217874
148,3173.881018
149,3228.365320
150,3163.723421
151,3035.682590
152,3127.510493
153,3123.768957
154,3084.119576
155,3072.038737
156,3091.472748
157,3068.681561
158,3118.105944
159,3143.646769
160,3073.580683
161,3027.729461
162,3033.832915
163,2979.142328
164,2947.879369
165,2990.618852
166,3019.913944
167,2991.197127
168,3021.214075
169,3106.557092
170,3063.015477
171,3043.761896
172,3026.268253
173,2959.639626
174,2993.375903
175,3061.384830
176,3108.397571
177,3090.262083
178,3078.697110
179,3039.222241
180,3035.037123
181,3092.168301
182,3058.388935
183,3068.903721
184,3056.535533
185,3097.175828
186,3178.444155
187,3092.322056
188,3050.954494
189,3036.437340
190,3007.045400
191,2972.575647
192,2956.760068
193,2972.768063
194,3000.114320
195,3013.812410
196,3042.102334
197,3006.851328
198,2943.194196
199,2964.785228
200,2991.138777
201,2986.677828
202,3019.452612
203,2968.977118
204,3038.661799
205,3063.312775
206,3118.994296
207,3101.342442
208,3143.004648
209,3031.038802
210,2971.758109
211,2951.857235
212,3025.925536
213,3065.502101
214,3024.166915
215,3027.460759
216,3062.875705
217,3096.418963
218,3100.839883
219,3102.303441
220,3115.617717
221,3103.625458
222,3121.018187
223,3060.244392
224,3097.574018
225,3107.758425
226,3106.357744
227,3120.761944
228,3092.731917
229,3025.163912
230,2991.295366
231,3036.516605
232,3125.599894
233,3097.550141
234,3080.230661
235,3060.376596
236,3056.719937
237,3088.460964
238,3107.928194
239,3163.598672
240,3208.843637
241,3177.740700
242,3181.707498
243,3171.601920
244,3111.416631
245,3119.465242
246,3175.365399
247,3055.872656
248,3038.592573
249,3017.768998
250,3021.202758
251,3058.455751
252,3100.391520
253,3061.043041
254,3107.533147
255,3154.506466
256,3109.935354
257,3094.808652
258,3104.163093
259,3074.172735
260,3027.766017
261,2965.351706
262,2998.163225
263,3055.535879
264,3022.021899
265,3074.374701
266,3068.762230
267,3073.643161
268,3078.945652
269,3118.205994
270,3104.732214
271,3111.406331
272,3105.173080
273,3065.884805
274,3071.512445
275,3034.974913
276,3030.849276
277,3117.805391
278,3175.392539
279,3127.276599
280,3115.139884
281,3130.993226
282,3107.437755
283,3066.184839
284,3080.330935
285,3093.973535
286,3058.241653
287,3115.854915
288,3106.387735
289,3076.424940
290,3045.433627
291,2999.525591
292,2984.614885
293,2889.301494
294,2875.638753
295,2941.531064
296,3009.525090
297,2996.492662
298,3009.085680
299,3078.057019
300,3005.034678
301,3009.947280
302,2992.988957
303,2984.174108
304,3002.133906
305,3007.651721
306,2989.449715
307,3017.592460
308,2969.529747
309,3007.485315
310,3038.556369
311,3032.698379
312,2994.173732
313,3008.118228
314,3022.088474
315,3014.531654
316,3036.118902
317,2989.618701
318,2997.148002
319,2975.453674
320,2992.837794
321,3006.230054
322,3032.561727
323,3025.379652
324,3038.822688
325,3082.473372
326,3012.154365
327,2993.192095
328,3013.125751
329,2993.119346
330,3021.273831
331,3008.328600
332,2990.891502
333,2913.406741
334,2976.914155
335,2974.360776
336,2995.268279
337,2987.574254
338,2917.740467
339,2985.812502
340,2944.254161
341,2939.403156
342,3019.750277
343,3023.026734
344,3032.720842
345,3094.622107
346,3086.022649
347,3188.442598
348,3115.444197
349,3119.659632
350,3117.175292
351,3141.430059
352,3123.579280
353,3114.595354
354,3113.956803
355,3132.003641
356,3181.502516
357,3135.614614
358,3139.941251
359,3129.782628
360,3093.815496
361,3142.353408
362,3121.708391
363,3107.944039
364,3093.516666
365,3027.537347
366,3005.947072
367,3058.449941
368,3064.427117
369,3033.464014
370,3129.052513
371,3088.735768
372,3083.176299
373,3091.810686
374,3113.471394
375,3134.972500
376,3084.454310
377,3043.397323
378,3029.881359
379,3000.567733
380,3047.612652
381,3027.686182
382,3043.935639
383,3013.137012
384,2996.774032
385,3030.964575
386,3035.687985
387,3097.268848
388,2986.671817
389,3061.926597
390,3055.139567
391,3084.158605
392,3029.782947
393,2981.750205
394,2992.892431
395,2960.207464
396,3030.601725
397,3052.084107
398,3012.550540
399,3004.059882
400,2984.922593
401,3003.735308
402,3039.779714
403,3039.071630
404,3112.747922
405,3111.504563
406,3069.287685
407,3113.885876
408,3051.407851
409,3021.506208
410,3019.195800
411,3044.897909
412,3075.373397
413,3007.342464
414,3036.747486
415,2927.803249
416,2957.385195
417,3015.920611
418,2941.249466
419,2980.782761
420,3066.841776
421,3009.836485
422,3039.335912
423,3010.694097
424,3035.812125
425,3085.954418
426,3049.722470
427,3119.875895
428,3117.938184
429,3089.314074
430,3120.388342
431,3130.974302
432,3073.174075
433,3075.782494
434,3023.706808
435,2993.456371
436,2979.462507
437,2991.510928
438,2972.812505
439,2984.606446
440,3025.413809
441,3046.769095
442,3112.875996
443,3071.051609
444,3044.675011
445,3083.509224
446,3042.648985
447,3054.983730
448,3054.671330
449,3034.803357
450,3020.992609
451,3051.797578
452,3091.496339
453,3049.948126
454,3066.485401
455,3082.317734
456,3031.251042
457,3044.400359
458,2976.019865
459,2997.902557
460,3066.016241
461,3025.558269
462,3024.054679
463,3025.857800
464,2997.408748
465,3116.151720
466,3128.367207
467,3061.542320
468,3066.200902
469,3088.480311
470,3087.196793
471,3073.741473
472,3037.971314
473,3090.691978
474,3073.797138
475,3070.667740
476,3084.203454
477,3123.199029
478,3156.926595
479,3115.203948
480,3089.987851
481,3121.700733
482,3108.006745
483,3101.548014
484,3121.144093
485,3142.878992
486,3133.220808
487,3140.229298
488,3200.876470
489,3141.444225
490,3115.534769
491,3127.131975
492,3175.599461
493,3146.443162
494,3132.256817
495,3188.141954
496,3129.397616
497,3042.846854
498,3061.846187
499,3105.686733
