0,3087.350825
1,3090.752927
2,3169.990638
3,3175.104590
4,3222.038306
5,3210.458304
6,3307.406399
7,3349.816648
8,3306.678895
9,3274.354726
10,3320.368572
11,3356.238535
12,3278.394608
13,3306.910457
14,3299.087192
15,3313.629663
16,3231.041951
17,3300.418953
18,3273.015058
19,3302.822489
20,3309.810673
21,3407.744096
22,3473.559288
23,3512.982088
24,3459.991698
25,3483.874526
26,3431.353944
27,3486.250777
28,3503.355729
29,3485.846464
30,3476.752487
31,3426.263736
32,3375.629495
33,3448.067627
34,3433.152902
35,3384.439816
36,3393.900087
37,3443.061409
38,3465.201572
39,3534.297409
40,3582.986745
41,3606.053602
42,3602.086161
43,3602.958375
44,3607.937138
45,3577.793631
46,3637.602176
47,3678.639705
48,3753.386831
49,3821.378342
50,3810.159268
51,3776.359339
52,3877.216711
53,3979.295174
54,3925.408644
55,3930.809906
56,3980.698011
57,3964.318714
58,3955.841220
59,3933.889702
60,3997.337291
61,4088.570761
62,4235.115744
63,4147.658863
64,4152.831719
65,4170.581259
66,4131.086787
67,4217.111750
68,4253.400076
69,4231.175641
70,4218.561443
71,4176.297952
72,4068.760815
73,4085.428047
74,4161.740955
75,4299.006250
76,4251.139254
77,4401.312265
78,4596.533365
79,4684.854197
80,4619.794373
81,4580.133416
82,4593.904022
83,4631.401745
84,4593.992346
85,4594.920511
86,4643.872183
87,4725.550876
88,4750.159248
89,4863.891579
90,4793.106651
91,4861.785587
92,4743.953003
93,4739.636780
94,4818.636260
95,4935.848447
96,4911.298732
97,4918.624479
98,4944.133964
99,5001.938962
100,5032.123464
101,5039.896685
102,5142.307468
103,5007.683013
104,5046.650940
105,5095.305326
106,5134.628821
107,5208.918761
108,5261.815983
109,5096.126565
110,5139.139385
111,5164.388096
112,5205.820381
113,5226.167857
114,5245.452135
115,5313.591086
116,5400.720072
117,5459.164667
118,5652.502870
119,5662.675167
120,5866.952517
121,5809.577904
122,5806.969385
123,5915.039877
124,5976.968642
125,5982.268476
126,6000.586852
127,6058.251635
128,6216.644812
129,6254.847504
130,6283.679209
131,6349.957141
132,6388.583376
133,6392.619072
134,6393.232878
135,6436.426835
136,6441.974812
137,6444.494410
138,6486.340169
139,6484.187653
140,6497.973889
141,6545.787323
142,6581.602214
143,6632.897003
144,6563.281002
145,6655.501428
146,6677.863458
147,6745.714470
148,6714.731679
149,6743.264727
150,6740.527637
151,6765.373998
152,6812.045292
153,6744.640378
154,6749.940989
155,6804.956698
156,6835.273171
157,6817.855986
158,6783.231120
159,6844.301413
160,6826.960488
161,6821.113141
162,6839.278451
163,6827.046238
164,6831.706445
165,6799.374443
166,6857.838396
167,6855.070113
168,6869.281165
169,6869.943081
170,6839.129329
171,6874.842360
172,6875.157281
173,6838.182250
174,6886.040429
175,6870.119045
176,6880.040020
177,6868.206238
178,6881.337546
179,6885.475141
180,6887.154020
181,6857.749357
182,6895.825253
183,6896.310028
184,6895.877338
185,6887.010513
186,6885.002132
187,6883.668197
188,6897.662572
189,6890.838370
190,6890.498901
191,6899.944713
192,6900.578903
193,6885.449256
194,6908.281519
195,6910.400196
196,6913.248741
197,6901.716390
198,6915.153990
199,6917.389116
200,6917.874716
201,6918.991970
202,6919.776605
203,6922.327558
204,6922.110152
205,6922.761958
206,6923.495599
207,6923.645014
208,6923.730003
209,6923.763999
210,6924.147818
211,6924.446647
212,6924.079826
213,6924.996878
214,6924.796470
215,6925.248280
216,6925.081867
217,6925.265278
218,6925.815509
219,6926.182329
220,6926.182329
221,6926.182329
222,6926.182329
223,6926.182329
224,6926.182329
225,6926.182329
226,6926.182329
227,6926.182329
228,6926.182329
229,6926.182329
230,6926.182329
231,6926.182329
232,6926.182329
233,6926.182329
234,6926.182329
235,6926.182329
236,6926.182329
237,6926.182329
238,6926.182329
239,6926.182329
240,6926.182329
241,6926.182329
242,6926.182329
243,6926.182329
244,6926.182329
245,6926.182329
246,6926.182329
247,6926.182329
248,6926.182329
249,6926.182329
250,6926.182329
251,6926.182329
252,6926.182329
253,6926.182329
254,6926.182329
255,6926.182329
256,6926.182329
257,6926.182329
258,6926.182329
259,6926.182329
260,6926.182329
261,6926.182329
262,6926.182329
263,6926.182329
264,6926.182329
265,6926.182329
266,6926.182329
267,6926.182329
268,6926.182329
269,6926.182329
270,6926.182329
271,6926.182329
272,6926.182329
273,6926.182329
274,6926.182329
275,6926.182329
276,6926.182329
277,6926.182329
278,6926.182329
279,6926.182329
280,6926.182329
281,6926.182329
282,6926.182329
283,6926.182329
284,6926.182329
285,6926.182329
286,6926.182329
287,6926.182329
288,6926.182329
289,6926.182329
290,6926.182329
291,6926.182329
292,6926.182329
293,6926.182329
294,6926.182329
295,6926.182329
296,6926.182329
297,6926.182329
298,6926.182329
299,6926.182329
300,6926.182329
301,6926.182329
302,6926.182329
303,6926.182329
304,6926.182329
305,6926.182329
306,6926.182329
307,6926.182329
308,6926.182329
309,6926.182329
310,6926.182329
311,6926.182329
312,6926.182329
313,6926.182329
314,6926.182329
315,6926.182329
316,6926.182329
317,6926.182329
318,6926.182329
319,6926.182329
320,6926.182329
321,6926.182329
322,6926.182329
323,6926.182329
324,6926.182329
325,6926.182329
326,6926.182329
327,6926.182329
328,6926.182329
329,6926.182329
330,6926.182329
331,6926.182329
332,6926.182329
333,6926.182329
334,6926.182329
335,6926.182329
336,6926.182329
337,6926.182329
338,6926.182329
339,6926.182329
340,6926.182329
341,6926.182329
342,6926.182329
343,6926.182329
344,6926.182329
345,6926.182329
346,6926.182329
347,6926.182329
348,6926.182329
349,6926.182329
350,6926.182329
351,6926.182329
352,6926.182329
353,6926.182329
354,6926.182329
355,6926.182329
356,6926.182329
357,6926.182329
358,6926.182329
359,6926.182329
360,6926.182329
361,6926.182329
362,6926.182329
363,6926.182329
364,6926.182329
365,6926.182329
366,6926.182329
367,6926.182329
368,6926.182329
369,6926.182329
370,6926.182329
371,6926.182329
372,6926.182329
373,6926.182329
374,6926.182329
375,6926.182329
376,6926.182329
377,6926.182329
378,6926.182329
379,6926.182329
380,6926.182329
381,6926.182329
382,6926.182329
383,6926.182329
384,6926.182329
385,6926.182329
386,6926.182329
387,6926.182329
388,6926.182329
389,6926.182329
390,6926.182329
391,6926.182329
392,6926.182329
393,6926.182329
394,6926.182329
395,6926.182329
396,6926.182329
397,6926.182329
398,6926.182329
399,6926.182329
400,6926.182329
401,6926.182329
402,6926.182329
403,6926.182329
404,6926.182329
405,6926.182329
406,6926.182329
407,6926.182329
408,6926.182329
409,6926.182329
410,6926.182329
411,6926.182329
412,6926.182329
413,6926.182329
414,6926.182329
415,6926.182329
416,6926.182329
417,6926.182329
418,6926.182329
419,6926.182329
420,6926.182329
421,6926.182329
422,6926.182329
423,6926.182329
424,6926.182329
425,6926.182329
426,6926.182329
427,6926.182329
428,6926.182329
429,6926.182329
430,6926.182329
431,6926.182329
432,6926.182329
433,6926.182329
434,6926.182329
435,6926.182329
436,6926.182329
437,6926.182329
438,6926.182329
439,6926.182329
440,6926.182329
441,6926.182329
442,6926.182329
443,6926.182329
444,6926.182329
445,6926.182329
446,6926.182329
447,6926.182329
448,6926.182329
449,6926.182329
450,6926.182329
451,6926.182329
452,6926.182329
453,6926.182329
454,6926.182329
455,6926.182329
456,6926.182329
457,6926.182329
458,6926.182329
459,6926.182329
460,6926.182329
461,6926.182329
462,6926.182329
463,6926.182329
464,6926.182329
465,6926.182329
466,6926.182329
467,6926.182329
468,6926.182329
469,6926.182329
470,6926.182329
471,6926.182329
472,6926.182329
473,6926.182329
474,6926.182329
475,6926.182329
476,6926.182329
477,6926.182329
478,6926.182329
479,6926.182329
480,6926.182329
481,6926.182329
482,6926.182329
483,6926.182329
484,6926.182329
485,6926.182329
486,6926.182329
487,6926.182329
488,6926.182329
489,6926.182329
490,6926.182329
491,6926.182329
492,6926.182329
493,6926.182329
494,6926.182329
495,6926.182329
496,6926.182329
497,6926.182329
498,6926.182329
499,6926.182329
