0,3166.363152
1,6340.995515
2,6769.746563
3,7102.611632
4,7411.167303
5,7687.751501
6,7980.675017
7,8279.347462
8,8522.676412
9,8781.431106
10,9010.302437
11,9213.691151
12,9504.007931
13,9793.311614
14,10049.828975
15,10254.641611
16,10535.777290
17,10823.342658
18,11017.637414
19,11181.808266
20,11355.102592
21,11502.543929
22,11686.303367
23,11802.554057
24,11925.950110
25,12083.960004
26,12262.134724
27,12464.437051
28,12509.717856
29,12717.728270
30,12690.882197
31,12851.927433
32,12925.662738
33,12979.957726
34,13052.366910
35,13084.359228
36,13143.175597
37,13222.810172
38,13246.015588
39,13211.545462
40,13317.724666
41,13428.928197
42,13432.466611
43,13556.439144
44,13564.756954
45,13567.920135
46,13686.745890
47,13653.360332
48,13729.348672
49,13786.298987
50,13831.333556
51,13996.662238
52,13937.549682
53,13940.184057
54,14114.794122
55,14099.034292
56,14193.514846
57,14124.725563
58,14203.418054
59,14222.671875
60,14242.087942
61,14313.852501
62,14327.068575
63,14402.819313
64,14467.712190
65,14484.092197
66,14504.801002
67,14597.101472
68,14541.053557
69,14584.409122
70,14647.996113
71,14591.881764
72,14677.773694
73,14689.433401
74,14626.362123
75,14780.208229
76,14769.139001
77,14741.593505
78,14756.139621
79,14823.710613
80,14891.196917
81,14930.969577
82,14899.311410
83,14911.807644
84,14932.302878
85,14887.024697
86,14996.449818
87,14981.834413
88,15094.767221
89,15159.381828
90,15073.396662
91,15220.570155
92,15295.997203
93,15178.344224
94,15210.569173
95,15251.841017
96,15451.535072
97,15395.620261
98,15556.227743
99,15420.116198
100,15460.077253
101,15450.246357
102,15406.921286
103,15533.220666
104,15548.828096
105,15534.370380
106,15450.717228
107,15396.653738
108,15528.482473
109,15594.739131
110,15543.489207
111,15335.950976
112,15321.975351
113,15389.077343
114,15501.714915
115,15344.398360
116,15415.508838
117,15328.545216
118,15487.933899
119,15425.391504
120,15412.883433
121,15558.402814
122,15509.010963
123,15455.419939
124,15626.584959
125,15568.666706
126,15553.354269
127,15461.477113
128,15378.274146
129,15230.243581
130,15283.706764
131,15373.318518
132,15451.813923
133,15520.714984
134,15550.357247
135,15455.386641
136,15508.042253
137,15424.684334
138,15572.402141
139,15576.725761
140,15477.150395
141,15451.341351
142,15410.167974
143,15365.105817
144,15450.618469
145,15542.772672
146,15513.336271
147,15527.566198
148,15608.033136
149,15487.957498
150,15607.666259
151,15543.852570
152,15500.939561
153,15588.297707
154,15637.089335
155,15601.967110
156,15599.870290
157,15580.809154
158,15357.542539
159,15364.416673
160,15356.887187
161,15390.775440
162,15352.484214
163,15357.356199
164,15368.574193
165,15470.515517
166,15528.648644
167,15358.619565
168,15517.123352
169,15633.879070
170,15605.499035
171,15545.560506
172,15442.550103
173,15424.330647
174,15499.763974
175,15537.582942
176,15529.845307
177,15361.830633
178,15512.659573
179,15407.242390
180,15519.856536
181,15389.328046
182,15588.747147
183,15465.048937
184,15640.113791
185,15588.701200
186,15541.485715
187,15459.672081
188,15471.266309
189,15460.726563
190,15417.860829
191,15450.481976
192,15588.452664
193,15503.946696
194,15528.266954
195,15588.705709
196,15566.695309
197,15492.460020
198,15524.323682
199,15534.027375
200,15430.823120
201,15430.561508
202,15432.968226
203,15559.412563
204,15475.854308
205,15435.484365
206,15631.034342
207,15550.689674
208,15481.476794
209,15389.993291
210,15495.531664
211,15455.366434
212,15528.597265
213,15647.704113
214,15621.653212
215,15505.457060
216,15478.163872
217,15517.920722
218,15568.349775
219,15571.632313
220,15555.181354
221,15505.923536
222,15516.645451
223,15606.034842
224,15576.466640
225,15538.073698
226,15642.661618
227,15602.511050
228,15786.086841
229,15728.531371
230,15643.946929
231,15557.403943
232,15593.155706
233,15451.993370
234,15587.871922
235,15555.287203
236,15684.431743
237,15720.603285
238,15912.772395
239,15726.351861
240,15693.815074
241,15681.345283
242,15778.518977
243,15730.874210
244,15744.543816
245,15708.384175
246,15621.487756
247,15649.683943
248,15739.645864
249,15756.181918
250,15827.134041
251,15686.390017
252,15777.445049
253,15771.567042
254,15818.836568
255,15814.420118
256,15839.431268
257,15795.129925
258,15793.247681
259,15841.492785
260,15893.216284
261,15963.480700
262,15790.677659
263,15983.509007
264,15956.358374
265,15880.425668
266,15920.133125
267,16033.442959
268,16048.086794
269,16042.747806
270,16026.473732
271,15944.622710
272,16124.451716
273,16099.932785
274,16161.732384
275,16128.761968
276,15961.215899
277,15927.371536
278,16029.456585
279,16039.633636
280,15986.311131
281,16035.999500
282,16084.540294
283,16067.582718
284,15989.801747
285,15956.822770
286,15963.857695
287,15970.473548
288,16014.515014
289,16080.357759
290,16195.322670
291,16196.262559
292,16131.215619
293,16284.721672
294,16152.305664
295,16077.424317
296,16111.560372
297,16219.346029
298,16183.193352
299,16302.261228
300,16244.581932
301,16118.500179
302,16082.857497
303,16115.928596
304,16073.858558
305,15947.292689
306,15959.247517
307,16152.789125
308,16184.686738
309,16112.711814
310,16181.994123
311,16196.192905
312,16165.958545
313,16107.812280
314,16043.506127
315,16155.714203
316,16093.544700
317,16071.289487
318,16025.661128
319,16064.097509
320,16219.515727
321,16101.266735
322,16120.394146
323,16066.202492
324,15960.289547
325,16111.939013
326,16142.861336
327,16145.766145
328,16194.960366
329,16052.360682
330,16018.504577
331,16058.484411
332,16094.346405
333,16205.909616
334,16003.361961
335,16070.883977
336,16019.137415
337,16083.783848
338,16153.331389
339,16056.238565
340,16123.791128
341,16057.087006
342,16103.055912
343,16187.749453
344,16095.335913
345,16159.025400
346,16207.717306
347,16144.369583
348,16164.192990
349,16310.903183
350,16373.087466
351,16379.854990
352,16306.155811
353,16363.865654
354,16341.563043
355,16442.229113
356,16489.424654
357,16506.518075
358,16560.164571
359,16404.046368
360,16451.461074
361,16390.144820
362,16559.347140
363,16480.335695
364,16449.545308
365,16593.870564
366,16634.562132
367,16538.177024
368,16483.188978
369,16490.549262
370,16438.984474
371,16381.563141
372,16385.434811
373,16441.823058
374,16499.766409
375,16552.938786
376,16445.919133
377,16434.484197
378,16471.427388
379,16345.242136
380,16349.048696
381,16362.642823
382,16462.206216
383,16330.656415
384,16563.032481
385,16494.901818
386,16455.364386
387,16408.535203
388,16413.320712
389,16498.785993
390,16494.985229
391,16546.263193
392,16455.087230
393,16503.037460
394,16433.211829
395,16365.552388
396,16376.842197
397,16387.554508
398,16406.148579
399,16353.552930
400,16413.199875
401,16442.669126
402,16495.062413
403,16433.075590
404,16427.899389
405,16399.470900
406,16548.473149
407,16529.275425
408,16516.484407
409,16555.509956
410,16641.352001
411,16652.367086
412,16417.408703
413,16549.201434
414,16628.055467
415,16571.328814
416,16517.127386
417,16384.753510
418,16518.622856
419,16499.894435
420,16524.679534
421,16347.134626
422,16326.599475
423,16417.139986
424,16377.206397
425,16450.519437
426,16394.515502
427,16483.685530
428,16506.602822
429,16415.652049
430,16373.676193
431,16386.430364
432,16472.428881
433,16514.349606
434,16470.143853
435,16257.474889
436,16283.277228
437,16414.361894
438,16375.787184
439,16509.222466
440,16434.214141
441,16484.537708
442,16393.411180
443,16508.069305
444,16577.363514
445,16455.118008
446,16378.637758
447,16329.854021
448,16253.629599
449,16281.643398
450,16502.734693
451,16480.826585
452,16610.863959
453,16541.812261
454,16560.177808
455,16603.608707
456,16532.999917
457,16384.537116
458,16343.941137
459,16306.656065
460,16304.795815
461,16404.877691
462,16434.112423
463,16556.221727
464,16593.263739
465,16460.218490
466,16344.034743
467,16262.880645
468,16318.438352
469,16484.471226
470,16379.890918
471,16388.528048
472,16430.300488
473,16524.653288
474,16526.685053
475,16490.779074
476,16503.982702
477,16609.911264
478,16656.662575
479,16571.150414
480,16456.838117
481,16399.541205
482,16426.302061
483,16542.856653
484,16617.420425
485,16622.237444
486,16501.791463
487,16579.123284
488,16432.692226
489,16486.774936
490,16430.990181
491,16398.806316
492,16447.300629
493,16472.354485
494,16433.627830
495,16385.099876
496,16344.055464
497,16457.171382
498,16420.814500
499,16517.313863
