0,3108.887136
1,3182.669920
2,3294.451697
3,3355.631194
4,3468.588951
5,3445.847357
6,3502.935833
7,3535.814503
8,3595.795288
9,3625.199000
10,3679.614784
11,3715.852984
12,3638.665364
13,3704.569077
14,3696.187746
15,3721.847366
16,3735.466192
17,3727.856188
18,3768.872124
19,3830.390352
20,3829.748856
21,3776.129116
22,3833.690373
23,3820.013479
24,3777.015403
25,3927.739650
26,3907.727877
27,3841.322424
28,3850.955956
29,3886.279322
30,3853.616481
31,3825.898530
32,3997.856064
33,4040.123394
34,4067.644251
35,3992.081545
36,3950.975537
37,3901.593053
38,3903.373058
39,3877.298771
40,3940.293836
41,3913.973407
42,3966.213029
43,3907.379055
44,3863.229516
45,3813.609756
46,3906.316139
47,3969.018522
48,3958.496458
49,3932.339736
50,3867.244203
51,3812.989554
52,3828.670782
53,3931.365429
54,3865.030762
55,3823.518977
56,3883.611664
57,3935.526077
58,3922.288627
59,3951.788524
60,4007.936982
61,4018.710172
62,4029.332003
63,3971.487968
64,4042.310549
65,4020.062112
66,4014.610809
67,4057.971581
68,4012.896380
69,3994.565483
70,4018.397655
71,3991.949093
72,4064.638669
73,4016.950047
74,3959.618667
75,3904.393241
76,3900.150769
77,4059.896403
78,4030.036009
79,4115.068091
80,4073.618457
81,4021.729057
82,4054.521362
83,4097.427131
84,4119.067771
85,4081.846633
86,3975.332111
87,4052.698854
88,3954.739625
89,3968.470612
90,4045.246894
91,4000.202481
92,3979.888692
93,3940.171658
94,4060.768370
95,4054.534782
96,4052.433963
97,4138.335718
98,4201.629369
99,4134.638493
100,4010.035627
101,4124.416166
102,4200.652007
103,4152.642966
104,4153.083191
105,4130.332235
106,4021.084412
107,4027.386317
108,4030.540145
109,4143.633435
110,4006.980571
111,3992.075992
112,4030.661398
113,3984.171632
114,3977.319275
115,3977.649207
116,3969.159445
117,3874.096772
118,3895.758630
119,4011.172590
120,4063.443825
121,4031.008115
122,4078.026701
123,4115.783949
124,3980.987480
125,4017.104730
126,3999.292587
127,4052.456190
128,3967.310652
129,3908.860351
130,3856.008646
131,3903.627887
132,3878.975256
133,3882.659519
134,3919.240045
135,3901.639381
136,3972.941801
137,3956.041926
138,3914.907207
139,3870.870682
140,3933.352804
141,3906.653444
142,3910.876555
143,3931.454826
144,3873.088132
145,3836.313970
146,3806.484419
147,3811.453185
148,3941.233798
149,3899.722175
150,3919.159576
151,3861.876254
152,3834.903459
153,3819.566983
154,3779.584830
155,3731.376827
156,3781.992646
157,3802.882958
158,3887.458470
159,3819.071297
160,3753.378624
161,3772.331561
162,3899.324576
163,3926.179094
164,3923.387035
165,3862.848098
166,3904.577723
167,3876.695856
168,3882.897244
169,3930.382757
170,3867.456276
171,3871.774606
172,3888.535061
173,3977.296512
174,3959.502397
175,3992.140212
176,3907.732239
177,4044.341472
178,4075.544269
179,4104.090245
180,4155.137756
181,4020.035130
182,3952.910973
183,3973.155887
184,4056.498891
185,4154.071681
186,3991.253770
187,4068.260581
188,4114.022992
189,4161.580196
190,4184.351056
191,4112.108875
192,3992.589628
193,3961.758870
194,3939.627149
195,3866.006587
196,3835.473626
197,3893.322983
198,3826.618872
199,3747.030378
200,3708.097876
201,3755.886329
202,3772.265740
203,3775.275746
204,3803.101911
205,3784.392309
206,3807.155428
207,3904.987560
208,3874.428167
209,3865.482029
210,3804.187917
211,3839.703559
212,3867.184817
213,3840.066149
214,3886.989125
215,3945.956908
216,4037.685524
217,4068.652147
218,4021.090702
219,3947.097525
220,4031.094479
221,3986.157192
222,3919.426509
223,3964.817226
224,4028.138690
225,4034.766093
226,4080.089212
227,3932.275006
228,3985.253999
229,4033.152389
230,3983.436719
231,4017.801467
232,3962.595004
233,3973.451423
234,3947.649921
235,3996.579371
236,3964.161697
237,3831.340216
238,3808.832490
239,3843.122032
240,3846.783705
241,3814.894471
242,3741.677988
243,3795.107703
244,3801.032303
245,3745.711764
246,3750.712866
247,3814.269731
248,3729.819180
249,3818.443841
250,3804.355843
251,3736.240034
252,3696.885912
253,3759.134466
254,3844.720407
255,3859.862292
256,3855.507316
257,3793.321228
258,3777.835340
259,3840.767408
260,3776.962193
261,3718.118394
262,3796.067284
263,3836.749171
264,3842.419979
265,3908.496482
266,3895.780386
267,3831.836860
268,3848.818387
269,3790.456251
270,3816.383445
271,3822.100853
272,3833.670482
273,3771.490557
274,3730.081128
275,3707.821039
276,3718.629146
277,3792.657283
278,3786.009149
279,3907.429029
280,3871.393760
281,3839.233478
282,3812.157926
283,3827.830069
284,3821.408550
285,3864.561542
286,3824.423786
287,3834.968996
288,3784.567306
289,3715.451110
290,3727.754149
291,3768.218113
292,3741.979193
293,3749.899178
294,3788.856754
295,3857.454796
296,3872.666363
297,3847.563512
298,3841.470580
299,3886.791018
300,3865.557009
301,3874.032308
302,3869.190973
303,3937.523146
304,3905.241173
305,4045.208669
306,4039.389572
307,3975.795323
308,3968.930988
309,4014.440698
310,4040.832723
311,4044.459483
312,4058.432149
313,4025.830908
314,3988.603426
315,4023.124088
316,3988.854035
317,3983.791669
318,3986.245249
319,4005.610055
320,3992.285422
321,3970.116140
322,3929.488302
323,3912.852988
324,4012.217519
325,3980.051690
326,3895.100664
327,3922.753971
328,3887.300238
329,3927.458185
330,3842.702677
331,3833.190249
332,3809.219800
333,3779.307145
334,3776.193682
335,3792.070957
336,3895.149675
337,3912.301348
338,3892.324773
339,3927.047793
340,3865.488091
341,3847.155136
342,3912.581634
343,3936.646285
344,3926.885712
345,3926.564855
346,3924.260686
347,3865.563332
348,3876.556715
349,3912.825218
350,3962.414596
351,3952.766831
352,3887.441487
353,3928.154202
354,3891.352856
355,3922.777583
356,3865.465342
357,4003.198997
358,3972.991768
359,4062.881870
360,4218.473276
361,4240.378114
362,4260.726782
363,4237.340748
364,4285.740396
365,4217.299453
366,4332.091424
367,4309.930525
368,4322.148322
369,4278.379867
370,4272.435296
371,4253.732647
372,4228.159339
373,4331.855932
374,4341.369239
375,4285.073756
376,4187.184848
377,4043.585110
378,4091.925269
379,3967.940516
380,3974.684049
381,4093.348469
382,4056.188245
383,4102.675437
384,4216.962052
385,4245.997559
386,4190.405758
387,4228.226289
388,4309.714277
389,4237.566642
390,4278.678252
391,4275.204628
392,4237.672476
393,4273.545599
394,4248.905756
395,4404.642294
396,4368.053736
397,4188.115959
398,4134.090440
399,4198.326742
400,4325.899813
401,4335.952539
402,4343.571864
403,4364.729630
404,4284.682155
405,4179.651762
406,4121.223932
407,4126.825237
408,4022.905540
409,4123.451836
410,4141.742095
411,3952.720195
412,3956.453529
413,4112.289261
414,4135.084158
415,4038.264306
416,4062.522275
417,4031.796445
418,4096.976884
419,4133.699189
420,4157.933372
421,4255.202951
422,4117.092030
423,4004.593060
424,4025.571450
425,4046.021968
426,4071.483562
427,4175.539137
428,4251.323176
429,4165.581856
430,4054.125793
431,3914.386504
432,4040.703352
433,3991.910485
434,3962.078110
435,3940.947367
436,3947.123379
437,4039.497596
438,3990.505100
439,4037.672546
440,4069.984028
441,4097.104406
442,4141.678332
443,4047.664976
444,3991.639388
445,3916.846938
446,3858.489579
447,3931.088589
448,4122.128414
449,4064.521975
450,4104.406884
451,4044.482119
452,4001.991271
453,4089.836649
454,4222.652971
455,4080.048222
456,4131.558976
457,4146.613508
458,4188.067008
459,4263.438481
460,4261.384827
461,4054.094957
462,4057.978579
463,4078.064683
464,4057.562658
465,4021.862364
466,4096.021526
467,4040.109913
468,3983.366011
469,3982.500338
470,4005.771043
471,4043.590204
472,3987.490431
473,3900.558719
474,3973.934651
475,3937.387710
476,4001.439415
477,3983.332350
478,3868.232773
479,3952.095113
480,3971.648289
481,4034.945747
482,3922.977419
483,3947.700786
484,4039.545603
485,4124.049618
486,4059.126871
487,3996.082468
488,4004.661511
489,4085.132929
490,4054.059322
491,4038.291863
492,4064.217541
493,4010.189680
494,3995.527713
495,4002.839655
496,4016.714276
497,4071.963012
498,4147.191232
499,4184.008066
