0,3113.078281
1,3512.973835
2,3792.523916
3,4029.981180
4,4262.387730
5,4523.099016
6,4786.476120
7,5020.901395
8,5280.087202
9,5477.172313
10,5655.151586
11,5805.929897
12,5950.834910
13,6112.853689
14,6237.651625
15,6375.779882
16,6490.621375
17,6629.219277
18,6744.168175
19,6842.602640
20,6924.166354
21,7016.701503
22,7113.671260
23,7208.046236
24,7284.184687
25,7364.311324
26,7435.870543
27,7494.122326
28,7556.882910
29,7607.517516
30,7662.881670
31,7706.468928
32,7732.121158
33,7749.258822
34,7773.431992
35,7810.057204
36,7838.945942
37,7853.352392
38,7866.258903
39,7876.543749
40,7883.949807
41,7889.124493
42,7896.644219
43,7905.868987
44,7916.436369
45,7936.875304
46,7966.117490
47,8005.220773
48,8028.471707
49,8034.579476
50,8043.175876
51,8044.811957
52,8044.811957
53,8044.811957
54,8044.811957
55,8044.811957
56,8044.811957
57,8044.811957
58,8044.811957
59,8045.231034
60,8045.231034
61,8045.650111
62,8045.650111
63,8046.488265
64,8046.907342
65,8048.164573
66,8048.583649
67,8057.036734
68,8059.132119
69,8070.937818
70,8102.770615
71,8139.253557
72,8203.683417
73,8297.704467
74,8401.142291
75,8541.000762
76,8644.466425
77,8644.466425
78,8644.466425
79,8644.466425
80,8644.466425
81,8644.466425
82,8644.466425
83,8644.466425
84,8644.466425
85,8644.466425
86,8644.466425
87,8644.466425
88,8644.466425
89,8644.466425
90,8644.466425
91,8644.466425
92,8644.466425
93,8644.466425
94,8644.466425
95,8644.466425
96,8644.466425
97,8644.466425
98,8644.466425
99,8644.466425
100,8644.466425
101,8644.466425
102,8644.466425
103,8644.466425
104,8644.466425
105,8644.466425
106,8644.466425
107,8644.466425
108,8644.466425
109,8644.466425
110,8644.466425
111,8644.466425
112,8644.466425
113,8644.466425
114,8644.466425
115,8644.466425
116,8644.466425
117,8644.466425
118,8644.466425
119,8644.466425
120,8644.466425
121,8644.517295
122,8644.517295
123,8644.619033
124,8644.771641
125,8645.076858
126,8645.382074
127,8645.839898
128,8646.602939
129,8647.823804
130,8649.502494
131,8652.198571
132,8657.132900
133,8657.183769
134,8657.183769
135,8657.183769
136,8657.183769
137,8657.183769
138,8657.183769
139,8657.183769
140,8657.183769
141,8657.183769
142,8657.183769
143,8657.183769
144,8657.183769
145,8657.183769
146,8657.183769
147,8657.183769
148,8657.183769
149,8657.183769
150,8657.183769
151,8657.183769
152,8657.183769
153,8657.183769
154,8657.183769
155,8657.183769
156,8657.183769
157,8657.183769
158,8657.183769
159,8657.183769
160,8657.268027
161,8657.436543
162,8657.436543
163,8657.605058
164,8657.773574
165,8657.857831
166,8658.194862
167,8658.784667
168,8659.374471
169,8660.469822
170,8663.081812
171,8665.609544
172,8669.148369
173,8675.467700
174,8678.248206
175,8678.248206
176,8678.248206
177,8678.248206
178,8678.248206
179,8678.248206
180,8678.248206
181,8678.248206
182,8678.248206
183,8678.248206
184,8678.248206
185,8678.248206
186,8678.248206
187,8678.248206
188,8678.248206
189,8678.248206
190,8678.248206
191,8678.248206
192,8678.248206
193,8678.248206
194,8678.248206
195,8678.248206
196,8678.248206
197,8678.248206
198,8678.248206
199,8678.248206
200,8678.248206
201,8678.248206
202,8678.248206
203,8678.248206
204,8678.248206
205,8678.248206
206,8678.248206
207,8678.248206
208,8678.248206
209,8678.248206
210,8678.248206
211,8678.248206
212,8678.248206
213,8678.248206
214,8678.248206
215,8678.248206
216,8678.248206
217,8678.248206
218,8678.248206
219,8678.248206
220,8678.248206
221,8678.248206
222,8678.248206
223,8678.248206
224,8678.248206
225,8678.248206
226,8678.248206
227,8678.248206
228,8678.248206
229,8678.248206
230,8678.248206
231,8678.248206
232,8678.248206
233,8678.248206
234,8678.248206
235,8678.248206
236,8678.248206
237,8678.248206
238,8678.248206
239,8678.248206
240,8678.248206
241,8678.248206
242,8678.248206
243,8678.248206
244,8678.248206
245,8678.248206
246,8678.248206
247,8678.248206
248,8678.248206
249,8678.248206
250,8678.248206
251,8678.248206
252,8678.248206
253,8678.248206
254,8678.248206
255,8678.248206
256,8678.248206
257,8678.248206
258,8678.248206
259,8678.248206
260,8678.248206
261,8678.248206
262,8678.248206
263,8678.248206
264,8678.248206
265,8678.248206
266,8678.248206
267,8678.248206
268,8678.248206
269,8678.248206
270,8678.248206
271,8678.248206
272,8678.248206
273,8678.248206
274,8678.248206
275,8678.248206
276,8678.248206
277,8678.248206
278,8678.248206
279,8678.248206
280,8678.248206
281,8678.248206
282,8678.248206
283,8678.248206
284,8678.248206
285,8678.248206
286,8678.248206
287,8678.248206
288,8678.248206
289,8678.248206
290,8678.248206
291,8678.248206
292,8678.248206
293,8678.248206
294,8678.248206
295,8678.379873
296,8678.379873
297,8678.379873
298,8678.379873
299,8678.643207
300,8678.774874
301,8678.774874
302,8679.301541
303,8679.828209
304,8680.091543
305,8680.618210
306,8681.934879
307,8684.173217
308,8686.543221
309,8691.151563
310,8699.183244
311,8711.164933
312,8711.164933
313,8711.164933
314,8711.164933
315,8711.164933
316,8711.164933
317,8711.164933
318,8711.164933
319,8711.308178
320,8711.451424
321,8711.881161
322,8712.024407
323,8712.597389
324,8713.170372
325,8714.173091
326,8715.748793
327,8718.040724
328,8721.335374
329,8728.927393
330,8738.668097
331,8746.976345
332,8746.976345
333,8746.976345
334,8746.976345
335,8746.976345
336,8746.976345
337,8746.976345
338,8746.976345
339,8746.976345
340,8746.976345
341,8746.976345
342,8746.976345
343,8746.976345
344,8746.976345
345,8746.976345
346,8746.976345
347,8746.976345
348,8746.976345
349,8746.976345
350,8746.976345
351,8746.976345
352,8746.976345
353,8746.976345
354,8746.976345
355,8746.976345
356,8746.976345
357,8746.976345
358,8746.976345
359,8746.976345
360,8746.976345
361,8746.976345
362,8746.976345
363,8746.976345
364,8746.976345
365,8746.976345
366,8746.976345
367,8746.976345
368,8746.976345
369,8746.976345
370,8746.976345
371,8746.976345
372,8746.976345
373,8746.976345
374,8746.976345
375,8746.976345
376,8746.976345
377,8746.976345
378,8746.976345
379,8746.976345
380,8746.976345
381,8746.976345
382,8746.976345
383,8746.976345
384,8746.976345
385,8746.976345
386,8746.976345
387,8746.976345
388,8746.976345
389,8746.976345
390,8746.976345
391,8746.976345
392,8746.976345
393,8746.976345
394,8746.976345
395,8746.976345
396,8746.976345
397,8746.976345
398,8746.976345
399,8746.976345
400,8746.976345
401,8746.976345
402,8746.976345
403,8746.976345
404,8746.976345
405,8746.976345
406,8746.976345
407,8746.976345
408,8746.976345
409,8746.976345
410,8746.976345
411,8746.976345
412,8746.976345
413,8746.976345
414,8746.976345
415,8746.976345
416,8746.976345
417,8746.976345
418,8746.976345
419,8746.976345
420,8746.976345
421,8746.976345
422,8746.976345
423,8746.976345
424,8746.976345
425,8746.976345
426,8746.976345
427,8746.976345
428,8746.976345
429,8746.976345
430,8746.976345
431,8746.976345
432,8746.976345
433,8746.976345
434,8746.976345
435,8746.976345
436,8746.976345
437,8746.976345
438,8746.976345
439,8746.976345
440,8746.976345
441,8746.976345
442,8746.976345
443,8746.976345
444,8746.976345
445,8746.976345
446,8746.976345
447,8746.976345
448,8746.976345
449,8746.976345
450,8746.976345
451,8746.976345
452,8746.976345
453,8746.976345
454,8746.976345
455,8746.976345
456,8746.976345
457,8746.976345
458,8746.976345
459,8746.976345
460,8747.110074
461,8747.243802
462,8747.377531
463,8747.511260
464,8748.046176
465,8749.072089
466,8750.632918
467,8752.461204
468,8755.449132
469,8759.730432
470,8766.420825
471,8777.881541
472,8780.408578
473,8780.408578
474,8780.408578
475,8780.408578
476,8780.465326
477,8780.522074
478,8780.578822
479,8780.749065
480,8780.976057
481,8781.259796
482,8781.600283
483,8782.281256
484,8783.643204
485,8785.515882
486,8788.069534
487,8791.814890
488,8794.595533
489,8794.595533
490,8794.595533
491,8794.595533
492,8794.595533
493,8794.595533
494,8794.595533
495,8794.595533
496,8794.595533
497,8794.595533
498,8794.595533
499,8794.595533
