0,3084.182151
1,6210.076344
2,6595.723841
3,6852.464273
4,7062.187181
5,7214.555705
6,7359.727027
7,7485.419160
8,7561.654051
9,7755.458529
10,7933.077923
11,8122.421773
12,8233.689704
13,8442.425993
14,8530.897992
15,8655.981339
16,8743.294007
17,8863.282605
18,8972.764420
19,9057.559769
20,9163.778336
21,9043.006876
22,9202.115268
23,9343.523952
24,9432.901250
25,9599.719323
26,9618.962079
27,9690.684421
28,9858.964989
29,9954.600168
30,9961.356180
31,10256.664851
32,10177.715024
33,10204.491247
34,10392.743946
35,10455.208825
36,10477.611379
37,10441.674415
38,10613.401546
39,10616.052061
40,10667.863044
41,10965.427774
42,10966.716237
43,10967.078862
44,11123.783992
45,11255.432056
46,11197.416291
47,11167.404083
48,11283.562957
49,11361.794887
50,11295.670045
51,11271.720932
52,11707.848832
53,11857.398595
54,11837.367025
55,11543.063147
56,11881.276103
57,11780.471016
58,11804.921502
59,11713.677264
60,11871.432124
61,12037.338858
62,11949.474193
63,12080.601257
64,12003.733162
65,12259.928422
66,12486.766965
67,12054.218083
68,11983.788422
69,12193.149941
70,12281.372569
71,12335.794793
72,12301.452572
73,12527.232714
74,12548.113937
75,12371.282446
76,12527.699387
77,12578.544157
78,12892.599094
79,12759.646120
80,12584.311070
81,12219.912863
82,12788.327904
83,12540.969104
84,12649.102538
85,12505.356358
86,12686.893615
87,12530.260073
88,12540.368317
89,12317.832280
90,12912.128142
91,12898.806475
92,12837.773167
93,12707.534453
94,12903.897761
95,12925.288365
96,12649.556264
97,12644.851378
98,12772.649084
99,12561.511743
100,12486.584384
101,12519.665614
102,12794.348358
103,12528.788875
104,12262.181174
105,12728.860284
106,12898.909541
107,12539.438810
108,12542.899534
109,12854.987757
110,12905.395969
111,12848.876109
112,12818.184817
113,12784.780504
114,12642.931817
115,12724.500260
116,12740.149706
117,12396.604711
118,12517.239536
119,12850.738351
120,12725.364252
121,12672.597142
122,12621.748906
123,12664.987937
124,12738.253846
125,13041.227039
126,12979.335212
127,12935.099324
128,12897.280295
129,12718.364226
130,12746.481879
131,12536.474913
132,12491.528871
133,12951.353804
134,12854.666618
135,12857.917230
136,12548.755292
137,12448.468001
138,12493.479771
139,12892.219068
140,12894.465583
141,12808.986310
142,12568.266085
143,12862.532570
144,12842.984048
145,13063.406818
146,12921.828366
147,12499.613505
148,12811.597150
149,12765.445778
150,12833.016744
151,12360.786379
152,12801.540792
153,12816.861930
154,12591.430192
155,12654.451857
156,12620.719748
157,12470.475703
158,12778.316885
159,12683.764692
160,12845.096687
161,12854.461685
162,12525.315198
163,12427.225559
164,13005.841023
165,13034.137737
166,12809.935138
167,12768.577944
168,12612.159895
169,12567.537062
170,12745.099252
171,12605.637804
172,12778.056905
173,12893.315166
174,12809.177022
175,12795.961762
176,12977.665061
177,13054.666343
178,12830.569630
179,13126.817008
180,13319.341673
181,12939.793435
182,12745.108211
183,12764.009275
184,12605.241681
185,12918.669749
186,12558.008740
187,12776.336825
188,12889.974060
189,12767.704001
190,13110.874951
191,12902.030066
192,12834.316374
193,12723.854760
194,12552.448266
195,12402.228174
196,12411.904631
197,12768.882331
198,12802.411711
199,13041.193912
200,12685.031368
201,12920.300968
202,12574.815769
203,12625.720388
204,12385.185722
205,12687.938256
206,12719.398548
207,12810.189561
208,12821.518240
209,12576.753596
210,12947.640242
211,12766.176360
212,12665.145125
213,12655.074192
214,12521.455666
215,12845.340286
216,12756.147878
217,12895.156954
218,13083.669287
219,12888.621574
220,12691.292995
221,12505.647928
222,12527.085701
223,12563.411654
224,12364.715423
225,12756.541802
226,12865.174886
227,12865.578410
228,12809.252579
229,12845.266643
230,12660.173932
231,12734.047823
232,12583.351909
233,12556.880776
234,12775.144104
235,12731.106608
236,12753.735419
237,12979.320363
238,12977.853090
239,13252.597671
240,12730.713756
241,12759.780822
242,12933.383176
243,12625.300367
244,12617.251146
245,12582.720838
246,12775.799060
247,12729.548030
248,12461.546376
249,12987.910433
250,12923.202335
251,12927.395449
252,13158.643384
253,13111.762274
254,12807.991960
255,12699.857803
256,12654.430229
257,12978.340324
258,12958.621382
259,13106.346736
260,12786.055428
261,12988.653798
262,12935.596785
263,12660.835508
264,12768.593293
265,12817.703330
266,12791.729809
267,12905.016610
268,13144.988032
269,12526.180483
270,12809.761188
271,12815.440013
272,12532.178396
273,12697.851576
274,12582.963213
275,12720.075035
276,13071.372013
277,12906.285876
278,12931.970607
279,12968.155009
280,13074.126265
281,12717.141835
282,12591.337829
283,12632.091002
284,13116.529224
285,12744.467623
286,12657.804493
287,13244.796802
288,12977.058843
289,12488.352140
290,12394.227643
291,12766.709982
292,12840.604195
293,12684.481581
294,12810.931221
295,13026.643586
296,12865.868531
297,12856.139971
298,12697.910312
299,12685.141185
300,12756.522478
301,12655.700961
302,12706.844152
303,12957.390030
304,13050.537347
305,12740.678881
306,12741.140395
307,12864.736032
308,12991.357538
309,12806.708903
310,12759.599743
311,12871.466728
312,12516.855079
313,12720.780046
314,12929.771860
315,13001.857353
316,12656.476486
317,12911.883312
318,12950.877325
319,12885.236436
320,13032.105745
321,12783.054639
322,12854.012654
323,12809.138452
324,12883.906443
325,12801.126129
326,12818.840926
327,12821.737382
328,12767.782206
329,12828.210122
330,13023.811278
331,13147.048559
332,12838.467009
333,12784.354776
334,12739.179100
335,13095.412755
336,13003.116052
337,13063.642043
338,12897.414442
339,12724.051113
340,13014.467318
341,12763.152897
342,13285.989767
343,13424.987465
344,12928.627163
345,13006.236616
346,12937.463932
347,12953.569571
348,12939.380944
349,13019.378755
350,12885.326363
351,12709.839898
352,12853.635211
353,12957.059175
354,12839.220370
355,12687.780559
356,12774.949321
357,12752.083945
358,12996.817106
359,13034.714738
360,12672.142340
361,12930.944533
362,12986.006460
363,12871.791959
364,12838.384895
365,12853.018540
366,13171.420067
367,12870.522030
368,12876.033292
369,12614.075422
370,12645.609932
371,12964.963905
372,12950.121597
373,12930.971153
374,12890.047414
375,13089.607225
376,12435.528773
377,12992.666298
378,12889.602023
379,12887.890835
380,13079.697366
381,12918.781375
382,12912.161840
383,13136.536873
384,13142.708586
385,13215.773255
386,13254.221505
387,12620.671851
388,12801.338009
389,12808.033747
390,12709.601567
391,13126.191474
392,13211.410019
393,13141.535962
394,13279.577352
395,13304.271376
396,13384.915541
397,13673.366743
398,13386.147906
399,13322.659592
400,13606.138385
401,13411.786524
402,13587.021805
403,13291.376494
404,13437.483632
405,13236.277619
406,13453.355303
407,13684.085374
408,13391.612438
409,13168.519433
410,13680.492955
411,13662.711542
412,13411.277691
413,13543.223529
414,13730.915447
415,14009.360608
416,13883.097487
417,13756.113435
418,13476.108972
419,13394.276528
420,13466.276602
421,13810.298438
422,13712.027804
423,13529.297224
424,13421.423762
425,13646.031873
426,13515.992222
427,13339.355490
428,13365.387272
429,13266.049324
430,13334.444309
431,13221.425526
432,13347.838030
433,13247.073872
434,13364.847567
435,13296.704926
436,13784.807806
437,13550.737858
438,13500.902144
439,13398.103503
440,13312.369927
441,13679.990775
442,13544.183181
443,13706.789827
444,13730.597431
445,13915.141981
446,13334.696917
447,13110.971896
448,13490.095963
449,13622.023605
450,13623.640347
451,13513.573233
452,13843.067546
453,13356.500036
454,13575.441132
455,14047.484043
456,13950.493955
457,13493.729488
458,13962.583641
459,13773.606551
460,13744.704339
461,13792.257340
462,13542.087214
463,13724.030614
464,14237.142076
465,13600.633909
466,13180.841577
467,13312.118349
468,13527.023963
469,13621.343071
470,13507.952237
471,13606.840724
472,13676.706559
473,13336.741317
474,13380.749406
475,13365.625503
476,13507.327076
477,13637.025840
478,13604.263102
479,13443.019073
480,13644.945256
481,13474.210068
482,13752.789877
483,13830.165941
484,13491.322821
485,13332.794508
486,13273.102204
487,13671.677023
488,13294.597090
489,13709.739406
490,13651.657639
491,13708.179635
492,13367.178034
493,13697.952124
494,13660.834209
495,13593.470411
496,13508.224086
497,13254.197220
498,13956.401900
499,13860.537245
