0,3135.391304
1,3249.892411
2,3389.497279
3,3454.928788
4,3594.479606
5,3721.746112
6,3768.409415
7,3859.135922
8,3928.025723
9,4056.359115
10,4211.509108
11,4282.752502
12,4233.801262
13,4306.050311
14,4377.055517
15,4449.222881
16,4507.919574
17,4506.086231
18,4535.618613
19,4585.591207
20,4726.387667
21,4822.024450
22,4802.288744
23,4751.986954
24,4740.479695
25,4845.992932
26,4927.330556
27,4870.141492
28,4887.255664
29,4966.855111
30,5060.555788
31,5065.916504
32,5195.705512
33,5227.260821
34,5066.420412
35,5038.969911
36,5086.930231
37,5200.871850
38,5176.038422
39,5329.488801
40,5568.377054
41,5665.375004
42,5702.691962
43,5869.532099
44,5925.544799
45,5917.488560
46,5964.638639
47,6001.937337
48,6002.883437
49,6025.010089
50,6076.852416
51,6132.641478
52,6165.557157
53,6181.565054
54,6253.625825
55,6309.124972
56,6238.391186
57,6301.165301
58,6295.511967
59,6269.162915
60,6311.296964
61,6346.241777
62,6429.408729
63,6424.258227
64,6495.759305
65,6484.816738
66,6505.323852
67,6563.859804
68,6547.920336
69,6482.446822
70,6387.673873
71,6540.672064
72,6530.611321
73,6523.132418
74,6574.691339
75,6523.371662
76,6521.164219
77,6703.435230
78,6718.578619
79,6842.362997
80,6787.629368
81,6782.970406
82,6816.881230
83,6913.955027
84,6876.796080
85,6756.380107
86,6722.292175
87,6767.535453
88,6714.954883
89,6766.296507
90,6787.849643
91,6784.952727
92,6750.246232
93,6747.688803
94,6802.419357
95,6776.930612
96,6824.066253
97,6854.223945
98,6859.036967
99,6932.925339
100,6963.560120
101,6987.348308
102,7005.245922
103,7054.336806
104,6980.642769
105,7011.016904
106,7096.194076
107,7150.380759
108,7135.179294
109,7098.844188
110,7110.724617
111,7139.731461
112,7118.978954
113,7201.808446
114,7160.748003
115,7183.961429
116,7159.011070
117,7154.989532
118,7153.621705
119,7151.571569
120,7178.919795
121,7245.309740
122,7233.919787
123,7207.264930
124,7244.502694
125,7270.279846
126,7245.403053
127,7232.285519
128,7257.783439
129,7214.220016
130,7179.120486
131,7235.974619
132,7229.434814
133,7272.262186
134,7256.287805
135,7266.469996
136,7297.704087
137,7302.437301
138,7322.591004
139,7350.587967
140,7352.537126
141,7334.376763
142,7392.795047
143,7367.312197
144,7367.230879
145,7351.274654
146,7387.716966
147,7347.401532
148,7368.824991
149,7372.164587
150,7365.987112
151,7394.368227
152,7363.080360
153,7389.449538
154,7411.637959
155,7397.333875
156,7410.562594
157,7427.011751
158,7412.226296
159,7401.864767
160,7361.037753
161,7437.966965
162,7409.425848
163,7420.766208
164,7431.981141
165,7416.056126
166,7409.748494
167,7449.015904
168,7448.977039
169,7428.713649
170,7452.126458
171,7452.264323
172,7451.033325
173,7440.457367
174,7431.799804
175,7446.697924
176,7451.987917
177,7425.160266
178,7429.970996
179,7442.888856
180,7453.815323
181,7457.865421
182,7460.435045
183,7460.148610
184,7461.239594
185,7468.640977
186,7468.172556
187,7462.896577
188,7473.988992
189,7466.494651
190,7463.092636
191,7463.649668
192,7460.085362
193,7468.725018
194,7467.990700
195,7465.774347
196,7465.263128
197,7466.825528
198,7474.723966
199,7473.350998
200,7470.639100
201,7472.270828
202,7465.472317
203,7466.298805
204,7469.189781
205,7475.818322
206,7470.123996
207,7474.163296
208,7481.926103
209,7482.974240
210,7485.250411
211,7474.862835
212,7479.651545
213,7481.038735
214,7471.840254
215,7479.360397
216,7478.004445
217,7475.322918
218,7474.413477
219,7481.122789
220,7482.440028
221,7485.025485
222,7483.781151
223,7481.098680
224,7484.200024
225,7484.046576
226,7484.507198
227,7485.957241
228,7483.806279
229,7475.727762
230,7483.040769
231,7485.614348
232,7485.970490
233,7478.183145
234,7482.466714
235,7483.902702
236,7484.855109
237,7484.950934
238,7473.437646
239,7469.496824
240,7483.514572
241,7481.560767
242,7481.714153
243,7483.805154
244,7477.177067
245,7483.552636
246,7480.687507
247,7475.440026
248,7486.482891
249,7486.064314
250,7485.561605
251,7483.285915
252,7483.579173
253,7481.242588
254,7482.988112
255,7482.024006
256,7482.701137
257,7483.568794
258,7484.412837
259,7483.793194
260,7481.720398
261,7480.770575
262,7481.260855
263,7471.105909
264,7482.912638
265,7481.411131
266,7484.559754
267,7482.130089
268,7482.578018
269,7486.079563
270,7481.388587
271,7484.289887
272,7484.727626
273,7483.041132
274,7484.139050
275,7484.141828
276,7474.718838
277,7480.615430
278,7482.576934
279,7484.372310
280,7484.966626
281,7484.986324
282,7480.230058
283,7483.569955
284,7481.308853
285,7485.138230
286,7486.053067
287,7485.395538
288,7485.587188
289,7484.616934
290,7480.670838
291,7483.342280
292,7486.208664
293,7478.582881
294,7478.594531
295,7479.283016
296,7483.765432
297,7481.386622
298,7482.244815
299,7484.104862
300,7479.134243
301,7477.740895
302,7479.708363
303,7480.044751
304,7477.406201
305,7479.110795
306,7481.903488
307,7475.733444
308,7478.560427
309,7476.805919
310,7478.895129
311,7479.834479
312,7480.522389
313,7481.631022
314,7484.233299
315,7480.546665
316,7483.002217
317,7485.047310
318,7485.085920
319,7484.949240
320,7478.092341
321,7479.218146
322,7482.926827
323,7484.916411
324,7485.848168
325,7485.046289
326,7480.853048
327,7481.529282
328,7484.990095
329,7486.003765
330,7478.884501
331,7486.192860
332,7485.905384
333,7485.905384
334,7484.001635
335,7483.597477
336,7485.660871
337,7482.295100
338,7486.206108
339,7481.144853
340,7484.014276
341,7483.043381
342,7481.661194
343,7478.361949
344,7478.894088
345,7479.854081
346,7480.485147
347,7477.187319
348,7471.160451
349,7482.287899
350,7483.824749
351,7483.267518
352,7484.676372
353,7483.853689
354,7477.546971
355,7486.384510
356,7483.850904
357,7480.228029
358,7480.470617
359,7484.550614
360,7477.036464
361,7481.876097
362,7481.173973
363,7480.434723
364,7479.265525
365,7485.043869
366,7484.756816
367,7481.125842
368,7483.931327
369,7483.147856
370,7481.205497
371,7480.893218
372,7478.028553
373,7482.435620
374,7480.275024
375,7483.790620
376,7486.614770
377,7479.400156
378,7479.402558
379,7485.337342
380,7481.881820
381,7485.548871
382,7481.362401
383,7472.831097
384,7482.045972
385,7481.681355
386,7483.130367
387,7485.861416
388,7483.017469
389,7481.854229
390,7483.267712
391,7476.042624
392,7483.830963
393,7486.231469
394,7484.239749
395,7485.425706
396,7480.604534
397,7480.910578
398,7483.837997
399,7483.060321
400,7479.397366
401,7476.557659
402,7481.776156
403,7471.418403
404,7482.962458
405,7485.036732
406,7480.949117
407,7480.646359
408,7478.799453
409,7480.935381
410,7477.224922
411,7483.195831
412,7479.354173
413,7477.205150
414,7478.262689
415,7480.677097
416,7482.376206
417,7482.357517
418,7479.636669
419,7480.632068
420,7482.819972
421,7480.243432
422,7481.100623
423,7484.639406
424,7482.800608
425,7473.675618
426,7479.340739
427,7483.482035
428,7472.108713
429,7477.037413
430,7484.566970
431,7484.698848
432,7482.206742
433,7482.751885
434,7480.001784
435,7480.471698
436,7482.189102
437,7479.709613
438,7483.670986
439,7484.621594
440,7481.064641
441,7476.405129
442,7485.343129
443,7486.614770
444,7483.925670
445,7485.852522
446,7479.284879
447,7479.821299
448,7470.664452
449,7481.156742
450,7483.206965
451,7482.271372
452,7485.067677
453,7485.390429
454,7485.675124
455,7480.941705
456,7485.918632
457,7486.291241
458,7481.473080
459,7486.482891
460,7484.157709
461,7486.176051
462,7485.222272
463,7483.851574
464,7481.992497
465,7477.867029
466,7474.140382
467,7480.997743
468,7476.778218
469,7475.261621
470,7482.415786
471,7482.297182
472,7481.836057
473,7478.310417
474,7483.952857
475,7482.270972
476,7481.648452
477,7481.014480
478,7480.935797
479,7482.334868
480,7484.629849
481,7480.122719
482,7468.987467
483,7478.523888
484,7484.699177
485,7483.243574
486,7479.805664
487,7478.364275
488,7486.148892
489,7480.230280
490,7482.849247
491,7483.249468
492,7483.450072
493,7483.254750
494,7485.575367
495,7482.576677
496,7483.936831
497,7481.762787
498,7486.195416
499,7485.984401
