0,3147.435958
1,6286.147801
2,6714.769513
3,7108.279260
4,7442.190836
5,7910.382474
6,8280.568434
7,8499.814045
8,8911.955240
9,9259.279784
10,9475.929159
11,9792.240530
12,10077.797211
13,10343.435952
14,10472.843932
15,10671.549413
16,10940.776537
17,11171.418738
18,11377.482061
19,11669.475482
20,11777.557382
21,11965.966949
22,12173.209860
23,12338.891846
24,12493.590152
25,12693.999929
26,12969.177176
27,12978.928758
28,13092.448525
29,13166.474494
30,13312.033376
31,13329.597069
32,13616.628660
33,13624.738075
34,13560.129746
35,13906.966384
36,13971.891293
37,14193.859881
38,14161.908503
39,14220.176414
40,14245.811615
41,14310.436993
42,14325.768138
43,14286.320778
44,14331.970381
45,14447.060043
46,14556.100226
47,14517.213676
48,14539.635280
49,14429.080747
50,14654.540951
51,14726.015959
52,14922.157824
53,14841.832729
54,14672.989550
55,14756.794875
56,14640.220227
57,14564.455583
58,14705.641526
59,14639.638227
60,14557.465581
61,14532.067230
62,14439.682677
63,14511.514188
64,14896.194549
65,14886.734466
66,14687.178051
67,14611.250478
68,14635.258578
69,14722.184345
70,14572.000733
71,14697.325295
72,14722.362947
73,14829.140851
74,14621.168625
75,14802.831658
76,14789.015119
77,14618.504227
78,14788.904254
79,14990.221523
80,14990.705081
81,15138.296201
82,15026.345403
83,14835.663733
84,14982.827963
85,15111.240778
86,15027.820411
87,14984.739049
88,14843.525802
89,14825.913515
90,14845.473879
91,14918.114703
92,15078.134084
93,14939.324406
94,15038.712549
95,14857.637236
96,14941.196356
97,14896.348970
98,14926.673874
99,14817.501536
100,14874.562995
101,14978.050382
102,14869.567373
103,15024.386012
104,14926.951766
105,15050.906111
106,15035.320947
107,15044.493619
108,15106.994598
109,15003.706936
110,15142.208990
111,15161.250223
112,15213.339874
113,15281.624245
114,15156.401237
115,15140.699111
116,15125.398431
117,15179.603356
118,15189.972188
119,15146.387053
120,15159.727794
121,15238.889519
122,15159.334345
123,15149.229731
124,15249.892346
125,15279.221765
126,15137.943549
127,15282.628690
128,15325.640603
129,15382.695696
130,15271.888457
131,15302.250007
132,15342.081757
133,15364.174871
134,15339.498156
135,15425.047142
136,15444.387532
137,15421.768708
138,15342.964086
139,15433.393461
140,15331.565522
141,15467.489643
142,15319.499514
143,15340.414681
144,15349.905357
145,15338.335712
146,15394.840146
147,15409.049528
148,15415.637066
149,15456.867139
150,15447.619612
151,15482.369384
152,15551.513759
153,15577.598292
154,15493.981094
155,15540.107951
156,15462.825729
157,15492.627357
158,15492.227703
159,15449.511941
160,15484.014186
161,15553.457042
162,15491.286312
163,15515.114674
164,15579.417970
165,15572.130782
166,15566.189911
167,15573.488948
168,15566.686748
169,15571.586778
170,15575.847687
171,15628.021360
172,15594.282942
173,15584.136176
174,15605.727866
175,15630.487297
176,15617.869356
177,15658.338258
178,15648.140461
179,15610.224830
180,15607.234630
181,15631.605515
182,15609.520703
183,15648.412849
184,15651.187861
185,15608.380727
186,15659.939487
187,15660.227963
188,15655.386437
189,15677.983393
190,15643.984429
191,15634.675117
192,15639.227249
193,15627.218744
194,15660.721144
195,15639.190021
196,15676.342736
197,15675.536438
198,15653.850891
199,15661.079397
200,15664.706605
201,15662.092839
202,15669.117670
203,15681.763511
204,15668.663055
205,15681.410800
206,15691.396799
207,15672.905675
208,15682.427546
209,15702.498248
210,15690.694566
211,15688.565566
212,15698.527593
213,15683.707181
214,15697.431435
215,15698.090824
216,15697.227017
217,15681.839008
218,15694.765188
219,15697.810362
220,15707.477140
221,15708.276356
222,15700.384806
223,15682.633507
224,15693.894968
225,15700.085641
226,15713.948162
227,15709.309254
228,15690.600462
229,15706.744994
230,15689.742519
231,15702.363865
232,15699.809387
233,15708.569857
234,15701.655859
235,15707.757284
236,15708.679400
237,15705.364540
238,15699.688754
239,15706.841325
240,15706.660286
241,15700.824743
242,15713.023718
243,15703.901178
244,15707.610711
245,15705.452595
246,15686.093759
247,15697.284539
248,15703.876788
249,15697.344586
250,15701.795323
251,15709.838580
252,15705.568697
253,15707.948421
254,15700.688931
255,15699.734198
256,15704.706680
257,15708.189090
258,15709.338902
259,15707.321674
260,15703.319918
261,15711.827973
262,15702.912407
263,15709.500472
264,15714.043770
265,15709.208354
266,15709.963313
267,15703.045686
268,15711.317024
269,15709.644059
270,15702.940270
271,15708.942810
272,15711.278525
273,15705.103374
274,15705.797785
275,15712.298144
276,15712.215545
277,15708.691865
278,15700.073320
279,15702.870537
280,15706.108880
281,15710.010110
282,15709.931038
283,15712.688802
284,15706.557743
285,15709.493520
286,15708.246737
287,15708.101317
288,15712.202535
289,15704.661564
290,15700.079708
291,15706.107185
292,15704.973876
293,15706.472133
294,15703.033385
295,15701.515801
296,15709.739779
297,15712.183118
298,15701.299408
299,15700.331231
300,15695.257766
301,15709.317309
302,15710.621758
303,15707.682014
304,15704.336866
305,15702.394790
306,15711.365078
307,15709.279335
308,15700.939541
309,15698.058042
310,15702.550796
311,15710.610809
312,15706.826493
313,15708.840419
314,15698.992302
315,15706.129553
316,15705.620152
317,15702.657042
318,15704.185220
319,15712.860602
320,15711.310184
321,15701.448408
322,15703.660974
323,15705.605715
324,15705.598567
325,15702.554477
326,15709.038149
327,15710.674483
328,15710.138199
329,15696.867916
330,15707.505019
331,15712.840263
332,15711.288212
333,15703.632806
334,15701.343576
335,15708.713721
336,15706.281690
337,15701.680295
338,15709.944390
339,15698.519984
340,15708.681757
341,15704.671812
342,15701.638066
343,15687.774419
344,15699.832680
345,15714.530037
346,15708.666564
347,15707.048253
348,15710.109268
349,15711.170828
350,15701.452535
351,15710.153968
352,15708.594936
353,15705.132466
354,15703.697832
355,15705.169121
356,15699.449019
357,15701.463908
358,15689.099053
359,15701.005550
360,15698.340486
361,15701.736246
362,15712.202535
363,15701.925553
364,15709.178132
365,15711.429442
366,15703.149771
367,15702.793532
368,15702.558602
369,15703.828584
370,15704.245786
371,15698.616719
372,15700.478185
373,15711.696851
374,15700.732686
375,15701.746630
376,15690.986289
377,15708.185493
378,15692.928391
379,15712.872690
380,15701.129644
381,15710.146073
382,15703.985610
383,15697.071079
384,15705.950441
385,15703.220435
386,15708.243551
387,15696.043642
388,15704.529616
389,15702.549588
390,15704.218136
391,15698.921197
392,15708.881872
393,15706.186534
394,15703.847481
395,15708.207956
396,15708.687241
397,15705.204466
398,15709.836199
399,15705.770918
400,15709.285605
401,15707.396041
402,15711.365324
403,15704.189441
404,15696.329032
405,15706.265973
406,15703.590158
407,15709.651933
408,15706.522487
409,15708.351166
410,15712.353996
411,15709.095880
412,15708.652109
413,15710.233808
414,15706.384697
415,15709.691689
416,15704.731168
417,15710.588953
418,15706.895078
419,15707.088827
420,15711.525973
421,15711.258564
422,15707.165466
423,15703.727105
424,15711.041223
425,15710.909087
426,15705.975275
427,15702.018110
428,15710.329417
429,15705.139234
430,15702.366127
431,15707.744767
432,15698.735608
433,15709.514410
434,15709.924825
435,15714.043770
436,15711.449781
437,15704.301529
438,15701.830837
439,15710.085380
440,15693.982995
441,15706.545101
442,15704.054771
443,15708.158080
444,15707.017065
445,15701.451499
446,15701.067572
447,15709.412736
448,15704.667200
449,15698.965063
450,15699.606227
451,15703.743882
452,15709.686255
453,15706.964347
454,15706.816678
455,15701.711801
456,15704.215053
457,15701.974071
458,15699.601196
459,15706.333233
460,15708.999527
461,15709.495379
462,15705.977751
463,15705.861400
464,15710.937115
465,15700.254952
466,15709.676975
467,15703.245078
468,15705.756119
469,15705.178051
470,15704.364739
471,15710.004872
472,15703.844423
473,15707.057480
474,15707.210384
475,15706.912888
476,15705.976670
477,15704.064958
478,15701.285099
479,15703.503940
480,15704.217650
481,15708.057950
482,15710.685997
483,15710.706336
484,15711.182483
485,15708.496237
486,15703.307089
487,15714.530037
488,15702.704960
489,15701.367447
490,15690.862567
491,15705.410591
492,15707.198446
493,15695.012679
494,15703.628568
495,15705.673863
496,15711.172264
497,15701.686565
498,15711.278903
499,15705.273047
