0,3076.402723
1,3567.248708
2,3942.918961
3,4308.088766
4,4686.493212
5,5085.208336
6,5389.509468
7,5673.738649
8,5958.968691
9,6204.735074
10,6414.102675
11,6624.097699
12,6781.473897
13,6916.368385
14,7047.232252
15,7151.078291
16,7235.883030
17,7320.418615
18,7381.034698
19,7433.403656
20,7486.844741
21,7545.887511
22,7603.999328
23,7701.269634
24,7818.552932
25,7950.117933
26,8034.190274
27,8082.876953
28,8106.064314
29,8112.173901
30,8116.387602
31,8121.940459
32,8129.339494
33,8137.397030
34,8137.397030
35,8137.397030
36,8137.397030
37,8137.397030
38,8137.397030
39,8137.397030
40,8137.397030
41,8137.397030
42,8137.397030
43,8138.384648
44,8139.372267
45,8140.853695
46,8143.075838
47,8146.285599
48,8151.717502
49,8161.840594
50,8173.445115
51,8199.123203
52,8199.123203
53,8199.337006
54,8199.337006
55,8199.550809
56,8199.978415
57,8201.047431
58,8202.544054
59,8204.254479
60,8207.033921
61,8212.035747
62,8218.022236
63,8229.995215
64,8247.099471
65,8252.698140
66,8252.760210
67,8252.884348
68,8253.194694
69,8253.753317
70,8255.056769
71,8256.794706
72,8259.774027
73,8264.987839
74,8268.772735
75,8268.772735
76,8268.772735
77,8270.817048
78,8272.861362
79,8273.542799
80,8280.357176
81,8293.304493
82,8306.251809
83,8343.106687
84,8402.391767
85,8438.450723
86,8438.450723
87,8438.450723
88,8438.450723
89,8438.450723
90,8438.450723
91,8438.450723
92,8438.816483
93,8438.816483
94,8439.182243
95,8439.730883
96,8440.828163
97,8442.839842
98,8446.497442
99,8452.349601
100,8465.516960
101,8479.964478
102,8484.170717
103,8484.170717
104,8484.170717
105,8484.170717
106,8484.170717
107,8484.170717
108,8484.170717
109,8484.170717
110,8484.170717
111,8484.170717
112,8484.170717
113,8484.170717
114,8484.170717
115,8484.170717
116,8484.170717
117,8484.170717
118,8484.170717
119,8484.170717
120,8484.170717
121,8484.170717
122,8484.170717
123,8484.170717
124,8484.170717
125,8484.170717
126,8484.170717
127,8484.170717
128,8484.170717
129,8484.170717
130,8484.170717
131,8484.170717
132,8484.170717
133,8484.170717
134,8484.170717
135,8484.170717
136,8484.170717
137,8484.170717
138,8484.170717
139,8484.170717
140,8484.170717
141,8484.170717
142,8484.170717
143,8484.170717
144,8484.170717
145,8484.458986
146,8484.458986
147,8484.458986
148,8484.815330
149,8486.172630
150,8488.819156
151,8490.821069
152,8493.069228
153,8498.650548
154,8508.057522
155,8523.428212
156,8536.310384
157,8542.145535
158,8551.554715
159,8556.949477
160,8558.372484
161,8558.372484
162,8558.372484
163,8558.372484
164,8561.930002
165,8566.199024
166,8573.314060
167,8593.947665
168,8625.828569
169,8681.647412
170,8734.113876
171,8734.113876
172,8734.113876
173,8734.113876
174,8734.113876
175,8734.113876
176,8734.113876
177,8734.113876
178,8734.113876
179,8734.113876
180,8734.113876
181,8734.113876
182,8734.113876
183,8734.113876
184,8734.113876
185,8734.113876
186,8734.113876
187,8734.113876
188,8734.113876
189,8734.113876
190,8734.113876
191,8734.113876
192,8734.113876
193,8734.113876
194,8734.113876
195,8734.113876
196,8734.113876
197,8734.113876
198,8734.113876
199,8734.113876
200,8734.113876
201,8734.113876
202,8734.113876
203,8734.113876
204,8734.113876
205,8734.113876
206,8734.113876
207,8734.113876
208,8734.113876
209,8734.113876
210,8734.113876
211,8734.113876
212,8734.113876
213,8734.113876
214,8734.113876
215,8734.113876
216,8734.113876
217,8734.113876
218,8734.113876
219,8734.113876
220,8734.113876
221,8734.113876
222,8734.113876
223,8734.113876
224,8734.113876
225,8734.113876
226,8734.113876
227,8734.113876
228,8734.113876
229,8734.113876
230,8734.113876
231,8734.113876
232,8734.113876
233,8734.113876
234,8734.113876
235,8734.113876
236,8734.113876
237,8734.113876
238,8734.153017
239,8734.205205
240,8734.257393
241,8734.440051
242,8734.740132
243,8735.366389
244,8736.305775
245,8737.375630
246,8737.375630
247,8737.375630
248,8737.375630
249,8737.375630
250,8737.375630
251,8737.375630
252,8737.375630
253,8737.375630
254,8737.375630
255,8737.375630
256,8737.375630
257,8737.375630
258,8737.375630
259,8737.375630
260,8737.375630
261,8737.375630
262,8737.375630
263,8737.375630
264,8737.375630
265,8738.158647
266,8738.550156
267,8738.941664
268,8741.682225
269,8743.639768
270,8748.337871
271,8752.644466
272,8764.781233
273,8776.918001
274,8808.238691
275,8835.252786
276,8835.252786
277,8835.252786
278,8835.252786
279,8835.252786
280,8835.252786
281,8835.252786
282,8835.252786
283,8835.252786
284,8835.252786
285,8835.252786
286,8835.252786
287,8835.252786
288,8835.252786
289,8835.252786
290,8835.252786
291,8835.252786
292,8835.252786
293,8835.252786
294,8835.252786
295,8835.252786
296,8835.252786
297,8835.252786
298,8835.252786
299,8835.252786
300,8835.252786
301,8835.252786
302,8835.252786
303,8835.252786
304,8835.252786
305,8835.252786
306,8835.252786
307,8835.252786
308,8835.252786
309,8835.252786
310,8835.252786
311,8835.252786
312,8835.252786
313,8835.252786
314,8835.252786
315,8835.252786
316,8835.252786
317,8835.252786
318,8835.252786
319,8835.252786
320,8835.252786
321,8835.252786
322,8835.252786
323,8835.252786
324,8835.252786
325,8835.252786
326,8835.252786
327,8835.252786
328,8835.252786
329,8835.252786
330,8835.252786
331,8835.252786
332,8835.252786
333,8835.252786
334,8835.252786
335,8835.252786
336,8835.252786
337,8835.252786
338,8835.252786
339,8835.252786
340,8835.252786
341,8835.252786
342,8835.252786
343,8835.252786
344,8835.252786
345,8835.252786
346,8835.252786
347,8835.252786
348,8835.252786
349,8835.252786
350,8836.555011
351,8836.555011
352,8839.810575
353,8843.090843
354,8845.695293
355,8851.892364
356,8865.004632
357,8883.271139
358,8909.742576
359,8949.139436
360,8999.513005
361,9000.501034
362,9000.748042
363,9001.983078
364,9007.170232
365,9011.122349
366,9021.496657
367,9042.245272
368,9059.782792
369,9059.782792
370,9059.782792
371,9059.782792
372,9059.782792
373,9059.782792
374,9059.782792
375,9059.782792
376,9059.782792
377,9059.782792
378,9059.782792
379,9059.782792
380,9059.782792
381,9059.782792
382,9059.782792
383,9059.782792
384,9059.782792
385,9059.782792
386,9059.782792
387,9059.782792
388,9059.782792
389,9059.782792
390,9059.782792
391,9059.782792
392,9059.782792
393,9059.782792
394,9059.782792
395,9059.782792
396,9059.782792
397,9059.782792
398,9059.782792
399,9059.782792
400,9059.782792
401,9059.782792
402,9059.782792
403,9059.782792
404,9059.782792
405,9059.782792
406,9059.782792
407,9059.782792
408,9059.782792
409,9059.782792
410,9059.782792
411,9059.782792
412,9059.782792
413,9059.782792
414,9059.782792
415,9059.782792
416,9059.782792
417,9059.782792
418,9059.782792
419,9059.782792
420,9059.782792
421,9059.782792
422,9059.782792
423,9059.782792
424,9059.782792
425,9059.782792
426,9059.782792
427,9059.782792
428,9059.782792
429,9059.782792
430,9059.782792
431,9059.782792
432,9059.782792
433,9059.782792
434,9059.782792
435,9059.782792
436,9059.782792
437,9059.782792
438,9059.782792
439,9059.782792
440,9059.782792
441,9059.782792
442,9059.782792
443,9059.782792
444,9059.782792
445,9059.782792
446,9059.782792
447,9059.782792
448,9059.782792
449,9059.782792
450,9059.782792
451,9059.782792
452,9059.782792
453,9059.782792
454,9059.782792
455,9059.782792
456,9059.782792
457,9059.782792
458,9059.782792
459,9059.782792
460,9059.782792
461,9059.782792
462,9059.782792
463,9059.782792
464,9059.782792
465,9059.782792
466,9059.782792
467,9059.782792
468,9059.782792
469,9059.782792
470,9059.782792
471,9059.782792
472,9059.782792
473,9059.782792
474,9059.782792
475,9059.782792
476,9059.782792
477,9059.782792
478,9059.782792
479,9059.782792
480,9059.782792
481,9059.782792
482,9059.782792
483,9059.782792
484,9059.782792
485,9059.782792
486,9059.782792
487,9059.782792
488,9059.782792
489,9059.782792
490,9059.782792
491,9059.782792
492,9059.782792
493,9059.782792
494,9059.782792
495,9059.782792
496,9059.782792
497,9059.782792
498,9059.782792
499,9059.782792
