0,3103.901561
1,6184.499865
2,6585.850101
3,6901.283206
4,7269.616366
5,7559.248559
6,7811.454302
7,8193.434361
8,8387.477788
9,8760.246385
10,9015.415217
11,9292.271859
12,9613.981912
13,9766.102247
14,10095.801909
15,10387.405501
16,10690.546725
17,10754.668368
18,11016.412645
19,11307.195152
20,11631.604035
21,11848.685321
22,12098.830370
23,12173.824268
24,12421.902916
25,12444.970230
26,12536.547424
27,12581.966712
28,12715.836410
29,12832.924033
30,12900.686439
31,12899.199783
32,12858.031562
33,13042.708204
34,13284.037976
35,13391.913023
36,13424.872049
37,13192.217405
38,13483.195362
39,13540.988787
40,13729.291627
41,13609.766514
42,13717.980150
43,13779.671283
44,13802.407179
45,13805.614685
46,13943.787634
47,13991.305252
48,13778.663892
49,13735.295703
50,13849.530369
51,13910.821561
52,13974.635823
53,13928.136409
54,13815.723854
55,13829.940378
56,13953.953104
57,13831.839884
58,14014.875116
59,14236.329151
60,14137.993103
61,14102.588646
62,14068.853224
63,14173.381455
64,14158.307722
65,13988.191603
66,13961.362844
67,14151.838429
68,13967.219114
69,13994.543315
70,14038.861416
71,14026.300765
72,13973.865978
73,14005.469909
74,13982.646565
75,14037.622160
76,14057.005572
77,13998.433654
78,14026.215511
79,14167.408765
80,14059.977019
81,14031.244524
82,14096.108960
83,14155.507127
84,14286.887747
85,14216.884453
86,14204.195947
87,14198.433594
88,14110.615331
89,14099.676698
90,14021.973220
91,14054.027715
92,14117.236168
93,14029.883777
94,14054.937490
95,14098.070068
96,14278.909692
97,14135.892104
98,14290.955946
99,14192.017921
100,14242.614434
101,14131.682661
102,14238.554696
103,14407.604483
104,14230.208872
105,14287.905436
106,14257.931636
107,14259.551740
108,14261.669515
109,14280.292909
110,14451.471688
111,14482.966556
112,14376.719041
113,14500.091634
114,14382.119208
115,14436.932738
116,14494.009320
117,14503.631664
118,14531.297647
119,14445.389807
120,14511.596108
121,14514.180407
122,14389.561107
123,14546.343181
124,14520.426973
125,14593.783697
126,14610.454061
127,14508.678235
128,14434.419387
129,14493.984575
130,14503.728740
131,14566.117102
132,14611.578222
133,14636.728358
134,14515.023476
135,14626.176305
136,14527.016318
137,14606.831968
138,14481.753973
139,14615.212917
140,14646.372714
141,14677.885074
142,14585.936222
143,14620.436338
144,14627.302008
145,14535.271058
146,14622.541412
147,14703.312603
148,14699.024776
149,14706.912572
150,14721.948803
151,14658.320638
152,14648.810128
153,14657.428227
154,14629.462363
155,14648.234242
156,14744.342596
157,14740.759452
158,14792.883610
159,14790.591201
160,14782.088422
161,14727.339441
162,14761.297429
163,14760.691235
164,14777.501558
165,14786.515381
166,14799.328322
167,14799.708817
168,14750.499674
169,14759.981783
170,14792.362987
171,14809.535064
172,14790.800351
173,14804.220264
174,14835.585133
175,14777.502628
176,14840.825082
177,14861.863583
178,14843.357831
179,14853.144194
180,14881.935433
181,14866.233269
182,14825.984384
183,14860.934777
184,14895.415238
185,14856.897420
186,14857.216309
187,14831.978554
188,14829.491076
189,14878.452996
190,14883.168519
191,14875.084021
192,14874.256353
193,14897.175672
194,14892.966112
195,14884.317536
196,14886.915733
197,14890.446808
198,14901.743835
199,14899.782274
200,14902.841167
201,14904.248121
202,14897.789171
203,14899.357950
204,14889.422344
205,14899.889268
206,14922.833940
207,14905.814251
208,14899.065407
209,14900.543439
210,14911.890950
211,14903.876341
212,14910.083830
213,14909.531176
214,14913.202088
215,14907.280589
216,14906.615919
217,14924.942533
218,14911.626865
219,14918.715774
220,14917.435988
221,14935.430606
222,14921.665723
223,14930.956796
224,14920.848010
225,14927.505918
226,14925.292331
227,14930.995723
228,14928.480193
229,14934.516632
230,14928.632398
231,14929.916775
232,14921.271827
233,14925.886951
234,14921.018782
235,14909.033248
236,14929.937460
237,14927.321221
238,14930.349080
239,14929.486709
240,14931.419131
241,14921.422314
242,14921.024924
243,14914.545424
244,14928.949965
245,14928.015779
246,14929.921339
247,14932.860898
248,14924.780551
249,14927.789164
250,14925.009498
251,14925.286959
252,14929.235444
253,14927.973447
254,14928.072695
255,14923.488372
256,14930.115382
257,14928.691422
258,14920.919801
259,14921.674082
260,14929.138342
261,14912.624636
262,14924.451256
263,14923.153256
264,14922.752453
265,14929.848628
266,14917.037496
267,14933.484633
268,14935.640665
269,14931.952691
270,14931.960100
271,14929.622945
272,14918.687721
273,14924.885310
274,14930.694302
275,14924.881367
276,14927.739280
277,14915.959282
278,14922.308418
279,14935.569705
280,14930.828789
281,14927.054605
282,14923.958054
283,14920.891299
284,14920.546815
285,14929.574483
286,14933.073007
287,14911.021520
288,14918.806508
289,14931.513610
290,14933.610478
291,14915.062987
292,14935.330099
293,14932.621656
294,14924.056832
295,14934.244184
296,14935.616329
297,14916.390720
298,14933.994410
299,14933.402224
300,14920.120232
301,14929.378408
302,14925.435412
303,14918.072510
304,14928.801293
305,14922.331994
306,14936.350276
307,14926.912574
308,14930.663249
309,14929.792181
310,14930.518549
311,14933.918517
312,14924.362504
313,14925.824764
314,14922.570703
315,14928.309564
316,14932.220772
317,14924.808202
318,14925.664759
319,14929.955957
320,14924.276722
321,14927.332428
322,14927.150149
323,14923.411936
324,14930.852940
325,14927.103360
326,14929.624681
327,14930.602067
328,14922.694021
329,14922.511100
330,14922.455333
331,14924.055500
332,14927.337386
333,14919.488514
334,14927.655704
335,14925.820813
336,14917.559013
337,14934.552189
338,14925.262587
339,14915.201865
340,14920.399158
341,14930.913908
342,14930.773318
343,14920.526197
344,14925.929272
345,14924.039455
346,14929.968765
347,14933.213308
348,14918.793635
349,14930.201160
350,14930.127982
351,14929.327183
352,14918.847794
353,14918.476839
354,14930.993815
355,14925.552074
356,14926.542246
357,14933.218449
358,14933.367863
359,14925.571245
360,14933.887931
361,14933.115991
362,14912.800307
363,14934.228661
364,14929.994824
365,14926.789247
366,14923.684540
367,14924.234290
368,14933.216861
369,14931.189484
370,14926.830088
371,14928.971824
372,14922.248094
373,14932.999299
374,14928.806683
375,14922.514715
376,14931.456513
377,14929.877021
378,14932.146436
379,14931.720534
380,14925.157789
381,14924.052368
382,14924.186820
383,14929.619562
384,14928.773685
385,14928.743604
386,14931.565906
387,14928.027766
388,14925.581209
389,14926.437919
390,14921.399445
391,14923.218148
392,14920.139621
393,14922.910709
394,14926.362715
395,14929.812661
396,14921.707322
397,14923.643184
398,14936.542898
399,14933.667243
400,14926.686828
401,14927.807983
402,14927.098148
403,14930.947705
404,14926.392937
405,14929.689240
406,14934.069357
407,14930.123669
408,14927.592142
409,14932.661134
410,14931.246833
411,14933.530612
412,14929.690988
413,14930.587358
414,14934.002583
415,14924.162972
416,14927.598337
417,14929.670720
418,14932.035197
419,14924.465786
420,14930.014615
421,14933.566289
422,14926.026272
423,14923.410723
424,14926.528438
425,14925.908356
426,14918.106845
427,14917.143026
428,14926.385562
429,14923.585241
430,14926.306441
431,14931.795591
432,14919.040193
433,14934.220829
434,14925.098610
435,14933.466374
436,14926.913274
437,14916.885493
438,14932.162751
439,14928.586252
440,14932.402456
441,14917.786927
442,14928.112870
443,14927.732297
444,14931.046721
445,14916.253973
446,14919.020617
447,14920.149968
448,14931.046501
449,14931.640178
450,14928.063910
451,14922.461940
452,14925.856786
453,14930.378359
454,14912.212485
455,14922.158912
456,14926.547097
457,14928.344609
458,14928.452660
459,14925.563958
460,14911.470305
461,14931.436188
462,14937.380618
463,14928.798610
464,14928.758406
465,14919.836342
466,14935.793101
467,14923.875008
468,14927.369936
469,14918.957591
470,14923.289479
471,14927.152962
472,14924.789171
473,14933.465670
474,14931.794980
475,14925.390745
476,14935.751801
477,14924.668976
478,14932.268108
479,14924.052667
480,14930.522613
481,14924.330273
482,14927.895983
483,14920.980368
484,14927.601114
485,14927.874345
486,14933.619100
487,14920.352729
488,14933.989415
489,14916.514205
490,14934.351544
491,14932.373847
492,14924.124211
493,14926.318686
494,14930.616634
495,14933.526413
496,14931.548886
497,14932.521100
498,14928.061645
499,14929.484028
