0,3122.976743
1,6248.680632
2,6682.389196
3,7048.127903
4,7383.152371
5,7712.011124
6,8010.983093
7,8299.343636
8,8531.656706
9,8828.509331
10,9077.249397
11,9318.797553
12,9551.878797
13,9828.629030
14,10068.932841
15,10291.100669
16,10456.462664
17,10583.009032
18,10791.104668
19,10998.602573
20,11204.513361
21,11324.871757
22,11434.492574
23,11485.597844
24,11641.073883
25,11837.022301
26,11963.325271
27,12075.229110
28,12168.473802
29,12295.366078
30,12335.137065
31,12412.434644
32,12503.848685
33,12633.091463
34,12626.699331
35,12714.295370
36,12876.774317
37,12992.911533
38,12970.318449
39,13048.274964
40,13132.223172
41,13158.207043
42,13202.244457
43,13294.676113
44,13437.198774
45,13457.295488
46,13571.287621
47,13637.567426
48,13657.680430
49,13709.004713
50,13807.237003
51,13808.279813
52,13833.048304
53,13866.398396
54,13920.972246
55,14001.636366
56,14004.637176
57,14035.416622
58,14063.388190
59,14132.071662
60,14173.994424
61,14127.043237
62,14159.654316
63,14115.249499
64,14094.187793
65,14219.022488
66,14433.492710
67,14363.038484
68,14258.066636
69,14360.988894
70,14319.438082
71,14362.876701
72,14320.609726
73,14358.474083
74,14358.423444
75,14395.597785
76,14497.429535
77,14444.381057
78,14511.967200
79,14614.716291
80,14539.150494
81,14452.115022
82,14586.620285
83,14581.563306
84,14681.648411
85,14683.154092
86,14655.073833
87,14689.304789
88,14671.953118
89,14654.272289
90,14830.824656
91,14882.642091
92,14775.775998
93,14869.279799
94,14835.543945
95,14940.974347
96,15101.407185
97,15172.083232
98,15157.442992
99,15152.638162
100,15308.780553
101,15206.891938
102,15215.923099
103,15381.393129
104,15462.470863
105,15504.427408
106,15474.245221
107,15523.061260
108,15393.105285
109,15369.263673
110,15568.993049
111,15535.555230
112,15539.644364
113,15575.645686
114,15476.913478
115,15458.975395
116,15444.275367
117,15574.853079
118,15590.799027
119,15543.151741
120,15561.707129
121,15522.437764
122,15490.629338
123,15563.297115
124,15655.229721
125,15588.743322
126,15533.490973
127,15474.589347
128,15525.159615
129,15650.514293
130,15578.410806
131,15507.518174
132,15474.533926
133,15627.959158
134,15603.423476
135,15603.210767
136,15600.173818
137,15607.632332
138,15542.832900
139,15609.459863
140,15713.450694
141,15617.764708
142,15569.364080
143,15529.978934
144,15591.270923
145,15666.259904
146,15605.932651
147,15617.155894
148,15537.003991
149,15564.025954
150,15509.389247
151,15501.188389
152,15475.378038
153,15657.492668
154,15594.758578
155,15614.148611
156,15671.584292
157,15824.044114
158,15790.263759
159,15789.316066
160,15852.133142
161,15928.012638
162,15914.285946
163,15992.443429
164,16062.030602
165,16129.770448
166,16108.585380
167,16137.655782
168,16087.589038
169,16008.069008
170,16073.305568
171,15990.349444
172,15958.341057
173,16032.930239
174,16006.042953
175,15961.013584
176,15820.837978
177,15899.905639
178,15942.794528
179,16034.869695
180,16233.390257
181,16052.207147
182,16043.971234
183,15939.511739
184,16016.276077
185,16186.726993
186,16269.011933
187,16208.913057
188,16247.465505
189,16434.124012
190,16410.153578
191,16485.077319
192,16534.588269
193,16533.118842
194,16433.303465
195,16383.685426
196,16379.906421
197,16454.619643
198,16412.798462
199,16423.937682
200,16523.643406
201,16518.310052
202,16488.903145
203,16467.486778
204,16440.693447
205,16499.348092
206,16515.240888
207,16582.705474
208,16479.845555
209,16576.415497
210,16463.098615
211,16378.805097
212,16454.099140
213,16566.195654
214,16529.985504
215,16437.715349
216,16495.561005
217,16601.605679
218,16476.610738
219,16492.519123
220,16509.101766
221,16509.410542
222,16491.969135
223,16480.613913
224,16460.839352
225,16352.228281
226,16261.061234
227,16331.790964
228,16360.601718
229,16377.474634
230,16661.209383
231,16520.595786
232,16418.311553
233,16439.389755
234,16409.606935
235,16496.942848
236,16537.808894
237,16580.570779
238,16573.262000
239,16490.814380
240,16411.439710
241,16495.299309
242,16467.322602
243,16490.679698
244,16502.690197
245,16603.394438
246,16457.486156
247,16420.554548
248,16461.027429
249,16452.838216
250,16576.146142
251,16546.948282
252,16557.559078
253,16544.381939
254,16600.193367
255,16479.318865
256,16553.899100
257,16555.635664
258,16471.405309
259,16516.479814
260,16526.650915
261,16581.708596
262,16551.364933
263,16580.664565
264,16612.536197
265,16660.014666
266,16604.937307
267,16571.979768
268,16416.726317
269,16372.713405
270,16498.300586
271,16450.290696
272,16612.306246
273,16577.643531
274,16638.716980
275,16625.164272
276,16549.258835
277,16599.848087
278,16696.194620
279,16600.004998
280,16491.804800
281,16505.225952
282,16714.878017
283,16565.809925
284,16529.804624
285,16481.434595
286,16405.478427
287,16507.068776
288,16445.103609
289,16436.087321
290,16529.279846
291,16475.133785
292,16416.932129
293,16446.952964
294,16469.073613
295,16580.663504
296,16431.499727
297,16643.724542
298,16422.778177
299,16489.903990
300,16487.667187
301,16529.011506
302,16356.379565
303,16516.707404
304,16340.883880
305,16563.230446
306,16589.858963
307,16579.217356
308,16493.621393
309,16526.963914
310,16489.573371
311,16493.897870
312,16638.118292
313,16550.729445
314,16459.262800
315,16471.156468
316,16656.120750
317,16718.979446
318,16559.513083
319,16472.694230
320,16524.734895
321,16641.061921
322,16667.148273
323,16634.341127
324,16660.337038
325,16517.501662
326,16296.254456
327,16626.403386
328,16681.437037
329,16615.829098
330,16413.777432
331,16430.687700
332,16481.225553
333,16422.842520
334,16481.879318
335,16517.611605
336,16525.608553
337,16604.871805
338,16497.626792
339,16571.659372
340,16569.617289
341,16549.715833
342,16629.954837
343,16527.400924
344,16446.315238
345,16473.089248
346,16504.978989
347,16486.376899
348,16494.857052
349,16562.703308
350,16490.548161
351,16539.790381
352,16481.466374
353,16615.891954
354,16532.400831
355,16613.944336
356,16578.404621
357,16526.397673
358,16478.382113
359,16384.464835
360,16317.135835
361,16440.133428
362,16356.492375
363,16478.710751
364,16386.191967
365,16533.344842
366,16442.770531
367,16470.580780
368,16643.255993
369,16640.028008
370,16623.244645
371,16651.689204
372,16490.277703
373,16509.742352
374,16492.146874
375,16531.153194
376,16408.697690
377,16436.948456
378,16487.530636
379,16476.659914
380,16560.342349
381,16441.100964
382,16522.740576
383,16583.273034
384,16601.679853
385,16526.083294
386,16577.921100
387,16582.626960
388,16585.697187
389,16568.296932
390,16627.415004
391,16541.417350
392,16673.404138
393,16629.678866
394,16467.194336
395,16490.922297
396,16466.661052
397,16400.023810
398,16502.630592
399,16585.661973
400,16617.934839
401,16534.460395
402,16589.443152
403,16471.156192
404,16611.912702
405,16509.712601
406,16403.037438
407,16543.058413
408,16554.152993
409,16589.792352
410,16433.690926
411,16457.133639
412,16337.004894
413,16397.682114
414,16537.284393
415,16468.807823
416,16408.458461
417,16446.536992
418,16499.240903
419,16560.968662
420,16686.517608
421,16638.683989
422,16739.892219
423,16631.890720
424,16531.907338
425,16524.596615
426,16581.100003
427,16520.237155
428,16471.351526
429,16489.066760
430,16694.340045
431,16640.498220
432,16495.602472
433,16445.039993
434,16328.841212
435,16538.138673
436,16553.714376
437,16436.410822
438,16490.670544
439,16618.021234
440,16623.200277
441,16544.115823
442,16439.451997
443,16548.907630
444,16586.601444
445,16498.646991
446,16538.097659
447,16565.952491
448,16597.093491
449,16557.969553
450,16527.794323
451,16589.134680
452,16541.629724
453,16463.464105
454,16504.899990
455,16556.394452
456,16496.531284
457,16385.806845
458,16450.661244
459,16501.584130
460,16559.249637
461,16500.464075
462,16568.200949
463,16520.509590
464,16506.746368
465,16592.812930
466,16548.020988
467,16568.840567
468,16572.327038
469,16555.269752
470,16503.656885
471,16471.437518
472,16450.471759
473,16421.419272
474,16458.211178
475,16349.490817
476,16359.725709
477,16438.063461
478,16440.103839
479,16525.536441
480,16373.135278
481,16495.419291
482,16325.667287
483,16462.361919
484,16497.417573
485,16512.935686
486,16509.432722
487,16549.479864
488,16563.877286
489,16509.504063
490,16451.086024
491,16483.720867
492,16486.450968
493,16561.452156
494,16553.487012
495,16481.169405
496,16537.013640
497,16557.858937
498,16508.212252
499,16615.571519
