0,3115.431622
1,6207.667459
2,6657.355293
3,7056.223149
4,7354.937051
5,7673.096035
6,7992.500129
7,8278.097103
8,8547.716711
9,8848.416358
10,9078.220697
11,9331.365459
12,9605.711100
13,9858.792218
14,10010.548093
15,10184.767037
16,10349.995515
17,10667.832990
18,10836.292291
19,11049.076750
20,11351.558296
21,11510.544792
22,11695.690872
23,11817.352570
24,12019.051537
25,12199.224141
26,12324.198725
27,12369.963239
28,12507.210486
29,12586.516562
30,12690.179089
31,12828.175217
32,12932.277683
33,12940.350293
34,13064.113335
35,13170.083978
36,13240.251355
37,13289.337293
38,13338.178126
39,13436.884166
40,13512.610673
41,13616.663627
42,13742.818795
43,13879.384453
44,13971.419040
45,14013.530714
46,14020.555886
47,14138.709420
48,14180.089546
49,14309.499259
50,14369.933507
51,14434.195437
52,14424.251755
53,14526.001900
54,14622.497206
55,14665.287269
56,14729.552825
57,14659.473521
58,14697.444901
59,14781.886832
60,14788.032052
61,14857.856563
62,14859.427670
63,14865.696108
64,14842.996905
65,15008.524567
66,14947.501003
67,15060.704803
68,15109.395826
69,15129.122082
70,15092.742681
71,15133.337406
72,15095.019302
73,15155.609788
74,15169.766378
75,15191.974171
76,15294.556884
77,15257.846071
78,15373.750761
79,15462.601663
80,15497.154126
81,15591.440111
82,15540.740719
83,15553.808326
84,15551.524471
85,15527.922968
86,15598.959430
87,15626.741290
88,15682.160733
89,15557.834184
90,15567.561507
91,15624.096477
92,15682.298807
93,15621.357554
94,15608.777193
95,15537.568924
96,15608.713965
97,15607.260174
98,15701.530949
99,15737.059531
100,15646.701602
101,15708.188012
102,15740.721939
103,15836.399697
104,15781.601457
105,15673.805557
106,15657.917717
107,15651.402471
108,15715.167188
109,15658.893684
110,15664.103601
111,15720.372928
112,15782.408793
113,15782.741537
114,15769.992589
115,15734.381314
116,15821.264344
117,15808.778990
118,15771.777683
119,15751.710771
120,15673.974271
121,15761.012754
122,15680.532193
123,15783.907464
124,15851.523273
125,15943.442401
126,15924.270714
127,15890.840728
128,15804.106852
129,15863.870553
130,15899.020818
131,15837.750233
132,15771.098708
133,15761.926609
134,15854.555852
135,15751.069039
136,15812.810959
137,15823.055393
138,16038.300379
139,16053.556343
140,16069.617235
141,16038.358717
142,15955.266693
143,16017.991671
144,16085.506113
145,16053.286035
146,16015.764936
147,16022.654037
148,16048.133544
149,16041.252493
150,16104.711673
151,15932.127726
152,15915.780601
153,16004.586967
154,16002.676907
155,16067.464320
156,15998.691483
157,16049.373028
158,15928.240672
159,15991.887896
160,15951.232354
161,15942.960077
162,16042.171164
163,16027.776819
164,16063.475474
165,16102.959772
166,16009.595181
167,15982.550850
168,15981.661456
169,16032.889765
170,15981.528525
171,15993.935160
172,15974.249064
173,15972.126698
174,15830.588803
175,15915.910897
176,15996.555955
177,15955.227998
178,16021.439403
179,16099.211317
180,15998.263363
181,16024.093622
182,16014.559179
183,16003.782148
184,16123.514004
185,16025.441683
186,16050.828175
187,16045.326025
188,16096.028393
189,16048.069987
190,16207.314669
191,16156.135763
192,16188.195409
193,16136.619544
194,16078.254527
195,16163.314256
196,16120.687113
197,16114.315930
198,16194.181152
199,16201.469816
200,16160.795096
201,16043.799120
202,16141.596145
203,16105.989241
204,16025.427438
205,15990.746079
206,15978.678776
207,15977.705209
208,15976.242432
209,16048.130873
210,16030.533824
211,16051.110898
212,16098.811521
213,16074.892865
214,16068.655163
215,16065.844437
216,16124.353210
217,16091.518612
218,16104.908876
219,16079.102165
220,16061.004604
221,16021.221546
222,16027.875641
223,16056.376242
224,16024.999778
225,16010.459780
226,16051.335409
227,16060.709927
228,16105.222742
229,16123.415809
230,16033.397620
231,16112.574322
232,16097.966049
233,16049.136700
234,16073.785339
235,16138.897274
236,16099.442799
237,16010.755989
238,16157.840483
239,16122.145485
240,16120.758610
241,16039.250742
242,15949.816378
243,16158.925415
244,16008.728875
245,16049.388435
246,16103.485885
247,16096.164459
248,16121.489312
249,16123.575452
250,15972.492415
251,16031.617105
252,16039.146692
253,16058.763861
254,16064.086545
255,16070.017030
256,16050.324282
257,15919.105393
258,15988.672219
259,16015.479733
260,16067.226160
261,16108.621981
262,16029.335679
263,16080.012435
264,15984.161857
265,16168.801868
266,16116.263336
267,16181.053259
268,16196.021908
269,16191.659388
270,16082.674376
271,16097.268243
272,16142.578010
273,16063.835490
274,16193.834460
275,16139.294383
276,16099.036593
277,16180.247679
278,16129.680941
279,16116.906993
280,16026.182871
281,16099.175634
282,16175.196634
283,16097.767566
284,16118.478994
285,16085.443600
286,16025.307085
287,16036.051872
288,16093.806020
289,16038.393607
290,16046.078292
291,16023.658649
292,16136.568140
293,16084.456222
294,16066.249748
295,16159.362585
296,16060.626938
297,15992.567031
298,15969.882416
299,16018.293963
300,15982.039834
301,16115.029320
302,16139.928899
303,16067.344519
304,16125.134171
305,16097.992215
306,16078.303630
307,16117.806385
308,16089.570674
309,16077.981731
310,16160.151244
311,16169.664933
312,16069.628487
313,16108.700229
314,16075.070609
315,16068.416523
316,16079.032996
317,16077.367779
318,16135.314997
319,16091.962509
320,16114.394757
321,16051.850794
322,16131.548433
323,16131.572005
324,16193.917220
325,16129.065695
326,16124.606361
327,16122.090122
328,16122.244615
329,16135.179191
330,16141.486586
331,16165.593700
332,16252.689437
333,16290.155607
334,16284.386433
335,16243.506401
336,16152.245615
337,16297.000169
338,16247.506245
339,16246.320697
340,16229.518350
341,16155.852960
342,16100.339433
343,16165.761413
344,16162.352503
345,16144.501297
346,16234.279332
347,16151.434791
348,16204.900804
349,16276.180064
350,16328.152272
351,16296.480994
352,16306.039598
353,16298.151137
354,16216.026972
355,16213.443464
356,16271.314398
357,16186.701142
358,16334.573983
359,16329.239516
360,16193.451129
361,16255.560408
362,16272.101956
363,16242.672421
364,16314.414274
365,16335.431179
366,16241.449935
367,16333.501497
368,16315.567509
369,16362.318701
370,16386.247128
371,16343.668446
372,16295.970453
373,16353.579074
374,16314.356669
375,16309.189026
376,16227.220732
377,16169.990902
378,16179.416766
379,16174.982143
380,16182.166619
381,16113.154702
382,16156.921719
383,16150.244051
384,16206.598899
385,16283.145989
386,16210.042971
387,16211.592440
388,16154.963458
389,16296.704884
390,16238.085041
391,16324.266649
392,16285.138219
393,16227.648065
394,16153.520486
395,16181.939910
396,16308.368471
397,16157.860825
398,16120.052561
399,16154.003490
400,16214.378900
401,16343.347977
402,16364.569023
403,16319.003175
404,16255.745288
405,16231.979806
406,16277.297558
407,16341.872680
408,16234.961585
409,16245.113052
410,16255.999407
411,16219.407622
412,16185.998729
413,16206.586909
414,16229.981996
415,16202.518351
416,16185.374723
417,16210.641372
418,16277.098765
419,16396.917786
420,16289.667623
421,16243.611374
422,16254.489133
423,16283.467719
424,16230.352413
425,16227.861224
426,16236.990108
427,16147.054850
428,16116.165832
429,16235.159058
430,16184.800213
431,16179.091965
432,16207.422178
433,16145.905883
434,16149.402209
435,16241.242295
436,16286.590347
437,16257.686045
438,16260.274767
439,16238.762025
440,16277.621910
441,16346.743287
442,16377.327304
443,16322.129732
444,16263.505047
445,16247.165321
446,16204.325851
447,16306.708880
448,16329.685065
449,16388.799167
450,16330.602540
451,16234.314283
452,16374.041143
453,16434.876633
454,16436.521030
455,16307.658682
456,16380.997549
457,16303.434097
458,16291.487803
459,16346.015410
460,16442.821912
461,16431.070582
462,16372.318460
463,16396.981976
464,16317.243102
465,16390.984549
466,16366.143783
467,16353.302917
468,16359.293313
469,16400.548449
470,16426.071419
471,16436.212830
472,16444.250758
473,16596.555924
474,16541.275819
475,16397.603814
476,16472.398014
477,16508.266023
478,16487.924459
479,16423.653181
480,16446.619762
481,16553.976586
482,16552.833435
483,16594.277530
484,16540.360267
485,16478.229488
486,16365.772183
487,16489.058690
488,16437.244075
489,16559.406410
490,16446.018446
491,16456.949085
492,16416.379707
493,16491.186434
494,16442.074806
495,16494.299158
496,16479.852859
497,16503.939261
498,16584.387461
499,16556.820747
