0,3141.507578
1,6574.585781
2,7276.079072
3,7776.653247
4,8153.859709
5,8492.481583
6,8916.628219
7,9242.234774
8,9483.987052
9,9855.162058
10,10207.894892
11,10530.989822
12,10921.335109
13,11237.089386
14,11612.880943
15,11952.598422
16,12267.389163
17,12475.004740
18,12770.146016
19,12988.380568
20,13154.963732
21,13107.176524
22,13211.409390
23,13340.008810
24,13499.262753
25,13579.523903
26,13567.436575
27,13677.854215
28,13690.821165
29,13759.362792
30,13652.112469
31,13720.565605
32,13869.341841
33,13826.427667
34,13907.471272
35,13875.100977
36,13929.362563
37,13952.300997
38,14012.937153
39,14012.288725
40,14130.300466
41,14046.769859
42,14270.778878
43,14255.483344
44,14212.152446
45,14198.882711
46,14369.927966
47,14329.879710
48,14358.276450
49,14375.336750
50,14539.057268
51,14689.861563
52,14633.409059
53,14507.372222
54,14481.678462
55,14679.717648
56,14703.993261
57,14778.531494
58,15079.324234
59,15252.192305
60,15265.092298
61,15607.681000
62,15742.099248
63,15929.130533
64,15900.906665
65,15940.498351
66,15991.847591
67,15968.750951
68,15938.454087
69,15669.026406
70,15768.110305
71,15862.382876
72,15803.571985
73,15867.036336
74,16094.758718
75,16111.045997
76,16236.693561
77,16636.367109
78,16622.783494
79,16602.097891
80,16619.245302
81,16749.456592
82,16525.297628
83,16709.230510
84,16741.543692
85,16564.103270
86,16687.783260
87,16788.580425
88,16842.206608
89,16685.353517
90,16724.216736
91,16483.857861
92,16608.186168
93,16740.710970
94,16737.195632
95,16623.374666
96,16793.033629
97,16580.301761
98,16582.831748
99,16758.448245
100,16707.372524
101,16807.438808
102,16621.383303
103,16615.711307
104,16822.741791
105,16723.608640
106,16683.357304
107,16880.462451
108,16739.707113
109,16949.460715
110,16789.774512
111,16718.638545
112,16945.585546
113,17135.231538
114,16808.073636
115,16916.575118
116,16894.104338
117,17020.503328
118,16968.153374
119,16901.523940
120,16944.485534
121,16873.527848
122,16972.627815
123,16962.156505
124,16968.542018
125,17029.548283
126,16792.812742
127,16941.811009
128,17020.000675
129,16780.901564
130,16764.882460
131,17003.068566
132,16804.434433
133,16853.436056
134,16978.899512
135,17026.811565
136,17017.261856
137,17057.267233
138,17006.410930
139,17152.390150
140,16871.446689
141,16943.787342
142,16967.463501
143,17016.761730
144,17012.658581
145,16961.832135
146,16916.290473
147,16969.109458
148,16933.789626
149,16916.211542
150,16991.033656
151,17102.371322
152,16904.252100
153,17087.497276
154,16951.232318
155,16920.390802
156,16816.328520
157,16966.488867
158,16994.679903
159,16841.716531
160,17056.640739
161,17056.275198
162,17066.769475
163,17068.821325
164,17062.088416
165,16989.956740
166,17019.075929
167,17097.067601
168,16951.578486
169,16975.714045
170,16892.789105
171,16981.057943
172,17107.612362
173,17021.283352
174,17068.454366
175,17003.144710
176,16900.475104
177,16804.299338
178,16882.042404
179,16926.716846
180,17072.852083
181,16981.879654
182,16968.413447
183,16717.921170
184,16880.433423
185,16881.450359
186,16939.451193
187,17105.421259
188,16923.374532
189,16966.747855
190,16980.882114
191,16947.271250
192,17053.778385
193,16899.898814
194,16872.551736
195,17036.438250
196,17074.253474
197,16935.086637
198,16842.588958
199,16868.418501
200,17110.808795
201,16858.302903
202,16915.087112
203,17089.054137
204,17005.619462
205,16940.100120
206,16953.629237
207,16912.761073
208,16992.259555
209,16923.620177
210,16978.437908
211,17072.720523
212,17043.027489
213,16917.261761
214,17107.763852
215,16984.032591
216,16977.988042
217,17082.996192
218,17204.413041
219,16940.593892
220,17075.147525
221,17134.790158
222,16898.695769
223,16964.512619
224,17137.620761
225,17023.867552
226,16849.903095
227,16999.523708
228,17043.880722
229,17035.335351
230,16990.328808
231,16936.366162
232,17120.998322
233,16915.190596
234,16936.948971
235,16884.305040
236,16919.220523
237,17053.329149
238,17026.108056
239,16988.730861
240,17050.314951
241,17087.285489
242,16862.773368
243,17026.579344
244,17054.981306
245,17022.545355
246,17038.355512
247,16809.421136
248,16990.644160
249,17007.385662
250,17178.292638
251,16996.711555
252,16994.687918
253,17068.367750
254,17107.754943
255,17150.231555
256,17150.106463
257,17014.801067
258,17000.707404
259,16849.865628
260,16871.632226
261,17058.599979
262,17062.407416
263,17004.274186
264,17022.548928
265,16958.995909
266,17018.108988
267,16933.476328
268,16995.716390
269,17124.970022
270,17195.597807
271,17040.816678
272,17037.706320
273,17133.611475
274,17042.032996
275,17044.780031
276,16967.408059
277,17003.606390
278,17110.128876
279,17072.039584
280,16878.471935
281,16889.854600
282,17109.556537
283,17084.085277
284,16918.747309
285,16833.406926
286,16867.539606
287,16992.481780
288,17151.735908
289,16917.165306
290,16921.007910
291,17040.705272
292,17104.396474
293,17093.294348
294,17031.302582
295,16965.240444
296,16850.857534
297,16833.027336
298,16794.943443
299,16961.800077
300,17050.428470
301,16970.211950
302,16979.963885
303,16905.527802
304,17056.113042
305,16969.350002
306,16961.498634
307,17081.819456
308,16947.268837
309,16999.598572
310,16931.108203
311,16796.975649
312,16995.252879
313,16970.835159
314,16854.254058
315,17082.959702
316,17142.896272
317,16968.096135
318,17030.339788
319,16839.659444
320,16923.205260
321,16947.301938
322,16945.297524
323,16822.586666
324,16778.537847
325,16846.218261
326,16845.779351
327,16959.196529
328,17044.039072
329,17032.657367
330,16976.479091
331,17084.239853
332,17054.654879
333,17048.765452
334,17027.238255
335,16901.835100
336,16958.108219
337,16975.025713
338,16758.480657
339,17079.042402
340,17009.562884
341,17144.839614
342,17105.606137
343,16857.103151
344,17070.143892
345,17043.016905
346,16948.295714
347,16847.775708
348,17114.990810
349,17022.184413
350,16855.609349
351,16909.005754
352,16930.158953
353,16997.043750
354,16942.591365
355,17031.630009
356,16985.379248
357,16800.036852
358,16932.657673
359,16861.879082
360,17026.334384
361,17001.020487
362,16894.154019
363,16944.031352
364,16894.352802
365,17210.160645
366,16916.061518
367,16812.384309
368,16910.400164
369,16897.845051
370,17003.504122
371,16899.493242
372,17064.310439
373,17042.449747
374,17021.985285
375,17119.015329
376,17081.590261
377,16935.891132
378,17095.510652
379,17000.280329
380,16992.469806
381,17186.320697
382,17007.632931
383,17043.683185
384,17091.191899
385,16954.590136
386,17145.285722
387,16962.881280
388,16937.895916
389,16920.073798
390,17025.395844
391,16910.673506
392,16962.619540
393,17054.281263
394,17000.431025
395,17060.101279
396,17150.834895
397,16956.850845
398,17037.538817
399,17007.722954
400,17042.026239
401,16938.191236
402,16964.660649
403,16989.617557
404,17023.439589
405,17086.226453
406,17143.288027
407,17145.403296
408,17051.208084
409,17041.701998
410,17012.205362
411,17150.561520
412,17236.317559
413,17074.701430
414,17091.116452
415,17160.139131
416,17088.039848
417,16918.462204
418,16959.534553
419,17146.966975
420,16886.413155
421,16986.190741
422,16964.797485
423,17213.671751
424,17025.251110
425,16898.394840
426,17045.677421
427,17116.034737
428,17040.415373
429,16857.659473
430,17001.830344
431,17009.329120
432,16932.645900
433,16634.645587
434,16916.833176
435,16976.035311
436,16978.138453
437,17043.811509
438,17131.423639
439,16973.302813
440,16876.627152
441,16848.259539
442,17086.034686
443,16973.830677
444,17014.472773
445,16963.545539
446,17099.914636
447,17183.546206
448,17027.427199
449,16994.966171
450,17076.469845
451,16796.688086
452,16947.916739
453,16906.181338
454,16961.453615
455,16890.070825
456,16901.282541
457,16931.799675
458,16906.681494
459,16932.762480
460,16896.232981
461,16741.319133
462,16894.247446
463,17120.661340
464,16944.652994
465,16923.345049
466,16987.054755
467,17161.686666
468,17007.422180
469,16993.739767
470,16973.880672
471,16941.960108
472,16922.949382
473,16956.747417
474,17135.201058
475,17153.229554
476,17006.442929
477,17119.932610
478,17249.743931
479,17222.896973
480,17142.987806
481,17155.299225
482,17054.220456
483,17027.300225
484,17177.160295
485,17046.789048
486,16943.256682
487,16953.896331
488,16876.823902
489,17011.960198
490,17112.913076
491,16921.573689
492,17013.939037
493,17062.718030
494,17117.799975
495,17059.199116
496,17065.037848
497,17043.513601
498,17137.770809
499,17013.110861
