0,3060.061314
1,6116.420637
2,6473.805424
3,6859.573951
4,7270.782836
5,7628.149863
6,7908.666973
7,8121.695216
8,8331.202302
9,8690.412486
10,8937.540904
11,9257.415158
12,9417.904349
13,9614.401891
14,9870.607370
15,10119.332648
16,10272.482566
17,10496.005458
18,10698.430618
19,10886.806033
20,11084.152472
21,11312.374059
22,11538.476598
23,11727.438082
24,11868.939787
25,12116.200053
26,12318.909426
27,12427.188304
28,12643.339137
29,13010.304807
30,12911.831393
31,13074.996338
32,13205.043514
33,13430.964763
34,13552.638302
35,13747.132914
36,13763.812752
37,13810.395148
38,13964.451565
39,14067.764481
40,14091.473369
41,14241.298661
42,14326.263585
43,14388.452706
44,14433.119255
45,14507.469481
46,14559.273976
47,14494.712757
48,14638.463244
49,14679.546311
50,14829.862052
51,14908.567511
52,14950.025856
53,14869.702315
54,15043.668430
55,15031.540475
56,14899.783600
57,15035.588326
58,14948.383273
59,15056.485153
60,15142.944553
61,15169.268200
62,15218.042216
63,15289.394770
64,15184.912589
65,15219.154023
66,15161.828938
67,15238.814263
68,15115.450141
69,14919.788263
70,15010.295320
71,15050.728324
72,15170.348573
73,15122.686637
74,15182.452007
75,15109.134559
76,15116.978076
77,15182.860125
78,15292.524869
79,15209.850431
80,15350.328577
81,15313.729823
82,15106.192552
83,15120.569390
84,15094.431205
85,15304.006822
86,15137.141445
87,15295.492706
88,15362.072715
89,15317.306399
90,15333.131116
91,15281.844552
92,15409.842011
93,15489.692268
94,15493.038790
95,15468.465629
96,15413.327790
97,15477.853278
98,15495.650951
99,15318.027352
100,15286.894424
101,15328.926394
102,15469.591643
103,15380.348135
104,15512.539378
105,15292.607831
106,15315.667545
107,15389.179086
108,15521.878680
109,15419.459546
110,15467.277294
111,15525.629825
112,15643.494153
113,15564.321883
114,15560.015596
115,15465.535398
116,15488.761019
117,15394.830169
118,15548.711298
119,15519.603968
120,15587.710935
121,15675.489839
122,15419.644307
123,15529.183165
124,15687.122441
125,15749.561645
126,15654.331399
127,15727.915822
128,15725.893657
129,15647.192443
130,15660.952351
131,15734.139115
132,15490.836567
133,15378.471017
134,15544.644623
135,15593.190183
136,15665.835339
137,15760.778381
138,15777.181338
139,15842.192954
140,15794.029156
141,15674.143692
142,15832.211963
143,15866.553406
144,15919.041605
145,16025.737644
146,15942.651384
147,15891.502853
148,15894.423052
149,16002.333819
150,16065.298863
151,16104.593541
152,16090.908649
153,16171.080637
154,16100.680989
155,16121.524362
156,16097.472562
157,16224.934395
158,16203.208489
159,16076.033652
160,16044.840667
161,16107.405433
162,15931.103439
163,16065.336781
164,15982.719730
165,16075.560343
166,16250.410831
167,16182.343116
168,16110.746894
169,16126.848011
170,15972.635170
171,15946.319011
172,15979.013212
173,16228.044279
174,16276.045489
175,16341.668767
176,16115.974823
177,16077.549522
178,16171.133177
179,16208.321468
180,16357.651629
181,16287.535909
182,16410.877115
183,16379.832635
184,16221.497482
185,15985.867087
186,16127.310671
187,16158.643548
188,16150.265168
189,16200.596424
190,16025.219770
191,16358.529562
192,16194.392226
193,16184.632329
194,16334.153625
195,16239.636780
196,16252.148943
197,16360.379789
198,16200.158323
199,16250.999159
200,16280.807031
201,16195.654629
202,16485.183498
203,16323.245841
204,16243.950995
205,16386.701819
206,16312.761670
207,16435.263377
208,16376.603865
209,16321.243450
210,16610.762783
211,16417.236842
212,16359.922646
213,16374.651002
214,16340.133861
215,16202.557653
216,16439.374435
217,16592.572817
218,16552.195203
219,16402.840450
220,16483.334806
221,16383.898389
222,16536.584704
223,16249.162918
224,16324.191114
225,16223.275043
226,16303.452800
227,16354.192067
228,16437.348011
229,16508.352438
230,16432.098784
231,16376.204698
232,16267.298079
233,16332.482750
234,16317.880905
235,16259.349685
236,16434.830606
237,16336.726630
238,16250.302772
239,16261.217826
240,16148.616107
241,16116.774860
242,16104.357134
243,16227.482965
244,16506.029333
245,16470.480848
246,16575.525368
247,16450.386442
248,16542.537500
249,16195.454360
250,16234.822304
251,16322.484022
252,16412.628253
253,16373.791092
254,16386.908136
255,16284.100689
256,16369.448106
257,16465.275275
258,16426.270650
259,16588.841573
260,16598.293935
261,16491.168646
262,16574.449604
263,16476.729566
264,16572.130451
265,16558.479225
266,16389.660780
267,16520.027408
268,16592.791641
269,16531.904080
270,16598.397243
271,16537.095398
272,16680.798039
273,16597.217322
274,16519.705437
275,16610.174543
276,16502.635025
277,16392.562283
278,16418.222222
279,16640.360200
280,16573.433108
281,16590.481273
282,16585.268499
283,16509.023355
284,16633.131419
285,16507.010806
286,16661.901793
287,16461.534300
288,16550.331702
289,16612.647377
290,16576.863679
291,16582.941066
292,16558.937636
293,16449.350157
294,16350.839434
295,16447.304665
296,16368.633118
297,16598.557033
298,16496.081731
299,16543.632875
300,16196.687092
301,16391.859216
302,16511.342922
303,16428.783979
304,16578.583636
305,16570.521145
306,16610.270910
307,16586.420081
308,16684.359033
309,16621.113904
310,16467.887719
311,16280.443771
312,16371.809896
313,16473.888466
314,16480.042689
315,16431.927116
316,16567.308791
317,16815.457009
318,16817.463352
319,16589.040076
320,16599.821920
321,16626.052740
322,16573.280413
323,16467.706892
324,16529.502211
325,16423.968306
326,16658.397306
327,16537.241304
328,16558.450400
329,16592.760924
330,16694.019897
331,16580.994892
332,16563.780967
333,16664.253035
334,16532.513140
335,16682.388732
336,16509.252735
337,16287.382504
338,16360.288787
339,16600.244210
340,16570.888550
341,16660.725436
342,16632.279071
343,16821.031858
344,16891.321960
345,16765.254955
346,16674.397751
347,16744.173714
348,16566.422411
349,16574.462540
350,16533.500215
351,16594.080563
352,16553.643578
353,16557.435252
354,16707.566675
355,16807.019630
356,16868.730876
357,16702.466156
358,16664.912406
359,16452.754773
360,16477.901283
361,16566.456481
362,16619.628925
363,16736.083604
364,16759.450348
365,16541.377158
366,16752.169273
367,16785.646239
368,16645.795307
369,16587.261325
370,16560.838321
371,16628.292881
372,16537.987826
373,16486.278735
374,16747.877874
375,16781.222157
376,16654.453964
377,16768.079284
378,16596.639261
379,16608.795793
380,16715.600463
381,16611.518896
382,16696.675466
383,16657.617719
384,16593.300782
385,16433.250285
386,16629.430373
387,16723.907294
388,16660.690521
389,16785.008180
390,16856.090806
391,16620.781463
392,16629.565711
393,16740.662985
394,16606.474441
395,16647.680015
396,16574.004072
397,16826.170110
398,16790.199428
399,16743.425959
400,16927.353157
401,16785.132558
402,16801.502515
403,16861.430958
404,16762.287990
405,16851.214005
406,16810.824100
407,16741.496392
408,16740.301095
409,16687.484153
410,16549.344048
411,16761.104339
412,16824.201359
413,16884.638401
414,16793.368908
415,16690.924571
416,16703.600571
417,16751.953581
418,16749.057862
419,16907.664177
420,16820.957033
421,16721.234738
422,16802.325513
423,16637.647281
424,16684.228025
425,16765.023824
426,16831.690189
427,16794.342912
428,16853.108294
429,16872.123624
430,16834.574121
431,16720.955217
432,16759.120433
433,16731.352890
434,16856.097109
435,16721.412187
436,16874.589755
437,16919.726976
438,16894.828592
439,16688.398653
440,16716.063748
441,16801.172740
442,16750.884521
443,16955.069011
444,16790.294946
445,16721.686742
446,16768.231388
447,16697.524332
448,16466.738508
449,16789.104089
450,16645.547235
451,16648.388938
452,16749.141187
453,16674.380007
454,16718.374774
455,16744.862318
456,16688.380875
457,16760.792005
458,16802.087428
459,16610.994537
460,16590.139730
461,16612.487969
462,16423.032699
463,16640.249942
464,16714.819491
465,16756.232120
466,16679.044234
467,16572.942089
468,16581.133486
469,16715.116000
470,16611.825140
471,16678.258883
472,16739.895402
473,16705.481770
474,16669.233349
475,16570.554774
476,16780.934570
477,16842.629006
478,16782.653967
479,16634.329988
480,16678.547901
481,16472.422601
482,16383.515169
483,16551.304366
484,16557.463287
485,16750.830201
486,16524.380452
487,16546.449700
488,16647.303511
489,16680.764603
490,16858.382303
491,16736.062377
492,16705.563563
493,16545.490982
494,16457.730619
495,16554.717215
496,16366.295289
497,16485.731328
498,16674.718600
499,16801.569243
