0,3058.584869
1,3402.824811
2,3593.666404
3,3833.201343
4,4003.460682
5,4219.581982
6,4415.485675
7,4562.055502
8,4772.163759
9,4937.021388
10,5064.112294
11,5216.816605
12,5390.173965
13,5486.503370
14,5659.466889
15,5726.921344
16,5842.136415
17,6007.211385
18,6066.519362
19,6165.850507
20,6299.562536
21,6364.092028
22,6384.135104
23,6448.220026
24,6477.626659
25,6502.972698
26,6597.200921
27,6582.627715
28,6681.170090
29,6714.609712
30,6764.904621
31,6793.503089
32,6813.135897
33,6865.328597
34,6917.997761
35,6900.629587
36,6932.619499
37,6948.089350
38,7004.443537
39,7056.531676
40,7036.340704
41,7115.284699
42,7113.957120
43,7096.401647
44,7101.715127
45,7127.417877
46,7154.598537
47,7097.182700
48,7140.592746
49,7115.724501
50,7158.018637
51,7149.292993
52,7160.894738
53,7119.919400
54,7130.455644
55,7131.760717
56,7182.966714
57,7172.678947
58,7149.924943
59,7125.413088
60,7100.344335
61,7151.464463
62,7100.624815
63,7161.738030
64,7132.699636
65,7095.549972
66,7082.046354
67,7137.908985
68,7108.030959
69,7106.036438
70,7154.954889
71,7141.967492
72,7161.170727
73,7183.145591
74,7214.527956
75,7209.602893
76,7236.729934
77,7262.515305
78,7241.569983
79,7269.419757
80,7286.491918
81,7305.132496
82,7293.939187
83,7294.842916
84,7296.579163
85,7234.650770
86,7232.181213
87,7271.002301
88,7271.948242
89,7273.344885
90,7272.152366
91,7263.379750
92,7246.334373
93,7247.895435
94,7290.495761
95,7321.889530
96,7302.786149
97,7320.326621
98,7300.326632
99,7311.835261
100,7319.731637
101,7315.911624
102,7313.378558
103,7274.001615
104,7339.739200
105,7279.080796
106,7314.821453
107,7344.567722
108,7258.730117
109,7238.925610
110,7176.719782
111,7221.922802
112,7249.481356
113,7289.793084
114,7249.499721
115,7251.247569
116,7273.281174
117,7310.559112
118,7349.380011
119,7270.921391
120,7266.776739
121,7305.771585
122,7285.534287
123,7264.802326
124,7293.623070
125,7298.523739
126,7362.649745
127,7343.412925
128,7309.935052
129,7312.950657
130,7278.615900
131,7308.937071
132,7275.760317
133,7263.169612
134,7303.083240
135,7289.587426
136,7305.945278
137,7320.926069
138,7347.187834
139,7344.599253
140,7306.618196
141,7279.641859
142,7253.282387
143,7227.790614
144,7266.249517
145,7309.335848
146,7288.070233
147,7264.719091
148,7270.624047
149,7312.472935
150,7241.695331
151,7295.069346
152,7279.587708
153,7289.541766
154,7284.004640
155,7337.073644
156,7311.509689
157,7337.828317
158,7282.868205
159,7286.229620
160,7278.617463
161,7303.780390
162,7307.633658
163,7314.728803
164,7323.409710
165,7259.229897
166,7279.741242
167,7265.687307
168,7308.106660
169,7349.126629
170,7281.663840
171,7241.425970
172,7285.046022
173,7210.313639
174,7173.249829
175,7277.437429
176,7331.946985
177,7269.578667
178,7288.636629
179,7315.527338
180,7337.402788
181,7315.911521
182,7294.424907
183,7288.820990
184,7284.291717
185,7271.434262
186,7290.023102
187,7215.420379
188,7256.202876
189,7313.987796
190,7283.112109
191,7264.048681
192,7290.284628
193,7323.386354
194,7346.108141
195,7363.756016
196,7351.597351
197,7342.024956
198,7276.137482
199,7284.481231
200,7303.102657
201,7242.684055
202,7258.127639
203,7247.050708
204,7275.192099
205,7334.114824
206,7312.933802
207,7289.888149
208,7281.171388
209,7243.394953
210,7260.898515
211,7261.257161
212,7334.869668
213,7276.454926
214,7301.279945
215,7345.653010
216,7317.980094
217,7323.059577
218,7282.207360
219,7305.026494
220,7301.624340
221,7303.098833
222,7367.934524
223,7316.675064
224,7281.563694
225,7273.912019
226,7238.416115
227,7269.628382
228,7294.560277
229,7277.390978
230,7193.534030
231,7240.212674
232,7234.849383
233,7272.725291
234,7267.747167
235,7291.566298
236,7317.486101
237,7300.816583
238,7314.953796
239,7293.956418
240,7285.751437
241,7297.080434
242,7253.952189
243,7282.737330
244,7295.138597
245,7313.578231
246,7324.575259
247,7287.496550
248,7330.185753
249,7276.512681
250,7282.745453
251,7297.962292
252,7301.772805
253,7317.666043
254,7345.797601
255,7308.679418
256,7273.883872
257,7311.775011
258,7335.975420
259,7298.207140
260,7247.923134
261,7280.956376
262,7331.787617
263,7338.424494
264,7230.018239
265,7230.154505
266,7250.343612
267,7291.641669
268,7285.529893
269,7337.223092
270,7267.873870
271,7303.361808
272,7281.644855
273,7304.837184
274,7318.094709
275,7310.947447
276,7303.594734
277,7304.611745
278,7292.103448
279,7320.447774
280,7314.914105
281,7270.961022
282,7320.358746
283,7264.854414
284,7332.916332
285,7297.947203
286,7268.689422
287,7310.053782
288,7311.982965
289,7307.691677
290,7353.086797
291,7320.711226
292,7323.857399
293,7285.801477
294,7246.674940
295,7246.306539
296,7214.136766
297,7284.027480
298,7306.678194
299,7295.792176
300,7287.052002
301,7336.664722
302,7325.784505
303,7308.040228
304,7292.960635
305,7267.499048
306,7274.592078
307,7288.326618
308,7331.530478
309,7244.800452
310,7306.428695
311,7250.167622
312,7320.192582
313,7259.089688
314,7224.889317
315,7202.654339
316,7244.198765
317,7232.303583
318,7269.592102
319,7285.855611
320,7249.539934
321,7295.960809
322,7280.941243
323,7304.886569
324,7279.922707
325,7290.174746
326,7288.767330
327,7264.837856
328,7342.987976
329,7311.904853
330,7240.158441
331,7259.589014
332,7244.836838
333,7258.546832
334,7302.646840
335,7342.895138
336,7332.311210
337,7330.065175
338,7254.503120
339,7272.151904
340,7262.453625
341,7305.315673
342,7302.396813
343,7320.002309
344,7322.755357
345,7299.022322
346,7302.510800
347,7261.532519
348,7292.768990
349,7293.216622
350,7306.451134
351,7344.986322
352,7276.419627
353,7245.580312
354,7269.367522
355,7318.348451
356,7315.152535
357,7301.570126
358,7269.880444
359,7268.571295
360,7278.177091
361,7315.064245
362,7354.844597
363,7352.909351
364,7340.123514
365,7324.414937
366,7330.302514
367,7336.942595
368,7313.599928
369,7277.132344
370,7225.257333
371,7260.543576
372,7287.657465
373,7217.385368
374,7229.239830
375,7250.350972
376,7278.698093
377,7306.234957
378,7275.861992
379,7277.768127
380,7326.115974
381,7293.014106
382,7231.112699
383,7285.079430
384,7266.536970
385,7250.177362
386,7271.424895
387,7271.290277
388,7283.150807
389,7302.504497
390,7283.037680
391,7267.877559
392,7296.442440
393,7293.142563
394,7328.239311
395,7266.102013
396,7319.768516
397,7321.767285
398,7283.232264
399,7285.196172
400,7304.343518
401,7318.613411
402,7327.533877
403,7252.206971
404,7260.719222
405,7303.311203
406,7317.123446
407,7295.707385
408,7340.378117
409,7311.242755
410,7339.881858
411,7300.847954
412,7274.960244
413,7269.040278
414,7274.285478
415,7302.647509
416,7300.579786
417,7211.265996
418,7252.320795
419,7281.264195
420,7316.131917
421,7290.979638
422,7247.634016
423,7266.963264
424,7266.029714
425,7258.022860
426,7286.236964
427,7268.877655
428,7248.727504
429,7273.667672
430,7316.693192
431,7329.054618
432,7312.117347
433,7331.676485
434,7314.402762
435,7327.574973
436,7257.564953
437,7302.130923
438,7270.183231
439,7286.576052
440,7341.533333
441,7334.170264
442,7281.408931
443,7299.998521
444,7324.190792
445,7313.988912
446,7245.975799
447,7265.999971
448,7292.763727
449,7326.092018
450,7302.513660
451,7328.119025
452,7280.531463
453,7279.984068
454,7294.803982
455,7276.583839
456,7268.108082
457,7298.040928
458,7272.207946
459,7280.579120
460,7281.308922
461,7248.001978
462,7251.527454
463,7270.182573
464,7304.486459
465,7330.197664
466,7348.505588
467,7334.981520
468,7336.056727
469,7333.097737
470,7310.407427
471,7283.008820
472,7313.703288
473,7320.249494
474,7271.498496
475,7262.286058
476,7262.112717
477,7304.498106
478,7258.612086
479,7184.141948
480,7228.960517
481,7253.923294
482,7279.412384
483,7344.658303
484,7320.618415
485,7277.795624
486,7307.931854
487,7291.759948
488,7236.845036
489,7241.801426
490,7256.454281
491,7203.805403
492,7309.740120
493,7297.515876
494,7325.393895
495,7276.999704
496,7265.284760
497,7285.412264
498,7316.863277
499,7323.834021
