0,3117.805311
1,3100.585401
2,3098.703650
3,3082.476700
4,3061.288981
5,3100.202256
6,3042.450720
7,3018.836050
8,3043.358641
9,3009.278449
10,2977.992314
11,2994.407071
12,3027.039713
13,3114.930730
14,3041.980906
15,3074.475995
16,3096.262053
17,3145.151721
18,3065.333750
19,3039.421080
20,3063.072884
21,3101.244060
22,3115.583735
23,3091.242514
24,3152.988325
25,3156.166440
26,3181.660027
27,3193.025421
28,3171.407227
29,3192.743831
30,3165.753683
31,3140.522690
32,3167.880731
33,3086.184131
34,3198.870587
35,3195.271436
36,3195.963815
37,3151.588647
38,3225.393170
39,3271.164772
40,3303.883261
41,3187.129513
42,3155.267089
43,3217.509628
44,3186.566825
45,3134.690405
46,3150.574145
47,3187.290403
48,3192.962317
49,3232.080931
50,3164.096518
51,3268.623766
52,3309.839144
53,3290.704105
54,3250.008097
55,3216.694790
56,3244.499172
57,3197.610931
58,3210.555303
59,3205.960987
60,3190.308152
61,3165.252271
62,3233.278051
63,3256.426712
64,3267.605466
65,3201.398996
66,3209.308030
67,3326.261125
68,3339.302182
69,3403.424329
70,3363.792687
71,3341.913037
72,3283.466482
73,3248.084503
74,3256.811606
75,3158.694135
76,3102.584099
77,3210.102073
78,3232.371940
79,3118.419496
80,3232.805242
81,3283.246712
82,3298.656057
83,3369.124318
84,3295.611995
85,3353.012874
86,3465.245425
87,3450.408276
88,3316.692079
89,3401.164046
90,3367.741778
91,3344.835191
92,3347.093905
93,3395.730482
94,3446.794875
95,3434.373359
96,3403.827408
97,3507.958417
98,3575.139200
99,3528.054389
100,3493.774787
101,3342.619791
102,3420.594686
103,3474.582326
104,3405.778358
105,3413.316670
106,3419.726499
107,3368.976440
108,3289.097427
109,3326.370308
110,3377.956620
111,3449.504094
112,3490.244725
113,3473.479686
114,3493.692170
115,3492.863737
116,3413.933270
117,3437.834969
118,3401.607019
119,3383.131279
120,3487.277892
121,3547.472002
122,3570.316630
123,3552.198292
124,3597.164250
125,3592.480135
126,3625.499630
127,3666.493163
128,3732.850775
129,3767.041521
130,3732.257844
131,3809.298387
132,3954.462594
133,3938.502894
134,4049.427959
135,4172.658964
136,4340.480219
137,4472.248658
138,4545.452746
139,4763.593364
140,4895.724623
141,5177.092835
142,5280.899404
143,5511.646714
144,5661.710918
145,5737.579757
146,5908.267966
147,6019.913795
148,6115.610222
149,6296.470783
150,6344.550272
151,6386.842243
152,6388.649521
153,6379.121833
154,6488.144046
155,6540.738605
156,6558.044665
157,6611.959979
158,6726.290527
159,6765.405988
160,6774.719589
161,6808.763572
162,6903.482207
163,6971.490722
164,6913.722162
165,6943.251396
166,7018.699208
167,7001.840731
168,7054.311601
169,7061.244027
170,7038.547087
171,7097.812780
172,7168.198972
173,7205.651977
174,7184.063956
175,7196.209121
176,7217.924799
177,7231.057802
178,7256.818455
179,7190.145308
180,7263.746100
181,7245.098539
182,7237.525883
183,7244.326630
184,7273.245728
185,7262.656025
186,7281.673695
187,7284.416197
188,7287.246702
189,7291.836868
190,7302.754593
191,7302.316416
192,7292.485667
193,7310.027279
194,7297.540359
195,7315.622539
196,7328.919386
197,7327.541354
198,7334.752853
199,7342.647803
200,7345.007158
201,7348.201777
202,7349.751263
203,7354.476993
204,7356.552256
205,7355.299895
206,7363.632275
207,7369.669720
208,7365.135268
209,7366.263093
210,7368.583583
211,7374.851066
212,7375.193133
213,7373.706441
214,7378.253897
215,7380.918654
216,7381.751688
217,7382.463459
218,7384.598774
219,7384.170135
220,7386.003906
221,7387.314957
222,7388.251712
223,7388.473779
224,7388.698762
225,7388.811254
226,7388.811254
227,7388.811254
228,7388.811254
229,7388.811254
230,7388.811254
231,7388.811254
232,7388.811254
233,7388.811254
234,7388.811254
235,7388.811254
236,7388.811254
237,7388.811254
238,7388.811254
239,7388.811254
240,7388.811254
241,7388.811254
242,7388.811254
243,7388.811254
244,7388.811254
245,7388.811254
246,7388.811254
247,7388.811254
248,7388.811254
249,7388.811254
250,7388.811254
251,7388.811254
252,7388.811254
253,7388.811254
254,7388.811254
255,7388.811254
256,7388.811254
257,7388.811254
258,7388.811254
259,7388.811254
260,7388.811254
261,7388.811254
262,7388.811254
263,7388.811254
264,7388.811254
265,7388.811254
266,7388.811254
267,7388.811254
268,7388.811254
269,7388.811254
270,7388.811254
271,7388.811254
272,7388.811254
273,7388.811254
274,7388.811254
275,7388.811254
276,7388.811254
277,7388.811254
278,7388.811254
279,7388.811254
280,7388.811254
281,7388.811254
282,7388.811254
283,7388.811254
284,7388.811254
285,7388.811254
286,7388.811254
287,7388.811254
288,7388.811254
289,7388.811254
290,7388.811254
291,7388.811254
292,7388.811254
293,7388.811254
294,7388.811254
295,7388.811254
296,7388.811254
297,7388.811254
298,7388.811254
299,7388.811254
300,7388.811254
301,7388.811254
302,7388.811254
303,7388.811254
304,7388.811254
305,7388.811254
306,7388.811254
307,7388.811254
308,7388.811254
309,7388.811254
310,7388.811254
311,7388.811254
312,7388.811254
313,7388.811254
314,7388.811254
315,7388.811254
316,7388.811254
317,7388.811254
318,7388.811254
319,7388.811254
320,7388.811254
321,7388.811254
322,7388.811254
323,7388.811254
324,7388.811254
325,7388.811254
326,7388.811254
327,7388.811254
328,7388.811254
329,7388.811254
330,7388.811254
331,7388.811254
332,7388.811254
333,7388.811254
334,7388.811254
335,7388.811254
336,7388.811254
337,7388.811254
338,7388.811254
339,7388.811254
340,7388.811254
341,7388.811254
342,7388.811254
343,7388.811254
344,7388.811254
345,7388.811254
346,7388.811254
347,7388.811254
348,7388.811254
349,7388.811254
350,7388.811254
351,7388.811254
352,7388.811254
353,7388.811254
354,7388.811254
355,7388.811254
356,7388.811254
357,7388.811254
358,7388.811254
359,7388.811254
360,7388.811254
361,7388.811254
362,7388.811254
363,7388.811254
364,7388.811254
365,7388.811254
366,7388.811254
367,7388.811254
368,7388.811254
369,7388.811254
370,7388.811254
371,7388.811254
372,7388.811254
373,7388.811254
374,7388.811254
375,7388.811254
376,7388.811254
377,7388.811254
378,7388.811254
379,7388.811254
380,7388.811254
381,7388.811254
382,7388.811254
383,7388.811254
384,7388.811254
385,7388.811254
386,7388.811254
387,7388.811254
388,7388.811254
389,7388.811254
390,7388.811254
391,7388.811254
392,7388.811254
393,7388.811254
394,7388.811254
395,7388.811254
396,7388.811254
397,7388.811254
398,7388.811254
399,7388.811254
400,7388.811254
401,7388.811254
402,7388.811254
403,7388.811254
404,7388.811254
405,7388.811254
406,7388.811254
407,7388.811254
408,7388.811254
409,7388.811254
410,7388.811254
411,7388.811254
412,7388.811254
413,7388.811254
414,7388.811254
415,7388.811254
416,7388.811254
417,7388.811254
418,7388.811254
419,7388.811254
420,7388.811254
421,7388.811254
422,7388.811254
423,7388.811254
424,7388.811254
425,7388.811254
426,7388.811254
427,7388.811254
428,7388.811254
429,7388.811254
430,7388.811254
431,7388.811254
432,7388.811254
433,7388.811254
434,7388.811254
435,7388.811254
436,7388.811254
437,7388.811254
438,7388.811254
439,7388.811254
440,7388.811254
441,7388.811254
442,7388.811254
443,7388.811254
444,7388.811254
445,7388.811254
446,7388.811254
447,7388.811254
448,7388.811254
449,7388.811254
450,7388.811254
451,7388.811254
452,7388.811254
453,7388.811254
454,7388.811254
455,7388.811254
456,7388.811254
457,7388.811254
458,7388.811254
459,7388.811254
460,7388.811254
461,7388.811254
462,7388.811254
463,7388.811254
464,7388.811254
465,7388.811254
466,7388.811254
467,7388.811254
468,7388.811254
469,7388.811254
470,7388.811254
471,7388.811254
472,7388.811254
473,7388.811254
474,7388.811254
475,7388.811254
476,7388.811254
477,7388.811254
478,7388.811254
479,7388.811254
480,7388.811254
481,7388.811254
482,7388.811254
483,7388.811254
484,7388.811254
485,7388.811254
486,7388.811254
487,7388.811254
488,7388.811254
489,7388.811254
490,7388.811254
491,7388.811254
492,7388.811254
493,7388.811254
494,7388.811254
495,7388.811254
496,7388.811254
497,7388.811254
498,7388.811254
499,7388.811254
