0,3119.779072
1,6249.651527
2,6657.858471
3,6872.807597
4,7104.708449
5,7181.383550
6,7423.395153
7,7547.848564
8,7630.088196
9,7758.503456
10,7865.971219
11,7969.834393
12,8107.932651
13,8233.790553
14,8269.293348
15,8393.518884
16,8493.809988
17,8630.965383
18,8760.528323
19,8841.680743
20,8913.402934
21,8956.947915
22,9111.213377
23,9172.002431
24,9349.428533
25,9479.102033
26,9610.984214
27,9597.127151
28,9749.913290
29,9856.272863
30,9879.134670
31,9934.652171
32,9944.404925
33,10214.109935
34,10195.992995
35,10352.934975
36,10386.649609
37,10415.976528
38,10455.795654
39,10509.326563
40,10562.410616
41,10733.027912
42,10751.790077
43,10852.767540
44,10909.011738
45,10944.498381
46,10945.021909
47,11047.201303
48,11014.852899
49,10961.730014
50,11220.086026
51,11182.084428
52,11216.071165
53,11241.812024
54,11357.281341
55,11475.612342
56,11525.986311
57,11447.514110
58,11405.768524
59,11504.297761
60,11710.161701
61,11596.634079
62,11770.319282
63,11640.211396
64,11685.074947
65,11605.898900
66,11785.762334
67,12024.313643
68,11870.539124
69,11940.213744
70,11760.189636
71,11765.592007
72,11901.736780
73,11895.327100
74,12012.376658
75,11875.882276
76,12255.680271
77,12105.502110
78,12020.871679
79,12332.746076
80,12130.752760
81,12105.022220
82,12104.906075
83,12138.552836
84,12135.924571
85,12094.980842
86,12258.387539
87,12387.504868
88,12196.918964
89,12340.382494
90,12311.951346
91,12304.129190
92,12286.442015
93,12377.718830
94,12320.275159
95,12231.760822
96,11900.832450
97,12092.682999
98,12238.854344
99,12102.603832
100,12453.512472
101,12590.876365
102,12293.847790
103,12267.209773
104,12452.970927
105,12394.746061
106,12465.267059
107,12167.971390
108,12268.595692
109,12282.309308
110,12375.020483
111,12663.029349
112,12867.152772
113,12499.428715
114,12516.452963
115,12648.102436
116,12544.347534
117,12350.078370
118,12452.538838
119,12387.292523
120,12426.375710
121,12534.951392
122,12514.792443
123,12680.146058
124,12587.655133
125,12611.397065
126,12770.613953
127,12708.136684
128,12364.679781
129,12609.148994
130,12482.649437
131,12484.544193
132,12349.503258
133,12167.527870
134,12557.241301
135,12695.756123
136,12668.100076
137,12852.418299
138,12429.043362
139,12648.020818
140,12630.001201
141,12574.415052
142,12556.702983
143,12493.142100
144,12490.428797
145,12596.299353
146,12637.676087
147,12751.028464
148,12511.362380
149,12668.860315
150,12698.464342
151,12537.946970
152,12445.457769
153,12574.791720
154,12449.411832
155,12606.400555
156,12773.309509
157,12653.176942
158,12333.601695
159,12460.472772
160,12558.242589
161,12558.050286
162,12552.525112
163,12539.018580
164,12640.054430
165,12770.079463
166,12316.632440
167,12470.616037
168,12622.627479
169,12572.182818
170,12692.770220
171,12448.864067
172,12459.722442
173,12465.040351
174,12474.399727
175,12452.516536
176,12538.924484
177,12618.641603
178,12683.542802
179,12797.370386
180,12654.762737
181,12541.206372
182,12604.715265
183,12626.626266
184,12672.961591
185,12653.437557
186,12398.711732
187,12637.285171
188,12651.183795
189,12793.114543
190,12873.140181
191,12785.933074
192,12867.581116
193,12700.448391
194,12992.604691
195,13179.756473
196,13029.694594
197,13089.957948
198,12932.221861
199,13036.340640
200,12947.998649
201,13084.485940
202,13257.161544
203,13046.625119
204,12988.800870
205,12967.732659
206,13146.989812
207,12975.105514
208,12833.774127
209,13112.602310
210,12972.264694
211,13126.329195
212,13157.618369
213,12745.571501
214,12749.200879
215,12885.226507
216,13071.000021
217,13288.235201
218,13041.790778
219,13051.880200
220,12955.557299
221,12746.405862
222,13127.935750
223,12997.793749
224,12957.926598
225,12879.224704
226,12988.991356
227,12963.613061
228,13204.137260
229,12924.290185
230,13058.344186
231,12903.251490
232,12986.184979
233,12987.873187
234,13073.141730
235,13062.843543
236,13084.766798
237,13051.951915
238,13238.873237
239,13204.425086
240,13021.887184
241,12930.899559
242,13044.349335
243,12911.040449
244,12791.876856
245,12892.269191
246,13162.730689
247,13318.748627
248,13134.668795
249,12783.108520
250,13033.063823
251,13170.167947
252,13208.361106
253,13034.521952
254,13205.797257
255,13060.650381
256,12975.625133
257,12985.064251
258,13194.343716
259,13132.955907
260,12900.108393
261,12654.898815
262,12813.843138
263,13026.236583
264,13120.340848
265,12977.695433
266,13009.849978
267,13218.711066
268,13055.954446
269,13062.129712
270,13242.002386
271,13026.003182
272,13005.511398
273,12896.785642
274,13012.460708
275,13116.302843
276,12895.473320
277,13005.903465
278,12979.344753
279,13315.479045
280,13181.617845
281,13038.179698
282,13068.227237
283,13089.039101
284,13013.262064
285,13216.891936
286,12970.184541
287,13365.387373
288,13257.972552
289,13032.861492
290,13197.386291
291,13085.708192
292,12978.661923
293,13109.777063
294,13129.081694
295,13028.314121
296,13015.048790
297,13137.747652
298,13142.181542
299,13012.752191
300,12952.322513
301,13141.344242
302,12929.797448
303,12865.414500
304,12866.451996
305,12869.813462
306,12884.249379
307,12929.651940
308,12901.443363
309,12761.443723
310,12856.776300
311,12971.509314
312,13186.239769
313,13029.319237
314,13092.770806
315,13088.140611
316,13119.349551
317,12990.600266
318,12963.422854
319,12773.637021
320,13000.004285
321,13069.798496
322,12803.703481
323,13244.378668
324,13162.202019
325,12970.922532
326,12929.963148
327,13113.132538
328,13279.633088
329,12897.468265
330,12956.075312
331,13022.020623
332,12886.305760
333,13125.347990
334,13136.551839
335,13050.001235
336,13022.777475
337,12998.140271
338,13258.987385
339,13062.020436
340,13009.819033
341,13204.899971
342,13087.315674
343,13076.754492
344,13256.409379
345,13179.130304
346,13117.482117
347,13114.684488
348,12950.644221
349,12976.091157
350,13191.394049
351,13105.355390
352,12883.481286
353,12916.497165
354,13051.220784
355,12995.926110
356,12861.952392
357,13000.887405
358,12841.441679
359,13003.478549
360,13196.884649
361,13280.375630
362,13012.504613
363,13152.370880
364,13204.099896
365,13153.001375
366,12938.280157
367,13065.851724
368,13077.308321
369,13082.910692
370,13015.822472
371,13022.638026
372,12790.243464
373,13036.517517
374,13215.630143
375,13422.458873
376,13054.054703
377,12866.403558
378,12867.154601
379,13092.055588
380,13355.651144
381,13105.419896
382,12990.811720
383,12976.781819
384,13131.694005
385,13067.251971
386,13239.926417
387,13087.466477
388,13255.067863
389,13374.038876
390,13252.652551
391,13141.918766
392,13138.127939
393,13051.260522
394,13271.769496
395,13100.971549
396,13341.138587
397,13405.529535
398,13164.700191
399,12921.082424
400,12817.456789
401,12945.941018
402,13119.151985
403,13084.770909
404,12813.103346
405,12979.605236
406,12909.409663
407,12826.903011
408,13132.981023
409,13122.182192
410,13071.641408
411,12926.289522
412,13098.539650
413,12952.044446
414,13077.063570
415,13093.681084
416,13006.719413
417,12936.919537
418,13026.581841
419,12978.213703
420,13082.458998
421,13084.847141
422,12992.442405
423,12998.873565
424,13152.778374
425,13232.228668
426,12970.868726
427,13036.903439
428,13060.252574
429,13100.259401
430,13120.253202
431,13164.828326
432,13093.010898
433,13170.424682
434,13173.054905
435,13010.132002
436,13003.849360
437,13138.882518
438,13412.158825
439,13219.553313
440,13114.397869
441,12960.606674
442,13046.228863
443,13394.501215
444,13376.222778
445,13323.979524
446,13026.494607
447,13122.335681
448,12993.347534
449,13045.055533
450,13237.621426
451,13301.373869
452,13127.762323
453,13166.618544
454,13254.029629
455,13303.414258
456,13290.008124
457,13097.714979
458,13163.982195
459,13414.915098
460,12893.673133
461,13071.812503
462,13407.359698
463,13403.994738
464,13322.654844
465,13464.724152
466,13323.688720
467,13411.756841
468,13226.062219
469,13216.810574
470,13369.841746
471,13182.854924
472,13379.697175
473,13347.853925
474,13183.873913
475,12805.515102
476,13035.925743
477,12895.037701
478,13149.180896
479,13250.380019
480,12971.987327
481,13011.215566
482,13088.851219
483,13098.001784
484,13073.685975
485,13229.540517
486,13187.762578
487,13196.913674
488,13275.992615
489,13313.426762
490,13247.708409
491,13270.068658
492,13243.735629
493,13193.597675
494,13269.234556
495,13005.908802
496,12902.868403
497,13122.443617
498,13157.339418
499,13123.489397
