0,3125.628354
1,6332.441413
2,6853.184217
3,7204.993286
4,7472.994941
5,7723.809032
6,7966.183638
7,8242.220715
8,8452.161917
9,8720.388995
10,8989.626933
11,9234.764311
12,9527.934283
13,9688.165996
14,9851.685385
15,10004.499026
16,10257.383741
17,10585.150437
18,10693.239568
19,10913.745863
20,11013.993463
21,11251.141850
22,11510.151740
23,11718.947610
24,11804.382228
25,12107.410639
26,12096.551341
27,12286.422692
28,12390.243372
29,12440.375219
30,12402.524626
31,12517.838198
32,12467.408811
33,12564.011169
34,12756.710486
35,12887.897932
36,12972.043109
37,12929.961760
38,12850.736636
39,12979.038259
40,13188.682321
41,13053.510572
42,13009.657355
43,13216.069393
44,13268.912861
45,13373.393012
46,13264.140183
47,13312.774959
48,13297.614755
49,13306.137608
50,13171.455986
51,13272.168116
52,13388.513637
53,13306.054425
54,13347.465960
55,13296.360361
56,13353.405004
57,13343.947815
58,13448.493175
59,13419.175982
60,13341.106058
61,13280.176780
62,13280.286505
63,13359.852392
64,13542.235672
65,13382.070050
66,13404.103360
67,13435.344519
68,13513.382810
69,13484.582837
70,13610.097987
71,13536.163035
72,13542.505064
73,13563.849536
74,13468.789222
75,13603.996064
76,13659.040319
77,13489.815706
78,13519.263415
79,13657.949138
80,13475.824597
81,13459.520165
82,13532.795411
83,13594.374958
84,13546.549884
85,13501.206965
86,13632.443277
87,13578.226344
88,13533.911938
89,13543.028020
90,13551.251721
91,13575.172993
92,13443.730445
93,13665.747539
94,13715.916798
95,13457.180453
96,13575.275900
97,13477.654591
98,13499.231525
99,13589.041213
100,13547.428411
101,13402.946292
102,13494.138032
103,13582.074931
104,13511.581305
105,13592.322849
106,13542.109246
107,13505.606546
108,13552.847163
109,13582.666649
110,13514.560444
111,13505.961044
112,13622.743776
113,13533.074787
114,13563.188458
115,13554.462878
116,13491.731361
117,13449.268996
118,13580.607693
119,13621.853015
120,13565.261217
121,13547.815944
122,13526.458456
123,13717.007045
124,13567.453529
125,13552.544850
126,13527.308029
127,13683.222284
128,13671.107387
129,13536.268596
130,13484.297747
131,13648.425899
132,13715.203370
133,13654.606907
134,13522.070762
135,13804.349032
136,13692.380426
137,13711.588567
138,13716.077138
139,13604.950826
140,13527.615103
141,13491.478944
142,13361.918629
143,13539.738472
144,13479.955962
145,13377.883944
146,13573.877299
147,13583.902821
148,13561.653763
149,13508.165894
150,13641.158317
151,13507.784498
152,13590.222161
153,13311.495873
154,13790.819402
155,13532.296220
156,13470.725265
157,13559.565114
158,13521.858138
159,13476.452610
160,13571.565891
161,13637.119118
162,13707.987802
163,13658.365153
164,13505.744582
165,13531.028771
166,13389.565659
167,13540.699242
168,13437.244816
169,13512.198983
170,13661.098886
171,13694.546271
172,13530.198492
173,13501.851266
174,13545.616216
175,13610.249099
176,13700.452976
177,13645.636019
178,13625.788897
179,13577.908071
180,13511.735683
181,13411.687438
182,13634.433742
183,13495.390650
184,13326.561473
185,13518.859463
186,13686.638368
187,13735.783417
188,13685.874616
189,13581.844278
190,13551.519030
191,13558.901273
192,13688.478101
193,13504.100286
194,13504.456873
195,13488.536058
196,13733.950220
197,13525.521257
198,13421.098945
199,13686.682765
200,13552.462759
201,13610.656941
202,13620.576621
203,13847.005999
204,13626.457315
205,13571.000303
206,13537.835872
207,13475.401559
208,13614.147928
209,13562.946942
210,13538.960267
211,13603.177523
212,13622.118344
213,13609.041342
214,13468.286044
215,13606.730244
216,13516.796509
217,13499.049350
218,13484.320863
219,13485.401631
220,13537.615835
221,13542.377540
222,13716.297822
223,13817.521937
224,13500.391273
225,13624.380336
226,13632.876330
227,13652.583307
228,13656.358839
229,13624.451198
230,13581.335445
231,13614.793094
232,13524.782999
233,13404.350190
234,13514.810786
235,13685.411571
236,13594.498125
237,13410.845348
238,13579.852586
239,13680.064810
240,13657.240394
241,13695.877756
242,13571.327180
243,13499.274292
244,13513.340234
245,13569.838755
246,13624.735788
247,13762.925717
248,13744.103822
249,13619.337760
250,13484.130323
251,13462.538256
252,13603.851897
253,13712.705484
254,13769.721347
255,13635.891183
256,13815.295920
257,13524.143418
258,13671.869074
259,13471.677998
260,13320.740808
261,13326.851701
262,13639.216588
263,13442.423843
264,13444.117628
265,13609.109783
266,13702.014319
267,13533.886286
268,13346.451614
269,13533.006328
270,13436.726367
271,13460.446922
272,13563.705407
273,13521.651018
274,13632.629095
275,13460.073788
276,13529.325101
277,13426.959872
278,13428.633458
279,13681.217653
280,13771.152551
281,13475.037742
282,13446.810897
283,13617.224151
284,13493.814722
285,13440.425893
286,13429.164838
287,13412.635425
288,13604.837654
289,13603.157505
290,13640.110194
291,13474.003015
292,13544.069999
293,13543.108590
294,13514.025758
295,13621.164618
296,13583.425210
297,13577.273187
298,13680.797155
299,13536.709749
300,13533.084579
301,13478.653856
302,13724.409648
303,13625.450566
304,13653.619859
305,13668.714645
306,13668.990566
307,13781.660516
308,13888.556474
309,13883.909431
310,13709.324449
311,13464.266481
312,13551.344801
313,13525.556596
314,13427.464491
315,13518.426423
316,13382.362187
317,13602.364208
318,13557.828364
319,13488.411172
320,13578.427471
321,13551.569914
322,13631.319096
323,13605.517399
324,13469.551713
325,13573.973352
326,13418.816086
327,13448.870461
328,13490.846322
329,13335.158295
330,13474.924719
331,13570.302767
332,13548.899517
333,13565.848266
334,13546.681359
335,13598.661715
336,13603.756101
337,13428.165536
338,13630.817188
339,13518.987280
340,13590.190030
341,13620.169366
342,13624.658464
343,13488.027775
344,13586.823805
345,13527.510099
346,13354.877890
347,13478.868943
348,13498.249827
349,13581.709708
350,13413.073349
351,13669.158552
352,13783.055972
353,13511.178836
354,13546.333702
355,13503.802965
356,13531.804144
357,13489.626016
358,13496.366800
359,13461.745670
360,13404.893952
361,13497.749223
362,13615.256949
363,13678.135843
364,13495.083105
365,13574.673341
366,13584.606673
367,13530.154930
368,13487.639011
369,13475.353266
370,13395.335829
371,13323.579538
372,13345.051559
373,13444.160829
374,13403.809749
375,13315.967043
376,13494.718520
377,13595.670174
378,13524.289418
379,13460.723832
380,13612.181125
381,13570.933766
382,13468.833120
383,13524.308351
384,13628.148770
385,13624.231618
386,13482.169810
387,13491.941253
388,13555.200290
389,13447.118399
390,13538.636168
391,13390.215078
392,13540.079376
393,13700.549600
394,13589.835770
395,13614.510103
396,13727.235851
397,13651.664096
398,13585.611100
399,13433.351784
400,13680.229017
401,13627.902565
402,13643.419572
403,13637.933597
404,13479.046217
405,13420.072943
406,13345.607007
407,13568.617481
408,13467.135858
409,13541.401840
410,13532.902631
411,13593.739624
412,13736.342416
413,13503.202307
414,13661.424362
415,13606.071794
416,13466.409862
417,13663.102262
418,13625.044410
419,13665.393231
420,13718.232680
421,13634.668471
422,13663.003965
423,13538.445832
424,13557.648903
425,13521.399619
426,13524.375749
427,13541.192025
428,13390.935703
429,13409.909624
430,13416.653042
431,13593.244223
432,13627.498559
433,13474.428708
434,13419.050576
435,13456.169347
436,13518.457237
437,13656.839283
438,13603.306496
439,13659.853220
440,13590.981632
441,13667.040939
442,13508.186248
443,13560.178745
444,13498.372717
445,13799.396004
446,13520.122277
447,13575.337558
448,13603.708807
449,13568.326545
450,13570.371461
451,13474.662871
452,13575.357789
453,13294.809057
454,13390.928019
455,13566.567011
456,13655.838409
457,13570.308713
458,13577.585048
459,13583.080081
460,13448.584457
461,13376.598333
462,13501.841947
463,13543.293897
464,13772.908212
465,13527.609560
466,13449.547931
467,13581.803986
468,13498.464061
469,13552.055871
470,13506.426654
471,13596.798299
472,13515.261659
473,13607.525589
474,13685.124763
475,13605.757299
476,13600.512570
477,13385.135391
478,13559.854016
479,13434.506705
480,13387.478363
481,13478.572841
482,13638.702215
483,13487.483856
484,13577.201327
485,13505.667906
486,13587.458767
487,13682.118800
488,13654.598066
489,13641.418110
490,13567.225618
491,13624.261888
492,13552.174647
493,13536.078397
494,13620.131460
495,13628.571827
496,13652.293286
497,13490.143767
498,13608.287251
499,13435.919324
