0,3126.304689
1,3333.200804
2,3451.522313
3,3594.555924
4,3738.666163
5,3789.199700
6,3741.014236
7,3754.350025
8,3807.087303
9,3817.203708
10,3814.558031
11,3862.967543
12,3862.537710
13,3857.607480
14,3804.921644
15,3865.557217
16,3925.955358
17,3947.887904
18,3892.767600
19,3842.127449
20,3818.803786
21,3854.508135
22,3770.108127
23,3837.873092
24,3853.919499
25,3934.229543
26,3890.063197
27,3906.371945
28,3914.530134
29,3992.492487
30,4087.771869
31,4064.606358
32,4036.416170
33,4078.831468
34,4067.831616
35,4057.380286
36,4055.222660
37,3966.642414
38,3996.331008
39,3974.778355
40,3905.576326
41,3897.559455
42,3847.017316
43,3901.625698
44,3995.251945
45,3991.266176
46,4014.942395
47,4062.944742
48,4094.404272
49,4090.517657
50,4069.085245
51,4035.061763
52,4038.419344
53,4017.473635
54,3996.890897
55,4027.196009
56,4029.881248
57,4115.303320
58,4175.070838
59,4221.825763
60,4202.932840
61,4145.449414
62,4155.879445
63,4226.087264
64,4251.246385
65,4205.655781
66,4100.535497
67,4109.227908
68,4186.436942
69,4194.868069
70,4222.798297
71,4241.220860
72,4280.508310
73,4285.162419
74,4351.367591
75,4310.020329
76,4342.226365
77,4397.987935
78,4435.541070
79,4441.129628
80,4382.879084
81,4467.071298
82,4468.389288
83,4457.711132
84,4381.278601
85,4310.069693
86,4427.427545
87,4471.046528
88,4653.221865
89,4650.868169
90,4632.554703
91,4596.551683
92,4648.530714
93,4694.237088
94,4698.868476
95,4719.172158
96,4523.088814
97,4618.459948
98,4592.963542
99,4729.394536
100,4684.256214
101,4769.476227
102,4859.256219
103,4893.259125
104,5038.734241
105,5102.760877
106,5141.611488
107,5211.636177
108,5404.005771
109,5423.308584
110,5544.823049
111,5727.033621
112,5805.839624
113,5782.921230
114,5793.297135
115,5791.491222
116,5833.382076
117,5778.808782
118,5871.035624
119,5951.297035
120,5925.172265
121,6049.473389
122,6111.575433
123,6120.849857
124,6165.171807
125,6223.248475
126,6199.862195
127,6187.188461
128,6238.737892
129,6250.761431
130,6392.424057
131,6491.658489
132,6591.163908
133,6693.031967
134,6511.018279
135,6578.030990
136,6649.841303
137,6669.747492
138,6753.608941
139,6750.792750
140,6724.389640
141,6810.713184
142,6920.777351
143,6952.280217
144,6866.748595
145,6932.572961
146,6870.272627
147,6965.883145
148,7012.421441
149,6899.491711
150,6979.902540
151,7023.877721
152,6975.860637
153,7024.263674
154,7123.471999
155,7094.046591
156,7101.593765
157,7182.083678
158,7254.901730
159,7233.446896
160,7255.968598
161,7328.399846
162,7284.512019
163,7373.464411
164,7324.630310
165,7369.712809
166,7361.118420
167,7401.793278
168,7450.692999
169,7495.228387
170,7542.996016
171,7587.324539
172,7571.250823
173,7549.271226
174,7668.015173
175,7654.835764
176,7647.893095
177,7663.037778
178,7716.455296
179,7760.716597
180,7784.970905
181,7819.498174
182,7859.673046
183,7863.452123
184,7922.045098
185,7914.034769
186,7919.818111
187,7894.113231
188,7933.779525
189,7947.152782
190,7973.280689
191,7958.720150
192,8000.987861
193,8018.831794
194,7992.772748
195,7990.082163
196,8003.769287
197,8015.850206
198,8024.314267
199,8002.971823
200,8037.837279
201,8018.128125
202,7994.451244
203,8029.112732
204,8040.236144
205,8045.646474
206,8041.297352
207,8032.681742
208,8046.278916
209,8056.052190
210,8031.862661
211,8070.209255
212,8050.757446
213,8058.268498
214,8052.345026
215,8042.744328
216,8053.262876
217,8060.548777
218,8062.337822
219,8062.561888
220,8058.056847
221,8073.682694
222,8076.426145
223,8083.371429
224,8081.035677
225,8080.233074
226,8085.399230
227,8087.664025
228,8090.527624
229,8074.080786
230,8079.735584
231,8079.023972
232,8076.292378
233,8080.165588
234,8089.024295
235,8083.407768
236,8079.505368
237,8085.828747
238,8087.823296
239,8086.998905
240,8089.528754
241,8082.467436
242,8093.535081
243,8108.509548
244,8109.606879
245,8130.644176
246,8142.126605
247,8143.206822
248,8167.749908
249,8170.318139
250,8182.309282
251,8177.968509
252,8187.663537
253,8197.715468
254,8195.310973
255,8199.006607
256,8205.687637
257,8201.388643
258,8200.457422
259,8204.658167
260,8189.242212
261,8198.776116
262,8189.362298
263,8202.555848
264,8200.759147
265,8196.297789
266,8199.388791
267,8188.209213
268,8195.398859
269,8200.416774
270,8194.338576
271,8190.329231
272,8203.899209
273,8199.893273
274,8201.296483
275,8205.484593
276,8195.269489
277,8195.885662
278,8197.216124
279,8190.939390
280,8194.656907
281,8202.131493
282,8183.918919
283,8193.585333
284,8183.657535
285,8197.197741
286,8194.937851
287,8182.934462
288,8189.629506
289,8194.792199
290,8202.187906
291,8197.656859
292,8191.925986
293,8196.190508
294,8193.308514
295,8190.866453
296,8200.611643
297,8192.154267
298,8192.751982
299,8191.813185
300,8188.825756
301,8188.517450
302,8189.932154
303,8199.207224
304,8196.090244
305,8191.050165
306,8199.329575
307,8197.824340
308,8187.143943
309,8194.861747
310,8190.165168
311,8198.407661
312,8192.820008
313,8190.862634
314,8195.182328
315,8197.041931
316,8195.656564
317,8191.166227
318,8188.887753
319,8204.331109
320,8206.055799
321,8207.668626
322,8205.177953
323,8199.544682
324,8208.468985
325,8201.625439
326,8206.529723
327,8216.872051
328,8211.042605
329,8213.683547
330,8216.831963
331,8216.998499
332,8216.863770
333,8227.141685
334,8230.724195
335,8233.627369
336,8231.118991
337,8244.848708
338,8236.488442
339,8250.353133
340,8251.149586
341,8256.611430
342,8249.181942
343,8246.067305
344,8255.170953
345,8260.225965
346,8245.988888
347,8262.058218
348,8256.020346
349,8250.791552
350,8256.196209
351,8269.312337
352,8264.182915
353,8264.840946
354,8257.972567
355,8263.874977
356,8260.854028
357,8271.957718
358,8269.386088
359,8267.075453
360,8271.336163
361,8276.417160
362,8284.423110
363,8278.234906
364,8272.622113
365,8283.833233
366,8287.598470
367,8290.155059
368,8285.760480
369,8287.931020
370,8285.575061
371,8287.498645
372,8283.579714
373,8294.355468
374,8288.132289
375,8284.923586
376,8288.177355
377,8295.263578
378,8295.205009
379,8305.091221
380,8308.015708
381,8311.714855
382,8312.827677
383,8305.231429
384,8295.489720
385,8322.637835
386,8312.705650
387,8309.451305
388,8321.045784
389,8321.542308
390,8321.432432
391,8317.725010
392,8315.878772
393,8319.727751
394,8329.942344
395,8326.408600
396,8327.144472
397,8325.614061
398,8325.794873
399,8306.671888
400,8322.907727
401,8315.927832
402,8327.361811
403,8326.098545
404,8333.849060
405,8327.675096
406,8322.144249
407,8325.579619
408,8327.099160
409,8329.739985
410,8315.357674
411,8336.388617
412,8325.428080
413,8332.927600
414,8327.583583
415,8327.206556
416,8316.716865
417,8325.727549
418,8329.616522
419,8331.133441
420,8330.141836
421,8325.022072
422,8329.012687
423,8328.946477
424,8325.988858
425,8335.059066
426,8331.241710
427,8332.509927
428,8330.638936
429,8335.219828
430,8321.723347
431,8330.511466
432,8327.667204
433,8337.182097
434,8331.772153
435,8326.931998
436,8322.333154
437,8323.433742
438,8329.960562
439,8338.064457
440,8329.831736
441,8331.057480
442,8340.259319
443,8332.125073
444,8335.051694
445,8336.008469
446,8330.018397
447,8322.122624
448,8323.294510
449,8327.372085
450,8323.750081
451,8332.798878
452,8337.251250
453,8334.710591
454,8331.507395
455,8333.243787
456,8326.762300
457,8323.100653
458,8326.184406
459,8339.256305
460,8337.111279
461,8325.628228
462,8336.103893
463,8341.029317
464,8334.436443
465,8328.365085
466,8321.573564
467,8339.321696
468,8341.137944
469,8340.548334
470,8338.808844
471,8343.229549
472,8349.844771
473,8350.411771
474,8339.450862
475,8348.983885
476,8343.719563
477,8339.591964
478,8353.248845
479,8350.790729
480,8355.159978
481,8352.491135
482,8350.680710
483,8341.845446
484,8350.525821
485,8350.603561
486,8345.006476
487,8356.501286
488,8353.496027
489,8357.600771
490,8359.259543
491,8355.637479
492,8347.336491
493,8353.060900
494,8356.651538
495,8359.426259
496,8355.591242
497,8352.017412
498,8353.055244
499,8364.934736
