0,3075.314474
1,3430.125668
2,3635.834110
3,3794.808966
4,3915.369013
5,4047.739274
6,4133.036274
7,4225.659028
8,4337.262569
9,4379.029340
10,4401.425757
11,4513.775704
12,4584.694095
13,4718.181945
14,4759.813321
15,4803.266979
16,4864.338097
17,4863.113206
18,4970.855464
19,4984.636293
20,5001.203176
21,5068.962210
22,5132.260818
23,5194.050432
24,5182.589674
25,5230.619038
26,5256.118120
27,5284.226466
28,5328.091738
29,5369.198921
30,5405.268386
31,5387.771501
32,5397.885960
33,5424.172757
34,5476.569043
35,5477.919210
36,5457.313623
37,5519.146610
38,5581.160403
39,5558.487523
40,5600.891390
41,5617.803893
42,5616.056839
43,5576.884170
44,5584.818943
45,5648.129506
46,5607.641825
47,5551.609308
48,5646.233678
49,5668.312714
50,5606.044325
51,5607.791153
52,5644.937708
53,5605.272847
54,5630.481484
55,5625.256156
56,5623.133117
57,5737.688060
58,5740.753202
59,5676.318754
60,5725.926715
61,5713.740852
62,5782.791722
63,5796.398807
64,5763.419523
65,5796.520192
66,5807.979023
67,5765.345616
68,5868.726813
69,5844.022496
70,5843.470767
71,5782.517264
72,5759.524270
73,5806.004560
74,5813.564803
75,5898.592319
76,5835.321539
77,5884.509461
78,5840.826522
79,5904.587504
80,5951.153825
81,5917.097269
82,5912.177612
83,5955.859307
84,5905.902442
85,5816.089200
86,5892.387844
87,5917.327477
88,5909.040463
89,5899.769386
90,5954.163384
91,5888.636799
92,5884.370576
93,5884.167068
94,5944.545221
95,5833.797440
96,5772.791540
97,5869.403050
98,5930.732726
99,6042.011433
100,6044.813555
101,5997.077136
102,6088.816274
103,6149.878311
104,6159.496395
105,6154.250414
106,6126.145766
107,6096.751908
108,6145.855844
109,5978.044522
110,6049.114492
111,5984.072611
112,5987.391573
113,6036.409033
114,5992.515857
115,5979.292232
116,6048.429903
117,6049.287954
118,6035.004256
119,6003.686730
120,6069.680377
121,6098.147620
122,6132.909674
123,6188.876295
124,6075.511519
125,6110.485951
126,6126.431655
127,6104.880026
128,6159.296310
129,6155.717688
130,6194.349521
131,6132.816022
132,6128.679350
133,6185.598135
134,6184.163759
135,6141.019693
136,6175.195363
137,6209.315821
138,6268.780389
139,6256.100574
140,6280.363863
141,6266.663881
142,6166.252878
143,6279.861467
144,6230.572064
145,6226.078731
146,6204.628051
147,6281.141289
148,6283.763093
149,6349.248634
150,6331.736296
151,6327.462851
152,6304.593572
153,6325.735587
154,6319.087940
155,6249.600376
156,6188.989716
157,6225.598652
158,6249.363443
159,6241.471984
160,6323.549320
161,6303.819136
162,6321.442404
163,6322.418736
164,6381.808702
165,6387.875608
166,6413.097857
167,6426.895306
168,6473.248122
169,6406.614598
170,6440.688647
171,6403.497897
172,6394.421943
173,6392.393485
174,6463.551981
175,6426.005213
176,6407.135044
177,6490.747730
178,6431.672675
179,6515.882842
180,6460.485327
181,6420.356573
182,6436.162403
183,6460.246892
184,6477.146352
185,6479.384568
186,6542.560804
187,6574.994289
188,6551.778468
189,6525.307713
190,6485.725910
191,6503.654616
192,6513.223172
193,6499.047909
194,6495.120598
195,6535.490807
196,6479.717883
197,6538.559974
198,6546.743644
199,6540.206540
200,6569.913346
201,6568.608013
202,6568.874759
203,6603.713948
204,6536.127292
205,6569.510390
206,6582.871800
207,6585.049772
208,6563.164659
209,6586.823125
210,6613.339685
211,6609.808668
212,6604.779898
213,6602.968941
214,6589.179335
215,6627.644385
216,6645.165281
217,6667.959435
218,6640.946141
219,6647.775911
220,6675.350809
221,6643.009891
222,6674.614704
223,6682.941635
224,6673.166454
225,6650.834287
226,6661.191505
227,6680.550457
228,6703.741952
229,6704.101477
230,6679.453082
231,6695.879592
232,6694.644727
233,6683.084767
234,6688.314653
235,6677.493120
236,6679.816504
237,6689.209684
238,6696.116664
239,6687.491767
240,6652.831854
241,6666.573238
242,6681.174582
243,6687.900136
244,6642.174226
245,6660.721137
246,6660.607265
247,6683.762906
248,6683.531679
249,6695.735615
250,6641.155789
251,6662.924668
252,6662.683792
253,6694.324260
254,6677.504478
255,6655.291406
256,6655.039188
257,6684.249932
258,6678.533346
259,6686.747920
260,6662.238695
261,6666.318756
262,6667.126584
263,6635.801051
264,6687.714464
265,6695.462050
266,6676.014179
267,6668.461383
268,6690.791863
269,6686.685708
270,6696.929531
271,6650.574016
272,6672.734706
273,6691.376910
274,6691.191675
275,6684.656286
276,6670.105870
277,6681.954488
278,6674.033650
279,6695.223205
280,6659.136917
281,6689.126700
282,6671.153343
283,6687.769013
284,6680.982549
285,6682.757321
286,6654.585080
287,6662.556446
288,6657.015952
289,6650.717475
290,6677.332443
291,6677.373883
292,6686.233918
293,6676.470076
294,6708.797724
295,6701.681361
296,6688.742832
297,6674.853748
298,6701.556056
299,6704.367848
300,6701.573931
301,6685.813042
302,6660.205624
303,6663.435314
304,6699.553013
305,6678.747471
306,6676.650525
307,6657.293707
308,6672.822491
309,6663.508937
310,6673.412186
311,6662.794992
312,6668.927387
313,6660.114709
314,6682.167696
315,6678.474903
316,6685.570480
317,6673.265125
318,6678.871674
319,6657.696334
320,6664.337049
321,6674.124556
322,6697.835041
323,6688.080181
324,6700.879599
325,6684.939618
326,6676.730092
327,6662.577825
328,6699.786960
329,6685.995399
330,6699.063039
331,6683.686462
332,6694.019615
333,6684.633545
334,6665.504894
335,6666.314703
336,6684.787013
337,6663.424634
338,6666.929955
339,6666.747578
340,6659.461841
341,6671.993967
342,6680.892305
343,6688.565657
344,6681.197956
345,6670.598560
346,6686.247883
347,6677.035911
348,6657.136814
349,6670.163383
350,6644.227461
351,6664.713444
352,6630.802967
353,6643.198175
354,6657.775631
355,6673.040120
356,6654.225616
357,6669.165789
358,6680.115213
359,6688.982959
360,6679.662606
361,6667.786642
362,6686.853865
363,6703.367814
364,6670.202066
365,6694.660477
366,6668.247323
367,6670.674634
368,6689.129206
369,6665.344314
370,6663.276600
371,6670.640476
372,6678.156390
373,6670.013018
374,6670.331760
375,6668.705915
376,6689.070442
377,6678.982876
378,6679.030857
379,6676.062900
380,6661.489597
381,6659.444611
382,6679.460176
383,6673.027111
384,6688.170515
385,6669.639301
386,6677.029912
387,6686.823903
388,6668.021135
389,6683.912895
390,6705.265807
391,6692.956371
392,6675.354407
393,6678.117510
394,6692.726028
395,6685.749823
396,6665.097890
397,6684.996170
398,6668.072325
399,6663.864466
400,6682.728990
401,6684.681933
402,6671.298822
403,6633.639890
404,6612.506910
405,6664.444195
406,6677.768640
407,6668.505211
408,6671.346774
409,6647.132167
410,6684.303028
411,6673.848399
412,6670.066543
413,6643.758654
414,6663.407210
415,6686.370680
416,6687.027875
417,6664.043244
418,6669.795122
419,6673.734123
420,6672.857036
421,6677.714436
422,6660.293572
423,6672.021002
424,6668.538852
425,6666.593522
426,6681.017158
427,6681.008999
428,6641.785774
429,6647.666415
430,6668.921726
431,6682.324746
432,6676.889336
433,6669.703876
434,6668.226279
435,6626.831235
436,6662.473308
437,6676.599648
438,6680.431168
439,6678.943520
440,6677.361299
441,6670.265898
442,6675.820629
443,6659.720437
444,6670.708523
445,6697.581058
446,6670.888541
447,6696.422036
448,6638.500720
449,6660.861650
450,6640.978567
451,6680.613468
452,6668.096237
453,6630.921952
454,6643.274274
455,6667.611510
456,6636.016312
457,6664.708635
458,6671.903321
459,6644.590420
460,6654.759243
461,6621.594702
462,6639.758856
463,6609.139019
464,6667.386791
465,6688.235808
466,6695.249357
467,6695.305579
468,6676.115271
469,6670.469605
470,6672.812997
471,6665.961719
472,6681.098575
473,6679.735221
474,6676.463869
475,6687.042698
476,6637.711846
477,6635.746845
478,6659.243232
479,6667.733850
480,6696.518474
481,6681.378257
482,6696.194845
483,6700.325046
484,6695.544615
485,6697.018494
486,6701.213637
487,6681.260519
488,6695.778748
489,6702.783449
490,6686.488279
491,6688.709731
492,6667.032294
493,6667.892612
494,6663.445135
495,6686.291081
496,6699.655618
497,6676.650560
498,6678.919700
499,6671.297374
