0,3134.738443
1,6223.777985
2,6613.866043
3,6918.151313
4,7137.249021
5,7481.346807
6,7686.038487
7,7902.903800
8,7995.556685
9,8214.381041
10,8313.071537
11,8428.657958
12,8632.259125
13,8786.567465
14,8816.683003
15,8915.951534
16,9050.768571
17,9239.956159
18,9339.252699
19,9337.271374
20,9435.969751
21,9469.088812
22,9605.073827
23,9583.609064
24,9708.712491
25,9929.227834
26,9839.354948
27,10005.682391
28,10061.321938
29,10235.443725
30,10225.545422
31,10404.363996
32,10424.229334
33,10603.781595
34,10536.503425
35,10649.644709
36,10757.337610
37,10779.299255
38,10871.327977
39,10943.325391
40,11016.604680
41,11091.167490
42,11111.065719
43,11200.684113
44,11253.796564
45,11372.972207
46,11326.736275
47,11295.399390
48,11378.849112
49,11275.575905
50,11411.559127
51,11704.667334
52,11747.102175
53,11603.905197
54,11708.733045
55,11795.015865
56,11848.507759
57,11890.058338
58,11768.731518
59,11918.192687
60,11939.171413
61,11852.305350
62,11851.169110
63,11983.134626
64,11880.630319
65,12041.789632
66,12126.687272
67,12040.238266
68,12005.915750
69,12057.361433
70,12112.080966
71,12213.633177
72,12244.362582
73,12129.070750
74,12245.676310
75,12231.969554
76,12221.143373
77,12401.783602
78,12483.184131
79,12294.348257
80,12311.767248
81,12404.207510
82,12322.265879
83,12495.928078
84,12430.680578
85,12317.125183
86,12545.071149
87,12584.619053
88,12519.062618
89,12474.308872
90,12560.060207
91,12555.920107
92,12595.253241
93,12468.914562
94,12639.896299
95,12383.813672
96,12532.111255
97,12485.417912
98,12710.448089
99,12517.283861
100,12496.526066
101,12618.512660
102,12655.040694
103,12593.694106
104,12628.682119
105,12701.199101
106,12681.710347
107,12454.356314
108,12553.384954
109,12643.360154
110,12549.134148
111,12621.270465
112,12758.865222
113,12664.132872
114,12679.643053
115,12598.139323
116,12657.683962
117,12777.158074
118,12827.272856
119,12917.375320
120,12742.457537
121,12783.767331
122,12700.492677
123,12609.426875
124,12873.090705
125,12973.559885
126,12708.103710
127,12837.911345
128,12770.055050
129,12795.973680
130,12982.876336
131,12844.929328
132,12720.040062
133,12867.574073
134,12898.510004
135,12947.683868
136,12820.885042
137,12904.035482
138,13014.211271
139,13016.662373
140,12932.258521
141,13052.428379
142,13002.227301
143,13020.121821
144,13018.811644
145,12942.384265
146,12900.629918
147,12884.633344
148,12869.858982
149,12965.820706
150,13065.265433
151,12862.179766
152,13061.322448
153,12970.652528
154,12746.503272
155,12905.122420
156,12934.658957
157,12979.310685
158,12927.986470
159,12928.152371
160,13017.941925
161,12987.780730
162,12930.288600
163,13007.781815
164,13144.418313
165,13099.046086
166,13104.715176
167,13062.307574
168,13055.663526
169,13136.477969
170,13084.481398
171,12886.248613
172,12972.503087
173,13028.071443
174,12933.942335
175,13140.439915
176,13211.762754
177,13176.369846
178,13068.663835
179,13094.871905
180,13167.185038
181,13157.763789
182,13035.538973
183,13135.379378
184,13099.765347
185,13017.244076
186,13065.979742
187,13138.525657
188,13190.912067
189,13223.098363
190,13092.694825
191,12963.078275
192,13101.317063
193,13169.311283
194,13251.226890
195,13157.204229
196,13190.637883
197,13210.938925
198,13314.202807
199,13093.029780
200,13139.642610
201,13151.094634
202,13199.462704
203,13169.636713
204,13178.514945
205,13057.461460
206,13279.817659
207,13175.512932
208,13078.510117
209,13092.566621
210,13238.035359
211,13158.898916
212,13171.131679
213,13205.289311
214,13211.098904
215,13215.999226
216,13252.523220
217,13110.869925
218,13225.197575
219,13368.587519
220,13310.475925
221,13349.962566
222,12998.576336
223,13352.722044
224,13270.885566
225,13144.198121
226,13274.478956
227,13137.559893
228,13218.399781
229,13190.024737
230,13153.453295
231,13057.066390
232,13242.595027
233,13096.232708
234,13156.875645
235,13258.344679
236,13379.282353
237,13170.250372
238,13267.362336
239,13367.266674
240,13175.185966
241,13242.757811
242,13215.889793
243,13208.485208
244,13232.905748
245,13252.150429
246,13271.158665
247,13193.755899
248,13238.702823
249,13177.845463
250,13246.733776
251,13182.784770
252,13229.012903
253,13242.315174
254,13400.334638
255,13222.417283
256,13325.440997
257,13307.989455
258,13221.929321
259,13264.580825
260,13278.136279
261,13184.507411
262,13138.534006
263,13160.129367
264,13259.192554
265,13330.655712
266,13170.549815
267,13290.015245
268,13334.044100
269,13203.702376
270,13351.706863
271,13237.992074
272,13389.308712
273,13303.802963
274,13297.291204
275,13437.086598
276,13327.566742
277,13320.625713
278,13301.238889
279,13285.326576
280,13255.024868
281,13220.951144
282,13210.974601
283,13209.230073
284,13441.023002
285,13363.482740
286,13376.308093
287,13293.173551
288,13212.861150
289,13251.091074
290,13384.132015
291,13328.675172
292,13362.618808
293,13234.505506
294,13345.933049
295,13355.312347
296,13233.384720
297,13331.671935
298,13391.887155
299,13314.954338
300,13186.804426
301,13307.233193
302,13300.189737
303,13278.673566
304,13377.779234
305,13378.911539
306,13029.123061
307,13185.911268
308,13195.748001
309,13380.300992
310,13251.756168
311,13313.005986
312,13302.693242
313,13159.578169
314,13171.935053
315,13278.145845
316,13190.737663
317,13199.202420
318,13192.311589
319,13288.210373
320,13303.324799
321,13154.478344
322,13273.780439
323,13358.897440
324,13525.063128
325,13426.387219
326,13249.627573
327,13201.487986
328,13332.493519
329,13171.197628
330,13349.803346
331,13387.465686
332,13447.441799
333,13408.746385
334,13465.292367
335,13328.979047
336,13232.457542
337,13371.212988
338,13231.092080
339,13228.749678
340,13375.375684
341,13232.385454
342,13313.257631
343,13337.603919
344,13217.303336
345,13322.347394
346,13333.385133
347,13370.989234
348,13379.082681
349,13347.703822
350,13315.270824
351,13289.809510
352,13435.605369
353,13421.346954
354,13425.559844
355,13438.383984
356,13395.844860
357,13360.562820
358,13286.822963
359,13309.974260
360,13473.597999
361,13445.937720
362,13375.225963
363,13280.348955
364,13237.672630
365,13323.788158
366,13287.416558
367,13423.956367
368,13335.155334
369,13437.689539
370,13213.553986
371,13402.702045
372,13491.830301
373,13408.718264
374,13309.253809
375,13472.819215
376,13385.031577
377,13433.388710
378,13437.509954
379,13364.575724
380,13436.955626
381,13387.017462
382,13349.908026
383,13401.329903
384,13253.527109
385,13427.517666
386,13384.142032
387,13365.114029
388,13298.939041
389,13543.288433
390,13314.285694
391,13446.069206
392,13478.033203
393,13486.415371
394,13347.756820
395,13528.656107
396,13445.902611
397,13356.625365
398,13540.979569
399,13341.334224
400,13446.630408
401,13556.267435
402,13479.651528
403,13475.895952
404,13456.961962
405,13363.778488
406,13396.768465
407,13319.947363
408,13364.170101
409,13404.898582
410,13356.907599
411,13552.062692
412,13487.720677
413,13463.100747
414,13503.987941
415,13406.810724
416,13408.213916
417,13463.277098
418,13333.869023
419,13464.833090
420,13301.470665
421,13598.886349
422,13370.614338
423,13371.099507
424,13501.968715
425,13522.932105
426,13427.128025
427,13426.805541
428,13389.772694
429,13341.290045
430,13391.924874
431,13364.473717
432,13486.347483
433,13418.845159
434,13494.714810
435,13360.637736
436,13417.754934
437,13317.801057
438,13540.815517
439,13481.338116
440,13382.796945
441,13402.999626
442,13239.472409
443,13447.968639
444,13557.127581
445,13537.141473
446,13439.169592
447,13345.002377
448,13313.031124
449,13450.129924
450,13430.220117
451,13377.439836
452,13315.653572
453,13374.092655
454,13308.559885
455,13524.953407
456,13346.449933
457,13513.925182
458,13475.137704
459,13450.846335
460,13516.430346
461,13385.933856
462,13449.234851
463,13489.832003
464,13530.652234
465,13320.337741
466,13533.893609
467,13478.503982
468,13484.955995
469,13446.166359
470,13427.310569
471,13675.799292
472,13562.288947
473,13511.276751
474,13432.328771
475,13456.517581
476,13387.795172
477,13335.930220
478,13473.469027
479,13655.368397
480,13489.204761
481,13366.276914
482,13315.726954
483,13383.168942
484,13413.244444
485,13431.392987
486,13384.964226
487,13453.290684
488,13296.766524
489,13515.957435
490,13531.979645
491,13364.403317
492,13425.660938
493,13290.947812
494,13418.835082
495,13523.840608
496,13399.896453
497,13522.750179
498,13427.865400
499,13645.369415
