0,3112.661819
1,6486.155844
2,7092.531173
3,7586.473744
4,7887.626392
5,8263.506221
6,8583.581378
7,9048.069743
8,9267.826656
9,9586.062400
10,9866.544452
11,10057.466770
12,10385.236263
13,10696.531502
14,10977.541822
15,11288.990420
16,11557.963903
17,11749.480890
18,11938.649357
19,12044.543418
20,12635.371100
21,12679.069379
22,12643.294338
23,12953.207514
24,12819.434243
25,13120.893259
26,13431.719095
27,13576.359474
28,13512.012988
29,13515.137949
30,13539.174792
31,13527.933192
32,13593.909579
33,13670.249228
34,13731.237278
35,13710.322979
36,13937.535010
37,14073.038320
38,14093.463529
39,14172.962766
40,14161.888878
41,14124.257071
42,13913.782499
43,13985.513165
44,14331.585112
45,14028.069571
46,14134.238239
47,14167.475089
48,14088.962955
49,14316.688199
50,14334.955646
51,14436.874797
52,14138.331205
53,14284.133237
54,14167.549072
55,14214.091763
56,14317.141711
57,14077.592645
58,13882.300089
59,14199.429498
60,14025.132273
61,14089.564329
62,14313.127846
63,14233.873933
64,14211.808810
65,14104.437053
66,14484.259602
67,14205.147875
68,14251.576556
69,14323.469372
70,14084.606644
71,14049.280750
72,14303.597264
73,14408.087165
74,14413.057203
75,14384.759081
76,14446.739124
77,14403.010870
78,13958.834191
79,13966.690850
80,14448.626832
81,14200.252845
82,14205.306339
83,14118.433913
84,14029.549133
85,14236.837217
86,14088.807303
87,14227.095803
88,14242.032934
89,14354.480266
90,13983.625739
91,14069.011203
92,14141.266703
93,14091.251920
94,14139.643103
95,14252.022533
96,14369.604780
97,13876.577551
98,14304.724920
99,14289.602397
100,14052.565803
101,14224.065494
102,14257.955763
103,14431.113632
104,14426.607214
105,14399.676645
106,14397.275195
107,14433.049687
108,13846.868583
109,14308.132711
110,14353.261122
111,14284.890664
112,14301.117486
113,14307.710533
114,14078.510099
115,14057.979063
116,14270.668180
117,14234.968001
118,14341.013111
119,14274.582446
120,13992.769838
121,14147.242359
122,14214.402231
123,14142.710637
124,14274.984731
125,14353.795449
126,14134.366298
127,14054.270326
128,13951.020949
129,14227.519888
130,14266.710712
131,14348.247304
132,14179.846685
133,14228.088502
134,14243.950141
135,14303.369180
136,14272.622746
137,14049.630550
138,14103.877397
139,14259.773037
140,14259.290916
141,14094.174622
142,14194.553816
143,14022.335498
144,13921.441769
145,14151.873778
146,14230.204632
147,14303.712995
148,14264.681305
149,14053.277986
150,14381.654008
151,14647.252744
152,14197.886793
153,14194.843379
154,14000.196607
155,14360.622542
156,14356.570374
157,14165.690485
158,14318.052227
159,14221.657795
160,14031.614695
161,14266.138105
162,14167.311633
163,14210.328173
164,14255.518482
165,14172.986462
166,14205.074725
167,14264.091250
168,14286.828715
169,14441.938756
170,14340.358529
171,14223.512983
172,14265.570013
173,14356.200482
174,14354.182383
175,14191.134080
176,14159.356657
177,14226.069691
178,14251.001528
179,14351.087434
180,14048.024227
181,13953.740246
182,14294.426821
183,14187.862691
184,14209.118279
185,14377.792122
186,14166.718944
187,13831.494317
188,14033.760448
189,14196.330109
190,14392.984478
191,14251.065881
192,14113.381526
193,14232.874101
194,14302.078055
195,14388.677628
196,14304.293978
197,14230.162112
198,14407.016625
199,14147.625958
200,14332.468054
201,14287.135743
202,14241.132621
203,14206.447500
204,14377.442463
205,14128.571139
206,14290.907376
207,14373.848233
208,14190.665049
209,14151.247660
210,14102.299718
211,14097.628044
212,14228.276509
213,14155.283152
214,14084.105863
215,14042.934006
216,14010.950686
217,14130.054039
218,13961.394258
219,14187.533834
220,14492.966458
221,14175.487179
222,13977.889314
223,14250.784833
224,14099.383578
225,14076.208692
226,14153.139931
227,14208.486245
228,14007.271392
229,14177.702197
230,14078.534632
231,14220.415334
232,14155.850637
233,13902.485475
234,14166.288652
235,14413.757242
236,14382.229590
237,14457.603131
238,14560.019926
239,14218.439626
240,13953.027371
241,14255.041823
242,14092.661363
243,14171.255282
244,14106.028131
245,14083.516037
246,14308.630668
247,14083.559893
248,14471.708983
249,14230.605637
250,13983.099039
251,14546.288775
252,14042.258994
253,14069.518731
254,14157.536973
255,14048.380956
256,14001.311338
257,14325.424393
258,14255.764745
259,14112.716423
260,14148.396743
261,14242.845963
262,14342.658848
263,14237.136496
264,14355.185418
265,14399.245718
266,14078.542839
267,13957.808518
268,13998.952821
269,14109.095316
270,14359.066191
271,14167.754153
272,14126.370286
273,14262.264735
274,14139.686438
275,14364.520242
276,14181.816978
277,14164.904736
278,14235.776776
279,14374.653758
280,14160.387727
281,14089.685363
282,14322.363543
283,14287.156049
284,14127.528944
285,13976.321441
286,14272.731376
287,14232.114914
288,14281.855635
289,14362.970742
290,14326.047150
291,14410.466083
292,14518.208986
293,14180.311475
294,14140.343122
295,14138.541493
296,14222.525092
297,13857.892375
298,14074.039709
299,14316.145668
300,14438.196055
301,14363.591583
302,14446.520703
303,14339.897545
304,14204.001183
305,14345.977445
306,14287.825701
307,14350.587142
308,13988.799241
309,13955.964964
310,14264.542919
311,14406.286011
312,14385.336940
313,14413.142924
314,14203.466709
315,14289.043586
316,14023.125346
317,14208.236393
318,14325.070204
319,14185.674000
320,14272.761149
321,14260.386562
322,14239.565194
323,14256.352907
324,14418.269224
325,14148.873434
326,14327.064208
327,14297.548524
328,14065.519721
329,14341.736272
330,14116.582487
331,14243.911356
332,14355.550710
333,14204.373914
334,14264.077270
335,14108.734551
336,14098.005171
337,14092.951746
338,14328.306043
339,14640.050824
340,14194.045952
341,14083.304726
342,14161.910129
343,14401.198040
344,14269.986524
345,14478.726209
346,14160.849613
347,14350.314912
348,14399.899996
349,14331.606657
350,14318.984064
351,14105.088704
352,14490.721421
353,14190.788863
354,14185.683266
355,14255.429178
356,14292.655039
357,14264.369690
358,14345.701979
359,14018.474697
360,14028.096444
361,14340.734447
362,14209.693624
363,14278.048278
364,14019.562106
365,13971.499006
366,14307.879124
367,14404.939631
368,14228.674145
369,13852.769963
370,14324.128857
371,14437.219154
372,14533.073694
373,14440.922991
374,14065.478806
375,14219.670707
376,13859.612682
377,14356.851714
378,14513.880836
379,14552.623452
380,14249.889417
381,14100.141621
382,13923.991300
383,14208.710043
384,14100.678158
385,13951.119184
386,14015.338891
387,13944.023767
388,14017.548899
389,14128.215529
390,14247.893327
391,14046.096717
392,14178.129533
393,14163.848287
394,14392.873278
395,14041.826847
396,14281.498840
397,14051.896429
398,14047.279882
399,14015.550344
400,14188.078192
401,14252.728629
402,14251.158408
403,14182.160791
404,14108.275976
405,14124.670821
406,14269.234064
407,14185.905212
408,14201.637612
409,13988.494731
410,14193.519960
411,14037.261058
412,13937.912016
413,14007.805103
414,14312.516229
415,14199.754579
416,14282.606517
417,14301.140427
418,14124.063676
419,14157.541110
420,14369.814487
421,14396.117000
422,14179.922435
423,14164.579571
424,14241.801305
425,14548.302311
426,14249.101777
427,14254.417639
428,14121.362791
429,14095.553516
430,14351.732815
431,14123.278218
432,14017.297276
433,14114.444150
434,14217.695752
435,14100.488784
436,14244.735905
437,14015.135694
438,14043.904560
439,14418.766974
440,13912.091862
441,13959.653004
442,14020.102074
443,14338.098103
444,14350.639143
445,14165.560815
446,14344.741180
447,14517.790714
448,14394.646714
449,14452.343539
450,14073.811654
451,14179.273039
452,14228.081678
453,14267.735912
454,14132.263647
455,14278.883119
456,14012.006694
457,14039.592546
458,13960.064557
459,14118.025768
460,14023.030017
461,14077.284682
462,14253.787229
463,14276.569744
464,14156.662035
465,14011.372980
466,14125.762692
467,14348.411624
468,14393.873656
469,14344.954722
470,14051.545836
471,13990.001976
472,14308.663953
473,14340.666873
474,14277.606415
475,14422.277032
476,14167.383905
477,14209.853141
478,13798.022747
479,14152.504319
480,14181.769972
481,14126.375603
482,14140.176704
483,14496.693343
484,14188.508797
485,14061.048237
486,14266.491314
487,14379.381762
488,14172.599467
489,14192.833876
490,14280.266093
491,14193.055337
492,14045.548361
493,14196.834870
494,13996.075585
495,14304.613343
496,14162.526198
497,14147.808614
498,14158.718849
499,14170.105340
