0,3064.900284
1,6141.464981
2,6530.815494
3,6835.753227
4,7179.737009
5,7463.848293
6,7784.681070
7,8033.172922
8,8300.237415
9,8539.317266
10,8815.127830
11,9051.725505
12,9351.035516
13,9554.238325
14,9838.942600
15,10018.819429
16,10253.760692
17,10555.521269
18,10859.414806
19,11067.575283
20,11274.657758
21,11515.498680
22,11734.844163
23,11973.835614
24,12099.536658
25,12163.211428
26,12208.567427
27,12342.808923
28,12540.461232
29,12663.704132
30,12846.618834
31,12936.506159
32,13057.912474
33,13134.977562
34,13208.808942
35,13336.039735
36,13384.994173
37,13410.869319
38,13542.743613
39,13569.215614
40,13624.511171
41,13628.362982
42,13714.600155
43,13717.631549
44,13870.349623
45,13932.562428
46,13932.738227
47,13923.962800
48,14057.609075
49,14061.388327
50,14142.027835
51,14257.748825
52,14312.192169
53,14458.474232
54,14516.141882
55,14519.098691
56,14574.513645
57,14570.976467
58,14677.231201
59,14763.805661
60,14830.564949
61,14857.528197
62,14916.159401
63,14860.160703
64,15036.143728
65,15063.646356
66,15121.028008
67,15121.165048
68,15160.284702
69,15261.175031
70,15355.051218
71,15346.208773
72,15295.644618
73,15368.762597
74,15371.446097
75,15527.411940
76,15484.706107
77,15478.157708
78,15492.100219
79,15469.534413
80,15561.817672
81,15511.601825
82,15661.583103
83,15597.787190
84,15607.936243
85,15588.042851
86,15614.222420
87,15583.015649
88,15622.366018
89,15673.935872
90,15828.108918
91,15738.295469
92,15828.379859
93,15855.031321
94,15910.651957
95,15857.701416
96,15951.674483
97,15940.567555
98,15938.814429
99,16062.017946
100,16116.988156
101,16103.745737
102,16145.160949
103,16212.047865
104,16195.253111
105,16235.138282
106,16329.904500
107,16350.333351
108,16355.235373
109,16284.274864
110,16264.063648
111,16227.521721
112,16276.332426
113,16294.610689
114,16202.220785
115,16202.213992
116,16200.768411
117,16273.596215
118,16274.117426
119,16313.662177
120,16307.313005
121,16394.294710
122,16396.040376
123,16365.071939
124,16451.321929
125,16440.358078
126,16375.332059
127,16484.972441
128,16507.920475
129,16429.358535
130,16405.903136
131,16338.237097
132,16441.923083
133,16370.191007
134,16552.004002
135,16581.435149
136,16407.661966
137,16424.995896
138,16451.882156
139,16374.416445
140,16400.604320
141,16353.569969
142,16414.228883
143,16404.199117
144,16409.224324
145,16365.559906
146,16349.017208
147,16366.494319
148,16374.325851
149,16380.312777
150,16344.325437
151,16309.592412
152,16377.698850
153,16391.650146
154,16448.067217
155,16371.965840
156,16442.976049
157,16353.824793
158,16440.884940
159,16509.460882
160,16480.461833
161,16344.623341
162,16466.119762
163,16397.849272
164,16456.044223
165,16515.414164
166,16447.511193
167,16512.816387
168,16390.773417
169,16477.868166
170,16395.233512
171,16432.479615
172,16599.840886
173,16564.658386
174,16506.686853
175,16585.790239
176,16615.729361
177,16618.687392
178,16632.159119
179,16629.672693
180,16571.897898
181,16603.202092
182,16649.213725
183,16708.637859
184,16707.016666
185,16735.652693
186,16648.137449
187,16678.434191
188,16644.836626
189,16696.223155
190,16676.969688
191,16671.233392
192,16718.537187
193,16646.906844
194,16749.165544
195,16709.085114
196,16672.831147
197,16689.661880
198,16675.951423
199,16666.205610
200,16624.874143
201,16474.333206
202,16600.905491
203,16712.655166
204,16726.478335
205,16708.632882
206,16649.634289
207,16662.617991
208,16694.269679
209,16651.209201
210,16771.089986
211,16730.503964
212,16646.191758
213,16632.824874
214,16666.521469
215,16669.068350
216,16651.791395
217,16579.142747
218,16615.933194
219,16734.858794
220,16633.781434
221,16699.175429
222,16663.344874
223,16560.530491
224,16631.361310
225,16573.563079
226,16721.148483
227,16678.800007
228,16707.261303
229,16735.951866
230,16711.248670
231,16590.080910
232,16682.080246
233,16646.304056
234,16590.337305
235,16584.330953
236,16750.470997
237,16646.221595
238,16649.280097
239,16764.429502
240,16637.475760
241,16593.654612
242,16505.327574
243,16596.568566
244,16656.885014
245,16581.277974
246,16725.814148
247,16714.862712
248,16666.884696
249,16584.647871
250,16670.967215
251,16632.423516
252,16646.487575
253,16533.326855
254,16681.597371
255,16666.556351
256,16670.204536
257,16708.848582
258,16622.621620
259,16630.033488
260,16641.719680
261,16658.465100
262,16794.083600
263,16774.721780
264,16793.673349
265,16759.180102
266,16634.660383
267,16712.946337
268,16718.337380
269,16668.618854
270,16709.684935
271,16703.893096
272,16750.730279
273,16742.374924
274,16734.230638
275,16666.806264
276,16769.344425
277,16759.349414
278,16708.826968
279,16856.128454
280,16810.415217
281,16969.736069
282,16936.115973
283,17016.151009
284,17110.751636
285,16992.612630
286,17033.153590
287,16996.092309
288,17011.655781
289,16929.643868
290,16991.509631
291,17101.140980
292,17073.724896
293,17112.583117
294,17077.603729
295,17048.079622
296,17059.224995
297,16997.011115
298,16921.264292
299,16989.484718
300,16899.809848
301,16960.655725
302,17043.279688
303,17093.796451
304,17036.584314
305,17111.924781
306,17024.145390
307,16986.711450
308,17073.239206
309,17069.713881
310,17173.940656
311,17061.827534
312,17031.428872
313,17081.830723
314,17165.503936
315,17068.982819
316,17157.225157
317,17110.067318
318,17068.030076
319,17152.216195
320,17196.599765
321,17105.078102
322,17091.683179
323,17102.155145
324,16969.017077
325,17083.402761
326,16973.540176
327,16874.213586
328,17057.188486
329,17046.854429
330,17018.694184
331,17056.179396
332,17057.839119
333,16989.958095
334,16964.678300
335,17036.141428
336,17082.035449
337,16968.619171
338,17050.850849
339,17028.146418
340,16949.348513
341,16943.904415
342,16899.764017
343,17040.905703
344,17105.746727
345,17038.490848
346,17057.098172
347,17055.893274
348,16970.460843
349,16914.794966
350,17000.939132
351,16897.809824
352,16931.361613
353,17067.266651
354,17092.874152
355,17165.490241
356,17148.928862
357,17260.757257
358,17114.786670
359,17000.951183
360,16968.491203
361,17110.101138
362,17105.721384
363,17065.380094
364,17027.535138
365,17110.149661
366,17082.039541
367,17008.144830
368,17008.621681
369,17028.738028
370,17060.536252
371,17060.420734
372,17072.618527
373,17034.374090
374,17104.136794
375,17136.246971
376,17055.495661
377,17135.955318
378,17082.324502
379,17193.917956
380,17220.406689
381,17171.370542
382,17248.479023
383,17146.059022
384,17104.366454
385,17092.302056
386,17089.711877
387,17138.165080
388,17252.596524
389,17101.989532
390,17217.055044
391,17228.178753
392,17153.010900
393,17213.423631
394,17235.356813
395,17194.916326
396,17162.240614
397,17145.890676
398,17220.729947
399,17200.100158
400,17265.996900
401,17331.831636
402,17346.808876
403,17453.556002
404,17377.982603
405,17430.864784
406,17440.565737
407,17480.947791
408,17462.854445
409,17523.364316
410,17445.998363
411,17457.526029
412,17574.160455
413,17572.526715
414,17610.291208
415,17517.775211
416,17491.912661
417,17576.096403
418,17457.947216
419,17509.764437
420,17471.959402
421,17540.875239
422,17543.236637
423,17554.230012
424,17517.614056
425,17473.072658
426,17361.195283
427,17600.647407
428,17444.200870
429,17492.444762
430,17592.156898
431,17665.309834
432,17722.676853
433,17644.030508
434,17625.465714
435,17469.108585
436,17501.100606
437,17614.511178
438,17588.032940
439,17614.045319
440,17581.101369
441,17520.027567
442,17590.875154
443,17560.213543
444,17432.664504
445,17612.939266
446,17481.196739
447,17512.338726
448,17592.852340
449,17611.526161
450,17538.291095
451,17538.740599
452,17594.918346
453,17580.081258
454,17550.531531
455,17436.507867
456,17442.166134
457,17621.188086
458,17695.667987
459,17520.429432
460,17589.779842
461,17483.368583
462,17546.312069
463,17577.864482
464,17611.299494
465,17652.739804
466,17710.797264
467,17811.035334
468,17680.483715
469,17588.996463
470,17780.180876
471,17785.693309
472,17851.600484
473,17816.828145
474,17777.328453
475,17822.496060
476,17781.501768
477,17765.310762
478,17788.070804
479,17626.483782
480,17816.170399
481,17643.328537
482,17803.835885
483,17687.099517
484,17672.238841
485,17735.606904
486,17672.142988
487,17555.920924
488,17668.277108
489,17662.827333
490,17618.559860
491,17712.923152
492,17740.135172
493,17794.736557
494,17684.088213
495,17611.894607
496,17578.062905
497,17569.999201
498,17639.596366
499,17609.864916
