0,3076.147235
1,6159.266118
2,6595.336901
3,6921.071296
4,7156.391417
5,7385.971725
6,7668.268978
7,7866.374344
8,8168.458772
9,8277.322863
10,8474.119476
11,8722.057683
12,8901.359213
13,9107.842582
14,9252.091243
15,9414.538265
16,9578.378311
17,9864.813573
18,9966.163295
19,10167.757250
20,10246.307277
21,10467.359036
22,10612.381713
23,10679.358648
24,10787.743334
25,10955.827317
26,11120.298021
27,11356.493151
28,11496.417603
29,11559.443043
30,11699.644100
31,11720.562015
32,11664.156480
33,11896.544797
34,11986.086179
35,12046.260425
36,12127.776812
37,12177.680569
38,12181.598618
39,12200.640667
40,12233.027559
41,12368.164330
42,12291.324125
43,12474.181867
44,12497.531150
45,12566.689077
46,12521.164586
47,12585.353681
48,12695.286352
49,12739.405832
50,12820.736708
51,12839.252931
52,12740.047853
53,12861.903613
54,12998.669996
55,12982.447314
56,12971.970762
57,13287.620768
58,13026.882089
59,13024.091104
60,13209.854112
61,13192.031915
62,13240.377216
63,13227.137030
64,13222.285073
65,13367.965190
66,13467.887690
67,13337.312488
68,13465.381027
69,13377.745024
70,13243.439742
71,13392.073678
72,13366.367401
73,13382.562944
74,13250.175057
75,13274.208162
76,13362.269927
77,13322.063808
78,13331.203844
79,13335.677824
80,13448.900843
81,13470.296795
82,13461.550117
83,13583.854529
84,13363.246093
85,13390.234444
86,13391.880866
87,13386.956062
88,13386.590920
89,13509.143018
90,13510.533514
91,13477.988400
92,13295.421747
93,13348.079799
94,13469.201485
95,13565.695635
96,13564.519195
97,13477.000877
98,13343.697893
99,13368.335078
100,13322.654298
101,13621.754429
102,13607.634546
103,13693.069417
104,13677.334355
105,13640.909786
106,13400.232151
107,13542.993737
108,13554.586809
109,13487.734558
110,13548.617717
111,13493.938026
112,13593.427211
113,13800.037043
114,13635.999847
115,13712.599776
116,13718.096810
117,13699.347860
118,13475.944748
119,13676.247721
120,13593.144274
121,13632.393483
122,13665.126475
123,13531.324127
124,13500.420963
125,13516.948122
126,13666.383849
127,13685.888366
128,13451.449406
129,13577.553506
130,13636.451418
131,13605.021920
132,13542.348998
133,13599.089499
134,13674.435786
135,13639.685251
136,13394.941620
137,13584.280948
138,13433.099078
139,13242.948528
140,13561.688634
141,13626.490698
142,13568.521916
143,13796.029001
144,13688.787790
145,13605.229306
146,13628.044977
147,13758.184389
148,13692.940361
149,13774.757927
150,13741.526236
151,13734.896022
152,13441.703018
153,13719.023860
154,13664.758930
155,13687.473386
156,13680.756969
157,13575.446087
158,13519.524450
159,13815.746504
160,13800.387791
161,13510.915979
162,13453.828327
163,13754.895997
164,13857.758645
165,13792.196838
166,13764.514742
167,13589.181060
168,13644.247377
169,13602.454648
170,13647.123420
171,13558.447265
172,13598.672899
173,13654.095940
174,13668.954890
175,13672.807997
176,13562.883347
177,13757.222598
178,13808.846455
179,13640.497116
180,13456.613572
181,13720.646270
182,13687.924641
183,13653.819146
184,13620.679556
185,13458.392451
186,13437.035290
187,13566.223291
188,13683.113838
189,13788.552732
190,13428.678739
191,13385.027645
192,13681.676520
193,13672.827287
194,13612.030537
195,13788.658874
196,13639.505782
197,13667.277924
198,13727.944824
199,13675.308498
200,13745.066548
201,13582.378546
202,13472.379052
203,13514.747425
204,13578.173956
205,13645.339416
206,13553.928773
207,13400.018004
208,13610.301339
209,13623.235297
210,13585.362128
211,13587.207357
212,13636.616691
213,13697.534228
214,13696.279435
215,13578.733993
216,13456.710138
217,13508.344743
218,13737.818232
219,13711.589121
220,13661.518373
221,13529.156637
222,13659.295117
223,13652.497560
224,13478.818939
225,13605.562392
226,13662.476654
227,13569.681036
228,13593.654380
229,13562.057971
230,13358.509506
231,13540.413591
232,13477.634882
233,13567.210504
234,13637.014996
235,13555.465232
236,13567.551668
237,13791.716681
238,13647.320523
239,13604.446515
240,13662.286546
241,13751.194270
242,13588.406944
243,13651.820516
244,13749.062550
245,13506.423884
246,13583.065218
247,13570.314898
248,13605.746036
249,13698.914801
250,13704.008620
251,13549.068823
252,13566.742243
253,13473.642770
254,13524.325343
255,13467.648132
256,13577.736627
257,13692.657997
258,13601.571761
259,13633.332594
260,13527.535228
261,13595.923101
262,13579.960993
263,13545.453581
264,13719.622355
265,13545.196905
266,13672.618563
267,13609.578796
268,13599.996017
269,13538.100451
270,13501.104566
271,13614.026480
272,13671.277337
273,13518.735191
274,13735.282049
275,13674.641056
276,13548.790362
277,13497.695129
278,13463.503586
279,13677.481854
280,13703.031066
281,13581.343940
282,13471.851349
283,13515.679654
284,13622.361937
285,13589.059646
286,13652.279536
287,13643.172992
288,13627.881305
289,13698.284456
290,13730.229030
291,13683.667516
292,13768.257911
293,13691.701039
294,13595.478851
295,13646.152467
296,13656.428663
297,13483.853309
298,13710.447363
299,13668.286063
300,13694.899706
301,13669.176741
302,13484.645615
303,13538.686158
304,13520.812017
305,13466.113999
306,13486.249004
307,13482.334345
308,13683.486560
309,13645.866167
310,13686.649236
311,13596.168620
312,13562.543318
313,13620.741586
314,13565.862473
315,13693.655371
316,13711.741212
317,13546.091900
318,13694.243100
319,13704.851732
320,13496.287760
321,13510.588533
322,13515.982269
323,13679.252147
324,13598.085609
325,13631.995675
326,13513.744565
327,13729.972794
328,13821.497413
329,13772.046864
330,13659.147570
331,13748.737646
332,13755.658476
333,13803.731233
334,13672.548488
335,13633.879506
336,13785.932504
337,13743.876638
338,13642.419988
339,13549.155885
340,13547.444132
341,13549.651469
342,13741.301717
343,13614.523833
344,13719.980201
345,13606.873493
346,13484.863323
347,13577.855783
348,13522.122021
349,13437.297876
350,13662.255175
351,13748.731096
352,13630.078873
353,13609.396819
354,13630.608296
355,13601.292493
356,13542.268872
357,13607.266941
358,13648.982879
359,13589.986248
360,13547.101282
361,13715.428336
362,13482.893856
363,13582.446761
364,13557.579327
365,13739.412407
366,13715.754993
367,13478.482015
368,13660.924846
369,13502.236479
370,13542.220926
371,13638.294755
372,13687.193373
373,13651.079864
374,13716.866462
375,13833.561195
376,13852.140017
377,13687.331298
378,13773.172187
379,13576.320626
380,13632.840298
381,13696.090598
382,13493.610196
383,13578.803769
384,13638.158773
385,13584.999261
386,13596.309313
387,13689.258842
388,13579.074021
389,13648.937460
390,13675.270738
391,13607.322934
392,13660.934080
393,13738.707404
394,13584.893854
395,13616.602009
396,13494.375976
397,13607.737461
398,13883.431248
399,13734.482050
400,13641.852100
401,13643.074360
402,13707.490442
403,13570.365064
404,13576.405574
405,13586.358570
406,13695.467195
407,13569.107224
408,13521.164325
409,13620.386993
410,13688.279910
411,13633.671275
412,13611.838234
413,13565.113401
414,13706.387038
415,13690.244012
416,13600.790604
417,13548.726848
418,13744.911844
419,13833.919188
420,13563.447746
421,13527.693399
422,13457.173992
423,13639.092876
424,13719.873118
425,13574.105272
426,13670.083485
427,13619.384727
428,13560.980704
429,13657.876420
430,13750.678651
431,13662.177900
432,13563.279506
433,13592.129762
434,13773.319504
435,13609.238530
436,13778.812432
437,13430.874253
438,13632.456816
439,13626.221279
440,13424.971990
441,13540.020024
442,13616.857477
443,13621.998782
444,13720.131644
445,13666.398233
446,13675.519661
447,13490.965353
448,13486.704021
449,13449.750386
450,13363.863117
451,13620.834357
452,13610.801974
453,13524.041686
454,13606.774160
455,13508.005251
456,13585.504433
457,13489.245437
458,13480.926670
459,13664.482584
460,13610.819090
461,13613.074448
462,13630.516079
463,13551.135352
464,13693.153921
465,13600.456662
466,13505.824805
467,13412.659635
468,13503.428322
469,13785.564354
470,13656.203967
471,13700.923732
472,13761.215985
473,13743.063733
474,13697.702957
475,13661.172399
476,13689.086665
477,13643.893312
478,13516.812229
479,13508.456532
480,13727.766227
481,13728.896770
482,13593.529902
483,13680.438093
484,13674.606782
485,13693.359169
486,13729.296029
487,13632.648637
488,13545.284680
489,13555.700819
490,13698.764635
491,13698.157985
492,13496.764309
493,13588.549629
494,13602.284142
495,13717.429270
496,13589.080575
497,13502.125777
498,13586.036860
499,13625.589883
