0,3152.381883
1,3366.913860
2,3410.854618
3,3475.852798
4,3539.570608
5,3579.687731
6,3615.921979
7,3626.036634
8,3612.695545
9,3698.257799
10,3754.777094
11,3690.097544
12,3683.995402
13,3746.608337
14,3709.718772
15,3759.068799
16,3732.397430
17,3761.564493
18,3722.871256
19,3773.709640
20,3710.724016
21,3752.968648
22,3712.408493
23,3786.082443
24,3796.362843
25,3736.879703
26,3672.471787
27,3679.691590
28,3668.028878
29,3673.305640
30,3654.328342
31,3700.551251
32,3679.264803
33,3721.837537
34,3648.510445
35,3656.559667
36,3708.756380
37,3700.993088
38,3717.948451
39,3695.138847
40,3682.458759
41,3714.667152
42,3734.570820
43,3771.511938
44,3804.428382
45,3799.335226
46,3720.754818
47,3674.921879
48,3674.234742
49,3751.147057
50,3733.670035
51,3718.408383
52,3785.739021
53,3784.101046
54,3745.327312
55,3749.341126
56,3780.452592
57,3771.854575
58,3797.886050
59,3806.933421
60,3775.004178
61,3755.415057
62,3758.678548
63,3789.222264
64,3819.742606
65,3854.880223
66,3888.172306
67,3784.072367
68,3734.351379
69,3733.346659
70,3765.588923
71,3757.815280
72,3725.919621
73,3693.756962
74,3711.978723
75,3707.604984
76,3714.224540
77,3718.436417
78,3768.201050
79,3765.299635
80,3757.024626
81,3735.042372
82,3722.530946
83,3758.521969
84,3754.537060
85,3798.158551
86,3822.151128
87,3807.935285
88,3790.353017
89,3796.834042
90,3752.519723
91,3731.306652
92,3642.136673
93,3665.746017
94,3705.265981
95,3796.236903
96,3710.517232
97,3731.495560
98,3749.064095
99,3859.578547
100,3805.950603
101,3745.673994
102,3759.153379
103,3739.669207
104,3760.188280
105,3757.406559
106,3753.829063
107,3823.442711
108,3782.883078
109,3794.284495
110,3739.471149
111,3719.016696
112,3704.759713
113,3683.303143
114,3724.522667
115,3749.960387
116,3696.942222
117,3695.985857
118,3720.897768
119,3801.829573
120,3848.914202
121,3821.932909
122,3735.431908
123,3767.032279
124,3736.473427
125,3731.787681
126,3755.278477
127,3794.914735
128,3777.797345
129,3739.678982
130,3687.070480
131,3695.897118
132,3692.205253
133,3749.094709
134,3684.056335
135,3691.533530
136,3698.595898
137,3740.341635
138,3657.499480
139,3594.665819
140,3607.642815
141,3563.348116
142,3631.589516
143,3673.651161
144,3636.874719
145,3657.631224
146,3681.194175
147,3663.390416
148,3629.936157
149,3631.400617
150,3732.438797
151,3733.811289
152,3763.824638
153,3758.345674
154,3725.323628
155,3736.356887
156,3680.394496
157,3638.627173
158,3683.677075
159,3632.272960
160,3585.354763
161,3703.939383
162,3698.254404
163,3694.471752
164,3740.982644
165,3700.939595
166,3793.623956
167,3801.078270
168,3780.679933
169,3678.009034
170,3759.441982
171,3748.604191
172,3771.017154
173,3774.100673
174,3680.200647
175,3681.685776
176,3687.666329
177,3643.777949
178,3625.406860
179,3559.325599
180,3547.220648
181,3551.079609
182,3582.294461
183,3573.396559
184,3605.856652
185,3567.849322
186,3617.321121
187,3625.842861
188,3604.911299
189,3658.183781
190,3728.074619
191,3772.100187
192,3708.296287
193,3761.090075
194,3742.809361
195,3759.192380
196,3799.642565
197,3703.260869
198,3765.004356
199,3696.872681
200,3686.418046
201,3714.221577
202,3706.643397
203,3706.756854
204,3707.222138
205,3664.743147
206,3653.065338
207,3689.954654
208,3699.570402
209,3678.206844
210,3713.428636
211,3720.191610
212,3676.326207
213,3653.723545
214,3652.452034
215,3685.149541
216,3671.347435
217,3642.837148
218,3690.106213
219,3701.211785
220,3692.334143
221,3691.502140
222,3671.736610
223,3681.902577
224,3665.809874
225,3640.364347
226,3702.841892
227,3687.564525
228,3722.857386
229,3812.345595
230,3818.566450
231,3828.395768
232,3820.371790
233,3746.036506
234,3793.224405
235,3726.271720
236,3768.196432
237,3742.559773
238,3723.233169
239,3834.111420
240,3830.318826
241,3824.725685
242,3789.531762
243,3827.851452
244,3743.154345
245,3803.381679
246,3784.157278
247,3851.723599
248,3863.014613
249,3868.809130
250,3777.579304
251,3776.387135
252,3778.212169
253,3726.591634
254,3824.886028
255,3678.173412
256,3676.959921
257,3719.827445
258,3692.917970
259,3711.465236
260,3704.260073
261,3734.570061
262,3777.957676
263,3835.306578
264,3826.398418
265,3796.490791
266,3822.226648
267,3869.037635
268,3853.527639
269,3757.644754
270,3717.633069
271,3743.479467
272,3823.652648
273,3786.709384
274,3781.377484
275,3903.245779
276,3901.370348
277,3907.452775
278,3821.230522
279,3785.154779
280,3799.391060
281,3780.361350
282,3800.315985
283,3771.704583
284,3704.211903
285,3730.305715
286,3754.903027
287,3736.435786
288,3717.069611
289,3682.611841
290,3746.310235
291,3750.425976
292,3806.432661
293,3823.655930
294,3779.248154
295,3779.067372
296,3706.893310
297,3667.249287
298,3710.491063
299,3688.009056
300,3675.361672
301,3623.705182
302,3597.667289
303,3665.877620
304,3636.504781
305,3630.428692
306,3673.677594
307,3684.853033
308,3689.888405
309,3651.869040
310,3681.763292
311,3771.117685
312,3710.274330
313,3681.949922
314,3678.953788
315,3689.545063
316,3727.873453
317,3778.457480
318,3771.023929
319,3766.390967
320,3806.546527
321,3783.552033
322,3801.950036
323,3807.623255
324,3793.481096
325,3797.644801
326,3730.990353
327,3725.048230
328,3703.762015
329,3706.627209
330,3656.828439
331,3733.837748
332,3726.012914
333,3780.149876
334,3743.141878
335,3776.870060
336,3792.740116
337,3781.175958
338,3694.517275
339,3671.045379
340,3777.465955
341,3711.504820
342,3796.872806
343,3719.093895
344,3738.528598
345,3728.799785
346,3755.168591
347,3782.791127
348,3802.438455
349,3878.969816
350,3870.403552
351,3860.962765
352,3776.057022
353,3827.955640
354,3826.071933
355,3839.610614
356,3814.858581
357,3778.816077
358,3827.196671
359,3836.801915
360,3804.649323
361,3770.630707
362,3791.597440
363,3769.703337
364,3734.005989
365,3700.463805
366,3745.056767
367,3803.837350
368,3806.591955
369,3816.919835
370,3818.472026
371,3811.484418
372,3720.046174
373,3756.697670
374,3795.722047
375,3788.358406
376,3845.137817
377,3803.588422
378,3750.440713
379,3677.418453
380,3701.847509
381,3790.338597
382,3835.429258
383,3818.569907
384,3816.202761
385,3839.372006
386,3768.255904
387,3752.050038
388,3787.550718
389,3765.884007
390,3812.969654
391,3849.269921
392,3869.295305
393,3808.098960
394,3795.370712
395,3812.003400
396,3831.275920
397,3818.372897
398,3775.639066
399,3741.471226
400,3702.157041
401,3799.136889
402,3775.722484
403,3746.303062
404,3791.910055
405,3690.356239
406,3778.656847
407,3722.724063
408,3810.343317
409,3731.682143
410,3787.978439
411,3768.163393
412,3764.205194
413,3791.462210
414,3804.311470
415,3802.788085
416,3733.526113
417,3699.310232
418,3688.599837
419,3665.241010
420,3764.122284
421,3783.491010
422,3706.131582
423,3719.835752
424,3692.500422
425,3764.212175
426,3748.189212
427,3772.391906
428,3711.931745
429,3806.808304
430,3819.682626
431,3789.365683
432,3762.825793
433,3766.917291
434,3798.807723
435,3784.559123
436,3794.662502
437,3812.495037
438,3775.321069
439,3689.741538
440,3767.404083
441,3820.346193
442,3808.746924
443,3761.616441
444,3749.306855
445,3704.493297
446,3711.598533
447,3691.019930
448,3741.553971
449,3692.270167
450,3742.272089
451,3694.820949
452,3766.526908
453,3736.507567
454,3669.936458
455,3756.166991
456,3725.169489
457,3722.472986
458,3751.762543
459,3769.932455
460,3750.526041
461,3810.892035
462,3763.144666
463,3753.372886
464,3737.207900
465,3677.188468
466,3652.295761
467,3669.800887
468,3705.320610
469,3722.480099
470,3669.160334
471,3667.753627
472,3671.318741
473,3655.715272
474,3611.703668
475,3664.365573
476,3672.406043
477,3726.956876
478,3700.877265
479,3657.504418
480,3715.749625
481,3706.176040
482,3785.494318
483,3739.044115
484,3822.057003
485,3770.867728
486,3770.484576
487,3795.569233
488,3856.616554
489,3867.223797
490,3785.093475
491,3732.610786
492,3792.140880
493,3896.562758
494,3808.393675
495,3743.513810
496,3786.599328
497,3789.782866
498,3738.212678
499,3775.586503
