0,3139.702540
1,3245.570129
2,3403.075851
3,3517.417820
4,3692.905864
5,3799.245028
6,3818.494630
7,3974.091112
8,4092.148583
9,4236.162627
10,4473.030390
11,4605.270013
12,4663.625426
13,4797.139716
14,4918.994726
15,5089.446501
16,5274.384601
17,5509.620726
18,5690.987090
19,5877.536227
20,6096.017220
21,6131.586378
22,6131.110602
23,6182.344789
24,6273.409153
25,6308.725290
26,6412.282972
27,6446.502639
28,6542.052236
29,6664.486237
30,6701.093709
31,6722.252621
32,6772.603064
33,6788.038125
34,6846.606663
35,6901.629722
36,6939.235936
37,7056.332590
38,7026.506308
39,6934.366248
40,6994.527184
41,7002.968883
42,7071.610532
43,7134.402358
44,7165.603973
45,7143.319943
46,7216.079788
47,7199.216612
48,7288.055876
49,7329.226878
50,7260.089174
51,7291.848897
52,7390.156740
53,7464.163727
54,7446.254739
55,7444.252308
56,7399.319287
57,7489.894396
58,7509.505126
59,7546.234882
60,7594.379521
61,7578.645680
62,7563.270298
63,7558.016046
64,7631.365501
65,7718.663307
66,7742.620412
67,7701.616362
68,7592.642951
69,7645.470844
70,7665.722973
71,7670.167577
72,7721.815147
73,7659.482248
74,7680.617499
75,7692.404324
76,7784.867518
77,7803.778688
78,7804.377924
79,7842.128454
80,7864.320864
81,7854.748423
82,7785.642988
83,7714.164482
84,7837.994490
85,7915.451834
86,7940.367461
87,7909.194400
88,7889.517615
89,7830.325538
90,7780.316117
91,7778.677844
92,7808.681515
93,7855.536414
94,7927.882827
95,7970.507630
96,7942.981293
97,7987.906457
98,7941.989965
99,7952.775306
100,7913.742669
101,7929.843540
102,7963.784444
103,7917.866122
104,7930.696396
105,7932.946902
106,7951.530839
107,7907.809578
108,7973.604225
109,7970.122290
110,8000.222227
111,7995.597724
112,8091.202841
113,8028.826427
114,8039.607822
115,8037.478608
116,8089.750852
117,8142.202132
118,8141.949247
119,8106.601360
120,8197.464707
121,8225.209688
122,8249.134017
123,8200.494899
124,8223.695249
125,8191.995876
126,8262.871188
127,8265.193470
128,8222.409681
129,8219.948705
130,8278.052629
131,8308.437310
132,8297.274071
133,8205.056787
134,8252.227055
135,8316.118889
136,8241.407154
137,8204.138963
138,8231.811065
139,8307.691295
140,8307.189909
141,8275.558555
142,8271.897666
143,8336.916596
144,8343.991338
145,8342.762414
146,8323.380926
147,8364.492391
148,8377.991364
149,8388.258369
150,8391.668122
151,8408.954480
152,8432.454415
153,8444.316803
154,8429.991325
155,8396.547382
156,8387.785340
157,8426.012283
158,8395.985403
159,8447.630694
160,8431.846226
161,8451.838492
162,8443.799281
163,8438.403645
164,8453.097612
165,8404.936620
166,8450.487564
167,8446.842370
168,8464.022676
169,8461.441451
170,8480.366742
171,8457.623392
172,8463.934647
173,8424.785887
174,8433.016505
175,8456.611423
176,8480.299966
177,8444.275468
178,8449.582159
179,8473.688766
180,8447.194798
181,8457.963024
182,8474.242059
183,8494.459491
184,8467.869822
185,8486.268579
186,8487.087978
187,8505.529803
188,8499.098186
189,8500.562288
190,8475.598065
191,8479.920214
192,8478.846790
193,8469.831947
194,8494.704306
195,8489.695345
196,8512.373100
197,8507.128770
198,8486.609878
199,8502.115826
200,8508.700091
201,8517.035417
202,8502.185915
203,8479.852159
204,8504.144517
205,8496.479332
206,8486.623092
207,8485.457261
208,8481.609410
209,8507.769124
210,8510.010140
211,8508.534131
212,8516.987982
213,8523.693462
214,8511.439509
215,8523.127055
216,8528.509429
217,8528.270788
218,8550.215024
219,8568.478027
220,8566.132949
221,8569.843599
222,8591.346380
223,8600.003491
224,8587.036862
225,8589.872719
226,8591.417394
227,8603.839355
228,8599.463966
229,8600.445930
230,8600.520167
231,8600.457417
232,8606.891485
233,8610.481758
234,8613.469747
235,8629.488142
236,8630.689785
237,8636.736513
238,8641.725431
239,8645.315959
240,8655.082463
241,8640.133832
242,8650.938747
243,8649.158269
244,8647.907904
245,8655.603520
246,8661.508549
247,8657.571279
248,8654.699827
249,8645.782556
250,8644.138162
251,8647.684435
252,8641.734476
253,8650.738357
254,8656.689499
255,8645.243349
256,8646.671240
257,8654.205659
258,8655.869323
259,8655.129662
260,8653.031208
261,8654.515841
262,8639.323968
263,8650.154747
264,8651.506876
265,8654.909578
266,8659.151140
267,8660.684376
268,8647.389893
269,8653.270108
270,8654.637824
271,8644.906762
272,8653.403943
273,8656.314093
274,8650.807977
275,8647.095347
276,8648.681740
277,8650.870344
278,8654.009397
279,8651.024628
280,8661.883594
281,8652.357864
282,8649.495734
283,8650.204610
284,8660.105306
285,8653.954811
286,8659.990855
287,8658.817764
288,8654.384773
289,8655.473203
290,8649.422717
291,8654.295059
292,8649.942215
293,8651.204785
294,8650.917308
295,8647.578565
296,8652.693554
297,8652.433509
298,8648.472432
299,8656.358036
300,8651.844627
301,8638.532134
302,8649.257410
303,8657.410989
304,8653.619125
305,8654.283143
306,8658.756484
307,8653.051569
308,8657.440189
309,8657.392402
310,8655.943895
311,8657.766998
312,8652.084410
313,8650.559618
314,8653.144805
315,8650.674735
316,8650.073420
317,8652.301902
318,8654.193749
319,8656.867332
320,8662.885774
321,8641.843009
322,8648.624708
323,8655.105203
324,8660.753208
325,8655.770920
326,8654.810118
327,8656.560866
328,8658.446631
329,8660.368961
330,8648.768560
331,8655.543553
332,8655.308361
333,8657.482596
334,8646.504854
335,8654.002650
336,8664.781723
337,8650.966130
338,8648.422039
339,8653.009392
340,8660.019243
341,8658.108127
342,8647.613011
343,8653.214432
344,8657.004481
345,8657.284914
346,8661.584352
347,8649.822229
348,8640.249005
349,8640.725444
350,8655.221298
351,8658.549274
352,8659.872632
353,8648.733162
354,8661.055944
355,8670.161341
356,8671.500019
357,8671.937093
358,8689.802520
359,8696.750326
360,8698.036593
361,8717.941013
362,8729.472656
363,8737.317465
364,8740.167374
365,8749.559994
366,8742.820290
367,8739.556174
368,8745.250095
369,8743.128523
370,8745.715785
371,8743.073018
372,8729.354523
373,8747.732124
374,8740.686321
375,8744.955207
376,8746.737710
377,8753.237275
378,8750.933711
379,8746.715738
380,8759.746647
381,8750.867763
382,8755.400236
383,8761.908914
384,8752.574459
385,8761.542454
386,8762.074648
387,8765.827695
388,8763.080469
389,8765.751979
390,8769.846653
391,8770.248523
392,8767.262211
393,8764.185479
394,8757.914262
395,8762.381161
396,8760.912831
397,8760.155984
398,8753.205135
399,8769.725080
400,8762.456673
401,8759.566773
402,8757.904542
403,8758.285839
404,8762.003845
405,8746.475473
406,8753.590434
407,8761.288724
408,8766.469221
409,8762.578635
410,8759.230498
411,8769.159665
412,8761.623852
413,8764.930966
414,8760.735009
415,8764.337769
416,8772.379930
417,8787.763378
418,8784.594847
419,8790.508613
420,8792.014154
421,8796.340879
422,8787.065095
423,8781.908783
424,8794.457034
425,8795.337682
426,8787.595305
427,8788.090426
428,8794.844894
429,8803.577085
430,8808.555725
431,8823.431413
432,8846.700523
433,8880.834845
434,8888.439389
435,8916.612278
436,8917.217849
437,8926.192949
438,8917.158287
439,8922.047593
440,8921.325938
441,8922.007872
442,8912.222594
443,8912.232260
444,8915.009579
445,8920.455693
446,8924.385198
447,8925.675473
448,8929.416424
449,8923.322664
450,8924.711713
451,8919.154331
452,8927.204765
453,8923.742849
454,8915.017035
455,8913.301786
456,8920.080069
457,8924.320798
458,8917.571996
459,8925.411102
460,8920.025723
461,8924.724702
462,8920.987427
463,8928.514108
464,8914.387720
465,8913.394373
466,8924.398132
467,8922.257273
468,8916.762672
469,8922.893178
470,8931.669036
471,8927.578607
472,8925.075601
473,8927.970896
474,8918.163669
475,8921.954338
476,8921.608785
477,8926.191111
478,8924.706764
479,8927.459039
480,8925.061040
481,8928.854774
482,8928.731734
483,8928.069739
484,8927.532811
485,8926.374975
486,8926.876109
487,8924.934532
488,8923.055016
489,8923.846364
490,8920.086496
491,8920.737807
492,8914.542326
493,8925.528146
494,8928.100930
495,8930.329344
496,8921.942325
497,8928.719800
498,8930.057289
499,8913.481355
