0,3035.264674
1,6092.522959
2,6498.212572
3,6769.716979
4,6999.733512
5,7197.961871
6,7548.971802
7,7696.766039
8,7874.351021
9,7975.445327
10,8218.086981
11,8308.185139
12,8308.279293
13,8414.511319
14,8718.475410
15,8784.070227
16,8889.243671
17,9159.837854
18,9115.175114
19,9201.871855
20,9362.119618
21,9731.289100
22,9759.279228
23,9966.986914
24,10055.798971
25,10131.116171
26,10406.795157
27,10403.754638
28,10451.421915
29,10819.242962
30,11086.306126
31,11050.991192
32,11296.269922
33,11427.076388
34,11123.749153
35,11579.147223
36,11865.857452
37,11526.178284
38,11825.639202
39,11743.770651
40,11828.300759
41,12126.457007
42,12009.971112
43,11928.094842
44,12034.584504
45,12193.313981
46,12174.599376
47,12300.458399
48,12411.305834
49,12479.767709
50,12699.405804
51,12609.184379
52,12906.459392
53,12640.274154
54,12461.022699
55,12651.111713
56,12731.057825
57,12946.417381
58,13219.037823
59,13094.696163
60,12813.150728
61,12889.245984
62,12973.298252
63,13127.108147
64,13631.738251
65,13617.006156
66,13829.603450
67,13643.087250
68,13605.474526
69,13785.070455
70,13641.200431
71,13497.636488
72,13430.780354
73,13954.374421
74,13574.025552
75,13477.759453
76,13724.979414
77,13671.496513
78,13733.301002
79,13811.619178
80,13763.213027
81,13701.241941
82,14054.341181
83,14110.831489
84,14074.675783
85,14214.482122
86,14349.506507
87,14265.776151
88,14386.557335
89,14475.834031
90,14461.649133
91,14441.050933
92,14452.830656
93,14487.798629
94,14392.481576
95,14500.363764
96,14616.774483
97,14637.621642
98,14565.223439
99,14944.865574
100,14910.123428
101,14878.621426
102,14443.528034
103,14931.263023
104,14778.271033
105,15165.577683
106,15065.358400
107,15061.443199
108,14966.356248
109,14858.341122
110,15006.833548
111,15225.063341
112,15139.600399
113,14906.672289
114,15377.275689
115,15352.585559
116,15444.346618
117,15461.797835
118,15339.290021
119,15644.060331
120,15641.346890
121,15178.353485
122,15480.950193
123,15412.435156
124,15590.279443
125,15470.042390
126,15610.865131
127,15529.468731
128,15303.366208
129,15553.661923
130,15537.277843
131,15602.318501
132,15660.081314
133,15925.482807
134,15833.730860
135,15818.027586
136,15587.424835
137,15747.412461
138,15750.655266
139,15872.863796
140,15841.608911
141,15782.611625
142,15874.112501
143,15881.562323
144,15833.176688
145,15820.008475
146,15926.551388
147,15910.892307
148,15906.594167
149,16004.253198
150,15951.448659
151,15920.637216
152,15921.080066
153,15981.704996
154,15979.629010
155,15946.593573
156,15984.560078
157,16002.263457
158,16001.063460
159,15990.493888
160,15979.759595
161,16038.743576
162,15998.957441
163,16005.557570
164,16004.518086
165,16020.539665
166,16018.726450
167,16001.793570
168,16038.743576
169,16038.743576
170,16005.190764
171,16038.743576
172,16022.543333
173,16020.391181
174,16038.743576
175,16024.195288
176,16002.317904
177,16038.743576
178,16038.743576
179,16038.743576
180,16038.743576
181,16001.288830
182,16038.743576
183,16038.743576
184,16038.743576
185,16038.743576
186,16023.792652
187,16038.743576
188,16038.743576
189,16038.743576
190,16038.743576
191,16038.743576
192,16038.743576
193,16038.743576
194,16023.608759
195,16038.743576
196,16038.743576
197,16038.743576
198,16038.743576
199,16021.456317
200,16038.743576
201,16038.743576
202,16038.743576
203,16038.743576
204,16038.743576
205,16038.743576
206,16038.743576
207,16038.743576
208,16038.743576
209,16038.743576
210,16038.743576
211,16038.743576
212,16038.743576
213,16038.743576
214,16038.743576
215,16038.743576
216,16038.743576
217,16038.743576
218,16038.743576
219,16038.743576
220,16038.743576
221,16038.743576
222,16038.743576
223,16038.743576
224,16038.743576
225,16038.743576
226,16038.743576
227,16038.743576
228,16038.743576
229,16038.743576
230,16038.743576
231,16038.743576
232,16038.743576
233,16038.743576
234,16038.743576
235,16038.743576
236,16038.743576
237,16038.743576
238,16038.743576
239,16038.743576
240,16038.743576
241,16038.743576
242,16038.743576
243,16038.743576
244,16038.743576
245,16038.743576
246,16038.743576
247,16038.743576
248,16038.743576
249,16038.743576
250,16038.743576
251,16038.743576
252,16038.743576
253,16038.743576
254,16038.743576
255,16038.743576
256,16038.743576
257,16038.743576
258,16038.743576
259,16038.743576
260,16038.743576
261,16038.743576
262,16038.743576
263,16038.743576
264,16038.743576
265,16038.743576
266,16038.743576
267,16038.743576
268,16038.743576
269,16038.743576
270,16038.743576
271,16038.743576
272,16038.743576
273,16038.743576
274,16038.743576
275,16038.743576
276,16038.743576
277,16038.743576
278,16038.743576
279,16038.743576
280,16038.743576
281,16038.743576
282,16038.743576
283,16038.743576
284,16038.743576
285,16038.743576
286,16038.743576
287,16038.743576
288,16038.743576
289,16038.743576
290,16038.743576
291,16038.743576
292,16038.743576
293,16038.743576
294,16038.743576
295,16038.743576
296,16038.743576
297,16038.743576
298,16038.743576
299,16038.743576
300,16038.743576
301,16038.743576
302,16038.743576
303,16038.743576
304,16038.743576
305,16038.743576
306,16038.743576
307,16038.743576
308,16038.743576
309,16038.743576
310,16038.743576
311,16038.743576
312,16038.743576
313,16038.743576
314,16038.743576
315,16038.743576
316,16038.743576
317,16038.743576
318,16038.743576
319,16038.743576
320,16038.743576
321,16038.743576
322,16038.743576
323,16038.743576
324,16038.743576
325,16038.743576
326,16038.743576
327,16038.743576
328,16038.743576
329,16038.743576
330,16038.743576
331,16038.743576
332,16038.743576
333,16038.743576
334,16038.743576
335,16038.743576
336,16038.743576
337,16038.743576
338,16038.743576
339,16038.743576
340,16038.743576
341,16038.743576
342,16038.743576
343,16038.743576
344,16038.743576
345,16038.743576
346,16038.743576
347,16038.743576
348,16038.743576
349,16038.743576
350,16038.743576
351,16038.743576
352,16038.743576
353,16038.743576
354,16038.743576
355,16038.743576
356,16038.743576
357,16038.743576
358,16038.743576
359,16038.743576
360,16038.743576
361,16038.743576
362,16038.743576
363,16038.743576
364,16038.743576
365,16038.743576
366,16038.743576
367,16038.743576
368,16038.743576
369,16038.743576
370,16038.743576
371,16038.743576
372,16038.743576
373,16038.743576
374,16038.743576
375,16038.743576
376,16038.743576
377,16038.743576
378,16038.743576
379,16038.743576
380,16038.743576
381,16038.743576
382,16038.743576
383,16038.743576
384,16038.743576
385,16038.743576
386,16038.743576
387,16038.743576
388,16038.743576
389,16038.743576
390,16038.743576
391,16038.743576
392,16038.743576
393,16038.743576
394,16038.743576
395,16038.743576
396,16038.743576
397,16038.743576
398,16038.743576
399,16038.743576
400,16038.743576
401,16038.743576
402,16038.743576
403,16038.743576
404,16038.743576
405,16038.743576
406,16038.743576
407,16038.743576
408,16038.743576
409,16038.743576
410,16038.743576
411,16038.743576
412,16038.743576
413,16038.743576
414,16038.743576
415,16038.743576
416,16038.743576
417,16038.743576
418,16038.743576
419,16038.743576
420,16038.743576
421,16038.743576
422,16038.743576
423,16038.743576
424,16038.743576
425,16038.743576
426,16038.743576
427,16038.743576
428,16038.743576
429,16038.743576
430,16038.743576
431,16038.743576
432,16038.743576
433,16038.743576
434,16038.743576
435,16038.743576
436,16038.743576
437,16038.743576
438,16038.743576
439,16038.743576
440,16038.743576
441,16038.743576
442,16038.743576
443,16038.743576
444,16038.743576
445,16038.743576
446,16038.743576
447,16038.743576
448,16038.743576
449,16038.743576
450,16038.743576
451,16038.743576
452,16038.743576
453,16038.743576
454,16038.743576
455,16038.743576
456,16038.743576
457,16038.743576
458,16038.743576
459,16038.743576
460,16038.743576
461,16038.743576
462,16038.743576
463,16038.743576
464,16038.743576
465,16038.743576
466,16038.743576
467,16038.743576
468,16038.743576
469,16038.743576
470,16038.743576
471,16038.743576
472,16038.743576
473,16038.743576
474,16038.743576
475,16038.743576
476,16038.743576
477,16038.743576
478,16038.743576
479,16038.743576
480,16038.743576
481,16038.743576
482,16038.743576
483,16038.743576
484,16038.743576
485,16038.743576
486,16038.743576
487,16038.743576
488,16038.743576
489,16038.743576
490,16038.743576
491,16038.743576
492,16038.743576
493,16038.743576
494,16038.743576
495,16038.743576
496,16038.743576
497,16038.743576
498,16038.743576
499,16038.743576
