0,3100.062671
1,6594.040709
2,7385.995117
3,7911.140434
4,8438.106144
5,8906.374730
6,9377.755333
7,9909.943509
8,10303.143023
9,10641.018752
10,10966.082829
11,11242.426798
12,11568.890222
13,11876.893923
14,12129.620567
15,12451.079026
16,12664.857163
17,12960.304557
18,13152.726437
19,13343.722041
20,13431.365592
21,13535.399795
22,13595.537926
23,13659.218099
24,13785.703356
25,13770.835498
26,13937.395024
27,13973.650384
28,14071.123635
29,14076.513412
30,14175.381146
31,14256.271703
32,14248.947738
33,14316.957854
34,14360.510637
35,14423.340499
36,14417.462662
37,14437.731565
38,14432.723988
39,14561.849632
40,14576.597009
41,14656.167869
42,14684.756127
43,14811.966551
44,14799.508515
45,14912.625380
46,14914.595121
47,14993.710579
48,14987.273901
49,15101.025045
50,15130.333066
51,15187.497381
52,15286.000674
53,15343.696964
54,15432.600688
55,15501.075807
56,15567.452504
57,15643.734905
58,15756.708016
59,15722.732144
60,15750.415052
61,15746.801607
62,15766.328352
63,15751.513250
64,15789.942883
65,15696.147796
66,15717.308092
67,15755.969626
68,15771.297919
69,15775.923108
70,15719.222350
71,15760.034357
72,15761.677257
73,15730.250204
74,15715.272981
75,15760.693599
76,15795.683561
77,15758.817752
78,15767.228264
79,15731.959629
80,15697.315944
81,15661.687526
82,15752.185735
83,15776.926801
84,15875.262462
85,15941.494479
86,15908.277724
87,15927.058046
88,15947.194449
89,15950.529073
90,15968.366684
91,15982.234479
92,16103.347075
93,16091.542532
94,16105.967260
95,16164.952238
96,16191.200623
97,16330.735404
98,16326.715267
99,16374.353590
100,16344.626886
101,16409.751510
102,16416.188556
103,16395.297655
104,16418.881933
105,16386.817517
106,16440.105074
107,16507.016371
108,16461.839232
109,16529.744548
110,16406.316592
111,16428.698471
112,16490.983949
113,16481.990376
114,16507.560315
115,16518.704708
116,16562.931955
117,16507.143566
118,16515.609386
119,16450.120938
120,16490.196437
121,16550.264746
122,16602.738051
123,16531.113403
124,16495.609459
125,16562.378553
126,16531.587073
127,16511.655570
128,16498.488559
129,16472.562288
130,16526.281323
131,16518.787115
132,16529.039665
133,16505.189621
134,16533.664520
135,16562.073877
136,16540.372770
137,16607.160873
138,16511.042656
139,16485.047536
140,16581.969009
141,16534.713201
142,16565.706128
143,16537.485808
144,16623.082624
145,16589.069920
146,16523.180217
147,16584.689679
148,16614.437456
149,16557.894526
150,16548.016686
151,16566.010469
152,16560.174444
153,16529.685364
154,16490.901736
155,16557.999448
156,16545.867183
157,16561.649467
158,16540.768625
159,16553.777388
160,16516.377896
161,16551.895341
162,16534.593148
163,16571.079506
164,16601.746341
165,16587.217092
166,16564.425977
167,16613.113731
168,16580.481385
169,16601.300639
170,16627.038823
171,16597.909018
172,16637.286151
173,16751.320557
174,16758.190190
175,16823.989229
176,16976.702878
177,17133.939598
178,17110.912345
179,17145.708321
180,17217.500217
181,17160.003181
182,17185.927753
183,17220.289827
184,17246.187811
185,17206.166399
186,17181.451742
187,17108.776939
188,17137.818267
189,17206.703204
190,17172.930275
191,17199.569234
192,17135.403495
193,17178.966406
194,17153.705594
195,17124.230773
196,17131.044473
197,17156.022872
198,17123.439364
199,17106.563382
200,17183.123983
201,17146.148854
202,17169.579783
203,17156.625832
204,17258.548243
205,17217.654220
206,17227.049249
207,17226.361789
208,17153.517765
209,17154.623278
210,17193.360634
211,17206.756736
212,17189.169375
213,17200.106743
214,17205.745631
215,17210.353353
216,17206.022116
217,17187.607471
218,17171.876633
219,17111.185162
220,17192.264083
221,17172.937195
222,17213.491832
223,17241.717539
224,17194.792340
225,17233.639114
226,17216.180742
227,17269.404400
228,17192.478226
229,17103.418985
230,17252.621875
231,17241.139317
232,17179.033574
233,17104.836220
234,17148.443845
235,17176.515543
236,17189.706173
237,17284.611235
238,17221.880260
239,17251.915056
240,17226.006390
241,17186.175580
242,17235.876512
243,17241.092831
244,17208.948830
245,17233.574789
246,17191.812469
247,17148.052920
248,17168.692526
249,17185.722407
250,17211.960903
251,17203.489197
252,17216.948016
253,17242.462861
254,17278.365618
255,17153.170645
256,17216.097078
257,17259.847390
258,17183.348796
259,17266.788171
260,17188.856200
261,17194.799146
262,17254.826433
263,17180.737478
264,17246.351647
265,17225.236917
266,17198.448541
267,17167.952671
268,17171.151518
269,17218.013728
270,17320.009022
271,17287.488551
272,17177.284854
273,17320.909473
274,17340.798734
275,17324.180168
276,17326.460012
277,17244.279705
278,17376.777966
279,17359.623947
280,17351.453841
281,17314.113523
282,17387.143945
283,17326.518437
284,17459.183375
285,17531.791057
286,17466.930664
287,17414.546426
288,17440.669486
289,17605.124844
290,17553.201524
291,17578.995615
292,17583.310699
293,17543.077978
294,17574.012771
295,17547.467996
296,17474.213354
297,17602.134044
298,17430.143701
299,17455.028612
300,17485.816247
301,17540.121887
302,17588.442593
303,17560.668131
304,17548.039749
305,17510.584769
306,17446.921894
307,17620.728136
308,17650.920670
309,17593.773420
310,17529.916945
311,17628.450309
312,17565.584141
313,17536.148452
314,17587.202888
315,17621.307486
316,17556.516553
317,17532.330023
318,17576.955291
319,17463.720030
320,17594.748434
321,17555.596394
322,17639.605738
323,17523.853322
324,17594.171048
325,17535.309807
326,17631.806878
327,17646.609118
328,17647.297383
329,17589.922604
330,17477.977775
331,17527.535158
332,17493.005855
333,17570.297490
334,17584.759292
335,17627.980349
336,17621.268301
337,17558.340742
338,17577.216552
339,17607.375968
340,17574.601142
341,17603.352356
342,17571.183912
343,17616.689342
344,17547.482157
345,17556.717356
346,17578.446141
347,17612.303768
348,17631.063292
349,17676.142055
350,17550.543715
351,17555.192083
352,17606.707627
353,17602.737773
354,17653.838462
355,17617.128406
356,17578.911433
357,17599.631815
358,17605.708965
359,17566.589335
360,17585.857696
361,17600.143380
362,17570.820459
363,17600.451331
364,17650.868822
365,17597.762041
366,17561.270781
367,17593.453294
368,17648.031490
369,17601.874505
370,17515.953193
371,17661.155760
372,17629.717396
373,17575.644707
374,17594.614111
375,17648.686273
376,17610.104778
377,17629.941669
378,17527.850270
379,17675.480309
380,17542.998781
381,17554.866295
382,17533.630939
383,17647.446362
384,17589.870458
385,17614.252891
386,17593.034866
387,17698.836216
388,17582.570180
389,17586.044046
390,17709.971395
391,17624.206501
392,17636.194978
393,17676.294628
394,17658.258670
395,17642.414517
396,17622.066172
397,17609.097960
398,17571.525681
399,17597.161243
400,17528.899167
401,17594.286023
402,17551.878593
403,17693.125930
404,17641.396679
405,17574.615118
406,17617.429424
407,17663.968041
408,17653.392152
409,17694.149393
410,17714.746070
411,17681.581020
412,17637.697029
413,17735.298667
414,17828.361855
415,17839.921407
416,17767.261744
417,17836.406144
418,17905.923596
419,17847.766775
420,17772.370168
421,17850.123695
422,17830.565290
423,17866.717811
424,17805.466319
425,17814.313187
426,17826.997756
427,17890.375944
428,17959.524312
429,17974.643948
430,17916.149404
431,17894.179010
432,17898.033453
433,17899.929983
434,17845.705020
435,17831.484559
436,17849.492316
437,17856.765743
438,17938.914876
439,17908.381961
440,17847.514447
441,17882.719681
442,17921.854911
443,17960.203987
444,17865.419579
445,17873.501769
446,17885.934735
447,17837.160163
448,18000.981226
449,17911.405917
450,17820.962255
451,17839.771584
452,17977.293529
453,17923.135767
454,17990.999049
455,17805.236475
456,17825.558735
457,17791.412793
458,17951.312444
459,17882.731393
460,17850.422229
461,17935.587836
462,17846.971816
463,17822.095324
464,17844.595425
465,17915.564525
466,17974.055812
467,17958.888513
468,17906.697546
469,17861.843924
470,17778.785369
471,17833.202286
472,17790.981497
473,17897.495818
474,17935.553527
475,17929.908917
476,17839.853166
477,17953.505479
478,17951.860176
479,17868.131359
480,17868.617243
481,17856.262295
482,17902.879932
483,17835.031585
484,17875.179320
485,17910.409226
486,17880.047074
487,17856.343138
488,17923.672156
489,17951.388982
490,17883.028895
491,17948.334458
492,17932.814790
493,17861.802734
494,17862.800475
495,17866.435252
496,17917.756970
497,17941.409766
498,17849.795162
499,17866.053783
