0,3153.941398
1,6422.116627
2,6980.059049
3,7297.658915
4,7482.584950
5,7750.819903
6,7969.362206
7,8167.225725
8,8234.283670
9,8298.913982
10,8512.361430
11,8620.435758
12,8776.381173
13,8828.431334
14,9008.236805
15,9117.177457
16,9245.367156
17,9525.948706
18,9497.254682
19,9550.915272
20,9764.261018
21,9765.693270
22,9785.676649
23,9947.857413
24,10022.445739
25,9983.473587
26,10022.494838
27,10145.680326
28,10169.505221
29,10329.041896
30,10440.137611
31,10311.765936
32,10337.917380
33,10465.513995
34,10663.935916
35,10524.325803
36,10634.336589
37,10590.596419
38,10675.154402
39,10688.872181
40,10735.110920
41,10640.860238
42,10783.001221
43,10684.524984
44,10799.280641
45,10751.196260
46,10865.103590
47,10767.964396
48,10853.153112
49,10762.289044
50,10930.841725
51,10859.222243
52,10866.884697
53,10763.968659
54,11163.132693
55,11107.431137
56,10925.255763
57,11058.107649
58,11256.532937
59,11252.267624
60,11176.862238
61,11357.365650
62,11273.525861
63,11301.084814
64,11275.816397
65,11191.109978
66,11400.159354
67,11188.178047
68,11371.982621
69,11307.324715
70,11138.947107
71,11326.340734
72,11289.283331
73,11355.478068
74,11383.452216
75,11316.875777
76,11405.127276
77,11512.777982
78,11523.448018
79,11407.016637
80,11597.615112
81,11635.244028
82,11471.659735
83,11378.224387
84,11450.764040
85,11476.162021
86,11498.891311
87,11737.852765
88,11445.644772
89,11508.769794
90,11723.437806
91,11709.417126
92,11551.275642
93,11437.545813
94,11579.105630
95,11540.952823
96,11760.033559
97,11644.945622
98,11604.926098
99,11744.779269
100,11628.235665
101,11758.069159
102,11591.976110
103,11747.678411
104,11774.907071
105,11796.521491
106,11953.189113
107,11980.478649
108,11907.082200
109,11893.613464
110,11950.981492
111,11774.585182
112,11797.222365
113,11680.375606
114,11736.739197
115,11710.414616
116,11914.485109
117,11776.765017
118,11861.082036
119,11584.130241
120,11980.221135
121,11976.118789
122,11910.684464
123,11986.079390
124,11965.109690
125,11824.915120
126,11694.570499
127,11845.345803
128,11941.439147
129,12072.285417
130,12172.018076
131,12005.916268
132,11885.547470
133,11827.216665
134,12051.891469
135,12019.902510
136,12110.906959
137,12184.123578
138,12021.500142
139,11849.385270
140,11917.745886
141,12070.133480
142,11983.807206
143,12059.700698
144,12254.812151
145,12229.031457
146,12169.687248
147,12067.743270
148,12256.336190
149,12297.012379
150,12507.792703
151,12150.553988
152,12191.823688
153,12280.952057
154,12390.008908
155,12303.894115
156,12142.239175
157,12053.158963
158,12210.579390
159,12208.182729
160,12079.678091
161,12421.291240
162,12214.409365
163,12298.932587
164,12242.914348
165,12325.925490
166,11995.556667
167,12210.685844
168,12099.571290
169,12668.347676
170,12568.532745
171,12417.552180
172,12339.078885
173,12442.109254
174,12164.530430
175,12237.336895
176,12476.904887
177,12390.449410
178,12526.704975
179,12530.104261
180,12562.555056
181,12401.752061
182,12444.563618
183,12308.352743
184,12508.495748
185,12665.475591
186,12278.533391
187,12556.013455
188,12563.813804
189,12469.319190
190,12528.156419
191,12448.439880
192,12425.388209
193,12496.616012
194,12408.563615
195,12415.460789
196,12440.108277
197,12423.768794
198,12551.946404
199,12652.974490
200,12411.266650
201,12422.699471
202,12398.401478
203,12390.881589
204,12537.873984
205,12531.359352
206,12462.525651
207,12406.843515
208,12663.705173
209,12545.903118
210,12549.411903
211,12464.490900
212,12478.971103
213,12355.882180
214,12715.474116
215,12611.494810
216,12546.483490
217,12297.005246
218,12260.828626
219,12344.307451
220,12444.658089
221,12723.976723
222,12574.596018
223,12492.600951
224,12738.745871
225,12504.827734
226,12569.486060
227,12715.057653
228,12450.212367
229,12506.942328
230,12685.734486
231,12637.220269
232,12691.558021
233,12692.150554
234,12881.876847
235,12941.215387
236,12857.211294
237,12669.230671
238,12432.285307
239,12516.663790
240,12614.427595
241,12717.534595
242,12741.521664
243,12845.805787
244,12656.316392
245,12704.859691
246,12782.150751
247,12779.068804
248,12705.677975
249,12459.835352
250,12684.240653
251,12735.956783
252,12705.202690
253,12619.778118
254,12822.005319
255,12697.331668
256,12603.024935
257,12732.369257
258,12782.610891
259,12948.691461
260,12882.824633
261,12682.927923
262,12772.048510
263,12821.386587
264,12711.798436
265,12755.310789
266,12921.978765
267,12681.653650
268,12546.042538
269,12729.323445
270,12622.891525
271,12546.209156
272,12774.443944
273,12612.901728
274,12828.274269
275,12561.705626
276,12824.551002
277,12546.170767
278,12741.615888
279,12780.510481
280,12703.298610
281,12847.458022
282,12860.956015
283,12736.944333
284,12870.256637
285,12818.134630
286,12719.218088
287,12816.886970
288,12618.473293
289,12828.192098
290,12785.953743
291,12556.747740
292,12563.091263
293,12635.531989
294,13045.643123
295,12993.885949
296,12844.696469
297,12879.138576
298,13003.714982
299,12955.238978
300,12945.904028
301,12961.131233
302,12797.203664
303,12816.913843
304,12946.377613
305,12828.344326
306,12867.021992
307,12929.141410
308,12787.882592
309,12847.070140
310,13156.946276
311,12607.204595
312,12899.969992
313,12998.702468
314,12889.543845
315,12870.810142
316,12816.461954
317,12931.922024
318,13035.766440
319,12894.386749
320,12873.427014
321,12833.296471
322,12766.763207
323,12637.554469
324,12856.495888
325,12961.381387
326,12953.663678
327,12865.017297
328,12883.345959
329,12621.275454
330,12775.782472
331,12862.552496
332,12837.047972
333,12938.514019
334,13106.787898
335,13038.234904
336,13097.931794
337,13077.581566
338,12886.544968
339,12732.186078
340,12747.479674
341,12979.778731
342,13050.011285
343,12877.461511
344,13019.449731
345,13163.891488
346,12918.893006
347,13087.548844
348,12934.688978
349,12889.252166
350,12908.565965
351,12867.043797
352,13169.977537
353,12903.098080
354,12978.246748
355,12945.431240
356,13053.875353
357,13161.891007
358,12907.856149
359,12848.815061
360,12967.841203
361,12953.908049
362,12886.872735
363,12946.551707
364,13052.568035
365,12888.775249
366,12832.848863
367,13106.435713
368,13070.291318
369,13116.484614
370,12816.075832
371,12947.039692
372,13067.517125
373,12996.644259
374,12988.517934
375,12914.149906
376,13033.849211
377,12949.604432
378,13010.593907
379,13085.754644
380,13151.314405
381,13064.737088
382,13170.765793
383,13126.463406
384,12828.254901
385,12858.277189
386,12990.179018
387,13159.976596
388,13007.029104
389,12922.259665
390,13246.099370
391,13065.263827
392,13113.239770
393,13036.950020
394,13094.749991
395,13199.841661
396,13103.792118
397,12982.156109
398,13178.867679
399,13299.548024
400,13186.232383
401,13280.089439
402,13182.435820
403,12973.748080
404,13021.665562
405,12986.554222
406,12907.153480
407,12984.629173
408,13279.268261
409,12894.037557
410,13009.042248
411,13231.618900
412,12919.173646
413,12969.859124
414,13053.479511
415,13042.866150
416,13003.431686
417,12966.538886
418,13146.524187
419,13023.707604
420,13050.266127
421,13059.581384
422,12987.547199
423,13013.014826
424,13034.836483
425,13248.257293
426,13123.185330
427,13214.896104
428,13313.154939
429,13191.694757
430,13167.483744
431,12992.789764
432,13030.238430
433,12788.309616
434,12886.940942
435,12915.999712
436,13209.732610
437,13313.636788
438,13163.195921
439,13167.930194
440,13201.001609
441,13159.342770
442,13058.661258
443,13213.175977
444,13122.656503
445,13015.793909
446,12993.386883
447,12997.685483
448,13217.868096
449,13145.271590
450,13157.522753
451,13296.521061
452,13004.563591
453,12995.988256
454,13023.557733
455,13118.039049
456,13207.341276
457,13052.128655
458,13251.101223
459,13212.918788
460,13159.202589
461,13173.743758
462,13292.265531
463,13045.008450
464,13123.505024
465,12927.579362
466,13263.373541
467,13013.207589
468,13255.329863
469,13283.130649
470,13469.786787
471,13339.944310
472,13203.595964
473,13349.319291
474,13172.023776
475,13302.804048
476,13140.091091
477,13041.248470
478,13153.655241
479,13290.083098
480,13036.264505
481,12977.908293
482,13136.421449
483,12957.731905
484,13059.507658
485,13193.581305
486,13235.729617
487,13061.835132
488,13141.108966
489,13510.186918
490,13093.978055
491,13024.777646
492,13070.466187
493,13387.264410
494,13180.477999
495,13075.432853
496,13249.113418
497,13136.033391
498,13220.792881
499,13334.932447
