0,3075.597600
1,6196.591265
2,6669.728300
3,6976.150040
4,7226.890915
5,7447.295562
6,7739.713682
7,7939.218866
8,8172.478561
9,8193.556865
10,8384.589395
11,8649.622687
12,8789.621603
13,8916.097878
14,9091.157911
15,9164.500336
16,9365.877780
17,9414.653288
18,9694.119364
19,9716.739547
20,9738.655133
21,9771.042914
22,9968.240699
23,9985.154264
24,10118.508870
25,10161.430014
26,10129.566379
27,10155.621396
28,10360.538402
29,10536.442727
30,10486.543960
31,10812.969583
32,10708.289239
33,10841.958450
34,10753.158424
35,10934.413614
36,10959.107677
37,11023.131407
38,10951.234336
39,11076.224345
40,11198.507313
41,11163.930950
42,11104.603673
43,11287.896066
44,11261.426870
45,11121.469009
46,11261.323754
47,11320.477686
48,11252.945218
49,11316.871600
50,11416.946204
51,11540.333114
52,11604.518969
53,11430.124024
54,11483.110074
55,11562.012148
56,11687.919262
57,11537.246870
58,11669.119624
59,11607.750708
60,11664.308533
61,11597.663617
62,11694.456066
63,11756.862659
64,11850.191290
65,11797.461963
66,11627.739849
67,11835.896118
68,11679.457764
69,11865.311077
70,11922.701451
71,11965.113209
72,11984.111697
73,11877.748624
74,11972.904199
75,11935.484736
76,11969.774100
77,11934.038775
78,11964.577244
79,12072.670646
80,11971.342498
81,12056.495435
82,12305.790222
83,12298.955689
84,12144.492463
85,12191.587925
86,12234.947071
87,12331.643006
88,12312.660274
89,12302.662305
90,12217.852001
91,12349.373688
92,12300.007672
93,12343.798915
94,12292.168375
95,12255.327720
96,12375.785026
97,12462.067374
98,12450.111318
99,12363.566984
100,12388.089267
101,12410.796914
102,12517.913410
103,12523.970719
104,12530.513489
105,12540.942579
106,12458.526715
107,12770.789941
108,12784.280234
109,12650.796791
110,12729.406647
111,12718.638887
112,12771.954407
113,12583.685182
114,12691.455783
115,12766.216849
116,12900.366362
117,12891.490263
118,12975.126741
119,13043.142111
120,12870.802933
121,12925.092700
122,12949.654912
123,12943.088149
124,12892.637232
125,13059.727626
126,13101.507254
127,13149.388862
128,12911.030698
129,12877.355978
130,13028.294334
131,13169.944607
132,13153.297755
133,13220.947336
134,13206.060383
135,13229.659748
136,13457.819239
137,13336.402650
138,13153.321249
139,13204.032681
140,13335.803047
141,13380.765584
142,13286.218356
143,13436.934941
144,13385.498023
145,13471.744517
146,13446.569163
147,13441.273007
148,13585.608610
149,13540.882317
150,13401.981895
151,13606.965669
152,13685.339700
153,13413.133819
154,13429.241092
155,13383.870341
156,13660.971106
157,13560.844364
158,13749.228196
159,13595.537538
160,13702.731796
161,13686.608537
162,13819.664217
163,13851.792846
164,13771.913798
165,13824.362798
166,13701.084828
167,13911.072502
168,13879.330490
169,13900.879297
170,13869.044411
171,13698.195097
172,14057.311882
173,13773.243302
174,13689.565525
175,14098.180767
176,14115.649079
177,14180.196959
178,14161.092768
179,14109.965621
180,14163.846809
181,14318.079938
182,14153.653750
183,14394.904754
184,14425.254622
185,14266.314201
186,14248.767513
187,14355.275232
188,14363.376714
189,14293.008281
190,14499.539813
191,14531.728727
192,14706.602888
193,14532.433524
194,14181.472594
195,14606.744581
196,14651.550767
197,14534.593218
198,14628.250008
199,14825.485270
200,14867.526822
201,14794.953264
202,14558.929541
203,14722.155386
204,14748.483517
205,14806.578805
206,14821.606317
207,14670.486030
208,14797.025521
209,14816.971371
210,14745.225556
211,14827.175145
212,14896.477729
213,14874.913711
214,14968.227016
215,14910.622291
216,14857.894799
217,14790.941862
218,14876.302733
219,14959.722977
220,14928.781474
221,15060.111180
222,15033.114467
223,14772.132119
224,14956.771153
225,15059.596733
226,15013.919367
227,15135.853502
228,14955.105069
229,15023.797534
230,15039.777863
231,14805.766243
232,15073.156698
233,15079.212282
234,15065.458262
235,15091.487597
236,15052.620370
237,15115.707520
238,15077.163601
239,15139.854215
240,15044.359031
241,15008.839052
242,15029.494316
243,15035.611156
244,15089.501855
245,14982.203489
246,14933.156826
247,15072.492603
248,14827.277824
249,14858.128590
250,14896.041268
251,15013.287297
252,15033.879273
253,15054.716521
254,15180.683874
255,15067.714700
256,15130.729082
257,15149.904921
258,15071.588304
259,14926.349978
260,15054.541246
261,14966.194612
262,14936.656282
263,15011.758007
264,15021.738181
265,15034.243884
266,15078.806515
267,14964.932532
268,15062.953329
269,15028.024275
270,15057.015065
271,15004.405402
272,15067.690510
273,14956.323690
274,15003.257749
275,15088.237394
276,15058.260512
277,14984.441748
278,15074.360325
279,14927.447506
280,15054.603327
281,15071.214195
282,15017.783539
283,15116.933374
284,15132.498725
285,15004.722776
286,15165.743117
287,15144.899670
288,14990.565556
289,15090.650589
290,15053.440049
291,14953.356841
292,15108.401678
293,15065.461310
294,15026.651185
295,15025.908015
296,15131.945193
297,15093.752215
298,15093.628093
299,15033.088026
300,15080.006919
301,15098.507347
302,15060.067311
303,15167.916917
304,15092.790045
305,14774.229268
306,15055.270098
307,15030.722763
308,15092.252068
309,15045.971864
310,15106.483825
311,15072.168942
312,15061.236677
313,15036.805442
314,15089.605525
315,15117.626514
316,14962.738936
317,14865.341955
318,14955.115922
319,15104.104888
320,15001.595014
321,15001.351595
322,15031.141636
323,15037.623820
324,15019.799829
325,15141.615550
326,15009.995239
327,14853.568783
328,14992.861482
329,15072.954147
330,15059.016615
331,15065.197036
332,15060.806492
333,15037.512867
334,15077.176347
335,15059.724454
336,15207.439052
337,15131.211670
338,14885.126929
339,15086.066515
340,15062.251303
341,15036.599261
342,15047.821589
343,15032.863631
344,15054.098038
345,15025.586990
346,15012.150970
347,14854.473964
348,15088.115331
349,14903.644517
350,15012.386626
351,14949.035236
352,15139.453340
353,14911.483158
354,15094.137212
355,15114.269898
356,15119.929252
357,15068.684671
358,14952.155267
359,15047.347375
360,15071.450061
361,14976.297265
362,15091.341259
363,15156.027231
364,15026.747891
365,15108.586669
366,14986.120829
367,14917.581692
368,15050.122117
369,15099.274267
370,15042.199206
371,15144.273146
372,15019.836821
373,15077.286822
374,15067.901655
375,15102.474353
376,15088.808677
377,15088.232594
378,15098.878065
379,15076.312403
380,15126.299670
381,14978.662861
382,15128.180735
383,14920.585106
384,15042.955358
385,15018.568903
386,14906.621844
387,15082.559895
388,15120.339257
389,15090.476307
390,15105.862372
391,15069.821568
392,15080.075115
393,15035.272525
394,15137.318480
395,15059.481897
396,14995.097656
397,14944.262028
398,15041.913780
399,15077.398405
400,14987.486111
401,15152.346944
402,15060.714852
403,15070.920258
404,15049.267900
405,15075.559095
406,15049.174725
407,14806.225890
408,15094.901933
409,14990.910465
410,14906.076475
411,15125.671550
412,15058.520072
413,15117.534693
414,15060.098695
415,14830.825381
416,15053.519650
417,15082.147288
418,15052.869695
419,15014.448243
420,15088.006138
421,15077.433624
422,14944.647231
423,14986.758174
424,15086.862820
425,14966.513932
426,15059.931513
427,15092.874210
428,15058.526156
429,14944.001777
430,15097.029303
431,14935.581004
432,15018.848910
433,14951.618822
434,15126.362364
435,15129.860558
436,15137.590428
437,15158.746041
438,15100.424101
439,15086.428018
440,15070.413338
441,15034.505690
442,15178.482877
443,14973.780158
444,14938.802498
445,15078.500163
446,15072.966248
447,15134.518504
448,15101.775681
449,15082.419515
450,14926.055994
451,14907.699627
452,15062.440547
453,15027.417043
454,15081.173861
455,15082.297516
456,15009.674345
457,15099.791177
458,15086.396927
459,15065.029735
460,15094.547550
461,15105.895307
462,14978.296908
463,15115.663344
464,15103.803700
465,15067.429754
466,15103.963075
467,14901.823694
468,15022.628413
469,15021.852132
470,15034.207721
471,15135.402342
472,14976.506460
473,15005.592859
474,15105.709301
475,15134.322830
476,15050.190110
477,15123.968621
478,15095.883923
479,14941.242995
480,14773.215257
481,15017.417067
482,15074.848182
483,14927.463931
484,15020.870817
485,15080.241531
486,14981.336489
487,15000.566892
488,15009.583143
489,15041.627879
490,15095.440853
491,14792.964948
492,15110.070391
493,15150.453943
494,15116.689610
495,15068.845119
496,15150.884795
497,15024.289500
498,15074.281453
499,15136.317919
