0,3128.638249
1,6241.237597
2,6651.241581
3,7027.511646
4,7272.516242
5,7517.380799
6,7812.786685
7,8054.963229
8,8336.649010
9,8572.571893
10,8837.274764
11,9004.297973
12,9215.256645
13,9407.738859
14,9651.075807
15,9850.653735
16,10112.585014
17,10299.145979
18,10560.217206
19,10874.828004
20,11175.727762
21,11382.780188
22,11524.332810
23,11724.782543
24,11883.404400
25,12111.243806
26,12383.139350
27,12351.997404
28,12548.912930
29,12638.354665
30,12788.438919
31,12958.607269
32,12971.940898
33,13045.037695
34,13239.979862
35,13313.500819
36,13298.200298
37,13445.410690
38,13534.645410
39,13522.096900
40,13597.969300
41,13545.694828
42,13792.061353
43,13824.886198
44,13818.907102
45,13904.110384
46,13951.417163
47,13977.139952
48,14045.890149
49,14118.836367
50,14037.206766
51,14200.540133
52,14213.244107
53,14199.330166
54,14318.038139
55,14117.653901
56,14271.435352
57,14401.090504
58,14363.073194
59,14333.508457
60,14483.396272
61,14424.819354
62,14388.060690
63,14261.881336
64,14287.357753
65,14474.817998
66,14454.733240
67,14458.640736
68,14291.459670
69,14393.620459
70,14348.234560
71,14454.870586
72,14547.955764
73,14476.641823
74,14535.374932
75,14607.826601
76,14414.041688
77,14317.428193
78,14365.805217
79,14338.056581
80,14394.226171
81,14437.686111
82,14451.430860
83,14491.151737
84,14439.925127
85,14439.310942
86,14518.153252
87,14457.484008
88,14531.807165
89,14430.719261
90,14429.543536
91,14459.040193
92,14520.993717
93,14459.377537
94,14437.790092
95,14407.682511
96,14511.175417
97,14414.381862
98,14651.989513
99,14549.400218
100,14544.761366
101,14581.839032
102,14530.226285
103,14475.541314
104,14503.248941
105,14452.152226
106,14644.872927
107,14417.263735
108,14379.482959
109,14426.807256
110,14525.558967
111,14476.230945
112,14642.592955
113,14568.156773
114,14507.165399
115,14377.020062
116,14187.546569
117,14233.213213
118,14441.092557
119,14379.059969
120,14287.497773
121,14510.373610
122,14545.315384
123,14565.661776
124,14372.453569
125,14378.914837
126,14404.203126
127,14291.922901
128,14389.605824
129,14305.002246
130,14438.144741
131,14548.414715
132,14549.853048
133,14597.486815
134,14527.135811
135,14559.602645
136,14573.559828
137,14426.514047
138,14460.602183
139,14469.036036
140,14409.940284
141,14327.639020
142,14441.603361
143,14434.555591
144,14300.669124
145,14392.435973
146,14508.768566
147,14528.086829
148,14450.931129
149,14459.027781
150,14681.015681
151,14425.653581
152,14510.366007
153,14531.133363
154,14533.622020
155,14336.434119
156,14536.752780
157,14437.833887
158,14476.756535
159,14631.991338
160,14416.694824
161,14468.714455
162,14477.667223
163,14569.878530
164,14557.082734
165,14518.383020
166,14491.037641
167,14535.266238
168,14633.685563
169,14569.760342
170,14510.157552
171,14449.039060
172,14450.107115
173,14413.095385
174,14712.774797
175,14563.525435
176,14606.238512
177,14532.865832
178,14473.440030
179,14579.241888
180,14459.111972
181,14623.521126
182,14504.587082
183,14577.174093
184,14486.500004
185,14508.550541
186,14445.168297
187,14349.553122
188,14565.829947
189,14486.359666
190,14398.695686
191,14551.923258
192,14497.532018
193,14600.174844
194,14503.507641
195,14501.635248
196,14470.392979
197,14413.077035
198,14537.755284
199,14654.884209
200,14700.993932
201,14515.729514
202,14517.300936
203,14652.219135
204,14606.079426
205,14525.431148
206,14549.332535
207,14433.752935
208,14547.225466
209,14383.164869
210,14536.622751
211,14654.865473
212,14499.667281
213,14497.296034
214,14328.313008
215,14465.299041
216,14534.597674
217,14549.402664
218,14560.291648
219,14704.264254
220,14525.131008
221,14563.856089
222,14411.170180
223,14391.180554
224,14325.923492
225,14361.682011
226,14420.483538
227,14499.417907
228,14386.923968
229,14267.071364
230,14552.914211
231,14561.413958
232,14555.976306
233,14535.915953
234,14628.926012
235,14509.202398
236,14398.120427
237,14464.521421
238,14421.310228
239,14509.046488
240,14493.113620
241,14241.499811
242,14244.300380
243,14187.697673
244,14107.725189
245,14433.246277
246,14531.729602
247,14525.999879
248,14405.673412
249,14487.684198
250,14575.433417
251,14592.961713
252,14538.420392
253,14469.610899
254,14497.197163
255,14454.438066
256,14582.806139
257,14643.413044
258,14516.758995
259,14559.594356
260,14361.272219
261,14440.090880
262,14557.109584
263,14626.565352
264,14519.035813
265,14401.950484
266,14448.085394
267,14454.678948
268,14558.684312
269,14405.850248
270,14542.219049
271,14453.322249
272,14366.656753
273,14421.860316
274,14475.777950
275,14485.800056
276,14435.642318
277,14462.507357
278,14281.838036
279,14563.519960
280,14641.811613
281,14431.665102
282,14407.398389
283,14469.990811
284,14484.773438
285,14484.051924
286,14462.223146
287,14519.376627
288,14525.798827
289,14466.873600
290,14542.562200
291,14552.052224
292,14601.203155
293,14566.759807
294,14492.760029
295,14407.912429
296,14408.451112
297,14382.994416
298,14406.042150
299,14467.510084
300,14495.062797
301,14474.190152
302,14473.967979
303,14544.112255
304,14537.321412
305,14634.029740
306,14549.569096
307,14499.923363
308,14471.893885
309,14459.672983
310,14497.935909
311,14579.018825
312,14496.363254
313,14649.463714
314,14537.582960
315,14363.677934
316,14420.801992
317,14611.804294
318,14566.359928
319,14370.886119
320,14633.535469
321,14625.674502
322,14698.206730
323,14556.444387
324,14557.713962
325,14568.076994
326,14537.155373
327,14578.271983
328,14534.952855
329,14548.395062
330,14539.541068
331,14492.297261
332,14574.027771
333,14511.075694
334,14554.305867
335,14636.673418
336,14555.256567
337,14443.401906
338,14589.447584
339,14513.917888
340,14554.729097
341,14429.035330
342,14617.992303
343,14464.172775
344,14395.548319
345,14341.553717
346,14460.976790
347,14649.639281
348,14581.019839
349,14640.317645
350,14515.105721
351,14550.388731
352,14655.976820
353,14523.798657
354,14557.883154
355,14505.879048
356,14559.413699
357,14569.071161
358,14591.471255
359,14368.296998
360,14507.534190
361,14532.770882
362,14501.784358
363,14376.898869
364,14593.267915
365,14474.608707
366,14548.688231
367,14543.715129
368,14518.477377
369,14520.199393
370,14426.940763
371,14447.211548
372,14470.536093
373,14479.515176
374,14562.713005
375,14560.140053
376,14511.361458
377,14725.096950
378,14778.142858
379,14631.345176
380,14689.951891
381,14526.751730
382,14479.657648
383,14481.023534
384,14477.044225
385,14279.127697
386,14288.295978
387,14334.185398
388,14227.237199
389,14446.950549
390,14407.391322
391,14485.975629
392,14677.516486
393,14561.463891
394,14445.872170
395,14448.081111
396,14454.175371
397,14477.734007
398,14329.333968
399,14503.774513
400,14479.198949
401,14586.636215
402,14475.041158
403,14482.478104
404,14517.476342
405,14452.663358
406,14392.658383
407,14387.896773
408,14380.362044
409,14482.785580
410,14486.723596
411,14422.616863
412,14281.768001
413,14347.732262
414,14512.836731
415,14437.674821
416,14384.815189
417,14534.316440
418,14554.602735
419,14523.064724
420,14470.280426
421,14584.233388
422,14470.340780
423,14589.222151
424,14539.767264
425,14528.121583
426,14518.123640
427,14456.942026
428,14616.046935
429,14524.216103
430,14550.886700
431,14369.895454
432,14602.071539
433,14443.133486
434,14469.161797
435,14541.475956
436,14685.591341
437,14597.362304
438,14558.405847
439,14661.586865
440,14457.661160
441,14594.101712
442,14351.370179
443,14488.215471
444,14510.765051
445,14597.151284
446,14427.999053
447,14515.279268
448,14468.280270
449,14465.998825
450,14645.335103
451,14620.133623
452,14627.233132
453,14640.422069
454,14480.784520
455,14569.446886
456,14398.731487
457,14469.414562
458,14433.588163
459,14424.221037
460,14542.963365
461,14607.578579
462,14583.846227
463,14464.452312
464,14489.809248
465,14465.924988
466,14456.157141
467,14464.271018
468,14541.659006
469,14421.180157
470,14419.784192
471,14500.466041
472,14527.989663
473,14582.053870
474,14522.027280
475,14464.327070
476,14495.162935
477,14400.937965
478,14468.024678
479,14449.204787
480,14422.388090
481,14509.102881
482,14365.963423
483,14481.318598
484,14431.313596
485,14503.529451
486,14555.692331
487,14437.483847
488,14291.638751
489,14445.759918
490,14378.109279
491,14533.917494
492,14667.010095
493,14630.982443
494,14507.100443
495,14427.030987
496,14640.703161
497,14529.679211
498,14489.095996
499,14451.735519
