0,3129.378913
1,6293.826463
2,6734.032160
3,7097.440615
4,7454.099948
5,7725.455904
6,7962.344269
7,8211.149153
8,8488.631474
9,8687.718803
10,8945.814492
11,9078.418599
12,9243.986384
13,9464.993687
14,9667.886767
15,9842.445028
16,9918.041429
17,10111.072852
18,10473.967656
19,10519.259195
20,10691.732519
21,10833.264140
22,10921.336992
23,11004.154363
24,11204.602475
25,11408.006758
26,11441.535436
27,11498.531048
28,11675.984981
29,11842.225798
30,11913.956203
31,12063.194423
32,12224.998984
33,12299.398108
34,12263.371428
35,12285.651709
36,12463.984299
37,12636.419061
38,12539.808084
39,12683.805595
40,12750.346877
41,12885.008283
42,12783.447402
43,13103.060238
44,13000.795716
45,12959.685644
46,12997.832960
47,13302.681851
48,13325.939555
49,13298.908923
50,13285.457259
51,13286.271126
52,13452.575580
53,13348.863640
54,13274.054849
55,13534.719206
56,13362.299402
57,13598.380990
58,13706.563447
59,13656.041281
60,13788.088334
61,13944.252344
62,14041.459605
63,13887.134475
64,13865.965959
65,14120.657963
66,14171.518819
67,14157.779250
68,14161.469095
69,14066.523828
70,14244.773216
71,14003.601030
72,14038.290404
73,14160.291364
74,14227.584152
75,14215.833410
76,14283.038360
77,14427.909679
78,14194.305972
79,14135.339887
80,14065.626835
81,13975.875513
82,14005.693165
83,14123.986356
84,14054.083698
85,14222.224621
86,14139.517813
87,14209.326081
88,14081.206374
89,14081.813291
90,14206.793462
91,14245.658667
92,14278.898224
93,14182.547397
94,14289.599901
95,14366.140315
96,14436.467534
97,14146.906720
98,14308.378248
99,14376.743526
100,14195.021770
101,14085.313139
102,14264.322121
103,14272.725815
104,14116.201268
105,14239.821449
106,14430.848911
107,14447.260488
108,14421.951617
109,14341.345999
110,14274.272306
111,14172.561889
112,14325.213724
113,14337.394643
114,14389.238025
115,14372.740070
116,14421.078813
117,14000.420606
118,14241.810696
119,14274.023603
120,14306.174765
121,14278.280241
122,14156.370060
123,14398.446262
124,14502.085042
125,14266.316912
126,14212.746507
127,14302.431277
128,14276.295634
129,14128.925483
130,14313.235305
131,14342.034584
132,14355.879121
133,14458.779430
134,14393.397436
135,14443.388488
136,14334.599246
137,14265.447874
138,14296.434154
139,14458.355674
140,14340.285288
141,14246.806514
142,14332.561481
143,14163.094418
144,14159.132724
145,14184.396534
146,14196.861315
147,14196.180572
148,14205.295758
149,14274.567763
150,14224.850006
151,14197.512987
152,14269.437291
153,14322.410108
154,14402.762045
155,14200.525913
156,14378.449801
157,14355.780424
158,14374.935621
159,14159.270903
160,14196.048435
161,14309.570668
162,14417.955420
163,14309.410031
164,14268.233100
165,14342.866945
166,14294.640118
167,14241.675264
168,14482.486893
169,14579.436751
170,14633.977418
171,14493.806410
172,14197.170668
173,14291.370489
174,14211.641504
175,14392.398157
176,14473.273969
177,14397.231442
178,14570.195696
179,14546.147556
180,14553.771217
181,14525.292669
182,14483.925235
183,14473.926986
184,14569.347649
185,14419.895145
186,14359.001122
187,14598.555951
188,14362.373292
189,14531.011016
190,14460.142606
191,14361.894113
192,14160.434704
193,14299.809768
194,14610.889093
195,14593.639956
196,14592.201680
197,14629.065414
198,14363.025794
199,14425.734476
200,14423.313040
201,14624.900807
202,14510.773480
203,14735.950311
204,14769.334872
205,14458.510759
206,14688.736509
207,14725.796931
208,14606.703886
209,14670.381996
210,14583.619883
211,14508.805327
212,14494.089058
213,14516.505830
214,14352.276961
215,14395.947390
216,14516.350682
217,14538.725135
218,14489.375985
219,14434.597266
220,14483.417606
221,14606.278054
222,14522.236244
223,14521.805327
224,14620.422525
225,14782.553664
226,14760.932882
227,14532.076498
228,14603.710922
229,14612.904750
230,14477.700783
231,14553.595000
232,14650.936340
233,14598.111905
234,14595.476417
235,14446.818990
236,14506.033846
237,14569.593096
238,14518.606372
239,14552.708617
240,14372.225618
241,14378.831174
242,14574.602931
243,14663.007442
244,14607.068682
245,14588.773425
246,14647.306893
247,14580.358764
248,14562.363021
249,14491.578858
250,14518.304504
251,14461.238579
252,14509.130042
253,14591.587875
254,14469.942689
255,14217.465410
256,14404.892580
257,14365.866136
258,14449.894729
259,14380.650675
260,14505.200792
261,14501.211447
262,14449.084126
263,14485.514268
264,14586.126545
265,14468.302059
266,14632.750031
267,14221.539604
268,14227.336584
269,14497.022542
270,14414.992295
271,14497.457054
272,14588.256213
273,14450.581687
274,14429.779898
275,14392.241325
276,14452.420568
277,14489.931178
278,14544.105791
279,14580.791653
280,14506.752708
281,14459.115970
282,14599.280502
283,14459.652113
284,14426.414178
285,14363.860044
286,14420.276927
287,14560.571181
288,14737.256818
289,14652.589701
290,14670.328758
291,14694.248249
292,14569.524021
293,14321.757121
294,14568.631248
295,14586.207093
296,14467.803596
297,14499.055679
298,14564.383993
299,14706.145301
300,14779.908155
301,14608.817722
302,14548.921832
303,14463.467419
304,14550.315828
305,14833.622341
306,14709.050158
307,14508.413930
308,14566.451417
309,14451.941391
310,14593.627662
311,14572.476608
312,14274.525366
313,14547.207036
314,14597.141410
315,14478.490164
316,14634.303348
317,14614.652967
318,14641.000001
319,14487.294544
320,14536.927533
321,14692.479711
322,14498.347493
323,14540.910136
324,14446.764871
325,14455.364892
326,14405.083169
327,14603.142197
328,14704.380288
329,14881.278237
330,14720.491240
331,14657.661018
332,14680.454801
333,14525.082086
334,14468.273313
335,14416.487053
336,14505.834940
337,14683.213538
338,14778.999540
339,14746.422552
340,14692.587965
341,14667.422088
342,14629.467326
343,14680.055635
344,14751.333505
345,14803.640204
346,14484.673327
347,14509.680741
348,14696.564205
349,14544.180017
350,14745.657507
351,14667.061183
352,14506.338302
353,14418.699298
354,14495.113036
355,14555.846379
356,14341.709198
357,14416.383279
358,14637.315060
359,14528.214820
360,14625.007812
361,14726.866033
362,14641.772633
363,14648.190830
364,14628.941907
365,14549.026837
366,14566.029163
367,14718.149235
368,14498.421527
369,14475.140057
370,14643.015080
371,14677.573065
372,14746.701091
373,14544.881762
374,14555.118413
375,14569.744115
376,14608.475689
377,14574.982306
378,14531.418311
379,14563.826325
380,14446.119172
381,14729.665400
382,14623.222869
383,14599.995374
384,14566.974238
385,14605.284431
386,14563.819444
387,14603.833851
388,14605.465058
389,14686.778092
390,14792.007070
391,14774.381038
392,14445.116542
393,14504.855588
394,14493.882911
395,14506.641605
396,14680.034097
397,14787.625827
398,14463.409733
399,14643.934711
400,14651.698596
401,14706.000424
402,14700.385600
403,14715.233833
404,14664.545115
405,14860.821297
406,14714.565015
407,14581.751134
408,14557.066994
409,14677.399251
410,14612.101429
411,14669.440191
412,14656.626639
413,14608.957816
414,14644.846757
415,14636.015998
416,14829.989993
417,14886.161386
418,14755.146532
419,14806.704449
420,14604.092532
421,14520.819984
422,14481.938098
423,14700.336890
424,14635.339669
425,14642.323252
426,14740.890778
427,14743.182961
428,14638.856734
429,14711.127670
430,14961.036498
431,14826.378010
432,14710.258928
433,14622.098617
434,14638.549089
435,14618.534873
436,14491.297887
437,14716.988892
438,14628.334815
439,14523.478404
440,14637.680023
441,14574.664048
442,14568.903590
443,14593.731038
444,14639.270043
445,14848.734982
446,14621.968658
447,14514.631597
448,14776.877966
449,14492.040333
450,14645.897613
451,14673.373647
452,14577.096371
453,14517.803252
454,14470.080746
455,14505.484261
456,14547.646766
457,14543.109626
458,14444.311487
459,14631.897065
460,14775.136810
461,14643.101454
462,14775.171463
463,14821.697178
464,14862.039685
465,14806.708811
466,14905.186946
467,14749.450698
468,14507.435338
469,14507.706504
470,14673.278960
471,14887.065735
472,14700.121413
473,14901.931209
474,14862.440616
475,14779.482908
476,14839.823510
477,15026.848098
478,15027.199702
479,14890.498059
480,14872.796740
481,14832.243693
482,14626.693540
483,14820.904785
484,14846.278172
485,14712.482604
486,14799.255318
487,14882.804035
488,14822.858733
489,14779.423065
490,14656.205554
491,14988.865603
492,15129.421926
493,15030.863807
494,14839.962199
495,14879.399117
496,14810.519317
497,14990.140403
498,15010.665627
499,15005.937157
