0,3083.601156
1,3098.819785
2,3123.500975
3,3107.253561
4,3188.199419
5,3190.240263
6,3199.129544
7,3201.517506
8,3189.774787
9,3182.388711
10,3155.440329
11,3221.428950
12,3235.611342
13,3212.787999
14,3186.859232
15,3161.364031
16,3138.832699
17,3151.836267
18,3206.357274
19,3187.969505
20,3135.750726
21,3056.842274
22,3044.626012
23,3051.396765
24,3013.026722
25,3074.595083
26,3118.611911
27,3097.295417
28,3065.295079
29,3035.650872
30,3122.743603
31,3119.345359
32,3165.934170
33,3094.866499
34,3092.034634
35,3096.621577
36,3088.883933
37,3085.745931
38,3038.734871
39,3061.706597
40,3120.659362
41,3134.006374
42,3172.585700
43,3191.297564
44,3223.705312
45,3181.269734
46,3244.053431
47,3176.636474
48,3166.466526
49,3248.215885
50,3318.242424
51,3333.248593
52,3369.560869
53,3372.825588
54,3396.867617
55,3375.821622
56,3331.924183
57,3290.299923
58,3338.590957
59,3338.510203
60,3350.039220
61,3262.845944
62,3342.658141
63,3327.324065
64,3402.750748
65,3350.202135
66,3327.633484
67,3369.478245
68,3402.827219
69,3353.268502
70,3344.387859
71,3370.329044
72,3348.651253
73,3362.955323
74,3431.591341
75,3457.922003
76,3575.207289
77,3567.651433
78,3520.979751
79,3595.816866
80,3553.151700
81,3552.588606
82,3555.626810
83,3570.718676
84,3588.113868
85,3585.605998
86,3571.574214
87,3534.241611
88,3547.474675
89,3486.210193
90,3504.481297
91,3584.271989
92,3549.511224
93,3489.807083
94,3537.699654
95,3570.790568
96,3523.942810
97,3507.504785
98,3539.140905
99,3523.599920
100,3512.837334
101,3568.836046
102,3574.374726
103,3636.286933
104,3715.695527
105,3685.239256
106,3750.605423
107,3752.476362
108,3734.668469
109,3790.612787
110,3826.142359
111,3856.999703
112,4006.800153
113,4065.883381
114,4131.197408
115,4227.848665
116,4521.436849
117,4712.718109
118,4885.269253
119,5042.257806
120,5088.977990
121,5117.634369
122,5304.181449
123,5469.074352
124,5516.178296
125,5565.468116
126,5612.620623
127,5644.450319
128,5718.633197
129,5740.573774
130,5757.953577
131,5753.397548
132,5761.054010
133,5885.858062
134,5938.043428
135,5955.635556
136,5958.456125
137,6065.245253
138,6127.546930
139,6143.541372
140,6191.852617
141,6295.113853
142,6425.264093
143,6429.716250
144,6417.326935
145,6417.289014
146,6429.703554
147,6495.809733
148,6491.442680
149,6482.038482
150,6514.241810
151,6505.055700
152,6531.105646
153,6517.433434
154,6560.299470
155,6602.679684
156,6651.335053
157,6574.433062
158,6598.192554
159,6659.208496
160,6675.579066
161,6636.301569
162,6692.329167
163,6724.616616
164,6766.411772
165,6739.614384
166,6777.819447
167,6802.063929
168,6774.378724
169,6807.569282
170,6767.728356
171,6812.565227
172,6839.786565
173,6851.416483
174,6884.799285
175,6859.295141
176,6943.439964
177,6975.378585
178,6932.320332
179,6962.217266
180,6973.293053
181,7012.869511
182,7019.625110
183,7017.247574
184,7021.757089
185,7100.541594
186,7111.905059
187,7063.329209
188,7137.125947
189,7161.698206
190,7172.911912
191,7164.854574
192,7177.768719
193,7191.417256
194,7190.018624
195,7235.401551
196,7240.114704
197,7212.314328
198,7223.936278
199,7197.713044
200,7215.873341
201,7218.167193
202,7225.439095
203,7239.371047
204,7291.011396
205,7300.661345
206,7297.036452
207,7331.886513
208,7355.463454
209,7360.983904
210,7371.684838
211,7354.650463
212,7357.305431
213,7364.458716
214,7389.686254
215,7406.973325
216,7403.646339
217,7402.803801
218,7410.617219
219,7437.281039
220,7447.183669
221,7495.880012
222,7532.284903
223,7551.668484
224,7578.878259
225,7611.512954
226,7611.064936
227,7604.481931
228,7631.909792
229,7647.400688
230,7658.214394
231,7651.869078
232,7665.304642
233,7672.749522
234,7710.111464
235,7732.222649
236,7750.892018
237,7772.135700
238,7808.628708
239,7856.525329
240,7920.103574
241,7971.856209
242,8030.488452
243,8060.757916
244,8070.764304
245,8103.385055
246,8111.573140
247,8077.770634
248,8105.660794
249,8094.863812
250,8105.505175
251,8104.594332
252,8118.763214
253,8115.797647
254,8128.699696
255,8127.495778
256,8124.520043
257,8120.742080
258,8122.160233
259,8125.683959
260,8118.618658
261,8122.029837
262,8117.375533
263,8140.429001
264,8124.784537
265,8138.254007
266,8129.771857
267,8124.362895
268,8115.692673
269,8108.881501
270,8117.673153
271,8128.153320
272,8138.495857
273,8137.712914
274,8131.781918
275,8132.271870
276,8126.430310
277,8134.866924
278,8145.533676
279,8138.491906
280,8136.060014
281,8128.700303
282,8136.135408
283,8140.251367
284,8134.527723
285,8133.406826
286,8134.143475
287,8148.421652
288,8127.148059
289,8135.936349
290,8137.306126
291,8134.772997
292,8134.467485
293,8150.694759
294,8154.604596
295,8171.131985
296,8186.530694
297,8205.519615
298,8233.764712
299,8263.087308
300,8284.768069
301,8296.365087
302,8303.810099
303,8328.062866
304,8328.033992
305,8329.848515
306,8322.596342
307,8326.220716
308,8338.657166
309,8349.154598
310,8348.815229
311,8345.991916
312,8347.776255
313,8352.577227
314,8343.552978
315,8348.232912
316,8334.182042
317,8308.071594
318,8318.387794
319,8347.982014
320,8351.581187
321,8346.781179
322,8351.910997
323,8355.354830
324,8357.958381
325,8349.525161
326,8346.831544
327,8324.908313
328,8329.979477
329,8326.610886
330,8316.507149
331,8337.188154
332,8338.008117
333,8334.090071
334,8330.151163
335,8341.185424
336,8346.121594
337,8362.148175
338,8365.820865
339,8368.404880
340,8365.677885
341,8382.324439
342,8388.821364
343,8411.260716
344,8414.026720
345,8437.679620
346,8457.325209
347,8492.119534
348,8511.762326
349,8535.081234
350,8560.562580
351,8566.504906
352,8571.798141
353,8579.670307
354,8588.105065
355,8583.024332
356,8598.659459
357,8595.914833
358,8601.927459
359,8596.242994
360,8592.645772
361,8607.593169
362,8592.487390
363,8604.138303
364,8610.917077
365,8614.564009
366,8624.206408
367,8685.339598
368,8738.802122
369,8798.865243
370,8867.397841
371,8908.986615
372,8975.761689
373,8971.793335
374,8972.568399
375,8993.950745
376,8985.115630
377,8992.448645
378,9008.579299
379,9011.317688
380,9014.605046
381,9004.837542
382,9005.630779
383,8990.224048
384,9006.403232
385,9009.491818
386,8997.092459
387,8988.324917
388,9003.372453
389,9012.949681
390,9009.608132
391,9000.238254
392,9018.836006
393,9023.230798
394,9021.528613
395,9015.445930
396,9018.890178
397,9026.111020
398,9020.012886
399,9019.652345
400,9017.628593
401,9026.766159
402,9023.792505
403,9030.188842
404,9004.813850
405,9011.968866
406,9015.142085
407,9013.545766
408,9008.922543
409,9013.550808
410,9024.033342
411,9028.286366
412,9012.794647
413,9007.317170
414,8989.600757
415,9001.231562
416,9020.804176
417,9022.183298
418,9014.556025
419,9004.939033
420,9006.653592
421,8998.593834
422,9014.737760
423,9014.896986
424,9007.529538
425,9004.937938
426,8993.573630
427,9008.460840
428,9009.352183
429,9007.447264
430,9016.101480
431,9002.060930
432,9018.484757
433,9010.912125
434,9013.255428
435,9012.045766
436,9024.143679
437,9016.547796
438,9029.313753
439,9030.093789
440,9030.202006
441,9008.208400
442,9007.513522
443,9003.915743
444,8996.867127
445,9008.735500
446,9003.730496
447,9010.305675
448,9019.945447
449,9024.901354
450,9010.009997
451,9005.913038
452,9010.461226
453,9010.476107
454,9020.943636
455,9014.910846
456,9004.344702
457,9004.454714
458,9010.782985
459,9005.914144
460,9014.311681
461,9013.706640
462,9010.386765
463,9017.402228
464,9019.529225
465,9013.763069
466,9013.886110
467,9009.045569
468,9018.360657
469,9015.937301
470,9003.747756
471,9017.257439
472,9004.969752
473,9005.291309
474,9003.295604
475,9000.223873
476,9009.742613
477,9015.146477
478,9020.201388
479,9025.406548
480,9029.345956
481,9005.100569
482,9006.077470
483,9017.985234
484,9003.965924
485,9006.577092
486,9016.622317
487,9024.764139
488,9026.606246
489,9026.905968
490,9034.549128
491,9032.143246
492,9022.146204
493,9019.816045
494,9016.724188
495,9004.981815
496,9001.171454
497,9011.904534
498,9016.381807
499,9003.027366
