0,3090.187486
1,3364.133844
2,3550.168601
3,3715.647166
4,3881.527316
5,4027.026413
6,4122.983705
7,4203.556394
8,4280.554029
9,4328.794713
10,4418.367612
11,4449.064549
12,4519.150048
13,4548.373335
14,4665.949688
15,4799.132148
16,4843.479368
17,4918.941152
18,4947.867685
19,4958.245517
20,5073.715300
21,5213.191853
22,5302.559612
23,5291.196745
24,5366.172048
25,5352.237488
26,5452.836784
27,5430.263989
28,5519.534628
29,5510.477309
30,5492.297223
31,5446.166843
32,5320.288448
33,5366.117373
34,5418.655186
35,5444.411778
36,5535.556250
37,5530.968966
38,5491.072689
39,5488.351802
40,5515.889659
41,5488.561963
42,5587.371520
43,5620.360884
44,5703.296743
45,5647.868082
46,5669.715517
47,5673.439485
48,5686.012253
49,5665.678940
50,5623.189485
51,5562.569754
52,5555.465248
53,5599.342380
54,5488.141427
55,5532.094253
56,5531.340819
57,5512.872924
58,5569.778388
59,5590.589545
60,5679.192219
61,5652.757332
62,5652.867714
63,5648.450792
64,5562.545972
65,5660.670137
66,5715.777205
67,5773.836981
68,5772.372940
69,5687.975623
70,5650.045852
71,5667.870359
72,5648.381490
73,5619.987679
74,5619.334777
75,5623.832209
76,5688.260272
77,5654.368209
78,5733.588757
79,5820.064031
80,5839.994562
81,5827.993455
82,5833.709489
83,5768.153910
84,5795.577701
85,5883.167587
86,5901.034712
87,5859.899951
88,5853.081100
89,5886.611809
90,5995.249795
91,5958.970810
92,5927.311685
93,5890.803398
94,5907.905647
95,5910.371240
96,5876.000290
97,5813.076822
98,5770.240195
99,5710.324841
100,5745.794849
101,5751.135890
102,5822.025196
103,5751.616754
104,5875.372661
105,5769.100142
106,5806.656153
107,5764.994764
108,5779.853457
109,5929.709640
110,5993.753928
111,5986.900000
112,5991.119233
113,6036.435247
114,5921.230894
115,5892.898159
116,5853.019794
117,5865.584873
118,5843.289924
119,5897.560075
120,5947.758568
121,5957.038535
122,5973.575989
123,5909.024867
124,5890.466505
125,5918.134267
126,5964.252551
127,5946.842332
128,5996.288283
129,5951.861153
130,5891.115025
131,5920.770493
132,5985.454920
133,5948.541693
134,5909.276988
135,5935.629990
136,5911.821539
137,5878.584168
138,5882.951789
139,5928.711317
140,5919.686451
141,5931.052557
142,5928.021289
143,5991.129640
144,5927.140377
145,5889.670831
146,5909.798484
147,6022.841582
148,5925.059615
149,5952.205277
150,5993.825780
151,5906.107058
152,5964.421855
153,5979.058744
154,5972.816850
155,6040.034333
156,5960.573498
157,5915.826221
158,5954.171527
159,6012.566927
160,6067.031522
161,6078.110841
162,6024.179285
163,5978.014137
164,6095.058113
165,6059.541694
166,6060.152213
167,6027.812993
168,5943.812397
169,6030.018043
170,6003.118815
171,6008.476848
172,5998.333258
173,6003.956058
174,6046.934501
175,5999.545276
176,5958.409390
177,5812.629245
178,5834.790251
179,5925.778401
180,5869.736823
181,5879.190004
182,5894.232769
183,5890.965022
184,5898.480806
185,5871.161847
186,5846.460675
187,5872.707870
188,6006.150022
189,6091.856634
190,5983.904335
191,5911.650873
192,5954.513989
193,5947.214256
194,6022.756483
195,6048.291822
196,5996.648746
197,5987.535736
198,6053.645193
199,6103.569641
200,6105.216269
201,6092.480504
202,5983.582864
203,5966.481551
204,5997.847786
205,5900.865956
206,5944.150642
207,6004.622611
208,5992.392393
209,5995.263686
210,5973.813677
211,6020.308823
212,6049.413436
213,5996.267592
214,5996.408147
215,5963.214889
216,6003.037409
217,5983.038921
218,6006.345434
219,5978.552176
220,6019.327847
221,6045.121473
222,6137.909529
223,6096.640906
224,6095.372685
225,6026.444448
226,6025.350353
227,6157.980565
228,6112.940849
229,6136.613982
230,6269.999171
231,6138.656713
232,6121.650362
233,6146.459585
234,6220.308353
235,6094.255522
236,6186.990114
237,6144.767592
238,6184.611011
239,6112.114455
240,6085.383091
241,5931.133789
242,5933.237890
243,5994.704597
244,5980.052540
245,5994.195339
246,6115.146862
247,6071.451769
248,6027.269271
249,5946.541065
250,5963.736279
251,5967.403210
252,5980.027084
253,5957.081249
254,5910.518001
255,5953.485840
256,5928.446881
257,6038.403973
258,6033.211555
259,5991.214835
260,5929.103690
261,6040.842040
262,6030.862451
263,5984.149656
264,6067.625543
265,6025.833949
266,6103.816688
267,6065.781958
268,6075.067483
269,6031.636029
270,6127.070571
271,6134.057231
272,6076.338626
273,6126.347046
274,6087.318973
275,6254.174014
276,6193.594299
277,6105.143881
278,6137.965800
279,6119.548076
280,6078.493947
281,6142.686766
282,6118.588637
283,6097.135829
284,6105.081634
285,6168.635018
286,6081.963048
287,5982.551967
288,5955.294316
289,5996.995012
290,6042.939771
291,6174.227982
292,6126.766942
293,6153.715043
294,6098.324422
295,6072.729599
296,6095.535074
297,6088.540732
298,6018.671128
299,6046.108515
300,6001.980786
301,6010.366783
302,6129.602063
303,6162.175879
304,6095.514700
305,6069.531160
306,6189.386385
307,6168.728948
308,6161.814334
309,6025.619854
310,6009.121442
311,5999.488305
312,6023.705737
313,6068.878708
314,6107.880383
315,6068.869477
316,6160.478240
317,6088.483240
318,6096.302060
319,6066.331713
320,5992.094199
321,5957.432904
322,6113.796635
323,6028.776547
324,5923.586677
325,5939.531969
326,6006.379833
327,6019.423518
328,6009.654558
329,6055.985844
330,6092.956409
331,6054.008907
332,6015.676434
333,5981.444773
334,6060.996886
335,6159.006464
336,6130.854300
337,6105.733793
338,6005.659982
339,6012.863182
340,6027.724514
341,6103.919857
342,6032.094957
343,5934.443794
344,5964.058038
345,5857.310828
346,5968.310681
347,5954.113818
348,5867.963086
349,5985.296890
350,5964.234605
351,6007.491296
352,5949.935274
353,5969.253147
354,5957.046229
355,6022.558096
356,6065.755246
357,6054.138689
358,6149.072536
359,6027.163761
360,6100.297597
361,6147.848711
362,6117.750268
363,6099.824363
364,6075.732700
365,6097.387447
366,6054.591529
367,6074.548597
368,5965.217834
369,5944.083799
370,6004.946300
371,6068.581436
372,6012.891412
373,5925.384247
374,5977.582321
375,6062.585602
376,6074.725874
377,6035.711069
378,5976.180821
379,5961.627531
380,6013.006545
381,6116.953367
382,6210.065338
383,6164.244341
384,6096.697018
385,6101.148562
386,6027.985163
387,6029.132298
388,6001.914555
389,5980.459847
390,5976.659268
391,6034.350509
392,6110.767429
393,6033.578759
394,6062.029553
395,6120.580477
396,6096.858842
397,6068.597167
398,6100.819936
399,6091.045714
400,6027.487081
401,6013.359606
402,6112.804608
403,6055.917157
404,6115.692771
405,6059.686684
406,6006.687455
407,5956.498231
408,5922.704057
409,5943.277753
410,6027.137635
411,6096.357756
412,6056.278399
413,6043.404882
414,6060.416577
415,5991.212389
416,6088.777472
417,6164.720211
418,6112.993107
419,6055.951105
420,6042.871396
421,6089.181126
422,6088.282432
423,6055.696657
424,6051.563627
425,6039.367028
426,6084.042715
427,6054.149037
428,6058.457637
429,6046.444541
430,6037.240622
431,6047.385009
432,6030.344385
433,6071.976900
434,6026.627336
435,6015.242978
436,5980.366414
437,5890.868628
438,5926.745983
439,5925.459216
440,5915.607391
441,5906.663506
442,5829.518044
443,5882.279758
444,5850.749167
445,5873.066328
446,5824.403955
447,5936.951132
448,6020.562626
449,5935.450868
450,5986.751275
451,5996.421683
452,6044.107783
453,6012.398588
454,5990.427353
455,5999.911568
456,6018.810656
457,6029.587167
458,6029.380940
459,6012.313314
460,6039.269747
461,6132.636530
462,6117.261978
463,6082.605829
464,6132.810762
465,6047.286950
466,6066.380058
467,6041.680227
468,6133.416843
469,6201.323222
470,6062.737898
471,6025.545053
472,5930.559513
473,5957.472185
474,6007.878132
475,6000.970500
476,5974.296038
477,5949.704725
478,5977.694250
479,6017.180420
480,5976.507881
481,5937.438973
482,5998.634112
483,6074.201760
484,5964.309971
485,5915.106358
486,5922.674474
487,6002.305431
488,6024.915671
489,5972.516586
490,5932.236151
491,5885.489299
492,5841.075626
493,5978.882662
494,6041.408293
495,6041.088385
496,6090.255398
497,5983.043277
498,5970.030912
499,5937.654603
