0,3077.744644
1,3110.252418
2,3149.668858
3,3181.146362
4,3213.766111
5,3195.657301
6,3209.456410
7,3284.438254
8,3331.837423
9,3364.031325
10,3323.780189
11,3325.805256
12,3405.465328
13,3473.965161
14,3560.227880
15,3539.713200
16,3555.711896
17,3590.965094
18,3512.455358
19,3518.365128
20,3579.213386
21,3611.752921
22,3583.568800
23,3663.609909
24,3673.043091
25,3738.101808
26,3844.386490
27,3881.210726
28,3900.990009
29,3885.212856
30,4010.884465
31,4106.832522
32,4029.928667
33,4145.382956
34,4010.679931
35,4094.956895
36,4115.065359
37,4186.338932
38,4295.713206
39,4358.215069
40,4448.426938
41,4368.289081
42,4560.610730
43,4695.903437
44,4650.367476
45,4590.891353
46,4853.567143
47,4892.001031
48,5024.261734
49,5127.548905
50,5283.465215
51,5261.560064
52,5426.795322
53,5435.730367
54,5507.380274
55,5530.782768
56,5605.938087
57,5695.384453
58,5821.827492
59,5903.465333
60,5886.294822
61,5882.631488
62,5905.184944
63,5915.178830
64,6154.096158
65,6285.919490
66,6463.765870
67,6475.347261
68,6583.391462
69,6640.422293
70,6658.126673
71,6633.949919
72,6686.059504
73,6757.426843
74,6812.257024
75,6771.234897
76,6821.376170
77,6719.170086
78,6695.873273
79,6681.578083
80,6704.643278
81,6721.526611
82,6751.841187
83,6821.812226
84,6852.740263
85,6822.300488
86,6874.649844
87,6815.758160
88,6799.609315
89,6889.260230
90,6921.416783
91,6899.179815
92,6990.712285
93,7001.146309
94,7012.387752
95,7037.467613
96,7018.725503
97,7021.321340
98,6940.372939
99,6925.852630
100,6920.641724
101,6930.753766
102,6988.943819
103,7057.840849
104,7109.063816
105,7088.692310
106,7087.290154
107,7083.009239
108,7110.054065
109,7097.738777
110,7113.937713
111,7113.749937
112,7128.937404
113,7144.814643
114,7192.217938
115,7189.718956
116,7190.093352
117,7247.908779
118,7233.635048
119,7246.216299
120,7194.798819
121,7215.662693
122,7233.355368
123,7209.001896
124,7201.066421
125,7209.847622
126,7224.069137
127,7237.208791
128,7270.611752
129,7198.446351
130,7204.700763
131,7252.506054
132,7277.832754
133,7283.779367
134,7293.049807
135,7319.985486
136,7326.313407
137,7304.077265
138,7315.946629
139,7350.741078
140,7358.311167
141,7345.563009
142,7354.640469
143,7363.957631
144,7388.828511
145,7410.196716
146,7385.346448
147,7380.439513
148,7397.865421
149,7372.734893
150,7386.565277
151,7376.870104
152,7410.647729
153,7422.100385
154,7443.859197
155,7441.576553
156,7449.288597
157,7415.175679
158,7434.043149
159,7451.832148
160,7449.681834
161,7465.429853
162,7460.724662
163,7442.186740
164,7445.700616
165,7467.708332
166,7480.821873
167,7440.811051
168,7471.298579
169,7465.167459
170,7479.119573
171,7434.500391
172,7453.613494
173,7473.041770
174,7466.160568
175,7493.245035
176,7494.427974
177,7503.716379
178,7497.774751
179,7493.563491
180,7484.782231
181,7501.477108
182,7487.472559
183,7507.028469
184,7503.716124
185,7510.472311
186,7506.452569
187,7512.180512
188,7517.456120
189,7514.510645
190,7520.537764
191,7522.520723
192,7517.870640
193,7514.460789
194,7506.495515
195,7503.008538
196,7519.515444
197,7525.335645
198,7517.395357
199,7518.496769
200,7504.967424
201,7520.553813
202,7529.420102
203,7527.883973
204,7528.777334
205,7534.824688
206,7530.742447
207,7526.013825
208,7526.863475
209,7526.623569
210,7525.062663
211,7522.716060
212,7528.439511
213,7532.226690
214,7528.975192
215,7532.793113
216,7538.019060
217,7539.717966
218,7536.502979
219,7536.396967
220,7535.587540
221,7533.708220
222,7535.607526
223,7538.604356
224,7542.770131
225,7544.825950
226,7542.596205
227,7543.575032
228,7538.429550
229,7542.073897
230,7542.378652
231,7546.146331
232,7545.933146
233,7544.730976
234,7547.932675
235,7547.558585
236,7543.252756
237,7547.436988
238,7545.947072
239,7544.437638
240,7543.741992
241,7544.522246
242,7546.285034
243,7547.150276
244,7545.028195
245,7535.292019
246,7535.500208
247,7540.364298
248,7545.111517
249,7541.519796
250,7539.505984
251,7537.723536
252,7542.331093
253,7544.411625
254,7543.981824
255,7541.022043
256,7543.010918
257,7542.396024
258,7544.223673
259,7540.767484
260,7541.435693
261,7543.037575
262,7536.833356
263,7536.055491
264,7546.259331
265,7545.950252
266,7545.863829
267,7546.107022
268,7546.323307
269,7547.719490
270,7546.026089
271,7540.892181
272,7540.812702
273,7543.918969
274,7539.346422
275,7542.152905
276,7539.548102
277,7541.832130
278,7544.327112
279,7539.817729
280,7546.543978
281,7544.980370
282,7540.591462
283,7545.193555
284,7544.151256
285,7544.347335
286,7545.380083
287,7544.223673
288,7546.890377
289,7545.231829
290,7542.178384
291,7544.855673
292,7544.400650
293,7548.011613
294,7547.217352
295,7546.639628
296,7539.146106
297,7538.295755
298,7535.580262
299,7538.897176
300,7542.097440
301,7540.255795
302,7544.520961
303,7543.963443
304,7547.280138
305,7546.199566
306,7541.408957
307,7544.909160
308,7542.827490
309,7544.397549
310,7539.898124
311,7540.650273
312,7544.214042
313,7543.868754
314,7539.274175
315,7539.319022
316,7539.944571
317,7545.910943
318,7541.660495
319,7537.573862
320,7543.483047
321,7541.797132
322,7538.018743
323,7539.551309
324,7540.173678
325,7547.755688
326,7545.290309
327,7543.102357
328,7547.305841
329,7544.511340
330,7538.428007
331,7535.115687
332,7532.744047
333,7536.719400
334,7536.815347
335,7541.260782
336,7537.031745
337,7541.001837
338,7542.336258
339,7542.920433
340,7541.560459
341,7541.589112
342,7543.686681
343,7544.139629
344,7540.350735
345,7542.680591
346,7542.350264
347,7542.841496
348,7538.397999
349,7548.297135
350,7543.747158
351,7540.362282
352,7540.755544
353,7540.772650
354,7541.962098
355,7543.799368
356,7544.503854
357,7541.173706
358,7539.016062
359,7544.407101
360,7548.155411
361,7543.571466
362,7543.776915
363,7542.673695
364,7543.480902
365,7541.056106
366,7540.876030
367,7543.941171
368,7545.904492
369,7540.347384
370,7537.299104
371,7541.707358
372,7538.687021
373,7535.899501
374,7538.474616
375,7544.731046
376,7537.647753
377,7540.260181
378,7540.407070
379,7540.266632
380,7538.467636
381,7541.322927
382,7540.846422
383,7542.929905
384,7540.248310
385,7544.596728
386,7545.286419
387,7538.819693
388,7541.776675
389,7545.214957
390,7540.479407
391,7544.012623
392,7546.828545
393,7543.565015
394,7542.329738
395,7546.169888
396,7545.700858
397,7542.374463
398,7538.298984
399,7545.451465
400,7542.895772
401,7541.120083
402,7542.274427
403,7540.380422
404,7542.163667
405,7542.631411
406,7543.500154
407,7540.160776
408,7540.249275
409,7542.739002
410,7539.585532
411,7543.427667
412,7545.324703
413,7545.618821
414,7543.337894
415,7543.306071
416,7542.201941
417,7544.925059
418,7542.879770
419,7539.819678
420,7544.799077
421,7545.435463
422,7547.771770
423,7545.147795
424,7546.159051
425,7547.195080
426,7549.547209
427,7546.443619
428,7545.835176
429,7546.383073
430,7548.155411
431,7541.566430
432,7538.476936
433,7531.650502
434,7534.441833
435,7534.218073
436,7537.989487
437,7542.906358
438,7544.424207
439,7545.593198
440,7540.109941
441,7542.540890
442,7541.344104
443,7546.124128
444,7543.228558
445,7540.017238
446,7541.821400
447,7543.509705
448,7543.871854
449,7540.915163
450,7543.759809
451,7545.978975
452,7542.674071
453,7543.409520
454,7539.815488
455,7543.385008
456,7537.829895
457,7541.000726
458,7543.558564
459,7545.741442
460,7542.398020
461,7543.306001
462,7543.222913
463,7542.642317
464,7542.590037
465,7542.536723
466,7536.926637
467,7542.939536
468,7541.706576
469,7535.723941
470,7542.653864
471,7542.165663
472,7541.667980
473,7542.461778
474,7540.617945
475,7532.008756
476,7538.819384
477,7543.993451
478,7546.634532
479,7541.300159
480,7547.319847
481,7546.297685
482,7543.169757
483,7539.150310
484,7539.608685
485,7540.990313
486,7544.163907
487,7544.262149
488,7543.152721
489,7536.984238
490,7541.603118
491,7544.342239
492,7545.520851
493,7546.658089
494,7545.714864
495,7544.536963
496,7545.000896
497,7546.874374
498,7542.549374
499,7536.393373
