0,3144.753631
1,3171.174457
2,3174.204010
3,3186.949615
4,3184.184381
5,3228.812813
6,3121.062589
7,3145.459205
8,3129.890488
9,3130.424778
10,3120.720356
11,3077.459105
12,3097.022796
13,3109.703581
14,3134.074569
15,3152.524644
16,3188.126382
17,3163.218100
18,3132.136593
19,3092.156999
20,3054.313626
21,3109.932513
22,3104.583919
23,3147.278712
24,3157.777438
25,3143.112315
26,3098.549401
27,3109.306288
28,3073.345743
29,3091.812614
30,3042.619672
31,3010.855461
32,3073.867843
33,3035.232867
34,3066.922183
35,3083.302129
36,3071.790582
37,3046.013680
38,3046.400287
39,3042.821074
40,3064.582478
41,3071.022946
42,3075.240754
43,3111.467189
44,3130.145113
45,3096.473426
46,3128.048510
47,3131.347474
48,3171.471195
49,3201.122056
50,3177.797914
51,3204.191279
52,3165.651817
53,3158.964690
54,3162.714602
55,3152.974333
56,3134.863470
57,3085.122002
58,3109.579711
59,3125.559656
60,3132.661698
61,3127.634719
62,3088.992363
63,3135.450077
64,3075.086584
65,3071.747725
66,3078.718542
67,3033.093214
68,3066.037908
69,3067.156672
70,3053.054601
71,3078.463337
72,3031.472866
73,3053.253472
74,3061.176843
75,3030.988707
76,3023.373943
77,3079.897676
78,3072.391753
79,3074.442198
80,3074.235293
81,3091.215553
82,3061.950649
83,3055.385909
84,3066.188500
85,3027.441654
86,2986.713971
87,3024.430090
88,3053.731671
89,3093.084228
90,3117.002966
91,3134.893116
92,3112.888868
93,3188.053869
94,3173.038279
95,3109.610673
96,3086.449433
97,3084.799362
98,3137.128405
99,3140.747620
100,3106.604919
101,3128.513560
102,3150.925243
103,3125.313580
104,3112.238804
105,3092.911362
106,3086.779106
107,3122.780329
108,3138.683101
109,3113.076785
110,3071.268040
111,3103.561581
112,3107.348553
113,3102.925890
114,3046.504628
115,3115.159803
116,3124.572395
117,3129.301557
118,3086.778411
119,3108.479186
120,3130.500287
121,3096.849463
122,3102.165541
123,3116.052652
124,3060.946084
125,3163.122459
126,3182.014335
127,3182.779849
128,3126.087663
129,3211.563995
130,3151.932990
131,3189.569148
132,3110.233822
133,3077.408934
134,3040.749554
135,3092.318112
136,3046.310090
137,3066.046641
138,3079.304874
139,3119.045359
140,3132.361998
141,3157.826782
142,3159.207904
143,3145.864315
144,3168.418666
145,3133.520691
146,3109.438986
147,3189.368142
148,3155.314585
149,3161.573021
150,3157.644381
151,3112.360984
152,3123.918504
153,3134.233276
154,3155.600085
155,3144.540473
156,3066.710848
157,3089.501893
158,3114.882785
159,3070.637394
160,3040.446012
161,3047.051105
162,3047.057779
163,3064.882812
164,3080.902907
165,3081.434479
166,3121.379986
167,3191.379440
168,3133.319846
169,3143.865683
170,3129.788108
171,3087.416505
172,3089.895350
173,3109.303135
174,3117.122167
175,3106.617537
176,3101.401718
177,3105.346484
178,3082.600694
179,3105.825090
180,3120.587421
181,3130.548943
182,3075.820761
183,3101.930327
184,3129.479404
185,3149.334972
186,3125.744856
187,3074.779350
188,3085.663143
189,3086.800068
190,3026.067420
191,2987.204488
192,3038.987714
193,3073.391805
194,3000.941305
195,3061.788497
196,3069.438554
197,3047.372018
198,3141.795971
199,3124.688835
200,3125.875110
201,3133.308217
202,3118.946664
203,3105.498952
204,3122.451082
205,3147.763339
206,3135.838821
207,3153.509933
208,3167.127781
209,3090.776406
210,3030.093199
211,3118.560161
212,3117.835782
213,3089.471635
214,3097.572512
215,3129.188178
216,3059.222273
217,3022.298376
218,3049.110089
219,3062.426750
220,3061.912551
221,3053.405645
222,3039.776709
223,3061.536495
224,3051.992155
225,3031.670402
226,2950.679297
227,2994.848418
228,3044.471258
229,3027.006271
230,2986.583483
231,2997.568269
232,3020.901858
233,3053.882818
234,3088.808427
235,3110.448583
236,3130.491892
237,3099.765581
238,3099.555266
239,3046.431273
240,3008.134822
241,3049.680074
242,2992.090057
243,3013.912186
244,3025.953169
245,2997.318045
246,2988.690595
247,3022.861822
248,3043.699566
249,3022.003066
250,3049.226993
251,3079.750788
252,3046.909841
253,3090.478333
254,3123.444483
255,3101.577886
256,3085.884905
257,3114.848517
258,3051.708349
259,3059.990090
260,3171.851121
261,3131.797027
262,3114.477715
263,3146.596461
264,3168.609737
265,3187.314694
266,3213.482190
267,3170.398600
268,3121.980288
269,3134.866469
270,3127.393737
271,3117.899993
272,3083.156525
273,3098.492554
274,3069.809952
275,3064.078118
276,3082.665778
277,3117.053895
278,3091.655077
279,3112.206406
280,3113.707937
281,3136.878597
282,3101.448476
283,3118.873603
284,3077.370715
285,3134.601566
286,3106.040823
287,3094.176542
288,3135.794297
289,3089.711499
290,3076.814625
291,3032.892344
292,3042.746810
293,2972.212448
294,3032.046742
295,2995.258121
296,3016.259132
297,3053.811414
298,3136.922326
299,3066.448930
300,3103.503269
301,3022.828956
302,3064.180389
303,3069.045423
304,3088.012293
305,3091.718339
306,3078.633978
307,3050.406951
308,3118.922740
309,3147.282511
310,3104.725634
311,3130.460697
312,3175.915984
313,3111.422552
314,3144.352689
315,3165.321399
316,3215.389457
317,3168.905787
318,3169.021185
319,3162.646624
320,3178.214050
321,3189.319212
322,3203.115740
323,3179.044315
324,3110.382461
325,3071.074016
326,3071.685705
327,3116.263024
328,3173.330443
329,3207.229815
330,3115.721274
331,3109.923708
332,3065.010134
333,3080.891640
334,3047.455239
335,3042.349299
336,3124.617468
337,3150.721906
338,3094.192445
339,3077.388550
340,3100.302379
341,3090.407536
342,3085.406023
343,3089.253340
344,3132.571143
345,3210.542427
346,3186.701063
347,3196.618164
348,3267.053621
349,3163.806643
350,3125.034665
351,3108.575293
352,3035.150098
353,3008.063736
354,3028.815123
355,3105.030997
356,3119.019437
357,3093.958823
358,3063.547583
359,3077.904669
360,3103.580100
361,3125.263854
362,3146.185691
363,3158.950479
364,3126.847466
365,3152.152612
366,3152.474389
367,3185.847785
368,3143.710584
369,3114.773498
370,3150.512228
371,3197.101147
372,3125.984204
373,3167.376134
374,3084.839882
375,3068.976402
376,3063.152110
377,3043.203067
378,3074.654100
379,3069.396581
380,3043.319281
381,3071.568430
382,3054.305262
383,3055.495160
384,3009.765250
385,3073.860878
386,3095.699706
387,3050.933876
388,2995.485802
389,3050.494171
390,3068.398276
391,3061.989132
392,3061.997389
393,3115.281807
394,3139.113608
395,3116.935217
396,3095.611360
397,3084.483527
398,3083.795499
399,3100.039215
400,3101.737882
401,3100.722082
402,3101.551574
403,3056.459536
404,3092.033572
405,3106.985802
406,3071.182769
407,3096.184049
408,3031.446037
409,2980.221199
410,2980.982009
411,2991.068779
412,2997.380776
413,3034.053075
414,3064.125435
415,3070.709131
416,3042.852286
417,3116.473933
418,3138.926746
419,3107.807339
420,3089.202581
421,3093.930889
422,3048.424954
423,3059.098934
424,3029.735289
425,3017.294529
426,3058.812486
427,2984.077139
428,3087.726134
429,3091.437355
430,3099.562607
431,3106.301112
432,3068.243286
433,3106.811399
434,3146.196325
435,3158.142832
436,3126.452945
437,3171.747994
438,3125.592176
439,3065.672269
440,3058.261189
441,3068.179110
442,3065.085351
443,3110.733504
444,3138.901115
445,3085.071681
446,3106.428553
447,3075.074435
448,3093.762172
449,3118.193361
450,3137.366253
451,3048.795910
452,3113.630174
453,3191.412201
454,3185.603557
455,3211.119020
456,3256.578680
457,3240.436167
458,3171.102217
459,3183.983820
460,3128.957562
461,3126.080443
462,3127.433165
463,3086.437615
464,3065.015099
465,3054.265314
466,3118.894117
467,3133.264231
468,3194.532410
469,3138.803453
470,3138.984550
471,3157.460687
472,3140.570499
473,3153.722076
474,3189.119979
475,3170.929037
476,3128.052206
477,3137.756576
478,3134.273214
479,3176.884994
480,3122.689276
481,3090.113164
482,3103.689719
483,3121.120864
484,3097.712222
485,3123.786379
486,3113.128477
487,3123.535230
488,3106.790132
489,3167.624470
490,3189.383907
491,3191.604554
492,3150.974405
493,3142.193274
494,3169.552167
495,3125.560535
496,3117.817144
497,3131.688708
498,3115.052380
499,3117.759600
