0,3148.312298
1,3435.721009
2,3690.181455
3,3914.756575
4,4100.409400
5,4349.951689
6,4615.919747
7,4784.186724
8,4987.249733
9,5186.093633
10,5369.239109
11,5486.472728
12,5564.791933
13,5679.437444
14,5809.042716
15,5932.293493
16,6037.949628
17,6110.770668
18,6201.645025
19,6266.450789
20,6347.142650
21,6401.822615
22,6447.018319
23,6479.751625
24,6516.075700
25,6539.614350
26,6569.608903
27,6610.597618
28,6632.171545
29,6654.166392
30,6681.354740
31,6698.359711
32,6722.496580
33,6743.082703
34,6756.405969
35,6788.961329
36,6818.946267
37,6823.632355
38,6836.598766
39,6831.268384
40,6842.869638
41,6866.289277
42,6865.252025
43,6865.221374
44,6879.078749
45,6873.997294
46,6883.382695
47,6887.523904
48,6874.984934
49,6892.593719
50,6879.075031
51,6888.795529
52,6847.736237
53,6860.256797
54,6843.632115
55,6871.158911
56,6878.632752
57,6889.820263
58,6902.090312
59,6895.615700
60,6899.046850
61,6879.565574
62,6889.616279
63,6897.145694
64,6877.885155
65,6887.632984
66,6874.051229
67,6887.910972
68,6878.379502
69,6879.385258
70,6889.038891
71,6888.353528
72,6891.546937
73,6881.982721
74,6858.237739
75,6882.467968
76,6906.384476
77,6877.938852
78,6875.440160
79,6855.410969
80,6877.005521
81,6882.145231
82,6906.056276
83,6902.072265
84,6888.377884
85,6883.272154
86,6901.421370
87,6900.322089
88,6880.539223
89,6898.343022
90,6912.756453
91,6897.043597
92,6881.987416
93,6894.402818
94,6888.184589
95,6894.778573
96,6890.239541
97,6891.760965
98,6883.920920
99,6892.450844
100,6886.174816
101,6891.452424
102,6897.957624
103,6893.289177
104,6880.954506
105,6887.978296
106,6878.925696
107,6883.351737
108,6879.001963
109,6895.526575
110,6887.940129
111,6887.506612
112,6884.670203
113,6891.510484
114,6903.117171
115,6874.405883
116,6896.814239
117,6881.415837
118,6870.775283
119,6894.224089
120,6890.108787
121,6881.716921
122,6885.246568
123,6874.715317
124,6890.616343
125,6883.433320
126,6895.977868
127,6881.097933
128,6895.201563
129,6872.395459
130,6869.889202
131,6870.246569
132,6870.397967
133,6879.411603
134,6889.060011
135,6879.350817
136,6873.839709
137,6852.719937
138,6831.453206
139,6889.198342
140,6897.512427
141,6894.539969
142,6898.990045
143,6899.357930
144,6909.828143
145,6880.210246
146,6885.465008
147,6885.816145
148,6873.626040
149,6881.282418
150,6882.183409
151,6876.845848
152,6871.209371
153,6875.164788
154,6891.960077
155,6887.712084
156,6882.249229
157,6889.278188
158,6881.495836
159,6873.733502
160,6862.283271
161,6894.713706
162,6880.825042
163,6879.062752
164,6889.941187
165,6880.707593
166,6895.900236
167,6877.543548
168,6877.420871
169,6897.060034
170,6896.781796
171,6866.509770
172,6899.142314
173,6860.635511
174,6891.673437
175,6911.978639
176,6890.851492
177,6883.351452
178,6895.385890
179,6908.073796
180,6886.823185
181,6896.188974
182,6894.600964
183,6890.700774
184,6870.069359
185,6901.736791
186,6891.922372
187,6846.288453
188,6858.443067
189,6852.628414
190,6877.644122
191,6895.897178
192,6900.135449
193,6895.228596
194,6901.192291
195,6899.150382
196,6902.591720
197,6899.472029
198,6884.469419
199,6862.999077
200,6889.640502
201,6892.390268
202,6901.077961
203,6881.401848
204,6856.286623
205,6889.791579
206,6874.109855
207,6879.333744
208,6892.672325
209,6882.207428
210,6870.377097
211,6874.939251
212,6858.774877
213,6897.132602
214,6887.010149
215,6886.594510
216,6885.456398
217,6893.297419
218,6903.128758
219,6873.739845
220,6897.710359
221,6895.978484
222,6884.599246
223,6899.021257
224,6902.662924
225,6895.746932
226,6901.766168
227,6894.025816
228,6889.997999
229,6889.623292
230,6841.108703
231,6874.544354
232,6887.350111
233,6881.200487
234,6876.325718
235,6892.932826
236,6886.809148
237,6882.558317
238,6877.254227
239,6895.557107
240,6902.437994
241,6894.626445
242,6893.627513
243,6890.356230
244,6893.820674
245,6875.403672
246,6874.970646
247,6879.618963
248,6877.047027
249,6874.612365
250,6874.354645
251,6901.129982
252,6908.360978
253,6892.182627
254,6889.727597
255,6895.067678
256,6874.770310
257,6880.399967
258,6878.622333
259,6894.461037
260,6893.915467
261,6904.333537
262,6914.860459
263,6888.245657
264,6895.498229
265,6897.415668
266,6890.806562
267,6888.173102
268,6887.438252
269,6884.943816
270,6884.629209
271,6883.806296
272,6876.323344
273,6841.352992
274,6875.996485
275,6864.053170
276,6875.078739
277,6886.640459
278,6883.554838
279,6871.584362
280,6895.046639
281,6890.550893
282,6897.815594
283,6892.310984
284,6899.591226
285,6886.424714
286,6911.029419
287,6884.034795
288,6900.233176
289,6880.588392
290,6870.768699
291,6875.193458
292,6888.103599
293,6869.845696
294,6859.826084
295,6891.367739
296,6900.276731
297,6903.323523
298,6902.557561
299,6887.016135
300,6889.856654
301,6858.941834
302,6872.929190
303,6858.341399
304,6885.031934
305,6882.860341
306,6881.935679
307,6870.608231
308,6892.028037
309,6893.797364
310,6885.352282
311,6896.033759
312,6897.062614
313,6885.109079
314,6881.514875
315,6880.307855
316,6890.090913
317,6884.260261
318,6892.074121
319,6886.215456
320,6890.483891
321,6880.771220
322,6884.552217
323,6891.996734
324,6887.089028
325,6851.633261
326,6888.744864
327,6886.355449
328,6897.392685
329,6888.396398
330,6892.535863
331,6888.963532
332,6892.431055
333,6886.291631
334,6880.461703
335,6881.069837
336,6882.569033
337,6880.303046
338,6891.749114
339,6891.646475
340,6896.881474
341,6891.060517
342,6877.105928
343,6894.123683
344,6892.781133
345,6909.881769
346,6910.518306
347,6906.964157
348,6907.485134
349,6896.846814
350,6877.414325
351,6888.363095
352,6898.105338
353,6863.916641
354,6850.000826
355,6862.195530
356,6880.537492
357,6882.962656
358,6880.132692
359,6887.098781
360,6891.925449
361,6872.072577
362,6880.145118
363,6904.447814
364,6858.962753
365,6859.104776
366,6886.966132
367,6897.771862
368,6883.506462
369,6874.856083
370,6865.183551
371,6891.817837
372,6895.380430
373,6883.105958
374,6895.170894
375,6904.167697
376,6909.207701
377,6886.232933
378,6890.389936
379,6883.571231
380,6865.090003
381,6873.151570
382,6861.347360
383,6851.042833
384,6866.111215
385,6859.239695
386,6862.567421
387,6890.053022
388,6882.112117
389,6905.383603
390,6884.862788
391,6860.848276
392,6885.972745
393,6913.473329
394,6897.757466
395,6906.326545
396,6899.633828
397,6881.922846
398,6899.724733
399,6888.289425
400,6888.126494
401,6892.124382
402,6881.756856
403,6900.590154
404,6882.647188
405,6885.154182
406,6877.549029
407,6888.436328
408,6889.661321
409,6885.928650
410,6876.287971
411,6889.167973
412,6906.977922
413,6903.273020
414,6900.386097
415,6899.131001
416,6885.541344
417,6890.463014
418,6868.439047
419,6899.471851
420,6880.074681
421,6903.548935
422,6889.854122
423,6877.185875
424,6888.355855
425,6879.251401
426,6889.960263
427,6892.279707
428,6890.361561
429,6892.918284
430,6875.882345
431,6895.111831
432,6891.864687
433,6885.087722
434,6880.325248
435,6866.426607
436,6890.509060
437,6874.391559
438,6882.205608
439,6888.322564
440,6890.240390
441,6859.176868
442,6884.212998
443,6877.180786
444,6874.897571
445,6892.475200
446,6883.900054
447,6892.226872
448,6895.162235
449,6878.839929
450,6889.784426
451,6898.795504
452,6900.355218
453,6887.011202
454,6876.856537
455,6882.498830
456,6892.178321
457,6905.700533
458,6891.610306
459,6898.412943
460,6877.212494
461,6893.490327
462,6903.044716
463,6892.510798
464,6880.996395
465,6897.637295
466,6876.957001
467,6863.377116
468,6877.840635
469,6875.382257
470,6874.071494
471,6898.675556
472,6903.131989
473,6901.420851
474,6894.653770
475,6880.137361
476,6890.920998
477,6895.760991
478,6871.747151
479,6870.142088
480,6882.636560
481,6867.848239
482,6876.564019
483,6880.054817
484,6878.507294
485,6882.179803
486,6897.565766
487,6894.169264
488,6904.843434
489,6911.544744
490,6906.646953
491,6879.843185
492,6884.867251
493,6879.998352
494,6880.435296
495,6900.447189
496,6895.211614
497,6880.036958
498,6879.195253
499,6889.745402
