0,3171.795843
1,3257.366976
2,3431.449114
3,3474.705837
4,3657.226127
5,3737.256333
6,3800.899243
7,3904.203725
8,3987.549081
9,4127.978971
10,4112.573360
11,4216.993919
12,4176.954692
13,4287.963268
14,4378.286769
15,4419.771985
16,4503.049065
17,4526.256629
18,4598.860393
19,4578.168423
20,4583.341304
21,4541.626767
22,4527.906607
23,4539.743876
24,4552.092138
25,4510.364240
26,4616.968776
27,4612.360773
28,4583.591496
29,4628.857880
30,4662.126611
31,4663.081005
32,4651.187770
33,4714.184535
34,4700.030865
35,4651.773081
36,4636.572939
37,4706.056615
38,4806.792324
39,4733.610609
40,4734.345595
41,4781.568317
42,4850.677884
43,4880.357256
44,4850.505719
45,4912.220963
46,4817.020617
47,4818.714972
48,4779.433434
49,4772.779106
50,4938.829316
51,4819.764072
52,4872.756153
53,4836.893153
54,4853.799570
55,4877.660227
56,4964.134657
57,4914.854214
58,5025.137543
59,4955.745268
60,4959.049309
61,4966.450030
62,5030.814259
63,4904.592534
64,4979.397067
65,4928.831318
66,4860.736052
67,4923.300893
68,4911.386343
69,4925.812050
70,4852.759842
71,4775.852313
72,4836.438198
73,4815.054362
74,4846.657925
75,4878.649901
76,4978.004661
77,5011.926980
78,5129.818701
79,5095.334750
80,5063.393767
81,5038.357351
82,5038.526829
83,5086.708446
84,5109.598364
85,5131.390780
86,5035.788561
87,5004.878791
88,5106.428893
89,5063.422014
90,5097.174133
91,5126.415515
92,5242.374597
93,5213.993063
94,5166.298331
95,5119.077867
96,5136.612195
97,5060.332419
98,5155.289627
99,5165.873886
100,5191.298212
101,5147.999669
102,5133.242931
103,5182.906234
104,5170.017501
105,5097.894346
106,5094.622091
107,5091.006651
108,5038.063720
109,5166.876843
110,5149.046548
111,5019.541945
112,4960.921621
113,5071.121125
114,5187.638834
115,5063.347253
116,5226.375411
117,5282.993008
118,5217.065042
119,5129.809516
120,5096.295831
121,5184.359251
122,5215.898325
123,5226.428704
124,5328.609791
125,5228.693045
126,5291.423065
127,5331.255707
128,5348.804925
129,5238.305490
130,5324.558949
131,5381.796800
132,5358.713607
133,5309.008784
134,5327.294105
135,5302.022367
136,5278.052316
137,5297.569875
138,5334.428048
139,5343.347238
140,5352.652542
141,5371.391359
142,5415.150194
143,5325.257502
144,5332.352284
145,5413.692708
146,5519.567472
147,5565.887409
148,5579.839557
149,5505.394707
150,5478.549376
151,5536.413489
152,5550.221114
153,5535.499288
154,5571.714848
155,5458.276838
156,5463.500385
157,5371.335512
158,5348.596831
159,5449.020682
160,5521.765346
161,5451.394254
162,5404.033653
163,5471.859722
164,5508.542054
165,5325.635941
166,5378.680700
167,5361.811838
168,5329.013879
169,5346.211832
170,5236.285779
171,5396.216362
172,5464.008349
173,5438.752770
174,5447.833236
175,5360.320922
176,5436.018614
177,5431.770764
178,5372.795212
179,5254.331905
180,5222.877270
181,5151.625101
182,5298.882850
183,5361.944354
184,5512.636576
185,5421.341029
186,5442.119594
187,5338.066184
188,5284.250810
189,5244.567301
190,5243.790415
191,5282.829171
192,5400.895331
193,5381.280445
194,5446.596310
195,5321.867402
196,5478.712735
197,5494.146598
198,5580.749220
199,5560.622371
200,5430.722995
201,5462.517978
202,5509.099567
203,5504.720926
204,5463.024691
205,5520.248440
206,5455.800167
207,5507.008488
208,5454.662668
209,5385.978638
210,5512.221919
211,5498.686351
212,5415.393238
213,5440.507500
214,5485.376649
215,5494.871501
216,5536.696762
217,5522.826626
218,5530.981246
219,5488.645976
220,5549.980296
221,5567.201224
222,5469.770523
223,5568.658601
224,5574.324486
225,5467.144502
226,5507.251015
227,5409.551287
228,5539.667614
229,5622.295498
230,5566.012961
231,5616.778934
232,5568.287165
233,5562.479440
234,5465.289046
235,5499.101872
236,5563.610510
237,5453.680980
238,5568.750672
239,5560.934780
240,5475.686535
241,5394.759019
242,5485.462460
243,5379.871942
244,5333.509205
245,5346.700716
246,5370.355161
247,5447.846729
248,5559.376119
249,5558.996522
250,5633.098083
251,5656.680441
252,5557.178942
253,5663.261488
254,5565.058446
255,5566.254105
256,5538.006866
257,5597.066192
258,5549.509779
259,5776.632591
260,5789.678611
261,5797.702281
262,5721.090227
263,5680.872257
264,5583.133330
265,5598.604057
266,5593.884939
267,5534.560079
268,5513.085022
269,5592.868982
270,5525.390596
271,5465.336582
272,5482.372458
273,5520.375462
274,5398.978879
275,5443.982088
276,5534.916325
277,5536.413847
278,5388.156287
279,5460.086236
280,5530.641580
281,5528.829337
282,5505.687804
283,5487.576053
284,5374.723116
285,5407.466215
286,5522.240947
287,5601.408622
288,5595.927633
289,5542.109988
290,5544.610693
291,5384.021804
292,5283.289373
293,5372.222381
294,5522.636521
295,5477.809594
296,5561.819485
297,5621.187570
298,5678.740220
299,5605.356210
300,5562.866359
301,5562.023954
302,5388.353326
303,5492.190600
304,5511.584865
305,5499.626484
306,5565.069467
307,5598.051227
308,5576.770956
309,5597.490003
310,5616.203868
311,5630.021687
312,5550.113005
313,5641.098411
314,5575.551229
315,5477.166195
316,5465.662614
317,5533.888253
318,5523.727804
319,5578.395437
320,5553.088346
321,5572.195299
322,5535.294372
323,5511.269224
324,5478.670218
325,5520.840765
326,5458.167925
327,5394.941573
328,5381.518654
329,5327.252401
330,5377.901918
331,5493.793422
332,5508.090400
333,5473.854051
334,5574.238860
335,5549.460519
336,5606.881817
337,5477.710354
338,5474.280220
339,5494.702672
340,5480.409998
341,5417.517682
342,5450.339804
343,5433.816768
344,5476.872420
345,5478.058746
346,5390.375200
347,5379.326459
348,5331.653049
349,5496.187059
350,5529.012348
351,5543.188055
352,5468.598716
353,5397.397527
354,5486.613362
355,5400.038881
356,5489.118137
357,5570.593248
358,5499.916113
359,5506.810571
360,5537.060952
361,5537.916497
362,5508.606809
363,5556.085595
364,5552.728459
365,5668.770022
366,5735.417504
367,5792.357756
368,5646.585464
369,5581.068295
370,5619.459205
371,5770.015670
372,5721.694002
373,5695.960307
374,5741.658237
375,5662.274821
376,5628.024650
377,5681.083607
378,5673.238794
379,5599.597862
380,5579.022344
381,5590.202183
382,5661.721364
383,5533.453642
384,5458.204858
385,5526.346209
386,5678.711262
387,5682.287445
388,5638.184571
389,5667.262871
390,5675.003916
391,5585.355064
392,5607.650718
393,5698.871637
394,5657.336257
395,5629.419112
396,5668.095767
397,5641.331762
398,5529.330723
399,5575.100866
400,5620.692609
401,5607.689597
402,5640.122363
403,5568.962647
404,5619.697308
405,5594.002136
406,5707.888338
407,5638.087460
408,5615.129609
409,5712.782154
410,5774.131240
411,5637.299236
412,5621.761756
413,5567.177499
414,5565.447014
415,5410.912432
416,5497.346161
417,5509.475462
418,5628.683057
419,5523.251270
420,5573.461508
421,5594.422441
422,5526.916874
423,5670.026179
424,5587.325944
425,5691.678080
426,5621.169348
427,5709.633201
428,5611.838214
429,5637.858429
430,5602.609136
431,5610.370919
432,5656.358001
433,5729.859423
434,5617.070058
435,5618.998551
436,5652.304414
437,5657.568271
438,5548.597153
439,5540.473937
440,5471.240092
441,5440.146031
442,5448.495032
443,5412.634321
444,5403.186777
445,5462.427902
446,5587.202945
447,5548.504636
448,5540.684534
449,5495.833163
450,5556.550351
451,5642.322157
452,5619.344002
453,5642.143047
454,5670.716707
455,5582.488754
456,5498.772771
457,5483.065890
458,5536.911180
459,5488.471178
460,5535.849137
461,5606.454381
462,5639.695109
463,5668.713725
464,5644.271442
465,5579.842757
466,5503.577867
467,5490.132540
468,5592.839618
469,5606.283745
470,5586.051669
471,5603.802557
472,5552.620953
473,5589.932931
474,5614.706717
475,5635.972905
476,5639.147022
477,5673.623013
478,5739.456420
479,5713.712272
480,5638.785785
481,5731.161119
482,5774.311020
483,5621.788460
484,5649.596217
485,5711.075359
486,5641.361605
487,5593.650308
488,5677.387783
489,5644.539307
490,5623.361620
491,5686.276466
492,5529.724094
493,5714.314421
494,5684.875961
495,5664.620695
496,5700.131550
497,5734.513523
498,5787.976707
499,5794.458336
