0,3067.593472
1,6151.668529
2,6559.655233
3,6921.889013
4,7212.068229
5,7457.388994
6,7656.491995
7,7826.461750
8,8027.226509
9,8237.324653
10,8472.864379
11,8680.445063
12,8811.125195
13,9061.117168
14,9329.969436
15,9583.302591
16,9828.840313
17,10058.938241
18,10229.814980
19,10402.425635
20,10625.464562
21,10786.523934
22,10938.645687
23,11091.449062
24,11216.251664
25,11352.471883
26,11431.499385
27,11682.213229
28,11886.415696
29,11963.651805
30,12120.129916
31,12002.549202
32,12247.434749
33,12381.330228
34,12148.519077
35,12209.869416
36,12613.178786
37,12599.262952
38,12684.474181
39,12626.343108
40,12621.251851
41,12653.775753
42,12761.190190
43,12919.884066
44,12854.476735
45,13079.852240
46,12967.694761
47,13006.005767
48,13146.268699
49,13153.659829
50,13233.669830
51,13240.315057
52,13245.709361
53,13339.686141
54,13356.496972
55,13213.926409
56,13215.393567
57,13156.695142
58,13249.158007
59,13262.371701
60,13442.224220
61,13428.911188
62,13485.111627
63,13328.351677
64,13382.054580
65,13435.594314
66,13415.175551
67,13446.082905
68,13307.174159
69,13499.380104
70,13496.191693
71,13647.216732
72,13827.716506
73,13514.094412
74,13431.641737
75,13529.900382
76,13563.740495
77,13783.384030
78,13795.022746
79,13653.261119
80,13541.241171
81,13517.099507
82,13593.395423
83,13620.139657
84,13528.454796
85,13653.819601
86,13746.738937
87,13820.339411
88,13793.197870
89,13632.861039
90,13684.911527
91,13907.890937
92,13896.977785
93,13902.562918
94,13842.047740
95,13605.429408
96,13635.719808
97,13728.192893
98,13783.662049
99,13751.666465
100,13795.579287
101,13764.003788
102,13866.993174
103,13679.835545
104,13693.972695
105,13798.545987
106,13745.571849
107,13641.554769
108,13596.495828
109,13616.948612
110,13532.386351
111,13581.405716
112,13451.808404
113,13726.451617
114,13746.095798
115,13981.334925
116,13778.507373
117,13785.293642
118,13748.831061
119,13842.637924
120,13750.475536
121,13675.775057
122,13774.446509
123,13673.099869
124,13864.965214
125,13782.687078
126,13705.426147
127,13760.515916
128,13703.282759
129,13828.232197
130,13608.348008
131,13792.345535
132,13982.611355
133,13992.602709
134,13871.936077
135,13796.892285
136,14036.547223
137,14056.866376
138,13814.070519
139,13850.399715
140,13822.485055
141,14106.945851
142,13713.319985
143,13802.039052
144,13759.154063
145,13832.648133
146,13936.289439
147,13883.397957
148,13813.035832
149,13969.360678
150,13804.694042
151,13984.712679
152,14001.914867
153,13979.331619
154,14018.736566
155,14094.352681
156,13802.891188
157,13941.738450
158,13908.096736
159,14044.201932
160,14239.525242
161,14084.362399
162,13851.197166
163,13735.490578
164,13992.290693
165,13864.240090
166,13914.325326
167,13786.640980
168,13774.548093
169,13704.492930
170,13855.143573
171,13879.827912
172,13758.733590
173,13778.083878
174,13870.507625
175,13859.238009
176,13794.800164
177,13804.076445
178,13841.601559
179,13904.973200
180,14033.043154
181,14160.107141
182,14081.486769
183,13964.535698
184,14007.538859
185,13913.571859
186,14007.906973
187,14112.214533
188,13937.893104
189,14021.025403
190,13907.558518
191,13935.588114
192,14099.337125
193,14068.813538
194,14153.882712
195,14087.489692
196,14010.930219
197,13914.891998
198,13829.506981
199,14055.729707
200,14177.554921
201,14291.971736
202,14180.010174
203,14195.833353
204,14269.865194
205,14070.979575
206,14063.585970
207,14010.749644
208,14115.753212
209,14083.176594
210,14036.492095
211,13970.732002
212,13923.316262
213,14099.274887
214,13942.054179
215,14075.046531
216,14070.779789
217,14078.645682
218,14134.615600
219,14042.422352
220,14108.375665
221,13983.894753
222,14321.406429
223,14091.823111
224,14400.422993
225,14210.953381
226,14449.919077
227,14381.159790
228,14228.926570
229,14268.766130
230,14348.320160
231,14338.127865
232,14260.667489
233,14389.787844
234,14387.554184
235,14337.858795
236,14091.193907
237,14063.306005
238,14109.655734
239,14369.229471
240,14492.102108
241,14392.944856
242,14279.895699
243,14236.876362
244,14527.887652
245,14206.461262
246,14318.259764
247,14346.869742
248,14535.836053
249,14521.430435
250,14542.235441
251,14405.837381
252,14159.347074
253,14301.374354
254,14381.886093
255,14184.837700
256,14056.050338
257,14441.131266
258,14350.793922
259,14263.907185
260,14240.554318
261,14089.901748
262,14164.925370
263,14114.501286
264,14197.171983
265,14247.407187
266,14021.447772
267,13891.238375
268,14240.184594
269,14114.608759
270,14142.863577
271,14086.105769
272,14114.795566
273,14122.767431
274,14100.350732
275,14194.877155
276,14243.399658
277,14473.242089
278,14168.018261
279,14353.569647
280,14368.586059
281,14376.091545
282,14235.853164
283,14174.307975
284,14386.676964
285,14196.844376
286,14136.051365
287,14252.700486
288,14277.886847
289,14368.578270
290,14494.734549
291,14222.909177
292,14246.785567
293,14163.372721
294,14322.438512
295,14249.960276
296,14213.566055
297,14091.353567
298,14108.296092
299,14095.379003
300,14288.603191
301,14075.301552
302,14122.313558
303,14426.258991
304,14565.948681
305,14370.795953
306,14318.446226
307,14188.712908
308,14183.943819
309,14407.177697
310,14554.267022
311,14487.753180
312,14282.339529
313,14352.714730
314,14329.883661
315,14417.069984
316,14387.697909
317,14519.038210
318,14554.943120
319,14200.007009
320,14498.095996
321,14339.931953
322,14231.066843
323,14138.475279
324,14272.168300
325,14377.201145
326,14448.980937
327,14317.668858
328,14251.673206
329,14319.937541
330,14124.067578
331,14143.778499
332,13846.339430
333,14171.141029
334,14350.524341
335,14312.303340
336,14384.098204
337,14295.415886
338,14329.563897
339,14355.984147
340,14295.946757
341,14259.879541
342,14463.127468
343,14444.982808
344,14426.579995
345,14303.559168
346,14456.132570
347,14369.687311
348,14456.866738
349,14436.879753
350,14478.832985
351,14198.225522
352,14294.729684
353,14286.518752
354,14226.060694
355,13936.864485
356,14195.203497
357,14150.870819
358,14286.915119
359,14246.503530
360,14286.120326
361,14190.600635
362,14284.028241
363,14256.571255
364,14274.055523
365,14188.985149
366,14248.835858
367,14280.633656
368,14210.762139
369,14451.481846
370,14519.218266
371,14414.182265
372,14235.304804
373,14271.294099
374,14219.981817
375,14230.077000
376,14448.520774
377,14492.484928
378,14427.164302
379,14513.628465
380,14530.238474
381,14386.689307
382,14552.594012
383,14411.460693
384,14311.495988
385,14239.528802
386,14247.664840
387,14204.982712
388,14327.280930
389,14180.565620
390,14279.593310
391,14463.489813
392,14422.924455
393,14511.545623
394,14331.653405
395,14336.186931
396,14428.037098
397,14415.632218
398,14290.334555
399,14493.878444
400,14399.755592
401,14403.620677
402,14381.887246
403,14321.985296
404,14158.503477
405,14378.342024
406,14149.588519
407,14251.327557
408,14484.646112
409,14569.731022
410,14655.784889
411,14653.002922
412,14533.173593
413,14533.802559
414,14275.109511
415,14338.069397
416,14526.546806
417,14349.402046
418,14606.057325
419,14316.501433
420,14487.594962
421,14267.231650
422,14148.571328
423,14264.287451
424,14318.372756
425,14332.113825
426,14434.128971
427,14522.057927
428,14131.555406
429,14418.891066
430,14612.215912
431,14345.263723
432,14435.750097
433,14489.809352
434,14607.909496
435,14519.540815
436,14381.009616
437,14483.985202
438,14429.834680
439,14430.633764
440,14082.254161
441,14216.109728
442,14240.830137
443,14262.151422
444,14329.739870
445,14442.531584
446,14460.118363
447,14436.492317
448,14732.762993
449,14466.333131
450,14390.105073
451,14391.768814
452,14500.477338
453,14458.948391
454,14417.870370
455,14328.221395
456,14218.984047
457,14286.305025
458,14451.519541
459,14491.463761
460,14353.866667
461,14359.671821
462,14203.133122
463,14294.309173
464,14457.638363
465,14508.752051
466,14603.211823
467,14252.609807
468,14372.160690
469,14277.332699
470,14207.125822
471,14477.999646
472,14530.489409
473,14455.229171
474,14411.679201
475,14504.797209
476,14372.755634
477,14335.753348
478,14478.331358
479,14574.848099
480,14646.116122
481,14648.024009
482,14543.389473
483,14387.447138
484,14538.962421
485,14560.662643
486,14323.578597
487,14432.518952
488,14283.806661
489,14253.457130
490,14314.901897
491,14485.393817
492,14509.663222
493,14483.741177
494,14450.666184
495,14514.297031
496,14217.025561
497,14200.991060
498,14311.008517
499,14428.319901
