0,3164.967448
1,3388.917051
2,3454.772559
3,3595.368055
4,3722.578747
5,3856.829554
6,3930.086404
7,4104.974424
8,4263.660295
9,4370.539756
10,4451.659758
11,4622.450323
12,4688.628313
13,4791.304063
14,4805.216099
15,4873.070973
16,5005.311627
17,5130.947272
18,5208.486133
19,5273.852767
20,5323.677321
21,5363.780394
22,5435.728785
23,5442.593472
24,5524.346907
25,5592.651063
26,5623.330217
27,5698.124245
28,5726.722738
29,5741.946044
30,5733.104967
31,5723.452102
32,5763.225042
33,5830.417062
34,5811.478789
35,5810.781457
36,5894.392997
37,5921.109596
38,5969.669194
39,5994.170546
40,5970.185548
41,5992.502690
42,5999.724685
43,5993.808757
44,6032.416156
45,6104.293449
46,6110.257127
47,6165.391357
48,6132.688154
49,6088.789127
50,6083.926686
51,5956.620211
52,6013.350168
53,6101.024882
54,6107.104031
55,6141.220605
56,6176.406330
57,6161.682082
58,6162.716316
59,6164.577784
60,6164.728553
61,6088.022012
62,6144.254167
63,6192.495332
64,6211.246739
65,6213.072512
66,6243.018232
67,6224.878303
68,6220.574912
69,6225.294277
70,6258.620245
71,6323.795576
72,6389.301922
73,6406.250653
74,6398.123119
75,6364.082149
76,6322.436261
77,6366.295658
78,6305.905786
79,6321.673805
80,6378.302926
81,6325.982053
82,6376.354305
83,6363.414767
84,6361.791258
85,6397.209159
86,6363.888981
87,6415.228505
88,6426.496524
89,6495.027530
90,6481.490515
91,6494.802067
92,6461.279126
93,6453.669658
94,6536.823085
95,6558.564076
96,6559.518467
97,6491.531838
98,6461.224105
99,6518.034033
100,6416.910558
101,6488.027060
102,6480.258375
103,6382.030035
104,6356.511562
105,6397.383983
106,6373.162556
107,6414.775497
108,6469.181428
109,6475.318884
110,6448.658710
111,6522.478039
112,6510.314407
113,6567.596038
114,6538.374951
115,6543.843215
116,6605.970256
117,6580.942761
118,6508.305359
119,6529.253055
120,6547.133650
121,6626.084274
122,6565.716643
123,6591.650447
124,6584.494534
125,6588.010563
126,6577.474518
127,6613.013834
128,6698.040819
129,6711.209732
130,6677.817381
131,6662.109561
132,6614.833163
133,6663.798092
134,6749.973845
135,6762.423379
136,6737.771234
137,6735.126069
138,6720.816500
139,6749.629726
140,6764.737653
141,6752.475724
142,6801.680340
143,6760.484656
144,6703.910835
145,6759.615634
146,6823.196515
147,6778.045451
148,6810.357927
149,6770.567178
150,6791.459011
151,6778.405458
152,6881.542344
153,6919.251838
154,6955.520061
155,6925.124439
156,6981.024767
157,7040.730310
158,7027.709754
159,7023.353257
160,7015.918448
161,6991.394224
162,6945.177311
163,6931.309934
164,6998.915554
165,7114.938251
166,7115.966071
167,7059.085150
168,7035.717617
169,7037.188257
170,7086.808354
171,7106.418083
172,7153.059793
173,7142.611148
174,7149.607356
175,7129.627481
176,7146.544965
177,7141.482794
178,7140.278475
179,7141.623068
180,7112.234149
181,7092.138358
182,7142.959543
183,7294.376989
184,7196.853732
185,7200.369354
186,7128.985532
187,7099.001111
188,7160.510523
189,7279.101575
190,7170.103703
191,7142.891408
192,7084.037014
193,7098.688338
194,7093.669972
195,7091.068617
196,7088.684240
197,7167.193833
198,7117.179095
199,7150.533562
200,7159.915500
201,7269.178171
202,7240.199681
203,7323.444944
204,7327.666646
205,7350.837276
206,7329.441565
207,7346.871827
208,7365.791131
209,7309.647033
210,7278.157406
211,7264.389117
212,7238.344411
213,7231.104337
214,7330.843013
215,7274.233491
216,7280.563826
217,7301.257346
218,7354.986280
219,7367.909964
220,7357.474811
221,7386.448865
222,7363.408826
223,7382.637074
224,7413.003948
225,7338.813345
226,7355.664475
227,7322.750796
228,7290.115203
229,7231.100297
230,7240.509781
231,7249.968387
232,7242.316738
233,7167.291069
234,7184.943458
235,7136.035689
236,7191.293200
237,7099.276556
238,7221.068600
239,7243.461705
240,7314.113723
241,7333.564628
242,7318.852486
243,7396.511359
244,7413.274965
245,7345.054415
246,7286.064447
247,7287.419234
248,7251.066583
249,7246.619031
250,7246.634593
251,7278.066717
252,7332.665349
253,7332.061664
254,7279.215148
255,7240.675289
256,7265.348979
257,7209.607275
258,7349.840318
259,7358.260344
260,7251.017472
261,7305.591999
262,7334.097602
263,7308.815201
264,7275.396793
265,7316.206093
266,7435.635129
267,7357.265101
268,7259.814552
269,7227.515616
270,7199.876662
271,7227.647672
272,7277.483791
273,7351.195244
274,7451.731148
275,7363.114759
276,7332.028980
277,7416.436998
278,7397.302604
279,7369.781100
280,7280.208114
281,7227.705027
282,7145.335968
283,7243.557493
284,7301.826815
285,7265.275697
286,7310.871476
287,7235.997458
288,7369.273305
289,7376.476107
290,7280.809974
291,7235.994116
292,7256.130854
293,7267.228252
294,7307.391648
295,7312.711564
296,7288.890686
297,7308.794191
298,7349.564634
299,7239.668209
300,7266.118209
301,7320.660627
302,7453.760794
303,7367.908602
304,7422.607345
305,7378.979463
306,7444.803845
307,7416.630753
308,7502.581441
309,7428.154135
310,7443.342538
311,7473.031276
312,7444.807352
313,7540.471511
314,7515.361202
315,7496.980708
316,7537.209668
317,7568.008198
318,7569.852898
319,7608.105139
320,7463.735126
321,7454.486737
322,7506.759665
323,7461.338795
324,7540.264151
325,7490.016255
326,7584.786319
327,7564.946949
328,7501.957088
329,7474.827792
330,7500.803202
331,7541.395489
332,7633.598902
333,7647.173460
334,7606.704567
335,7522.334899
336,7643.943683
337,7700.635449
338,7675.128264
339,7677.601765
340,7676.748249
341,7671.618357
342,7671.890622
343,7680.169009
344,7718.358187
345,7699.351225
346,7546.918426
347,7593.148451
348,7571.031894
349,7557.660756
350,7619.218617
351,7621.574199
352,7578.043626
353,7496.573697
354,7446.315666
355,7545.931199
356,7555.506504
357,7466.638118
358,7511.643669
359,7430.632763
360,7473.456659
361,7438.535352
362,7432.292253
363,7437.432174
364,7433.415158
365,7443.671615
366,7369.310498
367,7318.003677
368,7389.467634
369,7298.969621
370,7336.917556
371,7293.555478
372,7340.517612
373,7275.220505
374,7412.052462
375,7412.539026
376,7386.302500
377,7499.646018
378,7525.203898
379,7568.573283
380,7544.383453
381,7484.561948
382,7467.239499
383,7413.809798
384,7407.435565
385,7432.009224
386,7525.188530
387,7506.053504
388,7493.502784
389,7478.684459
390,7433.635549
391,7379.730575
392,7390.738643
393,7516.892822
394,7482.443117
395,7505.720579
396,7484.691239
397,7453.986054
398,7554.405191
399,7511.408519
400,7483.294727
401,7396.635948
402,7424.859768
403,7460.112217
404,7414.507452
405,7430.919864
406,7344.573093
407,7378.719170
408,7479.164394
409,7520.263418
410,7464.560459
411,7422.666172
412,7468.337959
413,7503.306044
414,7464.564581
415,7420.431177
416,7494.171420
417,7567.349738
418,7579.677049
419,7573.701631
420,7469.276736
421,7460.087290
422,7396.342028
423,7427.685289
424,7416.375258
425,7409.676442
426,7485.263937
427,7478.014292
428,7435.828766
429,7343.373257
430,7408.849351
431,7484.784919
432,7453.473481
433,7480.545284
434,7420.220011
435,7478.263753
436,7526.845790
437,7591.771014
438,7639.706351
439,7552.260337
440,7576.139477
441,7575.351839
442,7591.520029
443,7582.850004
444,7440.491688
445,7457.343755
446,7451.167353
447,7513.076786
448,7537.125968
449,7620.169543
450,7607.406319
451,7685.649918
452,7716.076066
453,7666.769229
454,7683.218978
455,7637.237304
456,7571.374511
457,7531.846734
458,7539.161780
459,7486.312272
460,7491.916906
461,7511.055855
462,7536.757021
463,7530.071049
464,7497.479487
465,7418.050562
466,7363.351923
467,7438.101604
468,7402.918763
469,7507.002678
470,7513.110635
471,7473.432424
472,7509.833898
473,7524.653549
474,7472.528155
475,7380.897784
476,7351.405038
477,7408.724882
478,7559.032800
479,7584.450295
480,7617.047251
481,7520.776115
482,7525.885577
483,7610.544885
484,7600.172861
485,7709.541579
486,7626.459566
487,7647.130070
488,7560.887077
489,7534.067296
490,7557.530638
491,7535.695572
492,7566.607677
493,7700.440641
494,7677.314993
495,7629.458161
496,7598.319437
497,7525.005741
498,7579.886732
499,7653.852538
