0,3141.175311
1,6267.581748
2,6733.921631
3,7119.039851
4,7465.027973
5,7752.774330
6,8140.904798
7,8441.103126
8,8748.026907
9,9015.202302
10,9219.147046
11,9420.389085
12,9744.904841
13,10024.075239
14,10254.791668
15,10598.747606
16,10836.517547
17,11129.006025
18,11335.239208
19,11631.699525
20,11907.581661
21,12136.674686
22,12403.755956
23,12656.575097
24,12911.124956
25,13100.399547
26,13274.279779
27,13494.800763
28,13655.716557
29,13750.059300
30,13880.395451
31,14044.810705
32,14217.875651
33,14257.996147
34,14379.823923
35,14342.699850
36,14401.719157
37,14515.599364
38,14562.326746
39,14693.926929
40,14727.542668
41,14782.006547
42,14782.650529
43,14855.608496
44,14864.746816
45,14972.962944
46,15058.344923
47,15104.249794
48,15091.941425
49,15056.444467
50,15134.752202
51,15089.467793
52,15143.221618
53,15193.125821
54,15158.873735
55,15327.190835
56,15363.125187
57,15289.882066
58,15201.234920
59,15383.058979
60,15340.157893
61,15298.566662
62,15368.433779
63,15361.887031
64,15407.055559
65,15328.804985
66,15301.453742
67,15287.058153
68,15299.013753
69,15318.353347
70,15326.620575
71,15219.027107
72,15364.021011
73,15269.558476
74,15320.236477
75,15393.085821
76,15406.023735
77,15294.082818
78,15325.110024
79,15347.569351
80,15316.724611
81,15340.990685
82,15413.485279
83,15357.849603
84,15338.506110
85,15340.963530
86,15337.783919
87,15342.340395
88,15263.923177
89,15180.280311
90,15299.668228
91,15277.123649
92,15335.881533
93,15430.602029
94,15314.866944
95,15322.791487
96,15379.889991
97,15310.892809
98,15427.977153
99,15378.761347
100,15290.224950
101,15272.354592
102,15240.678450
103,15295.172455
104,15389.010854
105,15392.891255
106,15338.446822
107,15395.900651
108,15350.378139
109,15317.486777
110,15194.772853
111,15235.510271
112,15321.911362
113,15350.969257
114,15307.918138
115,15300.674552
116,15329.485751
117,15324.324137
118,15314.671702
119,15294.793565
120,15274.054757
121,15347.026738
122,15383.007416
123,15259.801729
124,15280.376840
125,15317.572557
126,15386.664483
127,15306.442661
128,15208.746114
129,15231.578759
130,15232.569765
131,15275.282348
132,15302.854869
133,15324.579746
134,15240.609109
135,15277.530363
136,15314.556150
137,15378.463465
138,15307.830746
139,15352.161301
140,15296.533238
141,15251.058934
142,15313.458108
143,15400.087857
144,15337.253051
145,15347.601139
146,15400.701908
147,15356.879131
148,15318.722835
149,15256.280582
150,15303.370862
151,15373.682167
152,15301.250598
153,15246.367588
154,15310.642519
155,15321.677181
156,15319.390978
157,15290.782701
158,15433.858366
159,15386.190155
160,15266.482424
161,15216.744154
162,15258.992776
163,15311.398613
164,15250.631297
165,15248.373070
166,15216.599609
167,15311.445946
168,15310.072741
169,15351.736428
170,15317.862301
171,15263.542508
172,15347.295674
173,15317.129610
174,15393.148588
175,15396.792061
176,15292.018331
177,15323.728982
178,15357.323304
179,15378.001988
180,15338.625878
181,15333.185969
182,15170.393651
183,15185.288598
184,15317.582351
185,15345.486033
186,15296.586133
187,15160.129989
188,15208.074601
189,15345.711170
190,15209.494958
191,15252.784896
192,15341.680687
193,15303.189601
194,15330.839901
195,15312.239767
196,15321.961713
197,15320.829156
198,15372.461349
199,15307.023935
200,15337.386658
201,15366.923728
202,15225.647175
203,15295.790077
204,15350.414622
205,15361.128445
206,15240.092905
207,15304.441589
208,15274.083938
209,15377.715094
210,15314.386291
211,15229.333572
212,15228.366930
213,15260.738323
214,15384.525147
215,15357.414513
216,15238.462687
217,15256.499656
218,15272.862327
219,15407.638722
220,15341.546684
221,15276.206928
222,15330.919111
223,15312.054558
224,15284.524830
225,15343.940342
226,15332.806272
227,15411.087160
228,15342.398721
229,15345.685548
230,15373.088475
231,15315.627206
232,15284.578150
233,15318.967146
234,15263.910086
235,15226.836939
236,15257.270826
237,15272.570490
238,15257.406890
239,15287.018300
240,15320.446657
241,15292.231430
242,15317.321035
243,15400.353903
244,15356.732270
245,15385.682536
246,15322.663574
247,15297.662017
248,15318.786079
249,15311.855011
250,15325.637201
251,15294.798176
252,15414.440540
253,15449.206862
254,15446.417366
255,15327.562935
256,15206.246860
257,15238.531039
258,15153.488524
259,15240.513974
260,15414.379898
261,15409.160509
262,15405.559173
263,15378.050566
264,15333.061521
265,15320.915631
266,15318.162962
267,15286.231084
268,15324.901086
269,15183.052351
270,15234.243071
271,15230.065581
272,15340.801684
273,15260.993301
274,15201.871857
275,15240.654368
276,15276.249986
277,15355.842855
278,15349.765910
279,15442.797663
280,15350.089593
281,15318.378101
282,15284.436090
283,15249.328176
284,15285.981807
285,15288.309613
286,15171.619188
287,15225.482949
288,15222.042350
289,15173.892044
290,15301.833738
291,15289.833838
292,15241.304245
293,15281.848143
294,15315.234219
295,15290.432288
296,15373.748970
297,15417.440965
298,15310.481853
299,15320.251200
300,15260.981882
301,15257.302940
302,15478.604992
303,15425.276841
304,15354.431516
305,15378.852995
306,15374.975594
307,15298.855750
308,15316.515929
309,15260.937234
310,15295.004192
311,15293.476979
312,15253.101471
313,15315.057524
314,15351.644898
315,15320.465474
316,15280.574498
317,15400.599561
318,15352.061782
319,15272.372791
320,15416.598065
321,15333.387215
322,15291.131705
323,15235.853937
324,15154.185835
325,15258.650102
326,15253.851809
327,15240.900900
328,15279.731013
329,15223.317044
330,15313.610474
331,15373.782463
332,15346.380612
333,15374.927088
334,15316.773589
335,15379.429461
336,15341.233329
337,15340.134425
338,15310.187177
339,15365.555186
340,15296.723417
341,15346.831552
342,15287.435918
343,15245.800254
344,15223.812814
345,15236.063774
346,15264.938798
347,15148.114465
348,15257.572925
349,15218.652783
350,15226.495978
351,15232.181130
352,15227.785553
353,15273.120025
354,15245.692995
355,15288.169374
356,15389.899429
357,15366.452683
358,15406.390540
359,15336.353515
360,15344.841674
361,15325.577235
362,15375.672937
363,15297.622743
364,15313.329200
365,15341.475797
366,15192.995676
367,15300.798458
368,15281.975770
369,15314.500859
370,15223.208489
371,15224.141871
372,15335.179785
373,15296.175080
374,15361.453532
375,15320.374389
376,15350.870543
377,15310.385102
378,15251.789254
379,15387.070822
380,15368.484277
381,15415.728698
382,15311.955222
383,15349.615228
384,15330.451599
385,15451.619044
386,15398.535311
387,15346.574136
388,15278.791719
389,15304.414792
390,15288.950891
391,15360.896982
392,15414.589020
393,15345.116935
394,15347.765463
395,15376.667915
396,15409.087975
397,15354.594562
398,15307.548814
399,15300.389539
400,15362.281697
401,15331.352493
402,15281.550836
403,15315.685574
404,15251.640451
405,15334.341296
406,15334.514857
407,15324.057322
408,15264.975820
409,15358.131654
410,15299.897160
411,15238.966272
412,15311.668900
413,15297.216954
414,15248.698894
415,15388.319572
416,15334.048844
417,15373.032832
418,15402.369211
419,15331.642955
420,15388.452689
421,15381.708023
422,15405.277651
423,15332.474620
424,15299.944285
425,15367.736279
426,15332.219062
427,15251.488925
428,15276.799803
429,15248.661792
430,15380.112064
431,15272.679924
432,15326.286676
433,15302.914610
434,15334.335251
435,15271.175024
436,15255.706894
437,15292.750053
438,15256.876947
439,15256.556880
440,15265.413048
441,15270.166165
442,15271.753938
443,15312.335477
444,15307.779020
445,15295.916895
446,15410.314549
447,15407.350147
448,15256.340989
449,15438.946525
450,15290.426134
451,15255.455703
452,15311.783303
453,15313.344547
454,15284.996176
455,15243.902349
456,15314.194157
457,15385.995233
458,15410.715916
459,15413.997484
460,15406.585201
461,15284.111318
462,15398.311445
463,15359.164573
464,15338.913852
465,15388.820328
466,15280.102905
467,15294.295413
468,15332.268291
469,15325.550273
470,15376.992558
471,15262.082785
472,15287.386156
473,15339.798980
474,15326.069893
475,15408.251654
476,15380.122482
477,15391.044048
478,15374.789981
479,15440.120145
480,15392.943047
481,15267.232839
482,15311.462010
483,15251.176327
484,15324.361681
485,15318.513050
486,15294.728060
487,15282.172357
488,15249.857508
489,15166.348558
490,15137.437956
491,15187.865782
492,15276.247366
493,15351.888754
494,15437.901548
495,15427.052685
496,15375.739593
497,15335.627465
498,15214.707583
499,15266.003016
