0,3065.583280
1,3551.575516
2,3905.046789
3,4183.178269
4,4451.154723
5,4704.936553
6,4961.090560
7,5193.291379
8,5420.304109
9,5687.363187
10,5962.892890
11,6248.548887
12,6559.730846
13,6788.478673
14,6956.661674
15,7073.140450
16,7152.949839
17,7226.141088
18,7286.996610
19,7336.764192
20,7393.293348
21,7456.628016
22,7507.194176
23,7572.584879
24,7643.538682
25,7733.553345
26,7829.731214
27,7883.480518
28,7910.972553
29,7937.726691
30,7952.259240
31,7967.511762
32,7988.039639
33,8012.641426
34,8031.640617
35,8041.080147
36,8063.171838
37,8090.108321
38,8124.431110
39,8141.199716
40,8144.443276
41,8145.793540
42,8147.746880
43,8149.685951
44,8152.804190
45,8154.716698
46,8155.830374
47,8159.486935
48,8164.183404
49,8172.367466
50,8185.935760
51,8204.121492
52,8213.947864
53,8225.567027
54,8236.136296
55,8237.974300
56,8238.110572
57,8238.718439
58,8245.018013
59,8255.021227
60,8264.394554
61,8300.190366
62,8330.790930
63,8408.560321
64,8483.989223
65,8603.542440
66,8677.261166
67,8690.583784
68,8690.583784
69,8690.583784
70,8690.583784
71,8690.583784
72,8690.583784
73,8690.583784
74,8690.583784
75,8690.583784
76,8690.583784
77,8690.583784
78,8690.583784
79,8690.583784
80,8690.583784
81,8690.583784
82,8690.583784
83,8690.583784
84,8690.583784
85,8690.583784
86,8690.583784
87,8690.583784
88,8690.583784
89,8690.583784
90,8690.583784
91,8690.583784
92,8690.726048
93,8690.726048
94,8691.010577
95,8691.152841
96,8692.628824
97,8693.197882
98,8697.963700
99,8705.450296
100,8711.923286
101,8727.496529
102,8750.276430
103,8778.697548
104,8799.542463
105,8838.372702
106,8895.554819
107,8927.916125
108,8934.386787
109,8943.473249
110,8951.733668
111,8951.733668
112,8951.733668
113,8951.733668
114,8951.733668
115,8951.733668
116,8951.733668
117,8951.733668
118,8951.733668
119,8951.733668
120,8951.733668
121,8951.733668
122,8951.733668
123,8951.733668
124,8951.733668
125,8951.733668
126,8951.733668
127,8951.733668
128,8951.733668
129,8951.733668
130,8951.733668
131,8951.733668
132,8951.733668
133,8951.733668
134,8951.733668
135,8951.733668
136,8951.733668
137,8951.733668
138,8951.733668
139,8951.733668
140,8951.733668
141,8951.733668
142,8951.733668
143,8951.733668
144,8951.733668
145,8951.733668
146,8951.733668
147,8951.733668
148,8951.733668
149,8951.733668
150,8951.733668
151,8951.733668
152,8951.733668
153,8951.733668
154,8951.733668
155,8951.733668
156,8951.733668
157,8951.733668
158,8951.733668
159,8951.733668
160,8951.733668
161,8951.733668
162,8951.733668
163,8951.733668
164,8951.733668
165,8951.733668
166,8951.733668
167,8951.733668
168,8951.733668
169,8951.733668
170,8951.733668
171,8952.185732
172,8952.637796
173,8952.637796
174,8952.939172
175,8953.692613
176,8953.843301
177,8954.295365
178,8955.651557
179,8957.610501
180,8961.679078
181,8968.912103
182,8976.446504
183,8988.652234
184,8989.405674
185,8989.405674
186,8989.405674
187,8989.405674
188,8989.405674
189,8989.405674
190,8989.405674
191,8989.405674
192,8989.405674
193,8989.405674
194,8989.405674
195,8989.405674
196,8989.405674
197,8989.405674
198,8989.405674
199,8989.405674
200,8989.405674
201,8989.405674
202,8989.405674
203,8989.405674
204,8989.405674
205,8989.405674
206,8989.405674
207,8989.405674
208,8989.405674
209,8989.405674
210,8989.405674
211,8989.405674
212,8989.405674
213,8989.405674
214,8989.405674
215,8989.405674
216,8989.405674
217,8989.405674
218,8989.405674
219,8989.405674
220,8989.405674
221,8990.115622
222,8990.825569
223,8990.825569
224,8990.825569
225,8990.825569
226,8992.955411
227,8994.375306
228,8995.795201
229,8999.344938
230,9004.314569
231,9010.704095
232,9022.063253
233,9037.682096
234,9059.690464
235,9090.928149
236,9142.754307
237,9166.892518
238,9166.892518
239,9166.892518
240,9166.892518
241,9166.892518
242,9166.892518
243,9166.892518
244,9166.892518
245,9166.892518
246,9166.892518
247,9166.892518
248,9166.892518
249,9166.892518
250,9166.892518
251,9166.892518
252,9166.892518
253,9166.892518
254,9166.892518
255,9166.892518
256,9166.892518
257,9166.892518
258,9166.892518
259,9166.892518
260,9166.892518
261,9166.892518
262,9166.892518
263,9166.892518
264,9166.892518
265,9166.892518
266,9166.892518
267,9166.892518
268,9166.892518
269,9166.892518
270,9166.892518
271,9166.892518
272,9166.892518
273,9166.892518
274,9166.892518
275,9166.892518
276,9166.892518
277,9166.892518
278,9166.892518
279,9166.892518
280,9166.892518
281,9166.892518
282,9166.892518
283,9166.892518
284,9166.892518
285,9166.892518
286,9166.892518
287,9166.892518
288,9166.892518
289,9166.892518
290,9166.892518
291,9166.892518
292,9166.892518
293,9166.892518
294,9166.892518
295,9166.892518
296,9166.892518
297,9166.892518
298,9166.892518
299,9166.892518
300,9166.892518
301,9166.892518
302,9166.892518
303,9166.892518
304,9166.892518
305,9166.892518
306,9166.892518
307,9166.892518
308,9166.892518
309,9166.892518
310,9166.892518
311,9166.892518
312,9166.892518
313,9166.892518
314,9166.892518
315,9166.892518
316,9166.892518
317,9166.892518
318,9166.892518
319,9166.892518
320,9166.892518
321,9166.892518
322,9166.892518
323,9166.892518
324,9166.892518
325,9166.892518
326,9166.892518
327,9166.892518
328,9166.892518
329,9166.892518
330,9166.892518
331,9166.892518
332,9166.892518
333,9166.892518
334,9166.892518
335,9166.892518
336,9166.892518
337,9166.892518
338,9166.892518
339,9166.892518
340,9166.892518
341,9166.892518
342,9166.892518
343,9166.892518
344,9166.892518
345,9166.892518
346,9166.892518
347,9166.892518
348,9166.892518
349,9166.892518
350,9166.892518
351,9166.892518
352,9166.892518
353,9166.975933
354,9167.017640
355,9167.142763
356,9167.184470
357,9167.267885
358,9167.476423
359,9167.935205
360,9168.227158
361,9168.936185
362,9170.229118
363,9171.814003
364,9174.650113
365,9177.319393
366,9177.319393
367,9177.319393
368,9177.319393
369,9177.319393
370,9177.319393
371,9177.319393
372,9177.319393
373,9177.319393
374,9177.319393
375,9177.319393
376,9177.319393
377,9177.319393
378,9177.319393
379,9177.319393
380,9177.319393
381,9177.319393
382,9177.319393
383,9177.319393
384,9177.319393
385,9177.319393
386,9177.319393
387,9177.319393
388,9177.319393
389,9177.319393
390,9177.319393
391,9177.319393
392,9177.319393
393,9177.319393
394,9177.319393
395,9177.319393
396,9177.319393
397,9177.319393
398,9177.319393
399,9177.319393
400,9177.319393
401,9177.319393
402,9177.319393
403,9177.319393
404,9177.319393
405,9177.319393
406,9177.319393
407,9177.319393
408,9177.319393
409,9177.319393
410,9177.319393
411,9177.319393
412,9177.319393
413,9177.319393
414,9177.319393
415,9177.319393
416,9177.319393
417,9177.319393
418,9177.319393
419,9177.319393
420,9177.319393
421,9177.319393
422,9177.319393
423,9177.319393
424,9178.043352
425,9178.405332
426,9178.767311
427,9179.491271
428,9181.663149
429,9185.282946
430,9188.902743
431,9193.970459
432,9202.295993
433,9219.309039
434,9245.009599
435,9267.814321
436,9267.814321
437,9267.814321
438,9267.814321
439,9267.814321
440,9267.814321
441,9267.814321
442,9267.814321
443,9267.814321
444,9267.814321
445,9267.814321
446,9267.814321
447,9267.814321
448,9267.814321
449,9267.814321
450,9267.814321
451,9267.814321
452,9267.814321
453,9267.814321
454,9267.814321
455,9267.814321
456,9267.814321
457,9267.814321
458,9267.814321
459,9267.814321
460,9267.814321
461,9267.814321
462,9267.814321
463,9267.814321
464,9267.814321
465,9267.814321
466,9267.814321
467,9267.814321
468,9267.814321
469,9267.814321
470,9267.814321
471,9267.814321
472,9267.814321
473,9267.814321
474,9267.814321
475,9267.814321
476,9267.814321
477,9267.814321
478,9267.814321
479,9267.814321
480,9267.814321
481,9267.814321
482,9267.814321
483,9267.814321
484,9267.814321
485,9267.814321
486,9267.814321
487,9267.814321
488,9267.814321
489,9267.814321
490,9267.814321
491,9267.814321
492,9267.814321
493,9267.814321
494,9267.814321
495,9267.814321
496,9267.814321
497,9267.814321
498,9267.814321
499,9267.814321
