0,3111.538464
1,3524.601985
2,3817.970875
3,4100.449436
4,4381.984759
5,4629.663464
6,4862.079887
7,5128.993952
8,5408.525741
9,5692.967012
10,5949.867047
11,6205.694115
12,6424.008405
13,6629.310052
14,6831.813002
15,7015.346160
16,7193.575351
17,7344.771745
18,7465.673374
19,7553.505495
20,7634.163915
21,7701.567732
22,7757.768218
23,7807.193264
24,7847.278249
25,7893.537255
26,7940.455776
27,7994.072810
28,8059.003703
29,8129.239476
30,8192.831204
31,8234.483002
32,8270.042477
33,8299.136265
34,8328.945515
35,8355.123882
36,8371.229519
37,8376.897419
38,8380.507161
39,8382.266107
40,8385.190470
41,8386.477946
42,8388.254294
43,8390.141511
44,8393.699842
45,8397.741801
46,8404.603880
47,8420.012485
48,8440.479582
49,8470.207467
50,8522.458103
51,8558.842127
52,8571.224330
53,8572.147681
54,8573.486246
55,8575.614684
56,8578.050219
57,8581.825322
58,8588.298282
59,8597.823190
60,8610.973918
61,8621.379530
62,8622.069948
63,8622.162565
64,8622.162565
65,8622.162565
66,8622.162565
67,8622.162565
68,8622.162565
69,8622.162565
70,8622.162565
71,8622.162565
72,8622.162565
73,8622.162565
74,8622.162565
75,8622.460414
76,8622.460414
77,8622.460414
78,8622.460414
79,8622.460414
80,8622.460414
81,8622.758262
82,8623.056111
83,8623.949657
84,8625.141051
85,8626.928142
86,8629.013083
87,8632.885114
88,8639.139934
89,8648.968937
90,8666.244154
91,8692.156980
92,8696.624709
93,8696.624709
94,8696.624709
95,8696.624709
96,8696.624709
97,8696.624709
98,8696.624709
99,8696.624709
100,8696.624709
101,8696.624709
102,8696.624709
103,8696.624709
104,8696.624709
105,8696.624709
106,8696.624709
107,8696.624709
108,8696.624709
109,8696.624709
110,8696.624709
111,8696.624709
112,8696.624709
113,8696.624709
114,8696.624709
115,8696.624709
116,8696.624709
117,8696.624709
118,8696.624709
119,8696.624709
120,8696.624709
121,8696.624709
122,8696.624709
123,8696.624709
124,8696.624709
125,8696.624709
126,8696.624709
127,8696.624709
128,8696.624709
129,8696.624709
130,8696.624709
131,8696.624709
132,8696.624709
133,8696.624709
134,8696.624709
135,8696.624709
136,8696.624709
137,8696.624709
138,8696.624709
139,8696.624709
140,8696.624709
141,8696.624709
142,8696.624709
143,8696.624709
144,8696.624709
145,8696.624709
146,8696.624709
147,8696.624709
148,8696.624709
149,8696.624709
150,8696.624709
151,8696.624709
152,8696.624709
153,8696.624709
154,8696.624709
155,8696.624709
156,8696.624709
157,8696.624709
158,8696.624709
159,8696.624709
160,8696.624709
161,8696.624709
162,8696.624709
163,8696.624709
164,8696.624709
165,8696.624709
166,8696.624709
167,8696.624709
168,8696.624709
169,8696.624709
170,8696.624709
171,8696.624709
172,8696.624709
173,8696.624709
174,8696.624709
175,8696.624709
176,8696.624709
177,8696.624709
178,8696.624709
179,8696.624709
180,8696.624709
181,8696.624709
182,8696.624709
183,8696.624709
184,8696.624709
185,8696.624709
186,8696.624709
187,8696.624709
188,8696.624709
189,8696.624709
190,8696.624709
191,8696.624709
192,8696.624709
193,8696.624709
194,8696.624709
195,8696.624709
196,8696.624709
197,8696.624709
198,8696.624709
199,8696.624709
200,8696.624709
201,8696.624709
202,8696.624709
203,8696.624709
204,8696.624709
205,8696.624709
206,8696.624709
207,8696.624709
208,8696.624709
209,8696.624709
210,8696.624709
211,8696.624709
212,8696.624709
213,8696.624709
214,8696.624709
215,8696.624709
216,8696.624709
217,8696.624709
218,8696.624709
219,8696.624709
220,8696.624709
221,8696.624709
222,8696.624709
223,8696.624709
224,8696.624709
225,8696.624709
226,8696.624709
227,8696.624709
228,8696.624709
229,8696.624709
230,8696.624709
231,8696.624709
232,8696.624709
233,8696.624709
234,8696.624709
235,8696.624709
236,8696.624709
237,8696.624709
238,8696.624709
239,8696.624709
240,8696.624709
241,8696.624709
242,8696.624709
243,8696.624709
244,8696.624709
245,8696.624709
246,8696.624709
247,8696.624709
248,8696.624709
249,8696.624709
250,8696.624709
251,8696.624709
252,8696.624709
253,8696.624709
254,8696.624709
255,8696.624709
256,8696.624709
257,8696.624709
258,8696.624709
259,8696.624709
260,8696.624709
261,8696.624709
262,8696.624709
263,8696.624709
264,8696.624709
265,8696.624709
266,8696.624709
267,8696.624709
268,8696.624709
269,8696.624709
270,8696.624709
271,8696.624709
272,8696.624709
273,8696.624709
274,8696.624709
275,8696.624709
276,8696.624709
277,8696.624709
278,8696.624709
279,8696.624709
280,8696.624709
281,8696.624709
282,8696.624709
283,8696.624709
284,8696.624709
285,8696.624709
286,8696.624709
287,8696.624709
288,8696.624709
289,8696.624709
290,8696.624709
291,8696.624709
292,8696.624709
293,8696.624709
294,8696.624709
295,8696.624709
296,8696.624709
297,8696.624709
298,8696.624709
299,8696.624709
300,8696.624709
301,8696.624709
302,8696.624709
303,8696.624709
304,8696.624709
305,8696.624709
306,8696.624709
307,8696.624709
308,8696.624709
309,8696.624709
310,8696.624709
311,8696.624709
312,8696.624709
313,8696.624709
314,8696.624709
315,8696.624709
316,8696.624709
317,8696.624709
318,8696.624709
319,8696.624709
320,8696.624709
321,8696.624709
322,8696.624709
323,8696.624709
324,8696.624709
325,8696.624709
326,8696.624709
327,8696.624709
328,8696.624709
329,8696.624709
330,8696.624709
331,8696.624709
332,8696.624709
333,8696.624709
334,8696.624709
335,8696.624709
336,8696.624709
337,8696.624709
338,8696.624709
339,8696.624709
340,8696.624709
341,8696.624709
342,8696.624709
343,8696.624709
344,8696.624709
345,8696.624709
346,8696.624709
347,8696.624709
348,8696.624709
349,8696.624709
350,8696.624709
351,8696.624709
352,8696.624709
353,8696.624709
354,8696.624709
355,8696.624709
356,8696.624709
357,8696.624709
358,8696.624709
359,8696.624709
360,8696.624709
361,8696.624709
362,8696.624709
363,8696.624709
364,8696.624709
365,8696.624709
366,8696.624709
367,8696.624709
368,8696.624709
369,8696.624709
370,8696.692749
371,8696.760788
372,8696.828827
373,8696.964906
374,8697.100985
375,8697.441182
376,8697.985498
377,8698.870011
378,8700.230799
379,8702.476101
380,8706.422388
381,8711.797504
382,8713.634569
383,8713.634569
384,8713.634569
385,8713.634569
386,8713.634569
387,8713.634569
388,8713.634569
389,8713.634569
390,8713.634569
391,8713.634569
392,8713.634569
393,8713.634569
394,8713.634569
395,8713.634569
396,8713.634569
397,8713.634569
398,8713.634569
399,8713.634569
400,8713.634569
401,8713.900278
402,8714.165987
403,8714.431695
404,8714.697404
405,8715.228822
406,8715.760240
407,8717.088784
408,8719.214454
409,8722.137252
410,8727.185719
411,8734.094149
412,8746.316755
413,8766.244918
414,8780.061777
415,8780.061777
416,8780.061777
417,8780.061777
418,8780.061777
419,8780.061777
420,8780.061777
421,8780.061777
422,8780.061777
423,8780.061777
424,8780.061777
425,8780.061777
426,8780.061777
427,8780.061777
428,8780.061777
429,8780.061777
430,8780.061777
431,8780.061777
432,8780.061777
433,8780.061777
434,8780.061777
435,8780.061777
436,8780.061777
437,8780.061777
438,8780.061777
439,8780.061777
440,8780.061777
441,8780.061777
442,8780.061777
443,8780.061777
444,8780.061777
445,8780.061777
446,8780.061777
447,8780.061777
448,8780.061777
449,8780.061777
450,8780.061777
451,8780.061777
452,8780.061777
453,8780.061777
454,8780.061777
455,8780.061777
456,8780.061777
457,8780.061777
458,8780.061777
459,8780.061777
460,8780.061777
461,8780.061777
462,8780.061777
463,8780.061777
464,8780.061777
465,8780.061777
466,8780.061777
467,8780.061777
468,8780.061777
469,8780.061777
470,8780.061777
471,8780.061777
472,8780.061777
473,8780.061777
474,8780.061777
475,8780.061777
476,8780.061777
477,8780.061777
478,8780.061777
479,8780.061777
480,8780.061777
481,8780.061777
482,8780.061777
483,8780.061777
484,8780.061777
485,8780.061777
486,8780.061777
487,8780.061777
488,8780.061777
489,8780.061777
490,8780.061777
491,8780.061777
492,8780.061777
493,8780.061777
494,8780.061777
495,8780.061777
496,8780.061777
497,8780.061777
498,8780.061777
499,8780.061777
