0,3155.744318
1,6325.896059
2,6787.823830
3,7047.692560
4,7347.443835
5,7588.279536
6,7961.983388
7,8224.637449
8,8440.324389
9,8578.105854
10,8782.150807
11,9078.606575
12,9314.970452
13,9490.398064
14,9740.640062
15,9861.167335
16,10116.362706
17,10295.633421
18,10536.658511
19,10603.798587
20,10815.261722
21,11017.941492
22,11132.130817
23,11554.647983
24,11606.162787
25,11612.908376
26,11747.913336
27,11997.223099
28,12221.463567
29,12254.572197
30,12082.964969
31,12308.749960
32,12346.211460
33,12627.148417
34,12604.550487
35,12563.819376
36,12570.628893
37,12645.356798
38,12770.102528
39,12811.759031
40,12813.320794
41,12955.230816
42,13037.884036
43,13120.080566
44,13076.984052
45,13187.118726
46,13160.311041
47,13294.019843
48,13508.904244
49,13470.690571
50,13322.944366
51,13374.659845
52,13415.723189
53,13396.299721
54,13479.266139
55,13506.878559
56,13592.828992
57,13698.072192
58,13655.296564
59,13650.886726
60,13575.930086
61,13925.569640
62,13945.105807
63,13971.537490
64,13681.289134
65,13774.592755
66,13974.887989
67,14047.517751
68,13950.583878
69,13970.885963
70,13855.257777
71,14039.297413
72,13925.686852
73,14062.526394
74,14074.631364
75,14158.841144
76,14121.545320
77,14161.705606
78,14123.249826
79,13979.623103
80,13963.596305
81,14186.362249
82,14290.701133
83,14286.015306
84,14194.043871
85,14228.959551
86,14195.086576
87,14359.203012
88,14459.824531
89,14185.714297
90,14315.772569
91,14547.278363
92,14320.714126
93,14446.144081
94,14620.358554
95,14367.452764
96,14338.616203
97,14452.114152
98,14414.877824
99,14380.704542
100,14600.737028
101,14252.412071
102,14522.940995
103,14759.983591
104,14694.109357
105,14609.537213
106,14717.955972
107,14475.085608
108,14699.580255
109,14413.080337
110,14508.140335
111,14515.948545
112,14463.549906
113,14509.813530
114,14340.639271
115,14256.053727
116,14437.605144
117,14795.000090
118,14557.174956
119,14371.219119
120,14366.187442
121,14432.134334
122,14764.743964
123,14646.330680
124,14657.262529
125,14594.413196
126,14546.065066
127,14325.402216
128,14423.630188
129,14404.638198
130,14525.397168
131,14681.065597
132,14527.335434
133,14618.205726
134,14428.436423
135,14494.412913
136,14710.666013
137,14672.308575
138,14387.142003
139,14607.795014
140,14542.282270
141,14682.808542
142,14460.816139
143,14467.150058
144,14450.879437
145,14460.382170
146,14393.135678
147,14544.725013
148,14225.789537
149,14591.417389
150,14548.277116
151,14633.710285
152,14385.963580
153,14490.273743
154,14369.644304
155,14591.741158
156,14276.954573
157,14555.326382
158,14689.811108
159,14785.787609
160,14415.841475
161,14341.674098
162,14503.873542
163,14569.618030
164,14559.576173
165,14503.755205
166,14323.106259
167,14337.225302
168,14447.310128
169,14491.020759
170,14367.508634
171,14342.574824
172,14607.483274
173,14360.202093
174,14491.394791
175,14700.275902
176,14623.499195
177,14675.199510
178,14629.603645
179,14478.107118
180,14353.955438
181,14401.966540
182,14459.603645
183,14282.084949
184,14235.137207
185,14321.587442
186,14189.526115
187,14316.891265
188,14224.082928
189,14547.749089
190,14501.631925
191,14556.089750
192,14747.116687
193,14571.858968
194,14497.336824
195,14479.016130
196,14481.619691
197,14551.302676
198,14606.974084
199,14411.779388
200,14379.203405
201,14272.660883
202,14340.993469
203,14324.502344
204,14331.708132
205,14270.709327
206,14487.385913
207,14355.424123
208,14435.415983
209,14406.848400
210,14308.731942
211,14489.340793
212,14647.223077
213,14577.407475
214,14481.083208
215,14449.839399
216,14541.681054
217,14381.767319
218,14549.504688
219,14707.089926
220,14601.320777
221,14733.109157
222,14576.506067
223,14547.914518
224,14435.240351
225,14620.332536
226,14651.009522
227,14467.411399
228,14475.713296
229,14339.969785
230,14497.716156
231,14318.944278
232,14559.532463
233,14624.552084
234,14425.833902
235,14571.180827
236,14535.698070
237,14490.582387
238,14535.259500
239,14684.101182
240,14489.317569
241,14675.385557
242,14638.897318
243,14639.901243
244,14757.296312
245,14950.459507
246,15134.312166
247,15381.966149
248,15330.799427
249,15392.221427
250,15504.837104
251,15527.427912
252,15341.336757
253,15472.287098
254,15175.252888
255,15454.700323
256,15540.437109
257,15394.522922
258,15511.143106
259,15306.332985
260,15207.888023
261,15336.273768
262,15339.959294
263,15436.107977
264,15272.512275
265,15455.029046
266,15493.620426
267,15139.565888
268,15144.899476
269,15300.348605
270,15457.945708
271,15373.436829
272,15388.100308
273,15344.475451
274,15370.359631
275,15460.799361
276,15447.504912
277,15274.206887
278,15114.065720
279,15250.646998
280,15480.666786
281,15167.688851
282,15395.717113
283,15481.628526
284,15203.403901
285,15339.582650
286,15508.876155
287,15214.402669
288,15499.809473
289,15635.919547
290,15349.197366
291,15215.266200
292,15294.737507
293,15302.418960
294,15516.889818
295,15361.192518
296,15404.855288
297,15316.414333
298,15183.017169
299,15396.294507
300,15384.804216
301,15417.620259
302,15443.380645
303,15466.848201
304,15280.200092
305,15412.945335
306,15436.592543
307,15507.898136
308,15235.892242
309,15143.476757
310,15116.852505
311,15361.160224
312,15350.376174
313,15544.413362
314,15700.171932
315,15478.959050
316,15734.170121
317,15660.472684
318,15362.213736
319,15478.237544
320,15552.416690
321,15292.452505
322,15495.402901
323,15597.064168
324,15685.407348
325,15771.061028
326,15616.525656
327,15564.913742
328,15207.688679
329,15335.952215
330,15294.165681
331,15334.886008
332,15327.507511
333,15351.162737
334,15553.764363
335,15682.294070
336,15447.985365
337,15319.698952
338,15251.060910
339,15544.398609
340,15569.366375
341,15597.073919
342,15378.495443
343,15611.357843
344,15682.337875
345,15594.038856
346,15564.097728
347,15542.813869
348,15618.487400
349,15589.902330
350,15516.735028
351,15477.460252
352,15461.371948
353,15525.276268
354,15361.268312
355,15408.852280
356,15637.236769
357,15293.642614
358,15467.351026
359,15518.061389
360,15450.472465
361,15267.128483
362,15508.357563
363,15452.362655
364,15521.957799
365,15586.788526
366,15558.104828
367,15610.108686
368,15405.689964
369,15501.506696
370,15291.274016
371,15090.748617
372,15250.538181
373,15466.537281
374,15300.582021
375,15525.358752
376,15621.441294
377,15553.673228
378,15540.064967
379,15465.076717
380,15421.564808
381,15414.026223
382,15408.892481
383,15416.029156
384,15513.153113
385,15724.480613
386,15401.994455
387,15429.726306
388,15307.468288
389,15423.610659
390,15417.559783
391,15483.409712
392,15717.918961
393,15665.013752
394,15669.569468
395,15602.405259
396,15285.613639
397,15285.221176
398,15336.801767
399,15411.960162
400,15309.351151
401,15340.223383
402,15368.983683
403,15501.060549
404,15566.960683
405,15847.706945
406,15649.319992
407,15242.438372
408,15259.401822
409,15509.503072
410,15388.352735
411,15503.135897
412,15350.190139
413,15361.050663
414,15270.269203
415,15133.258286
416,15469.319442
417,15340.340485
418,15480.235177
419,15364.368815
420,15273.942273
421,15469.373865
422,15369.891595
423,15537.762309
424,15444.469267
425,15557.496957
426,15384.635167
427,15205.656339
428,15586.671589
429,15755.971198
430,15446.087265
431,15468.148150
432,15547.856556
433,15484.388522
434,15513.935734
435,15343.517737
436,15247.211903
437,15456.358626
438,15445.423484
439,15245.451356
440,15484.249818
441,15566.279437
442,15547.469476
443,15474.486360
444,15398.200918
445,15479.935981
446,15392.353904
447,15485.904705
448,15632.110253
449,15639.340961
450,15294.480141
451,15205.006105
452,15142.892327
453,15413.934860
454,15288.353773
455,15298.263634
456,15349.938869
457,15429.425743
458,15375.049081
459,15371.646161
460,15400.067240
461,15470.516858
462,15247.129758
463,15410.574670
464,15045.953143
465,15273.018238
466,15304.169385
467,15113.673542
468,15156.425629
469,15065.342513
470,15346.491562
471,15385.926145
472,15434.228309
473,15327.758774
474,15344.951554
475,15401.480168
476,15656.300834
477,15552.814245
478,15433.895310
479,15564.848634
480,15625.634439
481,15598.142264
482,15423.019198
483,15608.390357
484,15549.017353
485,15635.941896
486,15383.238872
487,15425.662806
488,15406.529952
489,15618.615053
490,15576.881280
491,15614.788748
492,15653.061681
493,15474.276693
494,15478.070793
495,15589.954483
496,15336.743974
497,15552.884718
498,15566.123177
499,15575.881781
