0,3127.914149
1,6242.251473
2,6625.629914
3,6921.994116
4,7048.852760
5,7222.145012
6,7395.928916
7,7460.469796
8,7634.992407
9,7746.299033
10,8004.641501
11,7937.383214
12,7932.443850
13,8100.884636
14,8179.027035
15,8183.907056
16,8301.852617
17,8399.196390
18,8369.387028
19,8362.856795
20,8420.170946
21,8520.310498
22,8537.590498
23,8674.789469
24,8611.787622
25,8660.960505
26,8805.359306
27,8779.169714
28,8854.594075
29,8801.347810
30,8968.562286
31,8950.791167
32,9176.968960
33,9058.642304
34,9095.764348
35,9228.096703
36,9257.736276
37,9226.411220
38,9302.122706
39,9300.698124
40,9416.361670
41,9391.413802
42,9254.724756
43,9512.411768
44,9535.420028
45,9375.387774
46,9456.999953
47,9589.989305
48,9581.730557
49,9547.265231
50,9740.587288
51,9786.438999
52,9695.007694
53,9903.682716
54,9864.397231
55,9811.552784
56,9784.184883
57,9986.615206
58,9917.245639
59,10072.799470
60,10048.770910
61,10052.943798
62,10013.462571
63,9923.956905
64,10092.274084
65,10018.308708
66,10106.506034
67,10108.671527
68,10292.617021
69,10245.725551
70,10410.698667
71,10343.968718
72,10359.722902
73,10587.349760
74,10462.198825
75,10407.480657
76,10537.955742
77,10363.108779
78,10447.390675
79,10331.183355
80,10282.960141
81,10233.954673
82,10397.283050
83,10415.192626
84,10402.917943
85,10631.203796
86,10604.880346
87,10417.620331
88,10683.909478
89,10606.437401
90,10761.935298
91,10598.433984
92,10712.225235
93,10531.707080
94,10531.697971
95,10664.756402
96,10572.680011
97,10728.465901
98,10610.800107
99,10566.978225
100,10527.900054
101,10627.945071
102,10709.434935
103,10886.459218
104,10716.998977
105,10849.990730
106,10724.291584
107,10652.872335
108,10782.806716
109,10705.793342
110,10743.632520
111,10977.603485
112,10956.750004
113,11244.943301
114,11246.116601
115,11024.230872
116,10865.265812
117,11066.709460
118,10998.887126
119,10803.804749
120,10911.852796
121,11063.404463
122,11297.473519
123,11016.998530
124,11121.853815
125,11045.042262
126,11060.017432
127,11106.683901
128,11033.538883
129,11043.832300
130,11191.612560
131,11013.140576
132,10840.030201
133,10981.130838
134,10860.289765
135,11200.145519
136,11041.348576
137,11019.138664
138,11045.560609
139,11039.833045
140,10962.968069
141,11013.743245
142,11052.686577
143,11254.941297
144,11236.491076
145,11303.421973
146,11354.294894
147,11253.088524
148,11135.044325
149,11214.932646
150,11322.159782
151,11288.014704
152,11193.261361
153,11124.960374
154,11242.547216
155,11218.330781
156,11179.162641
157,11257.616077
158,11259.313428
159,11218.173832
160,11298.067075
161,11454.470343
162,11525.590591
163,11367.502205
164,11424.975996
165,11420.790290
166,11350.629382
167,11443.581686
168,11665.607895
169,11352.089018
170,11198.708209
171,11337.371690
172,11340.030402
173,11606.088854
174,11629.901000
175,11470.183227
176,11507.191218
177,11558.657165
178,11402.311642
179,11423.886007
180,11523.015589
181,11597.341185
182,11651.562180
183,11735.627609
184,11643.692719
185,11548.551747
186,11518.908871
187,11465.210026
188,11421.928633
189,11684.516478
190,11684.745664
191,11663.165550
192,11625.964087
193,11571.485900
194,11475.455126
195,11699.462863
196,11661.101964
197,11467.963872
198,11487.025988
199,11647.335674
200,11804.665032
201,11803.920589
202,11573.288546
203,11565.613021
204,11718.349102
205,11887.486542
206,11628.482905
207,11691.536695
208,11717.647887
209,11691.606760
210,11733.262754
211,11690.521556
212,11819.035948
213,11825.561469
214,11910.665966
215,11801.662782
216,11699.957593
217,11847.020496
218,11975.259561
219,11880.866988
220,11951.511112
221,11953.795701
222,11843.897200
223,11919.428762
224,11964.382651
225,11928.654113
226,11997.663152
227,12069.962191
228,11824.687184
229,11821.682919
230,11867.675596
231,12074.262178
232,11960.836990
233,12024.259667
234,11993.169431
235,11857.121935
236,12135.488788
237,12120.368674
238,12296.676347
239,12214.047020
240,12120.810651
241,11861.095011
242,12163.529846
243,12150.518235
244,11995.571771
245,11987.427472
246,11954.176452
247,12123.338447
248,12255.715553
249,12301.094624
250,12167.511049
251,12145.000568
252,12454.315811
253,12245.231776
254,12286.147487
255,12314.829375
256,12210.272315
257,12153.413506
258,12116.558534
259,12098.507427
260,12224.044057
261,12387.017824
262,12263.831145
263,12106.090512
264,12335.128777
265,12392.765959
266,12514.420052
267,12448.333726
268,12286.321412
269,12163.507118
270,12282.703851
271,12581.233299
272,12507.244766
273,12462.627708
274,12485.534112
275,12410.490533
276,12505.018963
277,12275.824747
278,12267.580738
279,12415.762884
280,12462.492837
281,12415.673026
282,12571.337623
283,12556.804183
284,12280.157247
285,12524.133276
286,12453.581657
287,12398.481327
288,12429.464179
289,12377.147503
290,12171.345208
291,12292.049653
292,12332.842720
293,12331.619026
294,12395.547282
295,12391.307473
296,12355.287233
297,12378.183772
298,12575.714581
299,12426.006169
300,12704.349013
301,12331.940236
302,12298.943457
303,12612.119447
304,12608.286873
305,12543.649360
306,12716.919633
307,12442.009531
308,12346.999279
309,12429.077305
310,12563.231504
311,12521.874342
312,12492.808471
313,12267.230389
314,12502.804659
315,12689.726999
316,12553.637503
317,12493.806612
318,12630.344080
319,12438.366323
320,12534.210954
321,12769.905292
322,12629.766263
323,12427.821110
324,12505.832168
325,12474.534738
326,12661.994286
327,12488.008305
328,12418.729779
329,12727.786527
330,12628.662689
331,12420.975841
332,12792.691716
333,12804.072430
334,12597.324784
335,12635.078138
336,12620.676436
337,12497.276020
338,12741.319000
339,12718.998651
340,12805.952750
341,12629.207813
342,12533.091471
343,12779.844506
344,12641.450819
345,12697.694634
346,12496.333780
347,12843.705508
348,12756.151415
349,12683.582693
350,12629.633803
351,12756.348906
352,12751.360093
353,12679.660397
354,12529.701012
355,12678.945641
356,12680.370672
357,13038.145980
358,12626.264190
359,12824.466670
360,12871.961283
361,12710.667015
362,12820.159409
363,13064.232890
364,13105.643489
365,12833.164424
366,12754.098848
367,12516.878377
368,12558.799629
369,12632.480819
370,13038.768026
371,12813.327397
372,12532.862550
373,12828.726686
374,12683.672708
375,12779.802268
376,12685.950032
377,12752.229254
378,12878.753088
379,12844.904097
380,12938.823226
381,12832.077200
382,12873.585626
383,12709.836246
384,13003.974385
385,13152.868890
386,12758.163483
387,12974.265247
388,12697.341969
389,13131.892005
390,12752.896520
391,13041.738870
392,12989.635820
393,12577.161868
394,12717.162628
395,12792.338933
396,13045.872407
397,12895.674144
398,12835.731969
399,12957.818395
400,12627.242608
401,12739.446338
402,12884.376575
403,12978.443672
404,12627.899098
405,12933.359499
406,12762.592606
407,12806.704127
408,13027.047850
409,12907.609503
410,12856.948887
411,12924.082032
412,12844.819418
413,12917.704645
414,12947.611689
415,12825.930833
416,12768.085738
417,12882.780184
418,12776.079476
419,12724.138872
420,12938.848698
421,12830.929417
422,12980.582489
423,13234.133565
424,13025.301711
425,12832.890812
426,12791.129325
427,12719.570348
428,12937.112213
429,12810.511865
430,12848.611038
431,12935.015465
432,12862.625947
433,12930.435789
434,13028.048334
435,12902.648927
436,12713.446133
437,12982.252636
438,13139.397120
439,12969.814536
440,12801.693154
441,12865.194353
442,12874.604884
443,12619.257049
444,12785.251662
445,13039.270234
446,12969.576271
447,13146.106004
448,12810.486971
449,12918.850646
450,12802.371314
451,12859.156326
452,13057.382239
453,12899.675829
454,12605.496471
455,12561.437576
456,12819.578390
457,13050.613933
458,12759.912745
459,12846.006801
460,12905.830781
461,12738.375002
462,12730.614358
463,13005.708264
464,12808.026657
465,13014.436115
466,12819.046609
467,12862.052306
468,13073.435397
469,12900.633470
470,12978.519504
471,12917.952355
472,13068.436215
473,12922.227695
474,13087.678931
475,13256.861865
476,12910.749683
477,13003.008789
478,12768.377820
479,12819.548633
480,13082.528836
481,12967.113067
482,12967.279401
483,12931.119772
484,13048.628420
485,12962.505433
486,12845.632355
487,12785.748025
488,12927.429891
489,13099.555380
490,13004.701912
491,13006.129365
492,13064.228504
493,12941.870272
494,13004.471552
495,13185.905445
496,12740.110112
497,12912.955346
498,13176.016804
499,13184.094197
