0,3060.459511
1,6292.425700
2,6874.201239
3,7377.412156
4,7819.076813
5,8186.179072
6,8602.715861
7,9039.924976
8,9450.080036
9,9838.948349
10,10220.602983
11,10477.317864
12,10988.683107
13,11278.724462
14,11542.199292
15,11826.696353
16,12099.166792
17,12302.993015
18,12423.848987
19,12515.000897
20,12831.593376
21,12961.747823
22,13085.151676
23,13200.300601
24,13268.492479
25,13354.758505
26,13515.224604
27,13592.899645
28,13714.839443
29,13671.002480
30,13757.768793
31,13658.481404
32,13746.486044
33,13819.759749
34,13941.600404
35,14077.747277
36,14066.195259
37,14079.798445
38,14106.221105
39,14218.508243
40,14294.551918
41,14382.906936
42,14304.993653
43,14458.447219
44,14481.534008
45,14502.820153
46,14500.424198
47,14527.640125
48,14635.202847
49,14720.585630
50,14700.796810
51,14707.112498
52,14739.570145
53,14884.760480
54,14882.367060
55,14881.547708
56,14935.119699
57,14970.007641
58,14959.560107
59,14869.825421
60,14890.305836
61,14845.973590
62,14830.504812
63,14865.551293
64,14893.081807
65,14968.975272
66,14956.852441
67,14950.920778
68,14944.572319
69,14953.976025
70,15006.125013
71,14938.226871
72,14989.575936
73,14885.483298
74,14945.951810
75,14948.224213
76,14994.211965
77,15043.081197
78,14977.947267
79,14929.322845
80,14964.439624
81,14906.711895
82,14949.680610
83,14974.470484
84,14898.611008
85,14939.268509
86,15019.364959
87,15049.177243
88,14992.095705
89,14973.001679
90,14955.323407
91,14960.393622
92,14939.640060
93,15008.737123
94,14936.001598
95,15047.615187
96,14981.128540
97,14901.735464
98,14972.373039
99,14996.524022
100,14961.753176
101,14939.617409
102,14929.492305
103,15002.415907
104,14929.858760
105,14911.443877
106,14955.012927
107,14932.615116
108,15023.170043
109,14969.283985
110,14933.224777
111,14942.339353
112,14928.480157
113,14980.583062
114,14945.274387
115,14967.488764
116,14949.205984
117,14994.331889
118,14953.707039
119,15017.053773
120,14937.351205
121,15002.655565
122,14955.852789
123,14919.959679
124,14897.518558
125,14987.016016
126,14946.438955
127,14933.656284
128,14930.369685
129,14885.960735
130,14989.704718
131,14998.555228
132,14984.021069
133,14897.657728
134,14970.925130
135,14942.458006
136,14939.540482
137,14871.023542
138,14833.827804
139,14988.833511
140,15039.911272
141,15056.549935
142,14899.569804
143,14947.135053
144,14941.507422
145,14929.295128
146,14925.174756
147,15033.488666
148,14922.222646
149,14948.131776
150,14941.608448
151,14978.654746
152,15021.530227
153,14975.676249
154,14989.855486
155,14979.526656
156,14992.731253
157,15007.343165
158,14973.312497
159,14922.325049
160,14955.482247
161,14939.937106
162,14941.919826
163,14938.793383
164,15035.789380
165,14964.362663
166,14989.891088
167,14950.405008
168,14953.313854
169,14961.277634
170,14947.289882
171,14951.175078
172,15028.666015
173,14995.365759
174,14970.376430
175,14927.097797
176,14962.677208
177,14934.244420
178,14955.822290
179,14932.398151
180,14948.804800
181,15031.551551
182,14992.831671
183,14973.082388
184,14948.230324
185,14934.127420
186,14955.850756
187,14834.139788
188,14883.586532
189,15025.286918
190,14984.970442
191,14998.757686
192,14966.509846
193,14945.762965
194,14955.240034
195,14940.339735
196,14944.542590
197,14919.574436
198,14895.270785
199,14976.603380
200,14991.576971
201,14891.023347
202,14940.871381
203,14831.196546
204,14874.677150
205,14887.030340
206,14852.116590
207,14888.007888
208,14888.362383
209,14920.527642
210,14933.114398
211,14926.183305
212,14961.317006
213,14867.379270
214,14811.770829
215,14913.735390
216,14902.254382
217,14934.645079
218,14914.963137
219,14924.292736
220,14902.784125
221,14921.190637
222,14849.552519
223,14849.823403
224,14911.553549
225,14925.563103
226,14860.650254
227,14886.810877
228,14980.223108
229,14986.763756
230,14978.774644
231,14917.456010
232,14934.952330
233,14942.529171
234,15003.247605
235,15008.258615
236,14978.722831
237,14927.666560
238,14958.864314
239,15006.836495
240,14973.237086
241,14971.767737
242,14855.706622
243,14932.863063
244,14963.178429
245,14971.318269
246,14937.392004
247,14973.392467
248,14932.616473
249,14874.997335
250,15026.160266
251,14948.605733
252,14828.934829
253,14925.043820
254,14998.454463
255,14954.073914
256,14983.389004
257,14975.394170
258,15021.069819
259,14906.502900
260,14864.577963
261,14993.718943
262,14991.330129
263,14985.314287
264,14988.992431
265,14941.875996
266,14899.079570
267,14859.361216
268,14903.318612
269,14918.715294
270,14952.406917
271,14981.688581
272,14985.094242
273,14947.586108
274,14888.785584
275,14988.592427
276,14906.719558
277,14886.228495
278,14937.582759
279,14960.232008
280,14992.277546
281,15000.057977
282,14967.727789
283,14888.477926
284,14910.124689
285,14953.673756
286,14990.812476
287,15027.480909
288,14998.090908
289,14963.341307
290,15022.930023
291,14968.002188
292,15025.305355
293,15000.497872
294,14980.302822
295,14955.771286
296,14914.696044
297,14953.086559
298,14918.403094
299,14943.875730
300,14991.136232
301,14944.900215
302,14892.580478
303,14886.651520
304,14964.364616
305,14961.352060
306,15035.305362
307,14964.070237
308,14907.923013
309,15042.599661
310,14870.679072
311,14977.755375
312,14857.169558
313,14917.943483
314,14942.761970
315,14920.676822
316,15001.530190
317,14862.179300
318,14938.203717
319,14923.313931
320,14995.449089
321,14955.432070
322,14965.620528
323,14944.257281
324,14887.231576
325,14937.513565
326,14878.289410
327,14920.622009
328,15007.663235
329,14965.707437
330,14896.061870
331,14839.867605
332,14906.601266
333,14949.451954
334,14983.592744
335,14958.104685
336,14882.722516
337,14942.960999
338,14981.474183
339,14975.626827
340,14912.233743
341,14935.087612
342,14964.093804
343,14901.707074
344,14938.881024
345,14946.005775
346,14988.442000
347,14935.276724
348,14997.667671
349,14990.273550
350,14863.664183
351,14954.726236
352,14993.898297
353,15007.172281
354,14968.479317
355,14921.933261
356,14942.704999
357,14869.923680
358,14963.228790
359,14918.151782
360,14920.149373
361,14976.309283
362,14969.335021
363,14940.013989
364,14967.999118
365,14979.855698
366,14998.591122
367,14989.093948
368,14962.971455
369,15003.074919
370,15071.281349
371,15029.321390
372,14929.639621
373,14965.362296
374,15025.905173
375,14943.883650
376,14953.882508
377,14929.279167
378,14854.160970
379,14921.409394
380,14915.354177
381,14857.393303
382,14943.877930
383,14854.071146
384,14938.399644
385,14848.120198
386,14923.446618
387,14957.956644
388,14995.187662
389,14925.751291
390,14933.338707
391,14924.727312
392,14929.583496
393,14944.243590
394,14942.988890
395,14885.509819
396,14822.785942
397,14848.196420
398,14880.986175
399,14950.667773
400,14965.945433
401,14924.644365
402,14923.477468
403,14895.674026
404,14881.162163
405,14984.345806
406,15012.077275
407,14962.320018
408,14863.956258
409,14920.027550
410,14906.877295
411,14903.901089
412,14891.046547
413,14926.888434
414,14904.836585
415,14874.024429
416,14868.410017
417,14920.948927
418,14980.421686
419,15010.703911
420,14927.028965
421,14893.595245
422,14922.917465
423,14935.987155
424,14961.013095
425,14953.988267
426,14890.249807
427,14952.772524
428,15030.365019
429,14986.751565
430,14980.860394
431,15024.846455
432,14997.831469
433,14890.407006
434,14880.690930
435,14976.308939
436,14953.416563
437,14966.773468
438,14937.602883
439,14947.860823
440,15009.861088
441,14926.220904
442,14982.011481
443,14922.543844
444,14941.110380
445,14969.073173
446,14906.114471
447,14903.236083
448,14916.620428
449,14898.168375
450,14960.044527
451,15001.380619
452,14975.707222
453,14908.676394
454,14975.021027
455,14947.411371
456,14932.731121
457,14965.322129
458,14875.361615
459,14911.694564
460,14918.587695
461,14952.993336
462,14963.803562
463,14926.677219
464,14893.947339
465,14938.960553
466,14941.469292
467,15001.632556
468,14912.765513
469,14970.076026
470,14960.147465
471,14987.739222
472,15015.477230
473,14964.595299
474,14978.333550
475,14954.917080
476,15028.117696
477,14946.016145
478,14921.895873
479,14929.492566
480,14869.775718
481,14925.604071
482,14933.522110
483,14877.835996
484,14921.174132
485,14883.948270
486,14966.648984
487,15004.010103
488,15024.299227
489,14954.791920
490,14888.956359
491,14908.911284
492,14891.358476
493,15003.566239
494,14949.763811
495,14975.435581
496,14895.725382
497,14901.762156
498,14952.402162
499,14983.830891
