0,3093.730623
1,3341.719157
2,3588.679988
3,3819.538806
4,4033.635855
5,4259.987787
6,4522.649026
7,4716.404353
8,4818.032168
9,4892.651740
10,5032.681921
11,5117.628481
12,5306.391489
13,5411.387139
14,5496.313579
15,5612.418675
16,5735.097539
17,5853.846130
18,5903.935377
19,5969.219642
20,6060.328414
21,6095.428162
22,6171.414061
23,6243.478023
24,6261.644974
25,6287.133560
26,6283.789076
27,6264.830860
28,6370.918880
29,6402.990404
30,6444.918383
31,6509.412579
32,6517.466194
33,6490.433535
34,6506.671274
35,6544.442607
36,6616.094670
37,6650.338825
38,6619.449511
39,6667.908425
40,6700.261574
41,6685.462716
42,6703.254376
43,6677.964576
44,6721.391361
45,6673.700952
46,6737.940073
47,6845.000724
48,6802.775686
49,6847.033809
50,6871.052565
51,6880.417843
52,6911.110244
53,6897.271346
54,6884.584117
55,6873.095626
56,6868.208219
57,6906.499971
58,6979.602004
59,7003.950432
60,6993.225595
61,7017.962985
62,7080.943426
63,7061.719415
64,7111.997247
65,7091.953686
66,7158.755759
67,7173.984951
68,7261.249293
69,7305.239889
70,7283.796907
71,7309.002886
72,7277.585357
73,7393.620914
74,7368.706807
75,7351.434314
76,7374.647555
77,7402.930144
78,7339.541958
79,7289.496718
80,7296.009188
81,7405.238447
82,7472.408919
83,7479.259759
84,7494.629946
85,7431.545807
86,7476.718817
87,7406.356176
88,7482.008774
89,7529.197257
90,7578.686495
91,7536.879128
92,7551.699173
93,7522.424048
94,7546.291738
95,7504.739423
96,7490.502668
97,7531.206416
98,7537.967702
99,7563.133321
100,7558.382914
101,7564.969315
102,7539.762156
103,7619.278639
104,7564.141541
105,7559.893577
106,7585.531720
107,7520.708370
108,7533.226431
109,7476.878910
110,7518.975070
111,7548.721970
112,7527.003847
113,7595.789131
114,7553.863852
115,7494.855870
116,7526.258944
117,7550.588999
118,7580.661949
119,7554.594776
120,7605.921170
121,7639.478997
122,7568.193295
123,7534.799507
124,7564.510507
125,7462.678234
126,7540.715853
127,7571.493218
128,7541.716593
129,7566.507316
130,7598.391209
131,7636.889399
132,7628.151531
133,7597.194960
134,7610.533786
135,7614.181045
136,7612.405430
137,7600.901998
138,7573.392797
139,7600.324537
140,7564.266858
141,7582.178510
142,7571.739149
143,7593.674329
144,7573.207076
145,7535.972882
146,7550.530433
147,7563.666397
148,7527.680290
149,7518.782999
150,7486.837976
151,7559.519801
152,7583.928663
153,7591.112948
154,7602.713490
155,7611.316700
156,7586.116425
157,7622.852028
158,7555.132357
159,7517.808613
160,7589.175811
161,7615.711553
162,7623.674503
163,7668.824542
164,7598.031616
165,7637.364405
166,7609.711881
167,7582.638229
168,7656.533894
169,7665.234633
170,7733.854560
171,7625.361884
172,7628.238503
173,7709.620700
174,7676.992409
175,7745.020029
176,7857.136903
177,7909.443170
178,7893.528631
179,7924.337835
180,7925.890888
181,7982.205677
182,7996.286810
183,7953.803300
184,7964.399920
185,7964.804245
186,7973.146269
187,7966.757777
188,7937.615638
189,7885.822550
190,7900.505120
191,7943.586587
192,8005.794213
193,7950.121824
194,8015.040006
195,7976.684678
196,7936.560734
197,7953.143358
198,8027.710052
199,7967.801205
200,7982.685230
201,7983.483939
202,7993.277636
203,8040.686883
204,8065.122963
205,8066.713668
206,8051.194910
207,8046.976295
208,8084.646036
209,8035.500823
210,7941.505216
211,7931.969635
212,7927.809645
213,8008.839110
214,7972.836195
215,8013.072965
216,7975.636227
217,8035.372624
218,8046.823076
219,8080.226346
220,8054.469139
221,8073.527946
222,8060.646973
223,8091.016519
224,8074.321016
225,8062.482376
226,8076.935940
227,8081.325657
228,8056.790883
229,8001.248436
230,8015.430891
231,8019.115354
232,8108.341363
233,8066.104760
234,8134.866400
235,8072.193534
236,8030.362168
237,8073.965296
238,8067.587877
239,8079.251930
240,8078.075210
241,8026.878111
242,7995.260544
243,8022.901024
244,8058.306630
245,8104.127285
246,8116.897033
247,8060.985295
248,8106.413329
249,8058.362052
250,8162.319433
251,8129.698895
252,8087.700686
253,8136.026081
254,8189.952765
255,8163.796684
256,8144.587367
257,8113.839343
258,8112.646439
259,8156.421321
260,8120.479092
261,8169.344614
262,8240.143495
263,8224.819784
264,8233.600604
265,8243.347659
266,8182.814228
267,8271.774200
268,8205.811717
269,8189.553031
270,8222.150664
271,8212.699424
272,8233.965793
273,8222.667697
274,8195.797594
275,8175.662335
276,8101.561547
277,8122.461947
278,8136.375788
279,8112.944179
280,8155.173096
281,8171.838012
282,8125.232717
283,8178.628011
284,8155.776551
285,8150.349983
286,8159.699858
287,8114.442377
288,8120.188998
289,8173.665213
290,8164.892549
291,8241.086035
292,8229.031980
293,8201.311208
294,8259.739159
295,8230.951412
296,8158.160269
297,8258.287737
298,8200.312421
299,8186.550234
300,8245.461685
301,8239.993369
302,8273.831523
303,8276.487919
304,8267.191969
305,8171.759233
306,8224.299831
307,8231.616522
308,8235.381147
309,8314.361881
310,8270.436688
311,8228.055235
312,8229.061469
313,8278.826314
314,8251.185506
315,8241.688255
316,8199.234160
317,8101.917413
318,8019.285118
319,8051.023116
320,8045.127643
321,8119.756222
322,8196.282844
323,8239.647924
324,8269.520216
325,8203.446065
326,8168.779834
327,8132.617381
328,8221.299389
329,8175.122340
330,8135.710755
331,8216.617590
332,8232.890659
333,8214.687702
334,8205.721673
335,8229.487082
336,8181.798157
337,8212.537333
338,8283.800116
339,8222.494740
340,8293.702388
341,8249.427879
342,8271.375775
343,8265.095329
344,8341.378010
345,8285.571722
346,8206.503321
347,8245.942435
348,8239.396310
349,8242.812850
350,8270.269769
351,8272.143052
352,8267.063424
353,8213.148768
354,8267.609988
355,8220.424004
356,8277.996767
357,8263.151445
358,8268.466624
359,8239.288306
360,8250.654472
361,8215.425857
362,8216.834405
363,8133.694094
364,8220.712632
365,8232.943119
366,8248.077845
367,8240.327790
368,8273.686200
369,8249.880761
370,8149.016052
371,8120.255053
372,8157.328271
373,8059.248727
374,8024.155495
375,8042.242230
376,8047.192993
377,8170.206497
378,8235.043703
379,8248.439767
380,8118.464620
381,8293.234137
382,8330.271309
383,8299.221952
384,8313.684404
385,8266.467798
386,8326.817258
387,8244.546488
388,8230.519888
389,8234.877442
390,8216.361790
391,8145.874233
392,8212.569892
393,8205.354517
394,8194.491896
395,8218.520506
396,8116.416278
397,8238.917470
398,8162.660483
399,8125.048526
400,8177.107808
401,8176.300950
402,8234.664188
403,8258.992028
404,8193.011332
405,8119.898960
406,8140.372864
407,8199.388510
408,8217.620262
409,8164.415900
410,8273.201002
411,8264.291099
412,8194.615626
413,8250.789344
414,8256.111046
415,8260.031426
416,8174.661944
417,8134.356973
418,8140.671971
419,8126.608884
420,8178.046892
421,8190.819433
422,8252.402612
423,8188.266071
424,8230.079055
425,8209.016201
426,8295.836864
427,8308.632720
428,8240.316061
429,8310.486642
430,8251.605265
431,8198.766739
432,8226.306575
433,8241.848497
434,8249.327292
435,8233.674251
436,8222.687938
437,8113.260011
438,8137.926850
439,8126.623162
440,8149.611418
441,8090.992144
442,8163.567135
443,8184.603453
444,8206.789197
445,8225.825596
446,8224.176705
447,8229.735124
448,8227.195518
449,8243.309994
450,8229.201373
451,8303.264398
452,8308.022092
453,8283.938860
454,8261.906283
455,8297.198956
456,8331.850507
457,8248.824529
458,8370.350402
459,8347.847207
460,8264.591267
461,8250.006620
462,8254.990996
463,8264.097568
464,8287.600546
465,8302.394558
466,8277.113597
467,8265.333762
468,8221.879253
469,8189.840749
470,8267.876430
471,8263.250986
472,8229.945874
473,8186.669311
474,8279.992751
475,8325.964978
476,8304.120773
477,8318.642605
478,8338.830208
479,8376.369040
480,8329.493641
481,8310.661043
482,8240.910035
483,8243.753695
484,8189.159933
485,8277.439746
486,8264.528280
487,8273.130135
488,8242.070295
489,8252.673149
490,8227.878289
491,8242.093670
492,8241.695591
493,8231.799146
494,8293.296601
495,8280.699578
496,8241.592729
497,8206.513767
498,8254.141203
499,8223.922869
