0,3139.357674
1,6266.142673
2,6741.273979
3,7130.206497
4,7466.263139
5,7684.380859
6,7929.504337
7,8088.576596
8,8275.032618
9,8587.289112
10,8744.078327
11,9085.055353
12,9373.293800
13,9486.428120
14,9788.905259
15,9931.641026
16,10097.584052
17,10264.218901
18,10431.808735
19,10619.273835
20,10833.719628
21,10970.104127
22,11215.320435
23,11190.492717
24,11406.905217
25,11486.798067
26,11645.063106
27,11741.333670
28,11789.610271
29,11861.656025
30,12072.965747
31,12184.274167
32,12327.216456
33,12266.468675
34,12358.559029
35,12409.828598
36,12416.744313
37,12497.451845
38,12443.212931
39,12644.047652
40,12606.818237
41,12771.278720
42,12660.331063
43,12658.138996
44,12721.102113
45,12879.234544
46,12981.819309
47,12916.988300
48,12836.497296
49,12913.273805
50,12765.233803
51,13128.646665
52,13094.610827
53,13164.258517
54,13094.347700
55,13126.789240
56,13001.684272
57,13270.295436
58,13313.121400
59,13323.708261
60,13456.743383
61,13374.577896
62,13415.978348
63,13443.644255
64,13605.302703
65,13386.466306
66,13245.385673
67,13574.610228
68,13524.265311
69,13376.956511
70,13532.030047
71,13443.361671
72,13542.620938
73,13478.689685
74,13537.300522
75,13699.973336
76,13524.078756
77,13615.233711
78,13478.083454
79,13363.295877
80,13431.763198
81,13709.493080
82,13614.677125
83,13437.923847
84,13477.207747
85,13512.521427
86,13284.395946
87,13482.137384
88,13677.750829
89,13662.111491
90,13636.975860
91,13538.569893
92,13604.555833
93,13459.762729
94,13340.749701
95,13524.889200
96,13411.088676
97,13316.789795
98,13518.318328
99,13645.353979
100,13639.005215
101,13564.282541
102,13632.579753
103,13525.415815
104,13435.375651
105,13428.217176
106,13552.918029
107,13435.416214
108,13306.030219
109,13451.403280
110,13402.396903
111,13543.061968
112,13592.736430
113,13565.436889
114,13571.033908
115,13664.844750
116,13396.861773
117,13490.137175
118,13584.443149
119,13622.684087
120,13536.668533
121,13554.746709
122,13603.664215
123,13618.071852
124,13663.965254
125,13711.646476
126,13562.756643
127,13578.915701
128,13549.641252
129,13730.739307
130,13585.465331
131,13356.734596
132,13597.835009
133,13502.729346
134,13418.223235
135,13486.132739
136,13586.995919
137,13442.697956
138,13589.441862
139,13488.461970
140,13701.805414
141,13481.012049
142,13636.343662
143,13696.017201
144,13704.793246
145,13506.048495
146,13403.164589
147,13631.711347
148,13581.522876
149,13690.636978
150,13750.073949
151,13738.886874
152,13484.208541
153,13625.315674
154,13556.805059
155,13530.363768
156,13455.856637
157,13349.072603
158,13451.226024
159,13593.782020
160,13448.814960
161,13519.056800
162,13450.713308
163,13451.501425
164,13436.441131
165,13540.400851
166,13335.777970
167,13422.934641
168,13514.766458
169,13524.950501
170,13688.097875
171,13414.784628
172,13350.751627
173,13490.044881
174,13410.393394
175,13669.059241
176,13606.635873
177,13653.200832
178,13694.099204
179,13651.246770
180,13499.520320
181,13525.884141
182,13449.807612
183,13496.325101
184,13524.047477
185,13441.208526
186,13695.432540
187,13559.495517
188,13849.626536
189,13370.527916
190,13299.358502
191,13482.541579
192,13193.784843
193,13363.427438
194,13400.058605
195,13317.215482
196,13314.749110
197,13398.373762
198,13498.291570
199,13541.496880
200,13438.341351
201,13549.155722
202,13630.212327
203,13543.913627
204,13631.464950
205,13489.833877
206,13641.791747
207,13455.698172
208,13524.311400
209,13660.318414
210,13552.111916
211,13615.748458
212,13447.472703
213,13579.483992
214,13633.092629
215,13604.310784
216,13736.323840
217,13786.617569
218,13596.281121
219,13323.105251
220,13504.197386
221,13517.177637
222,13425.932023
223,13595.943612
224,13261.761551
225,13366.768680
226,13522.309401
227,13565.868474
228,13507.898870
229,13436.071408
230,13426.634397
231,13647.696212
232,13341.774573
233,13278.446282
234,13464.717377
235,13466.643363
236,13394.830268
237,13505.316500
238,13481.217699
239,13504.438232
240,13468.587554
241,13369.768991
242,13406.420528
243,13444.728618
244,13550.543788
245,13460.797791
246,13504.382826
247,13580.351978
248,13635.766240
249,13673.722118
250,13467.499948
251,13485.041350
252,13572.081596
253,13566.023250
254,13674.065340
255,13449.897832
256,13600.264267
257,13550.802487
258,13501.518580
259,13725.822364
260,13554.919749
261,13656.941087
262,13739.193595
263,13627.380861
264,13387.718178
265,13575.848446
266,13583.280137
267,13668.515097
268,13683.139257
269,13604.451953
270,13227.580117
271,13465.162984
272,13428.434881
273,13426.918755
274,13549.173176
275,13349.690702
276,13398.818977
277,13403.276681
278,13186.662569
279,13248.185413
280,13329.767520
281,13668.816778
282,13467.433004
283,13458.045334
284,13719.050931
285,13452.981834
286,13415.870343
287,13536.627597
288,13632.130736
289,13552.443512
290,13303.246438
291,13510.645355
292,13755.153296
293,13628.509827
294,13569.724806
295,13411.755638
296,13596.666190
297,13627.755895
298,13565.782754
299,13520.618027
300,13665.428025
301,13432.346776
302,13553.471376
303,13533.341307
304,13399.327805
305,13404.281441
306,13491.668507
307,13620.760926
308,13447.775555
309,13497.899809
310,13444.255091
311,13504.677545
312,13524.713150
313,13522.009163
314,13596.182000
315,13494.837438
316,13600.560383
317,13680.462994
318,13520.513505
319,13542.387826
320,13648.310812
321,13558.657979
322,13503.781116
323,13536.427488
324,13709.363440
325,13630.790396
326,13467.754772
327,13537.862713
328,13340.841086
329,13332.268156
330,13478.483163
331,13613.503122
332,13398.287759
333,13508.739556
334,13569.403973
335,13551.727577
336,13565.360261
337,13275.708015
338,13456.566448
339,13532.262171
340,13417.715329
341,13546.530485
342,13350.180949
343,13353.982080
344,13487.463013
345,13702.753188
346,13595.245966
347,13677.210402
348,13664.207925
349,13334.230400
350,13398.603637
351,13447.297715
352,13308.129623
353,13527.936345
354,13661.711031
355,13347.843444
356,13453.961117
357,13615.048925
358,13470.461553
359,13595.399976
360,13723.468032
361,13783.989346
362,13686.372481
363,13690.595262
364,13455.582375
365,13494.627433
366,13397.574512
367,13621.584271
368,13493.424437
369,13280.453892
370,13427.886840
371,13347.783646
372,13634.311675
373,13676.848782
374,13601.111802
375,13686.247220
376,13649.663524
377,13440.483799
378,13394.262422
379,13324.827789
380,13484.376630
381,13533.257524
382,13423.869223
383,13417.262341
384,13410.258782
385,13619.378906
386,13652.605308
387,13662.479845
388,13506.905042
389,13381.363218
390,13639.855482
391,13448.603741
392,13387.206157
393,13398.208905
394,13495.898617
395,13350.646023
396,13444.839013
397,13535.415888
398,13518.889996
399,13521.927870
400,13335.555969
401,13521.201683
402,13404.652991
403,13578.978138
404,13470.072614
405,13451.737856
406,13461.922429
407,13526.667418
408,13640.084160
409,13575.190768
410,13525.046094
411,13409.730364
412,13454.537092
413,13623.294027
414,13450.486298
415,13379.278486
416,13502.753872
417,13396.425499
418,13430.616038
419,13559.892634
420,13489.968709
421,13429.169767
422,13330.006706
423,13554.727403
424,13309.133660
425,13639.922693
426,13436.417979
427,13590.524812
428,13548.121310
429,13573.481010
430,13556.351339
431,13248.189392
432,13530.629738
433,13232.067038
434,13467.873128
435,13525.114584
436,13725.451269
437,13610.663361
438,13616.701456
439,13635.054960
440,13369.908849
441,13363.556713
442,13240.223347
443,13203.274210
444,13453.884834
445,13452.683886
446,13561.908498
447,13428.657152
448,13458.064788
449,13599.269768
450,13574.033415
451,13491.345032
452,13328.026817
453,13527.771324
454,13560.194036
455,13726.343249
456,13684.159314
457,13554.402791
458,13477.852182
459,13490.075292
460,13707.139118
461,13627.065046
462,13500.492106
463,13442.595026
464,13523.740322
465,13420.961501
466,13620.032148
467,13447.069008
468,13366.357962
469,13524.254839
470,13691.377769
471,13806.095034
472,13763.426285
473,13539.331104
474,13460.198483
475,13599.471631
476,13735.379689
477,13448.470903
478,13446.413323
479,13303.871497
480,13463.270014
481,13318.619482
482,13269.420471
483,13238.069120
484,13231.935981
485,13475.156338
486,13216.001461
487,13476.529452
488,13462.470362
489,13441.785563
490,13276.114867
491,13341.707338
492,13446.221819
493,13516.804663
494,13423.015279
495,13436.497896
496,13460.966382
497,13417.240748
498,13489.460366
499,13690.460811
