0,3162.447227
1,6269.956840
2,6713.493305
3,6911.813781
4,7064.057864
5,7228.215711
6,7368.471192
7,7500.679311
8,7616.967695
9,7725.375020
10,7876.920062
11,7984.711706
12,8070.778696
13,8216.491033
14,8285.597174
15,8380.047192
16,8648.515305
17,8836.830388
18,8873.583436
19,9103.785514
20,9193.424342
21,9292.307145
22,9335.671506
23,9415.720482
24,9536.816288
25,9805.129531
26,9801.523160
27,9905.743974
28,10149.187667
29,10081.696160
30,10203.606768
31,10253.750211
32,10483.811684
33,10579.788027
34,10467.128436
35,10542.957340
36,10783.878096
37,10718.677977
38,10846.198650
39,11047.716769
40,10933.416255
41,10812.039411
42,10920.469269
43,11221.891253
44,11068.135345
45,11014.142195
46,11275.172861
47,11220.977231
48,11444.971304
49,11303.683819
50,11304.665632
51,11485.515904
52,11494.526594
53,11448.114379
54,11467.792011
55,11491.834513
56,11625.784055
57,11637.870770
58,11821.552672
59,11647.986194
60,11656.194559
61,11733.338298
62,11714.086837
63,11710.966829
64,11825.427178
65,11808.363018
66,11744.095334
67,11934.288487
68,11940.569843
69,11899.879515
70,11907.125554
71,11764.201362
72,11939.869541
73,12002.187087
74,12170.402555
75,12140.774101
76,12133.084394
77,12144.657517
78,12218.057465
79,12130.598153
80,12258.128157
81,12169.590474
82,12159.420640
83,12001.748249
84,12038.506083
85,12000.138291
86,11915.598174
87,12216.936853
88,12324.161687
89,12381.027227
90,12318.780211
91,12468.263517
92,12431.712214
93,12435.069155
94,12396.090817
95,12254.582827
96,12067.858990
97,12050.975548
98,12388.319116
99,12320.110559
100,12310.918647
101,12195.981216
102,12241.286470
103,12334.305320
104,12517.051247
105,12369.186898
106,12350.819530
107,12221.979692
108,12356.847743
109,12400.326847
110,12508.341667
111,12496.918368
112,12354.154443
113,12325.662315
114,12259.794485
115,12551.382439
116,12351.243815
117,12445.597775
118,12537.747985
119,12556.243316
120,12326.180705
121,12346.096329
122,12401.038918
123,12415.974937
124,12447.839996
125,12430.212259
126,12337.587104
127,12128.599910
128,12124.085720
129,12367.718438
130,12260.207298
131,12243.880406
132,12207.002360
133,12166.584166
134,12038.309408
135,12227.770101
136,12284.987802
137,12373.127161
138,12402.569371
139,12210.428983
140,12253.738677
141,12147.448331
142,12364.878135
143,12329.442001
144,12057.878613
145,12155.147847
146,12348.970686
147,12381.516795
148,12298.645489
149,12389.375023
150,12354.526819
151,12374.412165
152,12564.358860
153,12352.903461
154,12566.951778
155,12578.906857
156,12277.867685
157,12548.941678
158,12442.978780
159,12179.775583
160,12461.992225
161,12362.714095
162,12240.897183
163,12300.842152
164,12079.118879
165,12255.400579
166,12335.481174
167,12440.395943
168,12626.663872
169,12407.691368
170,12405.437110
171,12496.984320
172,12187.456473
173,12346.516191
174,12393.358234
175,12475.524930
176,12254.680326
177,12616.369202
178,12556.162315
179,12483.630025
180,12402.530388
181,12434.357887
182,12675.090576
183,12303.688572
184,12395.632540
185,12152.616737
186,12246.198820
187,12373.935340
188,12497.246388
189,12402.292367
190,12211.429940
191,12392.263720
192,12501.898761
193,12436.936632
194,12289.584783
195,12567.804708
196,12425.516985
197,12578.437028
198,12380.965894
199,12333.614966
200,12386.730679
201,12252.874035
202,12306.724231
203,12496.710288
204,12278.930815
205,12175.758696
206,12412.668829
207,12544.471171
208,12405.416615
209,12371.933644
210,12207.293322
211,12363.159298
212,12202.062561
213,12083.749045
214,12097.317642
215,12240.104142
216,12234.516127
217,12337.797471
218,12191.203893
219,12032.687307
220,12316.071905
221,12362.020361
222,12421.971352
223,12449.759149
224,12229.677709
225,12415.534826
226,12487.221308
227,12661.124018
228,12455.004425
229,12380.608447
230,12285.229740
231,12228.775436
232,12418.179849
233,12266.591718
234,12437.084041
235,12491.395355
236,12513.339560
237,12746.033496
238,12707.387693
239,12538.795701
240,12666.371554
241,12443.012002
242,12804.959288
243,12827.858672
244,13035.473481
245,12981.815602
246,12927.551834
247,13190.853439
248,12828.232481
249,12784.203041
250,12708.115567
251,12970.733116
252,13018.941055
253,13125.491525
254,12938.652818
255,12714.779971
256,12868.560140
257,12985.166605
258,12919.371360
259,12876.102127
260,12877.119476
261,12690.241035
262,12904.410684
263,12769.207504
264,12764.542393
265,12919.524466
266,12781.848904
267,12948.628480
268,12814.678249
269,12743.564681
270,13013.314936
271,12989.741389
272,13010.292917
273,12921.914890
274,12991.172031
275,12813.186779
276,12732.600174
277,12926.840426
278,12893.911948
279,13088.022671
280,12800.162649
281,12821.325430
282,12989.615644
283,13091.755846
284,12937.535865
285,12725.488456
286,13115.489585
287,12867.685310
288,12971.469148
289,12813.794726
290,12913.567393
291,13168.375704
292,12951.733303
293,12790.065236
294,12958.387343
295,12716.866036
296,12932.199687
297,12760.469625
298,12911.371255
299,12780.624815
300,12572.473116
301,12787.764447
302,13003.555917
303,12771.560555
304,12829.696097
305,12849.149830
306,12873.901310
307,12960.900440
308,13047.282805
309,12849.996445
310,12836.723645
311,12881.436061
312,12945.711154
313,12872.831662
314,12928.528397
315,12855.623767
316,13062.998074
317,12935.577245
318,12834.271989
319,12988.242661
320,13040.112354
321,12901.224469
322,13047.152801
323,13144.458244
324,13102.727758
325,13173.372724
326,12793.139013
327,12761.521763
328,12958.502813
329,12863.386537
330,12872.936388
331,13053.675754
332,12822.035008
333,12836.211540
334,12976.851501
335,13032.563087
336,13112.183698
337,13029.863050
338,13169.080130
339,12991.283715
340,13131.857810
341,13132.487580
342,12803.335054
343,12725.657679
344,12807.443161
345,12777.951707
346,12917.223817
347,12856.335016
348,13013.308469
349,13133.026868
350,13037.305041
351,12957.712295
352,12829.146578
353,12634.302490
354,12777.483267
355,12953.410231
356,13003.864109
357,13142.081174
358,12747.525504
359,12834.058838
360,13056.728059
361,13022.230106
362,13018.213619
363,13004.890664
364,12847.442292
365,13007.146272
366,13101.098462
367,12881.669774
368,12852.610322
369,12912.463631
370,12914.792728
371,13018.741258
372,12876.731995
373,12860.228012
374,13107.543088
375,12848.783096
376,12779.398117
377,13074.286953
378,12791.913004
379,12989.026470
380,12950.524261
381,13048.831245
382,12958.893789
383,12954.177267
384,13078.980886
385,13209.185265
386,13045.282183
387,13027.839364
388,12947.747255
389,12983.403154
390,12833.674197
391,12886.655011
392,13127.463649
393,13140.418185
394,13268.658417
395,12818.750191
396,12904.041658
397,13032.400220
398,13102.812353
399,12847.819478
400,13155.765753
401,13122.133766
402,12896.143956
403,12921.871467
404,13262.971071
405,13169.954966
406,13227.586527
407,13170.541830
408,13164.894219
409,12953.063749
410,13264.128662
411,13317.340750
412,12885.004947
413,12981.843225
414,13152.036050
415,13051.475908
416,12926.610586
417,13113.989515
418,13206.285407
419,13117.115857
420,12957.187279
421,13384.483639
422,13088.237461
423,13023.055380
424,12979.746952
425,12987.957299
426,13061.587832
427,13063.651881
428,13090.384327
429,13062.431859
430,12903.006990
431,13145.645607
432,13115.000929
433,13211.241029
434,13150.415317
435,12928.224325
436,12967.942540
437,12858.763779
438,13119.312314
439,13236.053327
440,12831.825771
441,13294.770963
442,13258.655333
443,12899.091014
444,12930.832474
445,12895.575680
446,13307.170662
447,12931.067993
448,13059.102973
449,13148.670139
450,13365.469431
451,13408.072743
452,13014.399439
453,12788.377334
454,13274.870530
455,13115.810478
456,12992.774897
457,13309.754408
458,13080.725777
459,13166.017023
460,13183.338707
461,13071.691973
462,13117.766875
463,13144.469029
464,13081.632862
465,13181.810934
466,13244.976991
467,13313.774631
468,13187.132408
469,13170.913159
470,13109.994958
471,13120.740137
472,13185.942735
473,13203.531053
474,13211.491658
475,13046.070715
476,13398.353922
477,13356.654040
478,13420.766849
479,13150.872133
480,13112.641174
481,13192.101374
482,13269.295832
483,13292.744767
484,13214.815000
485,13232.270353
486,12890.243566
487,13192.316362
488,13479.041599
489,13238.838774
490,13248.193417
491,13164.652067
492,12987.312915
493,12806.003072
494,13019.154820
495,13331.588804
496,13048.806971
497,13032.858168
498,13073.095150
499,13271.709517
