0,3234.468622
1,3647.329100
2,3915.569825
3,4143.004640
4,4395.676709
5,4605.029404
6,4829.794527
7,5055.437282
8,5306.133717
9,5526.871158
10,5745.875271
11,5936.455376
12,6089.668489
13,6220.894253
14,6357.731703
15,6496.872253
16,6662.817317
17,6818.876297
18,7005.303532
19,7094.031206
20,7167.756496
21,7233.175141
22,7289.010799
23,7336.406534
24,7371.684519
25,7406.636799
26,7435.987808
27,7464.138371
28,7499.984505
29,7527.347246
30,7546.684326
31,7569.047866
32,7578.462518
33,7584.940061
34,7592.855980
35,7596.864348
36,7599.257490
37,7602.363872
38,7604.536808
39,7604.736877
40,7605.637184
41,7606.937628
42,7608.738243
43,7611.039028
44,7615.140428
45,7621.442580
46,7629.043651
47,7629.242194
48,7629.242194
49,7629.731431
50,7630.220669
51,7630.709906
52,7631.199143
53,7633.063942
54,7634.638047
55,7639.912320
56,7643.227976
57,7651.451916
58,7667.724548
59,7689.795936
60,7719.468803
61,7743.014993
62,7751.154417
63,7751.154417
64,7751.154417
65,7751.154417
66,7751.154417
67,7751.154417
68,7751.154417
69,7751.154417
70,7751.154417
71,7751.154417
72,7751.154417
73,7751.154417
74,7751.154417
75,7751.154417
76,7751.154417
77,7751.154417
78,7751.154417
79,7751.154417
80,7751.154417
81,7751.154417
82,7751.154417
83,7751.154417
84,7751.154417
85,7751.154417
86,7751.154417
87,7751.154417
88,7751.154417
89,7751.154417
90,7751.154417
91,7751.154417
92,7751.154417
93,7751.154417
94,7751.154417
95,7751.154417
96,7751.154417
97,7751.154417
98,7751.154417
99,7751.154417
100,7751.154417
101,7751.154417
102,7751.154417
103,7751.154417
104,7751.154417
105,7751.154417
106,7751.154417
107,7751.154417
108,7751.154417
109,7751.154417
110,7751.154417
111,7751.154417
112,7751.154417
113,7751.154417
114,7751.154417
115,7751.154417
116,7751.154417
117,7751.154417
118,7751.595562
119,7751.595562
120,7751.595562
121,7751.595562
122,7751.595562
123,7751.595562
124,7752.036708
125,7752.477853
126,7753.360144
127,7754.242434
128,7755.124725
129,7758.653888
130,7763.506486
131,7771.447102
132,7785.563753
133,7803.650711
134,7838.501192
135,7861.440749
136,7861.440749
137,7861.440749
138,7861.440749
139,7861.440749
140,7861.440749
141,7861.440749
142,7861.440749
143,7861.440749
144,7861.440749
145,7861.440749
146,7861.440749
147,7861.440749
148,7861.440749
149,7861.440749
150,7861.440749
151,7861.440749
152,7861.440749
153,7861.440749
154,7861.440749
155,7861.440749
156,7861.440749
157,7861.440749
158,7861.440749
159,7861.440749
160,7861.440749
161,7861.440749
162,7861.440749
163,7861.440749
164,7861.440749
165,7861.440749
166,7861.440749
167,7861.440749
168,7861.440749
169,7861.440749
170,7861.440749
171,7861.440749
172,7861.440749
173,7861.440749
174,7861.440749
175,7861.440749
176,7861.440749
177,7861.440749
178,7861.440749
179,7861.440749
180,7861.440749
181,7861.440749
182,7861.440749
183,7861.440749
184,7861.440749
185,7861.440749
186,7861.440749
187,7861.440749
188,7861.440749
189,7861.440749
190,7861.440749
191,7861.440749
192,7861.440749
193,7861.440749
194,7861.440749
195,7861.440749
196,7861.440749
197,7861.440749
198,7861.440749
199,7861.440749
200,7861.440749
201,7861.440749
202,7861.440749
203,7861.440749
204,7861.440749
205,7861.440749
206,7861.440749
207,7861.440749
208,7861.440749
209,7861.440749
210,7861.440749
211,7861.440749
212,7861.440749
213,7861.440749
214,7861.440749
215,7861.440749
216,7861.440749
217,7863.134973
218,7863.982084
219,7864.829196
220,7869.884170
221,7879.967785
222,7887.564094
223,7917.088370
224,7946.612646
225,7984.917546
226,8078.290607
227,8201.598634
228,8358.219497
229,8493.312478
230,8493.312478
231,8493.312478
232,8493.312478
233,8493.312478
234,8493.312478
235,8493.312478
236,8493.312478
237,8493.312478
238,8493.312478
239,8493.312478
240,8493.312478
241,8493.312478
242,8493.312478
243,8493.312478
244,8493.312478
245,8493.312478
246,8493.312478
247,8493.312478
248,8493.312478
249,8493.312478
250,8493.312478
251,8493.312478
252,8493.312478
253,8493.312478
254,8493.312478
255,8493.312478
256,8493.312478
257,8493.312478
258,8493.312478
259,8493.312478
260,8493.312478
261,8493.312478
262,8493.312478
263,8493.312478
264,8493.312478
265,8493.312478
266,8493.312478
267,8493.312478
268,8493.312478
269,8493.312478
270,8493.312478
271,8493.312478
272,8493.312478
273,8493.312478
274,8493.312478
275,8493.312478
276,8493.312478
277,8493.312478
278,8493.312478
279,8493.312478
280,8493.312478
281,8493.312478
282,8493.312478
283,8493.312478
284,8493.312478
285,8493.312478
286,8493.312478
287,8493.312478
288,8493.312478
289,8493.312478
290,8493.312478
291,8493.312478
292,8493.312478
293,8493.312478
294,8493.312478
295,8493.312478
296,8493.312478
297,8493.312478
298,8493.312478
299,8493.312478
300,8493.312478
301,8493.312478
302,8493.312478
303,8493.312478
304,8493.312478
305,8493.312478
306,8493.312478
307,8493.312478
308,8493.312478
309,8493.312478
310,8493.312478
311,8493.312478
312,8493.312478
313,8493.312478
314,8493.312478
315,8493.312478
316,8493.312478
317,8493.312478
318,8493.312478
319,8493.312478
320,8493.312478
321,8493.312478
322,8493.312478
323,8493.312478
324,8493.312478
325,8493.312478
326,8493.312478
327,8493.312478
328,8493.312478
329,8493.312478
330,8493.312478
331,8493.312478
332,8493.312478
333,8493.312478
334,8493.312478
335,8493.312478
336,8493.312478
337,8493.312478
338,8493.312478
339,8493.312478
340,8493.312478
341,8493.312478
342,8493.312478
343,8493.312478
344,8493.312478
345,8493.312478
346,8493.312478
347,8493.312478
348,8493.312478
349,8493.312478
350,8493.312478
351,8493.312478
352,8493.312478
353,8493.312478
354,8493.312478
355,8493.312478
356,8493.312478
357,8493.312478
358,8493.312478
359,8493.312478
360,8493.312478
361,8493.312478
362,8493.312478
363,8493.312478
364,8493.312478
365,8493.312478
366,8493.312478
367,8493.312478
368,8493.312478
369,8493.312478
370,8493.312478
371,8493.312478
372,8493.312478
373,8493.312478
374,8493.312478
375,8493.312478
376,8493.312478
377,8493.312478
378,8493.312478
379,8493.312478
380,8493.312478
381,8493.312478
382,8493.312478
383,8493.312478
384,8493.312478
385,8493.312478
386,8493.312478
387,8493.312478
388,8493.312478
389,8493.312478
390,8493.312478
391,8493.312478
392,8493.312478
393,8493.312478
394,8493.312478
395,8493.312478
396,8493.312478
397,8493.312478
398,8493.312478
399,8493.312478
400,8493.312478
401,8493.312478
402,8493.312478
403,8493.312478
404,8493.312478
405,8493.312478
406,8493.312478
407,8493.312478
408,8493.312478
409,8493.312478
410,8493.312478
411,8493.312478
412,8493.312478
413,8493.312478
414,8493.312478
415,8493.312478
416,8493.312478
417,8493.312478
418,8493.312478
419,8493.312478
420,8493.312478
421,8493.312478
422,8493.312478
423,8493.312478
424,8493.312478
425,8493.312478
426,8493.312478
427,8493.312478
428,8493.312478
429,8493.312478
430,8493.312478
431,8493.312478
432,8493.312478
433,8493.312478
434,8493.312478
435,8493.312478
436,8493.312478
437,8493.312478
438,8493.312478
439,8493.312478
440,8493.312478
441,8493.312478
442,8493.312478
443,8493.312478
444,8493.312478
445,8493.312478
446,8493.312478
447,8493.312478
448,8493.312478
449,8493.312478
450,8493.312478
451,8493.312478
452,8493.312478
453,8493.312478
454,8493.312478
455,8493.312478
456,8493.312478
457,8493.312478
458,8493.312478
459,8493.312478
460,8493.312478
461,8493.312478
462,8493.312478
463,8493.312478
464,8493.312478
465,8493.312478
466,8493.312478
467,8493.312478
468,8493.312478
469,8493.312478
470,8493.312478
471,8493.312478
472,8493.312478
473,8493.312478
474,8493.312478
475,8493.312478
476,8493.312478
477,8493.312478
478,8493.312478
479,8493.312478
480,8493.312478
481,8493.312478
482,8493.312478
483,8493.312478
484,8493.312478
485,8493.312478
486,8493.312478
487,8493.312478
488,8493.312478
489,8493.312478
490,8493.312478
491,8493.312478
492,8493.312478
493,8493.312478
494,8493.312478
495,8493.312478
496,8493.312478
497,8493.312478
498,8493.312478
499,8493.312478
