0,3115.837910
1,6243.563379
2,6649.345116
3,7083.888007
4,7436.344680
5,7735.255710
6,8008.435299
7,8355.338537
8,8586.981822
9,8942.713222
10,9245.526834
11,9554.636656
12,9837.484630
13,10066.628034
14,10335.277370
15,10534.574922
16,10766.527733
17,10972.188434
18,11116.237497
19,11331.609326
20,11493.036568
21,11609.304335
22,11824.628661
23,11923.964444
24,12105.097766
25,12154.812064
26,12310.452576
27,12287.905243
28,12374.858737
29,12501.636011
30,12608.316536
31,12644.032094
32,12794.768719
33,12788.185590
34,12909.481792
35,12884.525268
36,13000.898474
37,13070.519757
38,13091.103657
39,13242.253991
40,13240.954992
41,13191.464836
42,13249.001057
43,13306.042188
44,13389.320503
45,13385.399224
46,13514.468892
47,13660.245512
48,13640.464622
49,13631.164708
50,13729.977189
51,13815.581149
52,13805.851609
53,13915.085566
54,13936.087935
55,13997.686090
56,13989.761087
57,13975.843301
58,14041.535662
59,14025.590736
60,14072.895907
61,14185.653119
62,14200.562738
63,14189.974357
64,14184.077665
65,14215.685746
66,14251.335025
67,14216.365234
68,14278.072362
69,14224.449504
70,14273.592698
71,14281.903770
72,14358.518607
73,14304.191451
74,14299.674230
75,14367.520878
76,14366.185492
77,14378.904129
78,14338.084240
79,14326.080676
80,14298.270583
81,14307.368196
82,14277.031381
83,14261.950495
84,14310.410109
85,14392.894624
86,14292.198456
87,14304.023031
88,14346.639318
89,14352.862473
90,14333.219179
91,14407.838022
92,14350.525738
93,14417.270294
94,14421.274327
95,14377.156279
96,14369.501365
97,14385.058750
98,14366.750099
99,14391.769627
100,14408.621413
101,14415.889826
102,14349.939788
103,14333.317125
104,14306.184857
105,14333.873217
106,14315.297013
107,14290.760772
108,14336.850072
109,14372.006520
110,14346.718275
111,14376.841079
112,14330.628981
113,14317.381834
114,14368.652727
115,14431.112847
116,14508.347796
117,14420.998184
118,14415.784109
119,14342.797161
120,14408.993653
121,14351.216003
122,14414.905962
123,14378.245630
124,14303.553396
125,14356.094497
126,14398.679185
127,14355.838578
128,14299.115937
129,14327.148029
130,14327.469420
131,14345.131277
132,14331.038077
133,14322.865436
134,14332.863581
135,14293.575141
136,14312.229173
137,14352.145247
138,14303.450434
139,14324.363355
140,14278.359401
141,14334.813505
142,14347.908392
143,14458.931415
144,14420.113472
145,14394.428816
146,14324.536305
147,14369.369622
148,14357.827528
149,14361.053303
150,14330.484187
151,14388.209480
152,14329.686476
153,14371.325693
154,14289.394272
155,14359.724356
156,14335.626661
157,14299.077498
158,14352.747264
159,14331.690229
160,14316.479430
161,14265.186132
162,14218.365888
163,14207.041603
164,14248.612027
165,14291.071265
166,14299.701789
167,14362.273682
168,14414.889100
169,14346.053202
170,14348.274264
171,14306.867616
172,14337.432546
173,14321.992279
174,14341.686147
175,14379.972045
176,14341.746449
177,14372.188738
178,14415.692994
179,14369.962942
180,14376.563597
181,14401.187611
182,14365.180736
183,14361.622937
184,14387.100012
185,14346.860861
186,14374.350358
187,14282.274161
188,14333.405605
189,14338.240105
190,14323.529002
191,14294.921818
192,14354.395275
193,14332.764037
194,14346.617047
195,14368.984274
196,14328.348090
197,14305.600437
198,14267.031913
199,14243.951290
200,14296.806617
201,14267.454150
202,14326.148820
203,14423.690190
204,14393.590942
205,14327.484911
206,14406.224077
207,14325.469708
208,14299.703010
209,14322.275421
210,14272.894390
211,14319.961415
212,14425.097430
213,14456.534420
214,14340.596676
215,14297.430022
216,14300.703860
217,14252.633607
218,14293.918270
219,14361.334717
220,14390.434127
221,14400.098994
222,14350.282017
223,14355.730851
224,14346.378949
225,14330.518623
226,14356.189128
227,14423.822951
228,14374.665646
229,14418.034059
230,14385.624967
231,14329.248779
232,14309.872192
233,14321.508259
234,14352.736327
235,14288.736155
236,14238.831926
237,14229.960897
238,14253.963530
239,14295.240582
240,14380.504137
241,14396.701702
242,14327.515407
243,14360.557817
244,14416.896641
245,14401.260328
246,14364.168010
247,14369.495698
248,14349.460218
249,14322.505597
250,14349.136049
251,14369.240318
252,14353.224059
253,14335.627389
254,14334.502181
255,14286.608350
256,14303.107981
257,14374.164668
258,14346.433014
259,14315.819612
260,14319.667897
261,14327.674976
262,14363.324613
263,14380.141532
264,14359.617651
265,14351.961220
266,14344.630135
267,14366.799190
268,14309.600135
269,14341.986866
270,14358.003205
271,14342.281116
272,14320.500904
273,14286.933342
274,14347.558172
275,14351.326163
276,14268.618552
277,14288.699515
278,14259.074554
279,14327.140978
280,14363.847316
281,14334.504888
282,14381.904344
283,14301.117949
284,14333.049136
285,14353.544072
286,14406.654494
287,14326.796333
288,14308.374346
289,14318.430852
290,14339.518792
291,14361.633840
292,14312.276512
293,14313.555049
294,14380.111365
295,14309.762759
296,14318.758466
297,14292.226128
298,14326.994045
299,14244.829168
300,14265.541872
301,14259.235435
302,14281.578980
303,14322.168118
304,14353.241671
305,14359.360924
306,14348.531921
307,14388.196571
308,14375.075168
309,14341.944895
310,14343.870011
311,14366.750659
312,14323.738036
313,14215.641441
314,14258.319629
315,14250.888726
316,14288.327477
317,14288.605748
318,14292.927473
319,14324.630422
320,14312.501042
321,14320.433702
322,14347.318745
323,14367.492511
324,14413.042942
325,14374.300480
326,14377.933772
327,14355.880559
328,14350.831853
329,14287.865925
330,14332.799483
331,14304.504880
332,14351.469804
333,14286.599426
334,14379.690462
335,14327.804714
336,14334.884324
337,14308.890657
338,14383.018829
339,14346.372363
340,14372.274685
341,14400.332720
342,14318.120435
343,14336.271010
344,14325.744925
345,14298.755298
346,14350.726443
347,14321.652081
348,14338.293312
349,14368.896966
350,14415.995019
351,14335.317511
352,14304.312033
353,14370.306731
354,14415.222511
355,14375.256366
356,14317.260649
357,14341.754852
358,14312.266847
359,14331.443495
360,14297.437882
361,14311.260366
362,14352.081415
363,14323.596986
364,14343.565224
365,14340.177569
366,14295.290673
367,14259.056102
368,14308.601997
369,14336.863626
370,14348.663233
371,14294.679179
372,14334.894776
373,14389.382940
374,14364.197894
375,14344.868260
376,14301.384556
377,14279.415995
378,14283.250121
379,14270.151845
380,14314.997377
381,14334.855190
382,14306.436545
383,14364.441446
384,14405.002000
385,14390.593512
386,14365.787636
387,14306.233875
388,14325.510578
389,14322.212865
390,14372.386131
391,14393.840834
392,14346.423688
393,14341.518020
394,14368.799371
395,14354.314113
396,14345.245604
397,14335.270680
398,14353.088196
399,14381.762403
400,14341.783601
401,14339.229957
402,14310.028889
403,14330.280620
404,14359.645370
405,14367.040466
406,14377.858586
407,14351.158690
408,14283.793844
409,14342.548186
410,14275.300562
411,14357.576607
412,14380.952256
413,14376.666164
414,14374.713725
415,14336.650976
416,14320.257251
417,14314.970743
418,14325.160373
419,14315.541925
420,14368.097174
421,14383.519585
422,14353.562489
423,14413.723379
424,14341.417957
425,14333.025993
426,14344.231960
427,14387.630245
428,14361.264980
429,14384.306489
430,14398.740683
431,14420.698131
432,14351.078778
433,14395.424895
434,14379.966661
435,14362.735952
436,14340.079431
437,14322.525357
438,14400.682685
439,14362.233679
440,14333.670987
441,14364.842711
442,14306.911132
443,14368.392096
444,14346.815906
445,14311.874348
446,14280.734614
447,14303.905878
448,14298.375824
449,14302.237081
450,14291.007181
451,14337.541340
452,14377.217847
453,14381.019970
454,14371.713971
455,14377.940033
456,14410.278631
457,14389.531613
458,14385.542336
459,14320.302674
460,14396.219912
461,14400.734367
462,14337.885137
463,14384.768507
464,14392.971937
465,14393.100336
466,14421.872300
467,14382.351074
468,14378.613304
469,14384.654990
470,14398.112582
471,14335.967436
472,14253.290818
473,14296.110181
474,14270.198404
475,14307.550508
476,14357.005929
477,14329.154998
478,14342.298087
479,14334.498130
480,14341.421178
481,14257.053774
482,14275.633729
483,14337.582144
484,14317.827359
485,14335.044818
486,14326.551024
487,14332.829503
488,14377.758660
489,14352.259838
490,14345.180719
491,14395.879020
492,14396.407375
493,14439.708127
494,14439.877486
495,14418.278292
496,14330.367994
497,14384.273406
498,14367.358940
499,14387.027762
