0,3063.961911
1,3231.472652
2,3340.116092
3,3406.813222
4,3560.057507
5,3633.665506
6,3613.702200
7,3677.898708
8,3699.690259
9,3674.228177
10,3738.196788
11,3781.918488
12,3702.597371
13,3678.896946
14,3688.690732
15,3741.327876
16,3717.972982
17,3719.583378
18,3763.312233
19,3800.624621
20,3717.826276
21,3727.913509
22,3707.392265
23,3758.610952
24,3810.974417
25,3841.553142
26,3922.445316
27,3961.588979
28,3900.375202
29,3855.858883
30,3816.037364
31,3847.890596
32,3818.243394
33,3871.671665
34,3888.013394
35,3959.043488
36,3982.082774
37,3994.280225
38,4075.673474
39,4041.510351
40,4134.746183
41,4059.805353
42,4088.413084
43,4060.518707
44,4020.255823
45,3980.122520
46,3899.926998
47,3829.941847
48,3877.460145
49,3942.188679
50,4043.010288
51,4004.417844
52,3977.080126
53,4000.355420
54,4015.603719
55,4156.947121
56,4179.369177
57,4170.212004
58,4089.714958
59,3966.510070
60,3944.999225
61,3942.065107
62,3969.719290
63,3996.064264
64,4020.944877
65,3973.500698
66,3939.724870
67,4053.194157
68,3937.607761
69,3916.046773
70,3878.757581
71,3939.838503
72,3937.755248
73,3933.417016
74,4013.601399
75,4040.861871
76,3912.037589
77,3938.797996
78,3947.305127
79,3937.531637
80,4005.758941
81,3964.908118
82,3880.731293
83,3879.120024
84,3881.160910
85,3955.356446
86,3975.498915
87,4036.261012
88,3966.563990
89,3948.904158
90,3862.132999
91,3912.819278
92,3786.580954
93,3822.568596
94,3925.583680
95,3879.375711
96,3823.387231
97,3810.105615
98,3858.156705
99,3941.140079
100,3898.221689
101,3819.128983
102,3924.586683
103,3917.946095
104,3877.345413
105,3794.431816
106,3854.841427
107,3889.951828
108,3889.910207
109,3814.379714
110,3791.514422
111,3794.675746
112,3706.053330
113,3700.906333
114,3686.907522
115,3738.139423
116,3811.408164
117,3802.325034
118,3848.006079
119,3909.028162
120,3848.999217
121,3802.234291
122,3889.319340
123,3907.495012
124,3793.891542
125,3803.786911
126,3797.914223
127,3796.164362
128,3793.198728
129,3752.725210
130,3857.441074
131,3864.258992
132,3911.001388
133,3863.378991
134,3850.228762
135,3874.819065
136,3912.620499
137,3917.419660
138,3880.466335
139,3835.464635
140,3896.728525
141,3886.790044
142,3865.708494
143,3871.154239
144,3836.667783
145,3884.425386
146,3926.387185
147,3968.621093
148,3983.520288
149,3969.153768
150,3913.576535
151,3939.179966
152,3935.788078
153,3948.359029
154,3883.266574
155,3841.629771
156,3915.726172
157,3837.032950
158,3867.533818
159,3895.354787
160,3847.942459
161,3860.275842
162,3752.421656
163,3792.522855
164,3753.847662
165,3760.828571
166,3847.050261
167,3934.012673
168,4038.593816
169,4037.949413
170,4026.639195
171,3979.713484
172,3945.263158
173,3941.297921
174,3931.510703
175,4052.793211
176,3983.241498
177,4003.848311
178,3958.865996
179,3906.694794
180,3893.784658
181,4018.489942
182,3969.434944
183,3928.642486
184,3936.471394
185,3942.866000
186,3825.988161
187,3944.248853
188,4070.960956
189,4122.467221
190,4151.431646
191,4051.092964
192,4056.242219
193,4014.916000
194,3914.411109
195,3890.172146
196,3911.953939
197,3930.018662
198,3932.253896
199,3895.238118
200,3901.295471
201,3951.472229
202,4041.061760
203,4068.316001
204,4126.300091
205,4116.604523
206,4013.417895
207,4075.192428
208,4091.457830
209,4010.428950
210,3910.398020
211,4053.970851
212,3991.756872
213,4018.941682
214,4019.830544
215,3954.541714
216,3973.614907
217,3995.655877
218,3980.827591
219,4066.515635
220,4102.607974
221,4077.317674
222,4057.054679
223,4130.591467
224,4145.859463
225,4079.282383
226,4020.444527
227,4097.055927
228,3971.022164
229,4033.808865
230,4067.619796
231,4009.107038
232,4085.653784
233,4162.488511
234,4140.262196
235,4092.070781
236,4025.754843
237,3915.781762
238,3964.809546
239,3989.816941
240,3965.953801
241,3990.868423
242,4004.477874
243,3956.168254
244,3959.358591
245,4057.779430
246,4004.057100
247,3963.402002
248,3920.075887
249,3890.184930
250,3869.681031
251,3858.579875
252,3877.131451
253,3869.383906
254,3959.822104
255,3932.154417
256,4045.931015
257,4117.939676
258,4124.684303
259,4073.841242
260,4076.702138
261,4076.182423
262,4048.430807
263,4041.445709
264,4011.699528
265,4002.152342
266,3971.615418
267,4009.426880
268,3986.100809
269,3944.859920
270,3934.727934
271,3983.346943
272,3985.961771
273,3904.863084
274,3965.661764
275,3950.201052
276,3880.929063
277,3890.801072
278,3947.086208
279,3946.778798
280,3973.334848
281,3957.699016
282,3970.026069
283,4017.842964
284,4031.159109
285,3993.723676
286,4040.123724
287,4048.885770
288,4028.361065
289,4027.820282
290,3974.236446
291,3960.392744
292,4051.953335
293,4046.535842
294,3965.605566
295,3948.863199
296,3948.313452
297,3963.823282
298,3934.241108
299,3877.276803
300,3864.399072
301,3870.441559
302,3879.409674
303,3916.682247
304,3815.041670
305,3858.763337
306,3826.023238
307,3902.658241
308,3868.841471
309,3884.189624
310,3963.972830
311,3937.907344
312,3851.776753
313,3929.512523
314,3968.521324
315,3936.184437
316,3990.430409
317,3945.047778
318,3898.148435
319,3871.200928
320,3904.157116
321,4077.637183
322,4067.452911
323,4009.215842
324,4033.743645
325,4064.813200
326,4020.833706
327,4037.433818
328,3949.348246
329,3966.488478
330,3931.148697
331,3936.812607
332,3960.653979
333,3907.763681
334,3958.891051
335,3915.397379
336,3803.969465
337,3818.995599
338,3885.666153
339,3879.016092
340,3858.803258
341,3942.718963
342,3933.940021
343,3937.637882
344,3868.720596
345,3833.043214
346,3751.194195
347,3795.859732
348,3828.410529
349,3773.193293
350,3811.445710
351,3766.142680
352,3733.120658
353,3810.942562
354,3759.058968
355,3744.551481
356,3733.225315
357,3780.133779
358,3797.685754
359,3790.585025
360,3803.646540
361,3786.515729
362,3816.582973
363,3788.872612
364,3863.206744
365,3806.030987
366,3711.257204
367,3787.038574
368,3850.120941
369,3807.959507
370,3808.704655
371,3885.171676
372,3997.848521
373,4064.195020
374,3987.692321
375,4016.788095
376,4014.093519
377,3939.447612
378,3869.374465
379,3833.613718
380,3946.543376
381,3926.176161
382,3886.390685
383,3844.713233
384,3766.159967
385,3748.289544
386,3817.365233
387,3881.947908
388,3872.492398
389,3939.285985
390,3879.920105
391,3842.707158
392,3739.466262
393,3750.149130
394,3763.892279
395,3708.501539
396,3765.096310
397,3800.393812
398,3861.585934
399,3852.580299
400,3829.592336
401,3819.871601
402,3764.324735
403,3708.633239
404,3769.343082
405,3733.377502
406,3719.089071
407,3696.114200
408,3695.260885
409,3711.235960
410,3644.922429
411,3748.172525
412,3843.782859
413,3932.570844
414,3924.420916
415,3921.938002
416,3867.056437
417,3859.697780
418,3903.945568
419,3860.789927
420,3807.517828
421,3782.125838
422,3765.909049
423,3745.782558
424,3662.640400
425,3733.560825
426,3744.023606
427,3748.505113
428,3708.130289
429,3692.966976
430,3805.503093
431,3790.554972
432,3820.983277
433,3773.698033
434,3771.250694
435,3834.655250
436,3867.996491
437,3830.988098
438,3934.577002
439,3962.861018
440,4012.174951
441,4034.690538
442,3996.790545
443,3960.194342
444,4008.145323
445,4004.000548
446,3972.023624
447,3925.684760
448,3885.980741
449,3945.272392
450,3887.775510
451,3927.576091
452,3796.824952
453,3843.451618
454,3884.806386
455,3891.020236
456,3940.894970
457,3878.047372
458,3896.027968
459,3874.591067
460,3879.115402
461,3880.664234
462,3842.324850
463,3816.572380
464,3755.819341
465,3793.677471
466,3836.018452
467,3792.005788
468,3850.190927
469,3857.182499
470,3880.004330
471,3886.473497
472,3789.144132
473,3796.881504
474,3714.073842
475,3855.665533
476,3934.964702
477,3905.211480
478,3922.896609
479,3918.442316
480,3957.077084
481,3959.793249
482,4002.650014
483,4036.041828
484,4131.861704
485,4079.313751
486,4050.557932
487,4050.959049
488,3964.773363
489,4042.633595
490,4002.154265
491,3947.358830
492,4004.519246
493,4074.777586
494,4030.280961
495,4095.157500
496,4043.897961
497,4061.882840
498,3962.216497
499,3911.816705
