0,3092.830047
1,3281.710477
2,3443.052221
3,3514.707173
4,3700.822267
5,3823.404562
6,3923.998167
7,4083.559036
8,4190.271737
9,4283.949083
10,4381.103136
11,4513.469818
12,4641.437259
13,4728.301247
14,4840.564749
15,4977.160294
16,5124.246577
17,5233.770900
18,5250.238542
19,5399.105598
20,5596.459078
21,5772.324068
22,5817.261363
23,5827.795009
24,5918.600228
25,5901.048376
26,5979.032147
27,6029.012085
28,6086.753928
29,6093.253221
30,6087.546065
31,6141.025561
32,6201.216117
33,6174.112807
34,6255.812489
35,6333.363481
36,6352.644693
37,6402.668439
38,6400.678438
39,6453.399420
40,6487.606618
41,6466.047149
42,6486.145651
43,6499.836787
44,6464.984252
45,6440.915791
46,6412.398668
47,6494.054008
48,6493.948714
49,6410.111078
50,6437.716842
51,6522.479674
52,6559.735888
53,6613.992739
54,6573.266180
55,6601.496751
56,6638.484808
57,6693.816755
58,6672.097994
59,6689.485747
60,6747.135160
61,6811.569559
62,6771.016435
63,6737.981184
64,6783.232496
65,6783.204710
66,6790.403817
67,6734.553041
68,6684.105699
69,6725.304231
70,6757.775234
71,6751.333785
72,6845.696346
73,6867.169973
74,6878.558019
75,6987.295194
76,7006.493144
77,6993.199466
78,6939.627888
79,6872.658268
80,6911.189931
81,6886.285972
82,6890.940063
83,6860.862095
84,6812.542388
85,6794.895549
86,6796.356343
87,6844.082276
88,6924.913118
89,6849.354709
90,6808.686973
91,6909.357067
92,6871.906049
93,6859.783190
94,6826.291989
95,6947.624073
96,6928.053762
97,6985.484329
98,7049.314116
99,7053.211481
100,7070.202967
101,7123.332602
102,7117.292486
103,7112.428149
104,7170.417877
105,7196.442457
106,7163.590434
107,7165.274530
108,7121.803319
109,7149.005821
110,7152.105201
111,7088.290769
112,7097.332550
113,7158.627880
114,7184.246642
115,7150.431536
116,7162.476706
117,7228.729610
118,7200.423116
119,7191.678411
120,7155.885404
121,7080.297917
122,7124.035629
123,7046.463641
124,7190.884161
125,7174.424218
126,7149.017597
127,7170.989922
128,7200.530786
129,7100.976177
130,7162.931451
131,7123.862063
132,7172.736969
133,7113.170223
134,7098.965312
135,7124.448733
136,7125.242229
137,7186.067590
138,7042.952442
139,7040.207892
140,7050.626865
141,7046.624286
142,6980.601571
143,7067.412086
144,7093.982367
145,7113.923709
146,7164.342416
147,7178.147949
148,7119.231591
149,7082.490278
150,7029.040618
151,7021.544924
152,7151.845051
153,7225.498491
154,7172.465681
155,7189.148314
156,7170.074230
157,7105.493480
158,7044.937026
159,7095.477035
160,7138.570637
161,7107.298613
162,7143.935407
163,7209.798020
164,7239.439214
165,7214.031783
166,7192.621235
167,7249.129012
168,7173.697467
169,7216.715794
170,7255.486010
171,7235.726652
172,7067.728994
173,7166.164189
174,7222.767934
175,7185.489444
176,7131.413829
177,7178.097634
178,7270.194081
179,7204.416641
180,7178.701449
181,7215.848632
182,7220.608382
183,7263.377309
184,7184.459764
185,7109.804496
186,7092.258082
187,7185.932615
188,7193.052249
189,7185.877329
190,7275.624707
191,7254.387032
192,7262.755983
193,7321.547549
194,7355.968102
195,7338.753304
196,7358.790997
197,7431.373879
198,7362.881575
199,7352.020774
200,7261.258649
201,7351.724172
202,7294.094521
203,7232.070901
204,7248.447028
205,7187.501537
206,7285.659372
207,7298.306948
208,7249.071600
209,7250.573978
210,7189.917395
211,7303.973708
212,7316.594293
213,7315.691575
214,7321.197435
215,7264.868710
216,7238.646800
217,7207.958525
218,7191.865579
219,7318.849184
220,7290.964103
221,7255.413147
222,7268.791605
223,7286.592983
224,7226.996605
225,7232.181287
226,7238.855838
227,7276.707197
228,7222.829219
229,7142.370228
230,7127.745413
231,7152.845162
232,7169.673558
233,7131.579198
234,7171.175285
235,7180.550759
236,7129.063090
237,7175.016294
238,7157.554094
239,7198.375428
240,7174.484973
241,7238.346941
242,7191.274877
243,7199.369736
244,7188.848571
245,7152.244468
246,7171.308700
247,7130.801397
248,7167.828482
249,7137.566298
250,7146.562276
251,7139.732834
252,7132.091368
253,7148.989325
254,7160.248792
255,7155.074900
256,7233.131776
257,7270.102894
258,7247.139586
259,7231.144371
260,7213.508612
261,7262.697321
262,7289.591720
263,7313.936826
264,7283.146147
265,7220.207084
266,7245.379587
267,7175.920562
268,7179.062628
269,7162.154269
270,7137.638892
271,7119.064413
272,7136.811722
273,7178.065895
274,7184.587014
275,7098.714300
276,7098.970317
277,7182.706307
278,7110.238245
279,7168.894743
280,7141.281705
281,7121.826003
282,7120.327538
283,7134.816270
284,7178.928472
285,7129.945210
286,7211.005764
287,7244.125527
288,7229.188411
289,7290.043609
290,7295.597256
291,7273.873262
292,7288.309382
293,7362.340088
294,7312.769579
295,7241.437320
296,7266.196099
297,7335.383356
298,7300.911839
299,7193.988502
300,7186.455900
301,7267.974298
302,7244.599654
303,7263.596733
304,7316.067243
305,7265.701910
306,7274.039353
307,7345.443356
308,7346.226434
309,7322.870693
310,7353.810494
311,7306.768275
312,7370.918989
313,7370.945451
314,7436.885073
315,7422.973724
316,7517.878488
317,7510.540866
318,7393.877224
319,7436.163294
320,7404.977694
321,7330.287007
322,7329.346835
323,7268.543491
324,7260.835469
325,7277.917797
326,7346.544260
327,7368.357016
328,7383.562234
329,7449.494905
330,7339.360559
331,7364.273653
332,7396.451736
333,7330.828049
334,7424.564746
335,7513.796727
336,7540.402544
337,7510.395610
338,7560.508332
339,7576.418267
340,7521.479244
341,7540.345815
342,7435.909837
343,7436.168794
344,7509.571781
345,7564.736578
346,7552.684616
347,7487.474396
348,7592.652674
349,7591.998570
350,7649.714165
351,7672.306393
352,7669.161512
353,7646.428574
354,7606.480530
355,7665.982169
356,7705.148076
357,7686.096319
358,7732.754354
359,7741.472870
360,7716.850758
361,7707.478985
362,7681.527744
363,7720.042908
364,7761.178216
365,7733.735560
366,7683.586343
367,7710.568034
368,7754.710651
369,7697.059952
370,7780.712425
371,7875.014495
372,7731.669238
373,7790.605453
374,7728.139849
375,7737.644467
376,7768.387438
377,7718.528227
378,7668.004181
379,7708.852720
380,7735.310431
381,7760.272726
382,7746.923214
383,7781.677915
384,7810.665422
385,7681.910712
386,7724.676668
387,7807.450538
388,7809.875212
389,7813.439621
390,7860.862108
391,7806.713319
392,7799.528731
393,7852.641579
394,7833.338093
395,7840.243595
396,7816.062107
397,7853.426621
398,7842.528269
399,7835.522520
400,7774.733443
401,7722.169047
402,7649.128219
403,7649.726047
404,7770.159870
405,7785.353013
406,7768.222391
407,7733.495913
408,7674.048205
409,7636.008855
410,7634.675429
411,7594.029020
412,7737.869472
413,7779.799104
414,7729.943366
415,7802.576512
416,7821.017887
417,7835.754921
418,7919.840628
419,7876.868349
420,7863.748825
421,7806.967519
422,7628.568940
423,7742.921299
424,7780.567521
425,7779.224487
426,7827.471549
427,7929.895858
428,7897.321230
429,7805.213614
430,7683.499351
431,7717.998674
432,7754.324030
433,7742.872015
434,7780.885552
435,7821.059214
436,7862.059202
437,7890.359156
438,7850.664742
439,7806.397388
440,7815.934497
441,7839.649654
442,7840.838085
443,7738.650132
444,7632.154611
445,7702.515291
446,7704.599826
447,7769.999422
448,7626.511025
449,7649.107259
450,7603.506556
451,7560.397948
452,7633.209372
453,7630.460109
454,7657.437974
455,7628.928867
456,7681.290637
457,7595.915840
458,7705.630141
459,7758.791655
460,7656.518478
461,7711.765874
462,7686.780394
463,7629.854769
464,7573.463593
465,7682.773500
466,7719.806015
467,7738.424301
468,7696.943479
469,7667.473574
470,7779.057455
471,7858.240231
472,7762.365217
473,7711.622141
474,7728.753286
475,7738.708303
476,7708.841686
477,7780.468721
478,7785.558853
479,7656.120847
480,7652.040447
481,7727.284975
482,7690.469655
483,7787.844555
484,7776.922091
485,7784.730451
486,7809.090506
487,7775.402177
488,7741.763569
489,7653.752553
490,7763.513793
491,7780.494485
492,7709.601955
493,7732.275633
494,7767.107232
495,7758.862630
496,7711.317388
497,7625.331870
498,7727.470105
499,7780.499488
