0,3132.895918
1,3601.628891
2,3863.891257
3,4059.683884
4,4202.426403
5,4345.870864
6,4470.397504
7,4586.224364
8,4687.668342
9,4779.012409
10,4857.873538
11,4921.876265
12,5000.074674
13,5064.842529
14,5117.356321
15,5191.231814
16,5263.703869
17,5316.946220
18,5370.365907
19,5426.552413
20,5489.004078
21,5577.195305
22,5655.001688
23,5717.304866
24,5796.554554
25,5841.260950
26,5911.726834
27,5971.026942
28,6031.856048
29,6104.923706
30,6181.993974
31,6212.581441
32,6288.251581
33,6324.360758
34,6364.692194
35,6407.671849
36,6478.905564
37,6540.888089
38,6565.770001
39,6599.534023
40,6664.803965
41,6718.822765
42,6764.930572
43,6802.735531
44,6850.174953
45,6888.265356
46,6922.990079
47,6986.996256
48,7018.069640
49,7057.657808
50,7071.524583
51,7095.246192
52,7134.280515
53,7160.917695
54,7191.402971
55,7207.100273
56,7224.997701
57,7238.448158
58,7261.071008
59,7280.534987
60,7297.267676
61,7308.485306
62,7321.374203
63,7346.563105
64,7368.296817
65,7389.544670
66,7413.350405
67,7421.024222
68,7440.208527
69,7459.884296
70,7474.784806
71,7495.044619
72,7504.271770
73,7518.808257
74,7526.039489
75,7537.981300
76,7551.989659
77,7563.841812
78,7581.958593
79,7590.801461
80,7599.566847
81,7616.871779
82,7636.293196
83,7644.148290
84,7648.167283
85,7651.291788
86,7655.229082
87,7662.832032
88,7673.004541
89,7682.545924
90,7700.474813
91,7710.831643
92,7718.145997
93,7727.830370
94,7737.174640
95,7743.565666
96,7751.137076
97,7767.614555
98,7774.362829
99,7787.708113
100,7798.318146
101,7812.174385
102,7824.386263
103,7825.704883
104,7834.202105
105,7838.357891
106,7845.465784
107,7853.889873
108,7857.496017
109,7868.174165
110,7878.859930
111,7885.908302
112,7892.272130
113,7904.356081
114,7907.148011
115,7915.654081
116,7921.625291
117,7930.085903
118,7936.225787
119,7946.042416
120,7953.720424
121,7963.240214
122,7970.623929
123,7971.226639
124,7973.894954
125,7979.362280
126,7986.444632
127,7992.674793
128,7997.344618
129,7999.733169
130,8004.743633
131,8009.719756
132,8012.361774
133,8020.675747
134,8024.111717
135,8026.329975
136,8034.083467
137,8043.534766
138,8055.756764
139,8059.099947
140,8069.121550
141,8078.803774
142,8082.810469
143,8086.086205
144,8098.179255
145,8103.164105
146,8107.037248
147,8112.222661
148,8120.565930
149,8124.474425
150,8132.635714
151,8138.543299
152,8144.474808
153,8146.268209
154,8155.856061
155,8164.154144
156,8169.126403
157,8172.476291
158,8179.853438
159,8185.318751
160,8191.825605
161,8195.046583
162,8197.826554
163,8202.397528
164,8202.587436
165,8206.570715
166,8209.046313
167,8209.870295
168,8220.604196
169,8221.432536
170,8230.575420
171,8231.913212
172,8235.902892
173,8240.777557
174,8244.524687
175,8248.097830
176,8251.851944
177,8256.882008
178,8260.371713
179,8266.247408
180,8270.180604
181,8276.045703
182,8286.479763
183,8290.660813
184,8292.391103
185,8292.391103
186,8297.060148
187,8301.440181
188,8302.912965
189,8309.608673
190,8314.410096
191,8317.151746
192,8319.562339
193,8329.256142
194,8332.968378
195,8336.527254
196,8338.295585
197,8344.741393
198,8346.276057
199,8348.702065
200,8350.227813
201,8352.109893
202,8354.940397
203,8359.112289
204,8363.692957
205,8366.510889
206,8366.903935
207,8370.316512
208,8375.344663
209,8375.493083
210,8378.361260
211,8379.124942
212,8380.222666
213,8382.309595
214,8383.603352
215,8385.369210
216,8386.871077
217,8389.688162
218,8392.522537
219,8395.050819
220,8401.395331
221,8402.219082
222,8402.219082
223,8402.970419
224,8407.730851
225,8408.849040
226,8411.386149
227,8412.191918
228,8417.140820
229,8421.567838
230,8423.357497
231,8427.379013
232,8431.497224
233,8434.838011
234,8437.010504
235,8440.517409
236,8441.203549
237,8442.428525
238,8442.619458
239,8444.206339
240,8446.575697
241,8448.564129
242,8449.336593
243,8451.898999
244,8454.281133
245,8457.521336
246,8460.561450
247,8463.336743
248,8466.917817
249,8468.772214
250,8469.055895
251,8473.526393
252,8474.253661
253,8478.608944
254,8479.200072
255,8482.604364
256,8485.811441
257,8488.646467
258,8495.959305
259,8497.423352
260,8500.668806
261,8500.932087
262,8504.249474
263,8506.428204
264,8508.073771
265,8511.575183
266,8515.597806
267,8517.492680
268,8517.848824
269,8520.071409
270,8520.568386
271,8522.520736
272,8523.094480
273,8523.232387
274,8523.528604
275,8524.412988
276,8525.677310
277,8527.982090
278,8529.030461
279,8529.744221
280,8531.604293
281,8531.604293
282,8533.707105
283,8534.342405
284,8534.602382
285,8536.034810
286,8536.971005
287,8537.348443
288,8540.522054
289,8543.628529
290,8546.396906
291,8546.611201
292,8546.969158
293,8546.986004
294,8547.000570
295,8548.414734
296,8548.930604
297,8549.410638
298,8550.963765
299,8551.687901
300,8551.687901
301,8553.161023
302,8554.773377
303,8556.870676
304,8558.717765
305,8559.853457
306,8561.191499
307,8562.592438
308,8563.383225
309,8568.569145
310,8571.075919
311,8571.075919
312,8574.276535
313,8576.035035
314,8577.525224
315,8578.184602
316,8580.738950
317,8582.167210
318,8582.891598
319,8584.300311
320,8588.772470
321,8592.338993
322,8593.397484
323,8595.857944
324,8596.885042
325,8596.885042
326,8598.766528
327,8600.286476
328,8601.960069
329,8602.068241
330,8605.655585
331,8607.980059
332,8610.120033
333,8610.651963
334,8612.339161
335,8613.167543
336,8614.422319
337,8616.849511
338,8618.526691
339,8618.833406
340,8619.287837
341,8620.857366
342,8621.675126
343,8621.978870
344,8622.994286
345,8623.725705
346,8625.259468
347,8625.445047
348,8626.110609
349,8627.735645
350,8630.246420
351,8631.339889
352,8632.854487
353,8634.298850
354,8635.229767
355,8635.399303
356,8638.597686
357,8640.679691
358,8643.491413
359,8643.878218
360,8645.637957
361,8647.045841
362,8647.527930
363,8647.829590
364,8650.031741
365,8651.754091
366,8652.188360
367,8652.604765
368,8653.335291
369,8654.568341
370,8655.412802
371,8655.723026
372,8656.110213
373,8656.506425
374,8657.985167
375,8659.188094
376,8661.461252
377,8662.429121
378,8663.056839
379,8663.596887
380,8665.523981
381,8665.523981
382,8665.846548
383,8666.551849
384,8667.979288
385,8668.202544
386,8668.262827
387,8669.357091
388,8670.320340
389,8670.975833
390,8671.110313
391,8671.350818
392,8672.942031
393,8673.128935
394,8673.256641
395,8673.256641
396,8674.428276
397,8674.857320
398,8674.857320
399,8675.974286
400,8676.376263
401,8678.057961
402,8679.046822
403,8679.282490
404,8679.415529
405,8680.129493
406,8681.219480
407,8683.941107
408,8684.662071
409,8685.381243
410,8686.669041
411,8687.721229
412,8689.495839
413,8691.134693
414,8691.571489
415,8693.501471
416,8694.735733
417,8695.235181
418,8695.913546
419,8696.073945
420,8696.764513
421,8698.777510
422,8699.020888
423,8700.223135
424,8701.158954
425,8703.570299
426,8703.836287
427,8704.479396
428,8704.730663
429,8705.184637
430,8705.902384
431,8707.373167
432,8707.770083
433,8708.315577
434,8708.617287
435,8709.605971
436,8710.900509
437,8711.264890
438,8712.154371
439,8713.746224
440,8714.946992
441,8715.305362
442,8716.657442
443,8717.465805
444,8718.294711
445,8720.315086
446,8720.576884
447,8721.329513
448,8721.990902
449,8724.147904
450,8725.702113
451,8728.504232
452,8729.953402
453,8730.530262
454,8731.551513
455,8732.304857
456,8732.837812
457,8733.109393
458,8733.417316
459,8733.945566
460,8734.607870
461,8735.007422
462,8735.216068
463,8736.744462
464,8738.431583
465,8739.101392
466,8739.526563
467,8739.892407
468,8739.892407
469,8741.733227
470,8742.437163
471,8743.160423
472,8743.686932
473,8746.461991
474,8747.288447
475,8748.520565
476,8749.703926
477,8751.245991
478,8752.612521
479,8753.548531
480,8754.163102
481,8754.461702
482,8754.461702
483,8755.298973
484,8755.997966
485,8756.362904
486,8757.255084
487,8757.563475
488,8758.067736
489,8758.335990
490,8758.335990
491,8758.694183
492,8758.796182
493,8760.005335
494,8760.995604
495,8761.227659
496,8761.978796
497,8762.677677
498,8763.730435
499,8764.819512
