0,3116.574948
1,3163.555430
2,3204.314281
3,3181.726227
4,3191.787203
5,3196.287357
6,3169.933034
7,3183.701531
8,3177.414500
9,3175.591513
10,3114.664594
11,3144.640600
12,3146.682885
13,3224.566383
14,3219.820687
15,3218.044654
16,3185.787233
17,3249.515581
18,3290.665811
19,3253.036683
20,3214.775412
21,3196.407917
22,3171.780289
23,3237.370114
24,3288.851480
25,3347.935911
26,3338.501465
27,3334.051448
28,3251.416722
29,3216.863071
30,3177.045307
31,3230.938122
32,3146.493773
33,3178.817423
34,3165.928102
35,3135.847097
36,3108.110711
37,3180.060103
38,3227.438939
39,3237.980723
40,3237.567739
41,3207.450550
42,3277.247238
43,3286.216916
44,3300.330819
45,3339.177542
46,3288.141825
47,3285.804424
48,3252.136699
49,3262.380123
50,3341.061980
51,3362.722960
52,3366.368921
53,3409.520422
54,3370.672618
55,3277.194913
56,3310.995911
57,3287.213510
58,3303.536828
59,3232.124345
60,3254.655655
61,3294.181953
62,3257.119841
63,3262.951585
64,3229.046348
65,3258.764914
66,3201.917262
67,3208.836950
68,3221.270631
69,3205.084692
70,3175.770450
71,3141.562593
72,3207.152355
73,3243.369848
74,3244.051154
75,3234.891648
76,3351.993221
77,3296.211274
78,3311.521996
79,3328.317030
80,3428.151178
81,3431.531755
82,3435.089727
83,3456.254250
84,3419.490785
85,3452.878201
86,3531.937503
87,3602.422299
88,3651.594037
89,3763.168473
90,3820.327573
91,3931.332998
92,4075.494843
93,4145.741767
94,4268.077123
95,4125.301983
96,4166.989721
97,4312.047958
98,4274.161646
99,4388.378159
100,4614.668532
101,4762.685057
102,4840.956706
103,5021.366510
104,5085.025633
105,5325.653059
106,5427.851505
107,5456.345819
108,5600.013000
109,5809.435495
110,5836.055300
111,6072.227105
112,6193.366266
113,6160.159042
114,6215.567842
115,6339.133018
116,6319.915943
117,6336.552520
118,6584.427039
119,6515.234486
120,6451.949459
121,6642.370837
122,6641.997537
123,6789.792125
124,6865.570278
125,6854.628891
126,6849.432636
127,6756.333263
128,6810.897883
129,6787.360003
130,6805.764360
131,6919.017239
132,6900.806991
133,6867.509669
134,6886.296172
135,6972.844220
136,6927.748481
137,6856.774513
138,7008.515326
139,7017.482833
140,7069.585603
141,7003.299583
142,7106.526299
143,7106.899126
144,7137.569870
145,7154.009778
146,7162.051033
147,7153.832762
148,7209.870969
149,7230.040609
150,7216.499500
151,7230.581892
152,7282.094062
153,7272.621850
154,7238.058534
155,7170.824702
156,7229.245951
157,7273.279984
158,7296.386071
159,7316.849760
160,7290.834681
161,7250.209385
162,7329.316001
163,7334.696960
164,7320.952123
165,7303.269321
166,7286.562064
167,7336.617347
168,7297.121957
169,7330.314900
170,7325.802439
171,7343.404003
172,7343.983401
173,7346.242742
174,7328.596339
175,7330.697882
176,7348.328370
177,7349.141122
178,7334.173895
179,7350.550334
180,7349.834927
181,7349.456236
182,7347.822164
183,7330.059856
184,7348.735736
185,7348.802005
186,7350.507657
187,7351.542882
188,7352.265116
189,7351.752876
190,7353.890411
191,7354.580375
192,7354.302656
193,7354.506831
194,7354.299138
195,7353.542287
196,7354.098481
197,7354.858849
198,7355.957165
199,7356.365515
200,7357.118849
201,7356.978041
202,7356.974524
203,7356.689392
204,7356.830199
205,7357.660971
206,7357.446242
207,7357.653936
208,7358.424857
209,7358.565664
210,7358.706472
211,7358.847279
212,7358.847279
213,7358.847279
214,7358.847279
215,7358.847279
216,7358.847279
217,7358.847279
218,7358.847279
219,7358.847279
220,7358.847279
221,7358.847279
222,7358.847279
223,7358.847279
224,7358.847279
225,7358.847279
226,7358.847279
227,7358.847279
228,7358.847279
229,7358.847279
230,7358.847279
231,7358.847279
232,7358.847279
233,7358.847279
234,7358.847279
235,7358.847279
236,7358.847279
237,7358.847279
238,7358.847279
239,7358.847279
240,7358.847279
241,7358.847279
242,7358.847279
243,7358.847279
244,7358.847279
245,7358.847279
246,7358.847279
247,7358.847279
248,7358.847279
249,7358.847279
250,7358.847279
251,7358.847279
252,7358.847279
253,7358.847279
254,7358.847279
255,7358.847279
256,7358.847279
257,7358.847279
258,7358.847279
259,7358.847279
260,7358.847279
261,7358.847279
262,7358.847279
263,7358.847279
264,7358.847279
265,7358.847279
266,7358.847279
267,7358.847279
268,7358.847279
269,7358.847279
270,7358.847279
271,7358.847279
272,7358.847279
273,7358.847279
274,7358.847279
275,7358.847279
276,7358.847279
277,7358.847279
278,7358.847279
279,7358.847279
280,7358.847279
281,7358.847279
282,7358.847279
283,7358.847279
284,7358.847279
285,7358.847279
286,7358.847279
287,7358.847279
288,7358.847279
289,7358.847279
290,7358.847279
291,7358.847279
292,7358.847279
293,7358.847279
294,7358.847279
295,7358.847279
296,7358.847279
297,7358.847279
298,7358.847279
299,7358.847279
300,7358.847279
301,7358.847279
302,7358.847279
303,7358.847279
304,7358.847279
305,7358.847279
306,7358.847279
307,7358.847279
308,7358.847279
309,7358.847279
310,7358.847279
311,7358.847279
312,7358.847279
313,7358.847279
314,7358.847279
315,7358.847279
316,7358.847279
317,7358.847279
318,7358.847279
319,7358.847279
320,7358.847279
321,7358.847279
322,7358.847279
323,7358.847279
324,7358.847279
325,7358.847279
326,7358.847279
327,7358.847279
328,7358.847279
329,7358.847279
330,7358.847279
331,7358.847279
332,7358.847279
333,7358.847279
334,7358.847279
335,7358.847279
336,7358.847279
337,7358.847279
338,7358.847279
339,7358.847279
340,7358.847279
341,7358.847279
342,7358.847279
343,7358.847279
344,7358.847279
345,7358.847279
346,7358.847279
347,7358.847279
348,7358.847279
349,7358.847279
350,7358.847279
351,7358.847279
352,7358.847279
353,7358.847279
354,7358.847279
355,7358.847279
356,7358.847279
357,7358.847279
358,7358.847279
359,7358.847279
360,7358.847279
361,7358.847279
362,7358.847279
363,7358.847279
364,7358.847279
365,7358.847279
366,7358.847279
367,7358.847279
368,7358.847279
369,7358.847279
370,7358.847279
371,7358.847279
372,7358.847279
373,7358.847279
374,7358.847279
375,7358.847279
376,7358.847279
377,7358.847279
378,7358.847279
379,7358.847279
380,7358.847279
381,7358.847279
382,7358.847279
383,7358.847279
384,7358.847279
385,7358.847279
386,7358.847279
387,7358.847279
388,7358.847279
389,7358.847279
390,7358.847279
391,7358.847279
392,7358.847279
393,7358.847279
394,7358.847279
395,7358.847279
396,7358.847279
397,7358.847279
398,7358.847279
399,7358.847279
400,7358.847279
401,7358.847279
402,7358.847279
403,7358.847279
404,7358.847279
405,7358.847279
406,7358.847279
407,7358.847279
408,7358.847279
409,7358.847279
410,7358.847279
411,7358.847279
412,7358.847279
413,7358.847279
414,7358.847279
415,7358.847279
416,7358.847279
417,7358.847279
418,7358.847279
419,7358.847279
420,7358.847279
421,7358.847279
422,7358.847279
423,7358.847279
424,7358.847279
425,7358.847279
426,7358.847279
427,7358.847279
428,7358.847279
429,7358.847279
430,7358.847279
431,7358.847279
432,7358.847279
433,7358.847279
434,7358.847279
435,7358.847279
436,7358.847279
437,7358.847279
438,7358.847279
439,7358.847279
440,7358.847279
441,7358.847279
442,7358.847279
443,7358.847279
444,7358.847279
445,7358.847279
446,7358.847279
447,7358.847279
448,7358.847279
449,7358.847279
450,7358.847279
451,7358.847279
452,7358.847279
453,7358.847279
454,7358.847279
455,7358.847279
456,7358.847279
457,7358.847279
458,7358.847279
459,7358.847279
460,7358.847279
461,7358.847279
462,7358.847279
463,7358.847279
464,7358.847279
465,7358.847279
466,7358.847279
467,7358.847279
468,7358.847279
469,7358.847279
470,7358.847279
471,7358.847279
472,7358.847279
473,7358.847279
474,7358.847279
475,7358.847279
476,7358.847279
477,7358.847279
478,7358.847279
479,7358.847279
480,7358.847279
481,7358.847279
482,7358.847279
483,7358.847279
484,7358.847279
485,7358.847279
486,7358.847279
487,7358.847279
488,7358.847279
489,7358.847279
490,7358.847279
491,7358.847279
492,7358.847279
493,7358.847279
494,7358.847279
495,7358.847279
496,7358.847279
497,7358.847279
498,7358.847279
499,7358.847279
