0,3122.263970
1,6423.803524
2,6973.070926
3,7379.348580
4,7831.225828
5,8133.697652
6,8441.499464
7,8759.421306
8,9088.380746
9,9553.362681
10,9866.308960
11,10197.360534
12,10494.548240
13,10810.929031
14,11110.471535
15,11427.917537
16,11535.605111
17,11844.453425
18,12172.035431
19,12372.912655
20,12536.383261
21,12663.167788
22,12768.645749
23,12847.913950
24,13118.437896
25,13123.787508
26,13178.502232
27,13311.976514
28,13413.771545
29,13420.061185
30,13364.777698
31,13522.784099
32,13604.158476
33,13654.228584
34,13636.958725
35,13653.772287
36,13716.217328
37,13837.369118
38,14034.965312
39,14066.555862
40,14116.633432
41,14430.822276
42,14636.631936
43,14659.425375
44,14557.467450
45,14779.055530
46,14781.423270
47,14879.291633
48,14851.021339
49,14962.908949
50,15033.749949
51,15151.075294
52,15259.556063
53,15199.435466
54,15235.701435
55,15364.798771
56,15478.140360
57,15531.857927
58,15622.473374
59,15716.051060
60,15869.469744
61,15876.986996
62,15966.704501
63,15933.238305
64,15955.168772
65,15913.096545
66,16066.525374
67,16120.942207
68,16000.008609
69,16261.304757
70,16354.268778
71,16264.578466
72,16246.621184
73,16369.288624
74,16502.525640
75,16354.067382
76,16477.173774
77,16560.933610
78,16718.787214
79,16738.996797
80,16709.574522
81,16707.553285
82,16786.650212
83,16781.935345
84,16807.233008
85,16603.421354
86,16790.939202
87,16861.371331
88,16707.291962
89,16756.127944
90,16615.652641
91,16657.615011
92,16710.017721
93,16638.672193
94,16700.417289
95,16837.856595
96,16816.497958
97,16888.072324
98,16930.167196
99,16775.698658
100,16982.539887
101,16816.279185
102,16722.242018
103,16779.446753
104,16725.230113
105,16761.585430
106,16795.704786
107,16813.448752
108,16740.625203
109,16780.814595
110,16768.674707
111,16765.740733
112,16879.301586
113,16870.452081
114,16878.192488
115,16884.433023
116,16947.149074
117,16956.866290
118,16823.725381
119,16891.670613
120,16819.068315
121,16813.386942
122,16873.802533
123,16763.261393
124,16947.822243
125,16949.704030
126,16956.954580
127,16984.558525
128,16844.259927
129,16930.685342
130,16810.187170
131,16907.797977
132,16803.505050
133,16947.641474
134,17061.178017
135,17134.902103
136,17041.508627
137,17159.122597
138,17126.839467
139,17056.481036
140,17099.275047
141,17025.701778
142,17091.745541
143,17426.388607
144,17335.268676
145,17474.671409
146,17431.096704
147,17352.602066
148,17446.957840
149,17345.833761
150,17561.286040
151,17399.616079
152,17536.414003
153,17383.293012
154,17489.490390
155,17476.786739
156,17396.160790
157,17471.953475
158,17532.886955
159,17567.017486
160,17619.761906
161,17522.321975
162,17441.950675
163,17411.648352
164,17575.949805
165,17524.862944
166,17488.423117
167,17340.841863
168,17295.492622
169,17212.183520
170,17365.176335
171,17426.316972
172,17428.624747
173,17394.717143
174,17502.966213
175,17515.371985
176,17465.385398
177,17498.817982
178,17406.153082
179,17341.728597
180,17326.144983
181,17348.451285
182,17490.190999
183,17421.294591
184,17325.284877
185,17366.280943
186,17340.700277
187,17339.456652
188,17440.800229
189,17247.713215
190,17373.573216
191,17327.278551
192,17306.341195
193,17426.399114
194,17511.056004
195,17459.044277
196,17497.495234
197,17543.327399
198,17383.219428
199,17413.345462
200,17473.453599
201,17430.076588
202,17480.602046
203,17491.553831
204,17287.981483
205,17326.948229
206,17411.858106
207,17424.085502
208,17467.454125
209,17493.083438
210,17447.374791
211,17392.817054
212,17315.681443
213,17326.219972
214,17454.400291
215,17405.395271
216,17473.541869
217,17513.741646
218,17534.966102
219,17499.385054
220,17640.273697
221,17520.860796
222,17411.381950
223,17424.033526
224,17362.354521
225,17473.376387
226,17503.889395
227,17474.697108
228,17521.952319
229,17509.085288
230,17437.808808
231,17457.139648
232,17405.575882
233,17414.241729
234,17371.515804
235,17396.893298
236,17433.540624
237,17524.223978
238,17499.988991
239,17329.897862
240,17283.794360
241,17500.683458
242,17372.601957
243,17452.955782
244,17468.869875
245,17438.444944
246,17546.719534
247,17388.380793
248,17370.424428
249,17516.539819
250,17384.869036
251,17386.003860
252,17527.900565
253,17463.726600
254,17513.981870
255,17348.305078
256,17450.179790
257,17473.967347
258,17306.684498
259,17362.998881
260,17591.355496
261,17539.447282
262,17481.067079
263,17459.871027
264,17494.434592
265,17507.551678
266,17317.149483
267,17426.393331
268,17325.825388
269,17473.258550
270,17497.845030
271,17460.790076
272,17501.953577
273,17573.011637
274,17467.412849
275,17568.470881
276,17592.632629
277,17483.380790
278,17517.875875
279,17510.517437
280,17475.427807
281,17514.569558
282,17505.851206
283,17468.622990
284,17687.910615
285,17525.052470
286,17447.520088
287,17491.257694
288,17370.846967
289,17541.929948
290,17536.215189
291,17525.126875
292,17529.922213
293,17503.567336
294,17533.818045
295,17546.693300
296,17418.655282
297,17523.596435
298,17426.177468
299,17519.914195
300,17456.116948
301,17399.032141
302,17558.791753
303,17425.928132
304,17455.361091
305,17571.403652
306,17586.596273
307,17432.496357
308,17497.532860
309,17516.023852
310,17438.383956
311,17493.098521
312,17500.063404
313,17523.836415
314,17519.727667
315,17499.863986
316,17384.364808
317,17463.559224
318,17450.379473
319,17558.136501
320,17497.767454
321,17481.100697
322,17541.006687
323,17635.334319
324,17571.471539
325,17437.771820
326,17544.083059
327,17571.361016
328,17676.992821
329,17644.710164
330,17711.885600
331,17632.985270
332,17625.533773
333,17559.621712
334,17709.828886
335,17604.293175
336,17416.496246
337,17454.441298
338,17538.116588
339,17680.504525
340,17738.902907
341,17721.174658
342,17665.303334
343,17636.930750
344,17810.581020
345,17765.442038
346,17613.881797
347,17535.210381
348,17635.771777
349,17614.004074
350,17638.169228
351,17682.475160
352,17690.445707
353,17685.761134
354,17611.387789
355,17567.206766
356,17550.794372
357,17512.752004
358,17521.479304
359,17489.858908
360,17578.289826
361,17684.734622
362,17599.870486
363,17553.353287
364,17521.693971
365,17536.745516
366,17633.997609
367,17724.309651
368,17645.633227
369,17585.648118
370,17545.040530
371,17599.317112
372,17620.148751
373,17447.279328
374,17558.895106
375,17552.899951
376,17539.672933
377,17468.572690
378,17594.798451
379,17665.388889
380,17519.861373
381,17549.012950
382,17599.833196
383,17665.877972
384,17690.248905
385,17631.412086
386,17565.627417
387,17588.076827
388,17564.242923
389,17726.193826
390,17638.065978
391,17589.895885
392,17510.884646
393,17649.631082
394,17613.859463
395,17797.790157
396,17738.684111
397,17726.190633
398,17691.435929
399,17686.537430
400,17641.392200
401,17708.956786
402,17557.700187
403,17657.440147
404,17798.560973
405,17781.012364
406,17656.293188
407,17668.916813
408,17694.270723
409,17579.257459
410,17630.031346
411,17576.597522
412,17567.104721
413,17494.033416
414,17629.188986
415,17650.598566
416,17658.516971
417,17529.795386
418,17599.829706
419,17674.720000
420,17527.445175
421,17574.993601
422,17736.680080
423,17673.263873
424,17653.163864
425,17631.582551
426,17735.206138
427,17669.873522
428,17620.621700
429,17710.473190
430,17665.083523
431,17640.332170
432,17746.107371
433,17527.124106
434,17623.851046
435,17457.688307
436,17517.413612
437,17716.926604
438,17601.655362
439,17581.728531
440,17702.400371
441,17634.592309
442,17613.027614
443,17477.466362
444,17496.074608
445,17600.373398
446,17655.840236
447,17660.097489
448,17807.638666
449,17603.374038
450,17598.142064
451,17666.690165
452,17672.244862
453,17618.874931
454,17590.509889
455,17537.743998
456,17612.106112
457,17607.798131
458,17659.702504
459,17801.177519
460,17592.395401
461,17459.900082
462,17512.607270
463,17653.514928
464,17509.494786
465,17560.417831
466,17653.448981
467,17719.497010
468,17557.963174
469,17580.872193
470,17756.834024
471,17719.288980
472,17663.169297
473,17794.446701
474,17771.996079
475,17676.783193
476,17745.352815
477,17773.283109
478,17710.196973
479,17758.467385
480,17624.555382
481,17459.379996
482,17673.621337
483,17726.814905
484,17775.255048
485,17650.311960
486,17673.132198
487,17672.567175
488,17711.938391
489,17726.012381
490,17665.673391
491,17785.914568
492,17690.978689
493,17611.659346
494,17580.114791
495,17457.314522
496,17605.510289
497,17598.442735
498,17669.486345
499,17760.764542
