0,3084.748439
1,6144.126632
2,6524.151989
3,6827.066215
4,7009.115888
5,7182.497406
6,7347.839235
7,7538.415102
8,7610.704012
9,7760.274413
10,7908.201756
11,8073.369173
12,8142.910722
13,8249.572352
14,8334.177358
15,8474.439149
16,8605.901776
17,8754.009392
18,8854.216903
19,8946.706617
20,9072.372805
21,9115.466844
22,9250.741960
23,9469.610640
24,9493.469151
25,9557.775902
26,9678.354109
27,9879.716710
28,9858.705017
29,10067.807790
30,10097.901848
31,10233.175811
32,10302.112582
33,10325.853906
34,10418.722563
35,10605.691727
36,10689.736185
37,10712.636350
38,10854.085616
39,10898.278919
40,11090.849060
41,11096.927394
42,11235.069208
43,11280.588647
44,11155.305399
45,11369.106796
46,11328.240481
47,11543.684135
48,11659.011183
49,11678.848054
50,11895.513466
51,11824.302401
52,11837.106158
53,11954.496590
54,12144.126181
55,12012.612328
56,11929.085867
57,12265.931150
58,12396.086722
59,12152.005684
60,12285.368897
61,12200.833336
62,12372.672740
63,12424.114774
64,12317.237147
65,12658.508846
66,12750.834817
67,12577.572366
68,12540.705297
69,12598.287101
70,12557.575295
71,12776.354539
72,12508.112373
73,12593.547924
74,12877.806064
75,12860.699487
76,12751.246410
77,12790.399349
78,12683.234444
79,12722.087021
80,12859.248477
81,12930.822463
82,12909.214932
83,12861.616515
84,12844.735624
85,12938.394044
86,13073.988951
87,13190.999706
88,12951.236893
89,13098.766933
90,13282.942803
91,13060.096229
92,13085.425469
93,13129.463254
94,13062.663955
95,13110.970994
96,13186.108724
97,13468.718535
98,13204.995268
99,13065.343056
100,12986.668760
101,12898.834905
102,13087.763584
103,13090.666849
104,13027.333866
105,13062.426364
106,13244.914797
107,13340.570193
108,13213.645366
109,13282.892455
110,13250.140174
111,13309.451444
112,13563.413934
113,13436.115236
114,13473.909058
115,13117.383809
116,12954.532178
117,13075.235353
118,12952.186285
119,13479.791906
120,13280.353928
121,13355.238031
122,13438.597267
123,13280.922603
124,13260.477144
125,13422.963076
126,13181.725454
127,13385.987622
128,13079.574226
129,13287.676753
130,13625.601045
131,13552.099798
132,13373.823621
133,13302.918192
134,13163.921499
135,13105.160388
136,13342.336158
137,13275.130022
138,13035.844705
139,13417.197486
140,13493.479886
141,13287.341699
142,13333.847908
143,13227.300810
144,13123.801055
145,13256.031969
146,13471.213109
147,13513.012856
148,13343.624782
149,13368.183346
150,13032.775113
151,13322.139549
152,13025.844866
153,13227.302016
154,13238.521498
155,13444.623319
156,13119.453133
157,13179.073541
158,13084.070458
159,13329.919414
160,13270.246295
161,13113.904224
162,13223.867789
163,13318.336067
164,13318.323751
165,13399.538252
166,13327.797479
167,13280.117593
168,13354.892986
169,13140.827513
170,13192.833075
171,13150.017900
172,13194.651634
173,13225.599384
174,13413.461029
175,13256.349479
176,13316.209722
177,13587.252672
178,13210.995017
179,13499.058768
180,13209.802698
181,13053.418917
182,13076.130445
183,13311.354916
184,13736.613229
185,13490.990784
186,13381.526009
187,13314.681249
188,13137.502152
189,13241.380865
190,13174.167088
191,13027.821772
192,13117.081749
193,13254.132493
194,13400.938890
195,13277.839657
196,13361.969672
197,13154.215169
198,13184.267170
199,13016.276238
200,13356.793114
201,13372.462992
202,13209.396036
203,13080.207557
204,13264.927945
205,13327.358853
206,13216.896925
207,13387.612069
208,13373.602712
209,13437.512172
210,13362.581836
211,13154.880352
212,13455.518293
213,13082.468374
214,13050.373086
215,13242.786903
216,13188.861063
217,13322.225907
218,13368.565821
219,13476.991033
220,13493.132541
221,13151.505812
222,13207.007870
223,13197.963546
224,13330.611492
225,13377.516543
226,13441.110848
227,13392.102345
228,13439.409275
229,13279.762746
230,13450.548644
231,12990.654058
232,12694.967527
233,13098.214024
234,13429.845322
235,13429.809488
236,13245.898128
237,13134.577078
238,13316.993802
239,13464.635237
240,13559.206768
241,13269.262889
242,13190.234176
243,13353.845349
244,13253.449962
245,13278.446052
246,13286.478415
247,13449.875708
248,13571.408834
249,13631.236495
250,13326.625664
251,13562.252031
252,13394.366499
253,13474.272182
254,13265.421295
255,13545.524734
256,13549.213787
257,13544.366004
258,13851.689687
259,13633.214176
260,13566.776057
261,13412.902823
262,13274.739512
263,13507.913986
264,13483.073834
265,13436.085092
266,13391.898169
267,13486.319449
268,13650.505998
269,13578.561342
270,13467.003488
271,13647.423939
272,13554.785239
273,13232.851094
274,13540.649589
275,13369.396575
276,13363.525120
277,13379.397807
278,13183.372809
279,13436.959908
280,13696.518339
281,13500.616212
282,13604.192700
283,13517.602824
284,13752.281973
285,13553.705161
286,13311.352012
287,13331.984264
288,13435.311583
289,13318.146418
290,13381.103350
291,13364.759807
292,13662.433595
293,13742.872963
294,13490.983606
295,13487.914868
296,13637.113806
297,13433.015857
298,13516.464005
299,13577.307745
300,13167.254312
301,13673.939067
302,13555.843742
303,13674.266036
304,13738.773320
305,13637.396846
306,13409.100762
307,13532.650044
308,13750.848890
309,13370.639288
310,13598.508906
311,13579.888275
312,13705.512362
313,13500.810321
314,13903.088222
315,13862.607291
316,13564.154646
317,13669.283338
318,13597.647788
319,13604.032218
320,13459.960306
321,13317.163242
322,13395.847643
323,13403.224082
324,13608.447396
325,13659.444806
326,13690.825693
327,13519.129853
328,13478.359968
329,13364.857862
330,13430.191320
331,13409.304209
332,13635.473608
333,13738.976219
334,13501.925317
335,13842.950837
336,13509.567576
337,13436.013564
338,13571.944467
339,13325.764069
340,13304.469733
341,13501.826056
342,13333.453315
343,13410.721973
344,13557.039393
345,13572.255900
346,13714.180616
347,13669.067877
348,13474.685544
349,13397.539308
350,13684.582543
351,13923.496820
352,13401.770687
353,13458.612036
354,13464.280954
355,13698.606962
356,13607.143866
357,13376.453887
358,13460.531691
359,13636.582997
360,13604.727209
361,13516.112866
362,13506.725545
363,13654.079860
364,13581.630640
365,13683.186019
366,13496.382371
367,13445.510378
368,13357.250460
369,13575.183727
370,13488.601674
371,13861.594235
372,13791.963910
373,13885.839138
374,13414.518691
375,13741.521780
376,13465.142807
377,13529.296071
378,13453.877299
379,13451.460970
380,13494.817820
381,13557.546984
382,13450.315241
383,13431.253701
384,13504.413898
385,13657.516263
386,13561.804744
387,13417.583611
388,13705.613597
389,13493.440395
390,13402.484610
391,13576.669040
392,13369.744769
393,13666.052982
394,13767.811803
395,13624.672004
396,13643.092057
397,13475.269676
398,13483.270226
399,13503.873740
400,13470.447086
401,13573.156361
402,13621.021709
403,13567.225609
404,13467.470248
405,13460.183040
406,13505.856434
407,13501.515738
408,13529.050202
409,13768.987749
410,13850.041183
411,13663.139557
412,13511.429591
413,13555.360585
414,13418.419941
415,13458.206089
416,13419.698029
417,13591.142311
418,13482.995522
419,13541.018521
420,13644.995321
421,13479.950778
422,13626.640544
423,13613.227760
424,13655.540692
425,13455.254830
426,13520.636724
427,13241.246791
428,13373.084164
429,13957.615727
430,13660.883068
431,13451.513649
432,13646.712303
433,13367.235080
434,13426.457201
435,13625.237800
436,13358.394313
437,13597.086306
438,13524.116086
439,13350.798329
440,13638.266903
441,13462.416699
442,13275.932370
443,13221.446779
444,13610.781985
445,13634.332849
446,13515.003346
447,13767.563006
448,13847.757506
449,13769.671497
450,13674.120420
451,13646.707802
452,13600.254197
453,13693.310461
454,13421.051599
455,13539.154346
456,13585.002873
457,13571.339247
458,13570.507621
459,13691.654671
460,13624.205060
461,13558.997396
462,13548.850509
463,13551.541997
464,13566.459072
465,13408.319631
466,13312.725382
467,13238.601981
468,13458.192913
469,13399.094217
470,13640.761307
471,13425.142594
472,13481.648367
473,13722.163086
474,13605.590805
475,13713.401266
476,13779.220609
477,13570.429307
478,13864.622288
479,13683.171200
480,13630.714015
481,13660.263196
482,13610.273120
483,13501.367625
484,13627.003538
485,13577.979078
486,13716.121643
487,13823.394631
488,14022.325371
489,13922.222327
490,13969.662108
491,13816.162478
492,13713.175087
493,13930.270546
494,13813.534210
495,13843.033083
496,13466.087770
497,13590.122282
498,13608.986321
499,13500.427851
