0,3097.002906
1,6194.160557
2,6577.091038
3,6958.892544
4,7199.871118
5,7486.175737
6,7742.239277
7,7976.675547
8,8232.952456
9,8521.106049
10,8748.944977
11,8949.763087
12,9132.256110
13,9344.466922
14,9483.150835
15,9620.855704
16,9789.225091
17,9931.300658
18,10254.155812
19,10489.950354
20,10542.720475
21,10684.913185
22,10909.566206
23,11136.080858
24,11255.017566
25,11428.374230
26,11631.541399
27,11803.332272
28,11932.451604
29,12031.050045
30,12222.821543
31,12202.179615
32,12202.380586
33,12454.407306
34,12551.067073
35,12710.333946
36,12620.274687
37,12913.078068
38,13017.796548
39,13056.759251
40,12897.809729
41,12945.727849
42,13174.981431
43,13301.611938
44,13151.476984
45,13145.459380
46,13197.985709
47,13235.553899
48,13329.208008
49,13438.837105
50,13421.450812
51,13549.735191
52,13590.213656
53,13668.062215
54,13638.176065
55,13708.417416
56,13689.702129
57,13799.889435
58,13855.210262
59,13979.522533
60,13862.919026
61,13717.722082
62,13800.557720
63,13895.952525
64,13852.029560
65,13906.638240
66,14066.498410
67,13953.350542
68,13825.972291
69,13831.192578
70,13841.412609
71,14049.391272
72,14041.111290
73,14149.261252
74,14013.323164
75,14080.754289
76,14139.077619
77,14216.623718
78,14255.515035
79,14429.073152
80,14350.044533
81,14372.659483
82,14506.434461
83,14276.529015
84,14533.687145
85,14345.101519
86,14535.805332
87,14314.329204
88,14350.068468
89,14416.608163
90,14334.678104
91,14502.769325
92,14499.967879
93,14390.429259
94,14558.517324
95,14483.528271
96,14354.260841
97,14458.257537
98,14504.549355
99,14433.289943
100,14558.226490
101,14606.139591
102,14587.465181
103,14590.372250
104,14531.651726
105,14457.042108
106,14579.580216
107,14486.815272
108,14574.506723
109,14514.247884
110,14518.089435
111,14604.244547
112,14639.878801
113,14594.239463
114,14633.065112
115,14525.107840
116,14327.188892
117,14613.056460
118,14722.640300
119,14507.814169
120,14644.480916
121,14706.473805
122,14595.307135
123,14453.177679
124,14396.012934
125,14648.715932
126,14550.836982
127,14704.759339
128,14849.660505
129,14704.416303
130,14767.264833
131,14784.781025
132,14832.158197
133,14758.170582
134,14688.496641
135,14821.048299
136,14752.638610
137,14661.190548
138,14740.791836
139,14641.861710
140,14668.395143
141,14852.090081
142,14813.515787
143,14715.543343
144,14883.386906
145,14898.217282
146,14659.740693
147,14724.283784
148,14648.540636
149,14642.825734
150,14682.418621
151,14819.419524
152,14543.015213
153,14879.442425
154,14824.307553
155,14885.592413
156,14772.964421
157,14804.395024
158,14921.811758
159,14681.857304
160,14716.047467
161,14713.031321
162,14717.479806
163,14799.102144
164,14668.251119
165,14710.357733
166,14785.338207
167,14770.564766
168,14850.423801
169,14929.276501
170,14753.539422
171,14704.449021
172,14677.017684
173,14842.505232
174,14819.150219
175,14835.639286
176,14691.102689
177,14757.462875
178,14726.550939
179,14922.566408
180,14769.878352
181,14767.601792
182,14766.186451
183,14647.784420
184,14924.907696
185,14711.187017
186,14901.238642
187,14879.312451
188,14936.474184
189,14788.183616
190,14723.106562
191,14557.552117
192,14812.018947
193,14760.613658
194,14793.880761
195,14711.366794
196,14797.760986
197,14732.740294
198,14894.920910
199,14802.036102
200,14963.161296
201,14765.774638
202,14787.786403
203,14806.049435
204,14821.139112
205,14876.409976
206,14771.974188
207,14678.067024
208,14740.241526
209,14825.997117
210,14799.072179
211,14635.970949
212,14517.504471
213,14690.207252
214,14783.681821
215,14736.980138
216,14788.175042
217,14864.023840
218,14832.713092
219,15030.002302
220,14911.972875
221,14832.981208
222,14691.521207
223,15017.314694
224,15058.137054
225,14838.896915
226,14847.453492
227,15052.734727
228,14934.663816
229,15037.403330
230,14890.468363
231,14974.820805
232,14980.228040
233,14864.442988
234,14814.531686
235,14720.844117
236,14782.755762
237,14755.854110
238,14685.454944
239,14769.759011
240,14813.564927
241,14813.890091
242,14955.339127
243,14959.931210
244,14805.565299
245,14911.095588
246,14908.838164
247,14800.630453
248,14772.801285
249,14893.342414
250,14896.865781
251,14774.289034
252,14729.904215
253,14766.307668
254,14834.394418
255,14828.890165
256,14898.695591
257,14983.005924
258,14896.216435
259,14948.789161
260,14859.140603
261,14658.222728
262,14799.818125
263,14844.496642
264,14970.331546
265,14894.476246
266,14942.397457
267,14829.643831
268,14798.051761
269,14781.105285
270,14891.834146
271,14864.764385
272,14821.947781
273,14842.916611
274,14849.921655
275,15059.828416
276,15002.838385
277,14936.726706
278,14973.945566
279,14990.081680
280,14979.656068
281,14885.353490
282,14843.775727
283,14883.497980
284,15022.702273
285,15001.787799
286,15232.345764
287,14885.768028
288,14860.837661
289,14971.825646
290,15177.547351
291,15085.997029
292,14922.284420
293,14963.336621
294,14759.505331
295,14673.147275
296,14930.272227
297,14876.954789
298,14748.633744
299,14801.990219
300,14851.469611
301,14824.299441
302,14721.375387
303,14883.902728
304,14843.423674
305,14669.514287
306,14803.083987
307,14882.483751
308,14770.936418
309,14753.633190
310,14776.137686
311,14954.500393
312,14861.865840
313,14715.149702
314,14864.820045
315,14854.060858
316,15102.777161
317,14935.156575
318,14978.041126
319,14995.922664
320,14998.056493
321,14729.698153
322,14868.691677
323,14848.801980
324,14730.791118
325,14885.247117
326,14768.170329
327,14921.445046
328,14748.709548
329,14967.576803
330,14896.685277
331,15004.098204
332,14983.552153
333,14848.497303
334,14993.547950
335,14912.321426
336,15002.581857
337,15093.768521
338,14864.141168
339,14829.564272
340,14798.965626
341,14752.022647
342,14960.156054
343,14716.934012
344,14836.911252
345,14919.466799
346,14823.675732
347,14837.290810
348,14997.123690
349,14908.855151
350,14862.524481
351,14950.239843
352,14945.193238
353,14943.151657
354,14926.437018
355,14884.301335
356,14927.617101
357,14884.601848
358,15018.702076
359,14833.014393
360,14999.066746
361,14851.913504
362,14950.895336
363,15032.411453
364,14931.596843
365,14910.443661
366,15059.865835
367,14801.478697
368,14892.234734
369,14945.102030
370,14796.625665
371,14775.441276
372,14849.746001
373,15033.907540
374,14942.878055
375,14788.789528
376,14710.082624
377,15056.562375
378,15029.938742
379,14936.065796
380,14883.707840
381,14740.737137
382,14720.401580
383,14713.642076
384,14951.052958
385,14894.704135
386,14834.206232
387,14779.671135
388,14662.928277
389,14732.854457
390,14831.887730
391,14620.224123
392,14791.502052
393,14796.123493
394,14759.753513
395,14984.753108
396,14873.662161
397,15085.522995
398,14919.564905
399,14960.274745
400,14881.313020
401,14764.908061
402,14772.869277
403,14945.142485
404,14969.286221
405,15079.101662
406,14979.951583
407,14847.723764
408,14961.659122
409,14969.741586
410,15122.397974
411,14827.386653
412,14836.766334
413,14795.527100
414,14761.917388
415,14690.673651
416,14685.074685
417,14820.899455
418,14797.410217
419,15077.394168
420,14902.422022
421,14843.311917
422,14818.843109
423,14744.065390
424,14878.207596
425,14817.230578
426,14914.288759
427,14780.909170
428,14694.669609
429,14886.275316
430,14800.380462
431,14620.234685
432,14795.023863
433,14810.792588
434,14847.108396
435,14776.297942
436,14869.922203
437,15048.352860
438,14924.860221
439,14670.475625
440,14684.317386
441,14825.606968
442,14924.797286
443,14958.140361
444,14799.387643
445,14970.702483
446,14838.482089
447,15146.292590
448,15004.227945
449,15152.346267
450,15145.912370
451,15208.593430
452,15096.681572
453,15130.713880
454,15086.504174
455,15212.251879
456,15265.374792
457,15114.558505
458,14997.501311
459,15058.423060
460,15165.994880
461,15306.300311
462,15365.831788
463,15194.480878
464,15320.952798
465,15268.851854
466,15263.239412
467,15332.578485
468,15372.104149
469,15338.476051
470,15260.976627
471,15175.393256
472,15136.504745
473,15150.150804
474,15266.597457
475,15096.030852
476,15094.834576
477,15008.308115
478,15207.603060
479,15288.130107
480,15191.776149
481,15133.394458
482,15135.789080
483,15392.682554
484,15563.306009
485,15365.842565
486,15348.055885
487,15243.729490
488,15335.777950
489,15353.236030
490,15264.610951
491,15015.286711
492,15366.182990
493,15124.529366
494,15083.028463
495,15128.289190
496,15011.628158
497,15027.621812
498,15234.320487
499,15329.569361
