0,3155.676569
1,3321.286862
2,3456.148272
3,3485.369783
4,3558.223131
5,3711.965355
6,3694.727136
7,3713.930008
8,3688.007272
9,3748.702039
10,3802.451548
11,3725.311759
12,3709.816358
13,3765.022031
14,3771.762701
15,3782.019253
16,3866.223477
17,3824.901363
18,3921.450883
19,3912.204362
20,3897.017064
21,3847.667341
22,3871.062352
23,3849.175156
24,3915.468225
25,3960.876377
26,3998.233886
27,4064.342437
28,4024.731073
29,4015.652033
30,3964.903571
31,4020.413019
32,4030.583001
33,4020.240102
34,4043.589484
35,4027.744258
36,3922.574846
37,3960.736217
38,4102.115367
39,4069.455661
40,4071.183573
41,4116.208459
42,4192.311483
43,4251.625718
44,4144.256034
45,4194.163889
46,4244.783139
47,4281.863140
48,4132.749399
49,4070.625728
50,4075.598960
51,3997.532184
52,4001.333621
53,4097.124387
54,4223.360444
55,4229.041841
56,4286.358979
57,4320.193805
58,4367.184449
59,4366.449862
60,4410.550265
61,4491.810033
62,4541.308630
63,4414.438475
64,4468.933747
65,4378.666440
66,4407.469093
67,4356.141714
68,4515.843965
69,4594.026211
70,4679.541145
71,4660.205921
72,4675.420510
73,4738.038884
74,4893.131865
75,4970.120150
76,5136.465956
77,5207.769132
78,5192.863941
79,5160.883250
80,5205.412660
81,5358.912141
82,5476.465181
83,5722.842797
84,5801.897092
85,5924.622339
86,6004.508440
87,6020.943310
88,6296.549366
89,6359.075688
90,6506.314316
91,6609.388952
92,6639.191381
93,6584.329557
94,6580.759496
95,6633.964364
96,6807.179175
97,6933.853426
98,6866.744918
99,6941.434115
100,6869.220451
101,7041.741089
102,6925.411435
103,6907.594994
104,6894.916140
105,6962.776604
106,6999.860685
107,7066.327271
108,6987.805666
109,6966.387598
110,6940.514399
111,7016.199655
112,7023.837149
113,7140.822558
114,7113.265810
115,7137.163159
116,7145.993067
117,7232.419770
118,7250.580302
119,7199.696269
120,7251.046199
121,7362.278175
122,7257.771332
123,7233.308405
124,7343.679501
125,7325.969973
126,7401.869256
127,7391.726504
128,7409.237392
129,7333.916479
130,7403.273009
131,7425.625303
132,7410.269134
133,7377.818169
134,7436.044534
135,7467.986513
136,7463.277591
137,7480.308617
138,7475.437179
139,7460.492809
140,7456.118313
141,7427.636443
142,7489.991418
143,7498.724451
144,7486.532500
145,7479.647404
146,7509.690222
147,7487.398050
148,7538.717323
149,7522.089730
150,7486.758447
151,7538.749589
152,7538.814120
153,7522.320104
154,7527.811764
155,7538.910916
156,7525.101985
157,7505.443676
158,7538.910916
159,7520.385146
160,7524.786461
161,7539.427164
162,7524.874313
163,7526.892600
164,7539.491695
165,7539.491695
166,7539.491695
167,7526.463820
168,7539.491695
169,7526.306751
170,7539.491695
171,7539.491695
172,7539.491695
173,7539.491695
174,7539.491695
175,7539.491695
176,7524.427961
177,7539.491695
178,7519.651526
179,7539.491695
180,7539.491695
181,7522.185642
182,7539.491695
183,7539.491695
184,7539.491695
185,7539.491695
186,7539.491695
187,7539.491695
188,7539.491695
189,7539.491695
190,7539.491695
191,7539.491695
192,7539.491695
193,7539.491695
194,7539.491695
195,7539.491695
196,7539.491695
197,7539.491695
198,7539.491695
199,7539.491695
200,7539.491695
201,7539.491695
202,7539.491695
203,7539.491695
204,7539.491695
205,7539.491695
206,7539.491695
207,7539.491695
208,7539.491695
209,7539.491695
210,7539.491695
211,7539.491695
212,7539.491695
213,7539.491695
214,7539.491695
215,7539.491695
216,7539.491695
217,7539.491695
218,7539.491695
219,7539.491695
220,7539.491695
221,7539.491695
222,7539.491695
223,7539.491695
224,7539.491695
225,7539.491695
226,7539.491695
227,7539.491695
228,7539.491695
229,7539.491695
230,7539.491695
231,7539.491695
232,7539.491695
233,7539.491695
234,7539.491695
235,7539.491695
236,7539.491695
237,7539.491695
238,7539.491695
239,7539.491695
240,7539.491695
241,7539.491695
242,7539.491695
243,7539.491695
244,7539.491695
245,7539.491695
246,7539.491695
247,7539.491695
248,7539.491695
249,7539.491695
250,7539.491695
251,7539.491695
252,7539.491695
253,7539.491695
254,7539.491695
255,7539.491695
256,7539.491695
257,7539.491695
258,7539.491695
259,7539.491695
260,7539.491695
261,7539.491695
262,7539.491695
263,7539.491695
264,7539.491695
265,7539.491695
266,7539.491695
267,7539.491695
268,7539.491695
269,7539.491695
270,7539.491695
271,7539.491695
272,7539.491695
273,7539.491695
274,7539.491695
275,7539.491695
276,7539.491695
277,7539.491695
278,7539.491695
279,7539.491695
280,7539.491695
281,7539.491695
282,7539.491695
283,7539.491695
284,7539.491695
285,7539.491695
286,7539.491695
287,7539.491695
288,7539.491695
289,7539.491695
290,7539.491695
291,7539.491695
292,7539.491695
293,7539.491695
294,7539.491695
295,7539.491695
296,7539.491695
297,7539.491695
298,7539.491695
299,7539.491695
300,7539.491695
301,7539.491695
302,7539.491695
303,7539.491695
304,7539.491695
305,7539.491695
306,7539.491695
307,7539.491695
308,7539.491695
309,7539.491695
310,7539.491695
311,7539.491695
312,7539.491695
313,7539.491695
314,7539.491695
315,7539.491695
316,7539.491695
317,7539.491695
318,7539.491695
319,7539.491695
320,7539.491695
321,7539.491695
322,7539.491695
323,7539.491695
324,7539.491695
325,7539.491695
326,7539.491695
327,7539.491695
328,7539.491695
329,7539.491695
330,7539.491695
331,7539.491695
332,7539.491695
333,7539.491695
334,7539.491695
335,7539.491695
336,7539.491695
337,7539.491695
338,7539.491695
339,7539.491695
340,7539.491695
341,7539.491695
342,7539.491695
343,7539.491695
344,7539.491695
345,7539.491695
346,7539.491695
347,7539.491695
348,7539.491695
349,7539.491695
350,7539.491695
351,7539.491695
352,7539.491695
353,7539.491695
354,7539.491695
355,7539.491695
356,7539.491695
357,7539.491695
358,7539.491695
359,7539.491695
360,7539.491695
361,7539.491695
362,7539.491695
363,7539.491695
364,7539.491695
365,7539.491695
366,7539.491695
367,7539.491695
368,7539.491695
369,7539.491695
370,7539.491695
371,7539.491695
372,7539.491695
373,7539.491695
374,7539.491695
375,7539.491695
376,7539.491695
377,7539.491695
378,7539.491695
379,7539.491695
380,7539.491695
381,7539.491695
382,7539.491695
383,7539.491695
384,7539.491695
385,7539.491695
386,7539.491695
387,7539.491695
388,7539.491695
389,7539.491695
390,7539.491695
391,7539.491695
392,7539.491695
393,7539.491695
394,7539.491695
395,7539.491695
396,7539.491695
397,7539.491695
398,7539.491695
399,7539.491695
400,7539.491695
401,7539.491695
402,7539.491695
403,7539.491695
404,7539.491695
405,7539.491695
406,7539.491695
407,7539.491695
408,7539.491695
409,7539.491695
410,7539.491695
411,7539.491695
412,7539.491695
413,7539.491695
414,7539.491695
415,7539.491695
416,7539.491695
417,7539.491695
418,7539.491695
419,7539.491695
420,7539.491695
421,7539.491695
422,7539.491695
423,7539.491695
424,7539.491695
425,7539.491695
426,7539.491695
427,7539.491695
428,7539.491695
429,7539.491695
430,7539.491695
431,7539.491695
432,7539.491695
433,7539.491695
434,7539.491695
435,7539.491695
436,7539.491695
437,7539.491695
438,7539.491695
439,7539.491695
440,7539.491695
441,7539.491695
442,7539.491695
443,7539.491695
444,7539.491695
445,7539.491695
446,7539.491695
447,7539.491695
448,7539.491695
449,7539.491695
450,7539.491695
451,7539.491695
452,7539.491695
453,7539.491695
454,7539.491695
455,7539.491695
456,7539.491695
457,7539.491695
458,7539.491695
459,7539.491695
460,7539.491695
461,7539.491695
462,7539.491695
463,7539.491695
464,7539.491695
465,7539.491695
466,7539.491695
467,7539.491695
468,7539.491695
469,7539.491695
470,7539.491695
471,7539.491695
472,7539.491695
473,7539.491695
474,7539.491695
475,7539.491695
476,7539.491695
477,7539.491695
478,7539.491695
479,7539.491695
480,7539.491695
481,7539.491695
482,7539.491695
483,7539.491695
484,7539.491695
485,7539.491695
486,7539.491695
487,7539.491695
488,7539.491695
489,7539.491695
490,7539.491695
491,7539.491695
492,7539.491695
493,7539.491695
494,7539.491695
495,7539.491695
496,7539.491695
497,7539.491695
498,7539.491695
499,7539.491695
