0,3184.279427
1,3460.280809
2,3721.247701
3,3984.584753
4,4238.932970
5,4410.246958
6,4600.213126
7,4779.498047
8,4960.432546
9,5125.580398
10,5261.672922
11,5454.027663
12,5623.648339
13,5760.528337
14,5906.789410
15,6043.118827
16,6161.119299
17,6244.400995
18,6424.892371
19,6515.459953
20,6599.058694
21,6692.516922
22,6790.464915
23,6852.550564
24,6924.640093
25,6951.630235
26,7032.553875
27,7081.512893
28,7139.949211
29,7176.287241
30,7219.987808
31,7254.819640
32,7328.836437
33,7332.198395
34,7410.036719
35,7441.256726
36,7486.188533
37,7528.446052
38,7552.078721
39,7606.052529
40,7676.197205
41,7749.304916
42,7759.655313
43,7789.647587
44,7804.620112
45,7848.616689
46,7908.405959
47,7937.819891
48,8019.559478
49,8055.488766
50,8141.742024
51,8071.879980
52,8136.373489
53,8170.081051
54,8194.555815
55,8160.146335
56,8205.396813
57,8233.254867
58,8241.633787
59,8198.269594
60,8227.117436
61,8255.411174
62,8235.878456
63,8232.358999
64,8264.430804
65,8271.870132
66,8270.060201
67,8253.405945
68,8255.646460
69,8262.031406
70,8263.900911
71,8245.387903
72,8296.680351
73,8333.696451
74,8319.847497
75,8316.718613
76,8359.501496
77,8360.030511
78,8341.835283
79,8370.572010
80,8385.993705
81,8341.956994
82,8351.871014
83,8392.811471
84,8393.644295
85,8426.619348
86,8390.461007
87,8403.260116
88,8450.846911
89,8495.974818
90,8464.196374
91,8463.782205
92,8487.855487
93,8491.890784
94,8507.461167
95,8582.825048
96,8576.804848
97,8580.758949
98,8555.849109
99,8519.310763
100,8601.286886
101,8603.322014
102,8551.287390
103,8531.297060
104,8540.332290
105,8530.664729
106,8493.362238
107,8585.843148
108,8562.804473
109,8533.143816
110,8581.769275
111,8533.227121
112,8512.858178
113,8520.548478
114,8564.075721
115,8613.999719
116,8538.457991
117,8502.808739
118,8506.699039
119,8501.807589
120,8490.869037
121,8533.543176
122,8471.729597
123,8484.011365
124,8539.318815
125,8545.690808
126,8526.167480
127,8527.111048
128,8501.346438
129,8504.506378
130,8487.541490
131,8517.562886
132,8504.716176
133,8493.860922
134,8500.251457
135,8574.658965
136,8542.344653
137,8563.137477
138,8577.980566
139,8555.233775
140,8587.479563
141,8563.023677
142,8585.827722
143,8579.041149
144,8604.138133
145,8602.503881
146,8594.491687
147,8568.034855
148,8584.384212
149,8604.589570
150,8592.897367
151,8567.474851
152,8593.549815
153,8596.326175
154,8568.637380
155,8620.625587
156,8584.881039
157,8575.522326
158,8572.665522
159,8604.012491
160,8592.919612
161,8538.647758
162,8575.589970
163,8639.807257
164,8587.709255
165,8573.702916
166,8555.559323
167,8511.753890
168,8555.307540
169,8567.614746
170,8570.331040
171,8586.462681
172,8570.109802
173,8573.446447
174,8602.813487
175,8605.454420
176,8549.342675
177,8587.089334
178,8630.250735
179,8596.940686
180,8632.833126
181,8579.487936
182,8592.786415
183,8577.730689
184,8507.156113
185,8520.864490
186,8621.112071
187,8590.959156
188,8635.223464
189,8628.811579
190,8601.421317
191,8643.700688
192,8643.890257
193,8614.685477
194,8645.595599
195,8584.523614
196,8524.482328
197,8541.490489
198,8547.514698
199,8542.677295
200,8562.093421
201,8576.618851
202,8593.209031
203,8591.650521
204,8625.444141
205,8603.673475
206,8617.510958
207,8580.290340
208,8483.620429
209,8555.608452
210,8556.402161
211,8567.771959
212,8582.043276
213,8562.974527
214,8569.362802
215,8626.419175
216,8634.822436
217,8610.380555
218,8648.340131
219,8676.759633
220,8741.000429
221,8732.717496
222,8736.034528
223,8715.542788
224,8752.696201
225,8729.379414
226,8713.460455
227,8672.816990
228,8678.831169
229,8719.093420
230,8739.460715
231,8804.813043
232,8807.328580
233,8789.832289
234,8831.104763
235,8732.519112
236,8702.822214
237,8759.974649
238,8790.671769
239,8763.146903
240,8784.435174
241,8776.572228
242,8730.198559
243,8698.270687
244,8690.918033
245,8772.018018
246,8741.467625
247,8737.405233
248,8756.156005
249,8721.386551
250,8671.004238
251,8663.816403
252,8650.448438
253,8766.298285
254,8769.369601
255,8777.777987
256,8745.017834
257,8735.969828
258,8713.768742
259,8756.628175
260,8737.269343
261,8788.428998
262,8779.256711
263,8763.193601
264,8781.301918
265,8770.167826
266,8788.132118
267,8848.973226
268,8819.280028
269,8772.930329
270,8834.788369
271,8780.036809
272,8796.015609
273,8760.106411
274,8778.673364
275,8799.909361
276,8771.569199
277,8837.448456
278,8751.773169
279,8798.651434
280,8836.752065
281,8843.190644
282,8841.162672
283,8827.650206
284,8814.641365
285,8850.957855
286,8835.777943
287,8852.549446
288,8820.986116
289,8792.817237
290,8845.922152
291,8830.792055
292,8840.307087
293,8786.312939
294,8810.386396
295,8765.384584
296,8759.740710
297,8803.044388
298,8794.236466
299,8809.505177
300,8781.084618
301,8791.306812
302,8792.555476
303,8843.130427
304,8745.235216
305,8782.902970
306,8775.325717
307,8815.702504
308,8840.945618
309,8796.815314
310,8731.762849
311,8763.625446
312,8750.741338
313,8830.845968
314,8839.070899
315,8857.543979
316,8838.885102
317,8827.504743
318,8815.254042
319,8848.313196
320,8858.958044
321,8831.571747
322,8843.432713
323,8806.922880
324,8829.527806
325,8847.243917
326,8840.593697
327,8820.349577
328,8802.006070
329,8834.569405
330,8801.653918
331,8855.317601
332,8810.547668
333,8841.252302
334,8834.808079
335,8855.917500
336,8813.941072
337,8819.262602
338,8792.702600
339,8848.745104
340,8815.160595
341,8812.698107
342,8793.903631
343,8761.883751
344,8780.032244
345,8762.464527
346,8792.606325
347,8847.903655
348,8839.460183
349,8838.633078
350,8803.542852
351,8800.227901
352,8817.647311
353,8884.550883
354,8885.865914
355,8874.739804
356,8872.125218
357,8824.137220
358,8833.821734
359,8793.732332
360,8850.801625
361,8858.971377
362,8807.362004
363,8809.873175
364,8801.115222
365,8788.611281
366,8763.831883
367,8812.039773
368,8813.711029
369,8757.571181
370,8798.676093
371,8849.374696
372,8818.043380
373,8838.053852
374,8859.097517
375,8810.254590
376,8822.137735
377,8772.412731
378,8776.517032
379,8797.037380
380,8800.668977
381,8835.392943
382,8837.151916
383,8795.297006
384,8780.925136
385,8841.755460
386,8821.157918
387,8826.391455
388,8837.896131
389,8826.828906
390,8804.376080
391,8826.397022
392,8778.197652
393,8811.285081
394,8799.426332
395,8814.518569
396,8785.539573
397,8863.134865
398,8837.511462
399,8868.401239
400,8817.691434
401,8856.488483
402,8757.914679
403,8828.483624
404,8820.404725
405,8824.704608
406,8819.153145
407,8788.051747
408,8836.880104
409,8845.926463
410,8808.659833
411,8807.593277
412,8795.698836
413,8800.488482
414,8804.957925
415,8790.898943
416,8815.462570
417,8868.823779
418,8803.204694
419,8743.192154
420,8751.855113
421,8755.881765
422,8801.272616
423,8791.326814
424,8826.198420
425,8823.701725
426,8829.157888
427,8792.053480
428,8736.918811
429,8803.046350
430,8818.282742
431,8762.095620
432,8793.855347
433,8771.067603
434,8798.244644
435,8810.309813
436,8843.482551
437,8794.621070
438,8775.178662
439,8802.710290
440,8784.745873
441,8810.422359
442,8858.991659
443,8854.009409
444,8852.162110
445,8808.733851
446,8813.110724
447,8795.449327
448,8792.310808
449,8836.312765
450,8898.181839
451,8846.865061
452,8800.112210
453,8842.864086
454,8812.590182
455,8838.560530
456,8844.476423
457,8808.106839
458,8836.201315
459,8855.613806
460,8846.791229
461,8805.184268
462,8820.736895
463,8825.107864
464,8868.753795
465,8867.636943
466,8845.720431
467,8897.233639
468,8814.902147
469,8827.214375
470,8843.103385
471,8795.534177
472,8836.132002
473,8841.775572
474,8873.291338
475,8800.681354
476,8824.603609
477,8783.844374
478,8849.634852
479,8816.594203
480,8808.983282
481,8795.912411
482,8778.415609
483,8783.491052
484,8793.967198
485,8824.586186
486,8789.439774
487,8834.389904
488,8813.744638
489,8855.318929
490,8888.354414
491,8882.578775
492,8793.015415
493,8858.451080
494,8810.009897
495,8853.218071
496,8836.408037
497,8855.533250
498,8824.754747
499,8842.522901
