0,3124.788241
1,6223.805568
2,6629.783869
3,6919.219221
4,7106.118317
5,7274.003429
6,7430.305416
7,7573.107623
8,7721.988471
9,7833.861776
10,7904.257506
11,8024.378297
12,8164.374220
13,8179.531687
14,8304.439889
15,8373.628676
16,8435.405126
17,8507.902135
18,8603.964890
19,8635.815033
20,8683.617468
21,8694.880195
22,8681.182047
23,8835.772865
24,8953.586803
25,8984.271423
26,9060.354999
27,9039.186459
28,8993.464128
29,9125.091203
30,9222.250236
31,9193.632684
32,9089.393128
33,9284.313274
34,9312.206994
35,9238.200313
36,9317.888771
37,9388.587924
38,9446.374423
39,9526.092734
40,9513.612214
41,9553.205351
42,9604.862231
43,9582.867498
44,9660.647816
45,9655.165358
46,9672.535552
47,9773.225335
48,9844.423833
49,9845.192142
50,9811.832532
51,9939.741975
52,9833.845349
53,9978.455099
54,10057.584055
55,10128.687502
56,10042.868971
57,10143.571516
58,10151.832991
59,10256.654374
60,10269.645849
61,10225.929993
62,10202.730746
63,10204.723283
64,10175.105846
65,10281.957906
66,10360.807079
67,10425.407555
68,10441.686498
69,10480.783393
70,10450.548509
71,10550.192394
72,10458.284381
73,10394.637507
74,10556.484756
75,10520.735868
76,10634.123320
77,10484.827361
78,10487.175095
79,10510.694905
80,10559.921163
81,10596.373921
82,10599.461216
83,10638.828689
84,10695.748611
85,10781.019709
86,10761.849697
87,10718.200507
88,10678.208758
89,10686.381182
90,10735.992052
91,10780.035895
92,10624.028036
93,10739.905887
94,10759.780295
95,10847.518654
96,10867.035156
97,10879.765198
98,10934.400572
99,11018.072822
100,10849.150674
101,10800.496719
102,10852.389118
103,10760.171589
104,10732.802410
105,11046.482370
106,11070.955287
107,11159.966759
108,10940.700363
109,11075.807507
110,10990.196640
111,11075.590481
112,10961.949872
113,10940.681721
114,10913.869055
115,11044.673369
116,11162.126259
117,11157.237860
118,11248.506575
119,11203.475624
120,11254.012339
121,11113.161817
122,11228.864774
123,11249.871653
124,11258.269176
125,11123.443572
126,11304.527006
127,11444.852142
128,11319.206442
129,11248.970294
130,11193.676444
131,11323.661209
132,11313.749588
133,11241.841685
134,11287.402148
135,11394.767517
136,11473.340818
137,11371.827871
138,11401.032595
139,11427.518111
140,11310.741701
141,11419.117112
142,11528.958856
143,11501.569578
144,11423.919652
145,11459.121069
146,11460.996817
147,11617.532706
148,11521.451901
149,11534.669317
150,11506.213240
151,11489.219947
152,11481.065432
153,11507.076548
154,11571.802222
155,11564.358837
156,11524.133578
157,11567.535105
158,11593.279419
159,11551.659476
160,11706.730159
161,11602.174578
162,11649.665204
163,11595.833491
164,11577.764009
165,11570.387325
166,11665.459060
167,11644.422221
168,11674.989978
169,11651.247855
170,11763.533518
171,11642.165846
172,11706.661435
173,11741.611513
174,11677.769317
175,11756.791789
176,11739.407282
177,11690.371896
178,11811.139736
179,11845.206822
180,11879.370002
181,11808.225794
182,11701.232358
183,11692.845140
184,11958.200865
185,11923.732646
186,11773.130517
187,11711.740819
188,11762.878380
189,11897.492541
190,11994.776817
191,11880.265947
192,11807.485161
193,11881.881437
194,12028.819046
195,11921.959871
196,11938.636157
197,11895.282976
198,11891.704842
199,11922.965391
200,11833.624902
201,11871.383968
202,11990.663790
203,11772.127649
204,11999.173035
205,12007.112385
206,11997.680507
207,12099.161789
208,12083.194732
209,12054.656697
210,11956.581902
211,11922.862202
212,11987.821499
213,12098.988696
214,12177.897302
215,12025.882090
216,11937.046085
217,12043.654866
218,11895.697202
219,12044.125999
220,12059.884909
221,12130.278365
222,12011.870496
223,12067.488136
224,12158.729377
225,12110.744440
226,12027.375839
227,11938.737688
228,12022.534432
229,12138.847481
230,12187.960224
231,11984.185840
232,11970.165553
233,12055.031663
234,12193.632067
235,11990.407313
236,12041.525414
237,12139.363277
238,12194.913917
239,12255.777705
240,12180.973740
241,12124.498251
242,12156.981707
243,12096.241534
244,12298.930735
245,12289.849020
246,12246.728554
247,12140.126515
248,12306.844376
249,12048.699515
250,12021.217131
251,12129.755362
252,12148.076099
253,12101.518799
254,12073.372119
255,12122.206449
256,12189.477056
257,12223.232714
258,12241.369864
259,12100.381503
260,12118.580553
261,12282.507379
262,12243.310507
263,12327.370017
264,12267.247952
265,12199.869242
266,12265.181762
267,12285.303964
268,12299.493952
269,12292.311434
270,12211.102762
271,12226.819202
272,12218.846822
273,12174.346371
274,12224.101270
275,12224.798506
276,12235.199478
277,12203.153283
278,12359.266767
279,12351.065313
280,12274.063224
281,12183.444277
282,12346.680805
283,12295.752319
284,12123.806071
285,12360.434947
286,12310.825292
287,12265.472674
288,12233.966103
289,12180.025370
290,12127.720794
291,12178.549278
292,11969.533496
293,12216.422461
294,12227.852774
295,12232.764831
296,12308.438073
297,12145.781296
298,12031.172273
299,11986.049306
300,12418.846941
301,12369.903595
302,12333.466658
303,12303.439236
304,12329.137405
305,12387.168618
306,12444.976738
307,12281.708016
308,12539.600512
309,12323.026846
310,12232.052293
311,12159.184793
312,12413.830632
313,12251.042476
314,12298.618396
315,12271.975977
316,12373.859125
317,12484.013413
318,12464.381988
319,12514.633967
320,12257.972957
321,12275.847772
322,12447.940009
323,12268.900862
324,12435.786988
325,12431.919044
326,12322.040973
327,12397.009163
328,12267.789614
329,12419.241955
330,12532.747250
331,12489.103016
332,12457.947316
333,12406.538157
334,12340.500777
335,12471.470732
336,12443.245747
337,12373.846417
338,12290.942769
339,12406.746139
340,12390.420453
341,12366.650716
342,12424.974015
343,12435.583160
344,12509.808397
345,12493.949484
346,12491.225034
347,12576.979489
348,12502.836478
349,12459.381746
350,12451.554437
351,12363.882478
352,12467.707244
353,12579.316823
354,12457.221239
355,12462.832934
356,12363.558705
357,12482.877637
358,12596.696076
359,12603.178443
360,12453.586582
361,12505.501567
362,12524.260481
363,12563.716724
364,12397.363248
365,12452.272671
366,12532.877300
367,12556.500652
368,12430.837803
369,12569.476567
370,12574.748205
371,12554.984314
372,12425.109071
373,12451.361616
374,12493.717192
375,12386.574966
376,12585.843449
377,12606.375057
378,12627.809696
379,12534.868826
380,12541.737561
381,12490.803221
382,12478.911836
383,12624.642388
384,12601.105213
385,12541.974151
386,12616.949478
387,12524.120201
388,12422.451420
389,12371.553735
390,12398.857794
391,12591.009635
392,12600.226703
393,12494.693416
394,12490.948577
395,12738.574874
396,12527.877910
397,12470.702131
398,12597.109697
399,12561.990751
400,12611.708973
401,12557.809051
402,12556.075042
403,12570.912825
404,12660.233065
405,12685.441703
406,12516.405452
407,12559.865149
408,12554.140341
409,12458.164667
410,12574.364145
411,12570.633730
412,12652.276451
413,12518.068874
414,12482.299787
415,12677.774872
416,12686.253035
417,12527.377638
418,12396.698198
419,12471.505638
420,12422.087488
421,12548.887209
422,12701.886878
423,12701.742209
424,12574.968344
425,12607.744510
426,12508.302762
427,12602.675612
428,12554.804467
429,12671.514302
430,12585.494280
431,12729.158162
432,12672.295053
433,12714.050261
434,12746.623956
435,12729.142135
436,12659.726180
437,12637.043861
438,12581.701252
439,12565.169743
440,12580.609189
441,12422.599805
442,12652.308126
443,12619.523310
444,12518.828000
445,12669.781114
446,12588.254391
447,12645.434418
448,12642.775055
449,12716.645497
450,12558.934110
451,12523.911356
452,12518.910841
453,12750.403906
454,12641.079087
455,12748.398543
456,12601.606759
457,12530.626040
458,12687.733760
459,12644.822691
460,12743.372515
461,12694.210302
462,12584.725361
463,12709.878313
464,12763.559689
465,12608.786746
466,12605.538587
467,12529.528207
468,12635.447954
469,12532.324303
470,12711.215389
471,12684.962715
472,12730.571074
473,12656.575116
474,12639.392796
475,12828.711314
476,12732.842085
477,12903.316578
478,12644.341788
479,12728.612720
480,12679.884528
481,12666.603135
482,12700.053762
483,12793.529888
484,12754.789380
485,12850.818514
486,12615.305090
487,12667.859129
488,12633.071028
489,12628.550031
490,12765.832731
491,12795.322095
492,12742.377372
493,12679.425411
494,12714.549295
495,12830.546516
496,12813.386381
497,12683.594556
498,12790.456280
499,12678.328955
