0,3109.819167
1,3120.765655
2,3157.980490
3,3169.335712
4,3248.979277
5,3235.189754
6,3251.591857
7,3279.129030
8,3256.632569
9,3239.155427
10,3247.493160
11,3236.857266
12,3255.293996
13,3297.950098
14,3291.213664
15,3291.328783
16,3309.110736
17,3272.651194
18,3256.569274
19,3222.983727
20,3276.358395
21,3292.161966
22,3291.423902
23,3296.156774
24,3296.359824
25,3244.587831
26,3197.071375
27,3236.189571
28,3221.294476
29,3237.273697
30,3244.317524
31,3223.528895
32,3220.843349
33,3195.717066
34,3242.326754
35,3258.969270
36,3257.982571
37,3287.889946
38,3238.179032
39,3237.023808
40,3272.133052
41,3287.099620
42,3315.842447
43,3339.941362
44,3341.452625
45,3354.951631
46,3381.324338
47,3337.942036
48,3334.716354
49,3366.090619
50,3347.239869
51,3353.104431
52,3347.468915
53,3352.777890
54,3382.811258
55,3369.931895
56,3314.872167
57,3289.239309
58,3262.930253
59,3221.852225
60,3220.136812
61,3183.209346
62,3162.531914
63,3193.702161
64,3214.354233
65,3213.707673
66,3223.568038
67,3176.816625
68,3184.355688
69,3201.455551
70,3210.050941
71,3210.318767
72,3235.265172
73,3242.322157
74,3244.866832
75,3259.984732
76,3258.245547
77,3287.750918
78,3244.251926
79,3232.610662
80,3214.793851
81,3192.221113
82,3180.142692
83,3164.734201
84,3215.337548
85,3185.052428
86,3183.855377
87,3149.008713
88,3183.477097
89,3207.466694
90,3188.434216
91,3198.434870
92,3195.749403
93,3221.157085
94,3280.475658
95,3267.287092
96,3253.010025
97,3259.240073
98,3244.039050
99,3226.806331
100,3211.753517
101,3217.237580
102,3228.422606
103,3238.516355
104,3239.455519
105,3224.126185
106,3267.347439
107,3307.936623
108,3259.642167
109,3271.371569
110,3271.308951
111,3293.875175
112,3275.105097
113,3266.459526
114,3241.399348
115,3188.964755
116,3233.311604
117,3273.494507
118,3255.429502
119,3302.449592
120,3329.575096
121,3330.091267
122,3324.304163
123,3256.110146
124,3259.390613
125,3246.599190
126,3195.446920
127,3205.472135
128,3244.666674
129,3218.004943
130,3238.869581
131,3290.070118
132,3292.636841
133,3290.375383
134,3278.631833
135,3271.738038
136,3321.026471
137,3327.086056
138,3311.426860
139,3306.611043
140,3241.690349
141,3253.119404
142,3271.832517
143,3270.266840
144,3262.970673
145,3233.755685
146,3255.591501
147,3251.662794
148,3248.966875
149,3264.631181
150,3283.981353
151,3274.984542
152,3302.358916
153,3288.350820
154,3303.682549
155,3250.708329
156,3275.467798
157,3239.766043
158,3265.168362
159,3285.710695
160,3268.463332
161,3278.237968
162,3297.892235
163,3313.757739
164,3355.578278
165,3345.286069
166,3336.733142
167,3340.649725
168,3307.848805
169,3353.355457
170,3375.303597
171,3387.372593
172,3314.267561
173,3334.728596
174,3305.523546
175,3331.337969
176,3304.032166
177,3277.293819
178,3279.313512
179,3274.382760
180,3287.711588
181,3286.922902
182,3295.857570
183,3280.582577
184,3266.448524
185,3233.381712
186,3243.052906
187,3237.780064
188,3202.484597
189,3235.223103
190,3224.074683
191,3225.730854
192,3238.937800
193,3243.252263
194,3262.629273
195,3229.263750
196,3235.097431
197,3254.731228
198,3237.927165
199,3252.363940
200,3247.463741
201,3221.637773
202,3250.714053
203,3235.782229
204,3231.271783
205,3211.200980
206,3217.424465
207,3237.001709
208,3277.110419
209,3305.150046
210,3297.920984
211,3270.419270
212,3287.144551
213,3292.994515
214,3304.218947
215,3288.277075
216,3295.638653
217,3297.984556
218,3324.883184
219,3314.215721
220,3401.071881
221,3370.412160
222,3353.548158
223,3353.854199
224,3371.908546
225,3392.501630
226,3352.358005
227,3329.922035
228,3302.225920
229,3265.012511
230,3260.542253
231,3246.705168
232,3218.795009
233,3229.355737
234,3212.021089
235,3233.961971
236,3215.396992
237,3233.501752
238,3267.471933
239,3239.271693
240,3263.211227
241,3294.158270
242,3286.361869
243,3245.996597
244,3271.539847
245,3291.744450
246,3228.147000
247,3271.178481
248,3230.652625
249,3190.146276
250,3227.801086
251,3177.594743
252,3223.512476
253,3225.757436
254,3272.936167
255,3285.929370
256,3280.040702
257,3241.537015
258,3230.573884
259,3212.616909
260,3223.995640
261,3259.656934
262,3285.354358
263,3316.354187
264,3318.835909
265,3274.079942
266,3248.492603
267,3235.334292
268,3241.272162
269,3238.118283
270,3267.542393
271,3289.849144
272,3312.373609
273,3269.836913
274,3259.222801
275,3220.332068
276,3262.736019
277,3240.900387
278,3219.695020
279,3240.135844
280,3224.370561
281,3253.579029
282,3306.239785
283,3278.906808
284,3322.601104
285,3305.520882
286,3307.665648
287,3300.421380
288,3271.616808
289,3294.973663
290,3271.139386
291,3239.820179
292,3279.470820
293,3276.101361
294,3221.131025
295,3206.111463
296,3222.266747
297,3254.024408
298,3250.804220
299,3270.284600
300,3229.904821
301,3237.952671
302,3276.351614
303,3269.481898
304,3306.751922
305,3301.007688
306,3330.399818
307,3317.588646
308,3344.693375
309,3383.358749
310,3347.590901
311,3322.039528
312,3242.529566
313,3257.408884
314,3221.683193
315,3267.743883
316,3274.073276
317,3296.223854
318,3292.127064
319,3286.025563
320,3253.736662
321,3251.581352
322,3220.932594
323,3207.953800
324,3255.555692
325,3247.956798
326,3245.402997
327,3260.357194
328,3311.929384
329,3315.876296
330,3336.331946
331,3369.640790
332,3330.094362
333,3270.485193
334,3251.112653
335,3214.733609
336,3210.386085
337,3216.060936
338,3183.842261
339,3210.944275
340,3208.605219
341,3225.621713
342,3235.677935
343,3207.822941
344,3230.823350
345,3258.019218
346,3266.764265
347,3322.808128
348,3290.446404
349,3299.843696
350,3336.659812
351,3282.737166
352,3275.322300
353,3265.295874
354,3294.929664
355,3318.249828
356,3299.865466
357,3282.430507
358,3275.562408
359,3255.659265
360,3235.667306
361,3198.303560
362,3219.605922
363,3258.097279
364,3207.696587
365,3196.232442
366,3241.366135
367,3171.192002
368,3210.641367
369,3188.930784
370,3211.863059
371,3230.321259
372,3234.451072
373,3247.532272
374,3206.486399
375,3248.787316
376,3260.627376
377,3233.295910
378,3239.326598
379,3290.781593
380,3232.062137
381,3235.903510
382,3240.044768
383,3232.885078
384,3239.026412
385,3269.220517
386,3259.107813
387,3246.284412
388,3270.345494
389,3285.867127
390,3295.025324
391,3280.461137
392,3272.222132
393,3265.503578
394,3258.506452
395,3319.731399
396,3262.650072
397,3270.554882
398,3269.252493
399,3239.849021
400,3272.961413
401,3276.804186
402,3279.657328
403,3291.578987
404,3318.784914
405,3335.893825
406,3312.169327
407,3376.669327
408,3418.465911
409,3353.312061
410,3343.497875
411,3345.382398
412,3308.915804
413,3342.988699
414,3357.309425
415,3382.602750
416,3372.525011
417,3369.203227
418,3329.930143
419,3271.195464
420,3321.330094
421,3338.512825
422,3347.407114
423,3347.785533
424,3333.623526
425,3284.924022
426,3289.021171
427,3298.863696
428,3272.358350
429,3272.184775
430,3236.740881
431,3278.358534
432,3292.306879
433,3289.252996
434,3259.172695
435,3294.805961
436,3349.712940
437,3344.384247
438,3309.188311
439,3283.723080
440,3319.431023
441,3297.841092
442,3219.997756
443,3268.991153
444,3282.847801
445,3293.408167
446,3301.068208
447,3280.877632
448,3235.669524
449,3241.403224
450,3231.644377
451,3213.083003
452,3236.747063
453,3273.450145
454,3300.407673
455,3275.389239
456,3275.638777
457,3293.843221
458,3280.277526
459,3241.963931
460,3265.129295
461,3256.962510
462,3263.325919
463,3270.377024
464,3294.104114
465,3301.253956
466,3307.833659
467,3310.100235
468,3301.386883
469,3277.116761
470,3281.829371
471,3343.289756
472,3318.247836
473,3271.675186
474,3234.104973
475,3221.451036
476,3246.945979
477,3240.611384
478,3248.657116
479,3257.807801
480,3284.710594
481,3231.628940
482,3259.141553
483,3297.228844
484,3254.049958
485,3245.604663
486,3262.421443
487,3278.959647
488,3310.983406
489,3345.191831
490,3353.204247
491,3331.399293
492,3299.012052
493,3294.144376
494,3277.594776
495,3237.262231
496,3299.836557
497,3286.829710
498,3287.147124
499,3286.194777
