0,3086.955446
1,3173.984920
2,3197.032482
3,3264.911541
4,3325.659293
5,3328.284476
6,3370.729013
7,3439.048749
8,3507.289960
9,3451.143252
10,3408.643161
11,3463.901190
12,3418.259244
13,3369.826019
14,3413.879442
15,3420.534805
16,3478.736639
17,3530.179165
18,3578.847460
19,3596.984733
20,3595.669629
21,3655.331338
22,3652.604336
23,3672.985760
24,3721.289693
25,3744.618458
26,3843.650884
27,3868.100773
28,3849.281572
29,3821.213862
30,3842.528833
31,3820.942699
32,3803.289465
33,3824.798658
34,3880.848594
35,3991.698800
36,3980.041222
37,3959.198128
38,3999.715420
39,4026.140968
40,4052.809996
41,4016.201574
42,4063.212850
43,4049.412532
44,4013.511156
45,4034.671114
46,4173.702720
47,4152.127625
48,4162.942566
49,4237.900423
50,4181.092489
51,4191.934345
52,4186.333810
53,4258.644699
54,4255.062364
55,4259.638813
56,4239.364247
57,4306.104175
58,4311.258418
59,4347.752372
60,4341.322718
61,4359.329489
62,4384.442612
63,4404.982952
64,4441.920890
65,4406.026205
66,4355.305274
67,4419.005032
68,4437.857930
69,4504.575926
70,4593.836200
71,4651.621188
72,4623.858068
73,4589.951742
74,4576.326552
75,4515.970784
76,4503.940613
77,4554.090642
78,4542.842149
79,4516.231849
80,4481.141223
81,4482.741612
82,4460.066771
83,4465.474401
84,4520.027074
85,4450.301123
86,4549.629975
87,4566.498416
88,4610.113450
89,4617.570839
90,4631.726201
91,4672.946680
92,4633.386029
93,4713.094353
94,4700.420871
95,4721.218167
96,4733.115931
97,4740.492278
98,4786.780176
99,4746.891601
100,4774.579151
101,4796.525387
102,4805.708153
103,4857.195141
104,4838.894458
105,4803.124203
106,4910.486867
107,4880.617806
108,4813.521213
109,4853.442085
110,4765.172620
111,4776.867483
112,4759.451716
113,4774.187868
114,4634.797624
115,4674.242774
116,4766.671411
117,4749.540322
118,4743.683338
119,4766.578783
120,4791.153837
121,4810.735113
122,4805.042136
123,4779.316254
124,4867.122409
125,4794.947210
126,4793.125528
127,4789.989188
128,4804.349166
129,4849.069237
130,4918.262079
131,4868.993949
132,4884.325947
133,4942.451489
134,4964.853722
135,4926.423412
136,5000.785254
137,5031.020540
138,5045.530055
139,4982.425894
140,5000.868802
141,4998.918812
142,4997.812807
143,5013.596471
144,5044.699063
145,4996.776119
146,4962.176625
147,4927.943181
148,4937.438914
149,5051.506554
150,4971.526138
151,4965.346532
152,5018.420506
153,4960.324773
154,4958.049355
155,4992.023073
156,5002.165314
157,4996.977543
158,5034.035207
159,5046.752602
160,5044.165908
161,5021.207809
162,4994.703876
163,5037.051097
164,5041.280371
165,5085.215714
166,5008.676664
167,5031.350702
168,4965.269942
169,5000.838532
170,5025.920995
171,5027.814901
172,4971.464175
173,4892.969624
174,4954.583075
175,4949.820525
176,5006.224569
177,4984.270581
178,5038.590252
179,5020.808482
180,5020.852685
181,5001.895305
182,5083.030464
183,5157.525324
184,5125.400764
185,5065.788575
186,5088.095533
187,5139.572615
188,4984.513090
189,4989.689480
190,4991.539933
191,4991.186894
192,5058.654335
193,5130.525628
194,5056.403300
195,5071.784367
196,5034.744549
197,4951.027506
198,4958.980560
199,4977.032222
200,5001.774012
201,4922.972907
202,4956.873823
203,4930.138772
204,4927.625499
205,4905.388316
206,4913.090979
207,4856.511867
208,4890.342740
209,4930.068115
210,4876.550583
211,4919.252405
212,4985.521752
213,5078.060256
214,5103.433156
215,5038.208346
216,5118.047812
217,5059.121523
218,5033.124754
219,5040.080565
220,4999.496142
221,5028.840176
222,5035.659031
223,5030.366120
224,5051.341429
225,5002.043206
226,5097.709451
227,5039.622393
228,5031.137828
229,5010.903327
230,5025.166199
231,5031.220059
232,5015.971017
233,5026.588054
234,4998.184919
235,5112.247043
236,5080.916392
237,5174.809716
238,5101.420993
239,5153.822503
240,5127.166618
241,4999.970912
242,5025.613340
243,5067.533530
244,5029.160549
245,5028.266950
246,4992.689016
247,4976.028599
248,4986.960261
249,5007.616619
250,5043.667751
251,5010.222413
252,5022.880422
253,5069.477338
254,4990.080035
255,5027.550767
256,5061.037351
257,5020.385915
258,5078.351302
259,5079.381318
260,5110.042039
261,5108.976864
262,5078.377129
263,4979.661849
264,5074.752044
265,5076.158775
266,5053.964347
267,5054.455589
268,5003.322194
269,4999.047311
270,4965.284490
271,4992.587295
272,4998.000452
273,5002.111183
274,4975.288455
275,4962.443769
276,4975.830468
277,4950.016595
278,5004.582414
279,5015.914980
280,5020.739430
281,4972.071281
282,4976.776979
283,4999.260713
284,5036.702428
285,5110.877673
286,5150.949120
287,5163.413162
288,5133.633633
289,5060.634551
290,5058.509258
291,5032.033691
292,5081.555971
293,4938.034023
294,5004.280826
295,4976.007791
296,4964.703777
297,4978.622386
298,4936.030809
299,5009.664317
300,4959.237652
301,4963.196257
302,4983.708545
303,4981.508942
304,4999.921582
305,4969.968716
306,4964.576444
307,4966.691103
308,4952.260015
309,4970.599171
310,4856.557712
311,4940.688906
312,4949.228873
313,5000.984799
314,4957.898626
315,4966.217716
316,5025.360650
317,5018.190693
318,5051.347541
319,5014.542699
320,5053.326719
321,5019.351064
322,5079.793194
323,5003.899094
324,4901.774846
325,4910.201186
326,4884.856060
327,4946.449460
328,4885.408765
329,4960.700315
330,5022.989314
331,4989.469103
332,5031.864457
333,4975.869991
334,4995.849100
335,4954.531675
336,4967.629487
337,4921.139293
338,4927.446945
339,4912.239136
340,4893.385308
341,4847.576701
342,4892.703542
343,4878.444737
344,4896.795616
345,4907.612073
346,4960.371714
347,5104.877034
348,5045.861790
349,4968.530292
350,4882.097975
351,4911.295037
352,4999.584666
353,4934.054401
354,4960.685680
355,5046.542077
356,5044.921892
357,5052.539709
358,5110.413904
359,5112.530734
360,5099.470109
361,5079.005837
362,5138.194766
363,5147.208667
364,5127.445487
365,5047.339951
366,5064.617343
367,5059.397442
368,5056.486993
369,5099.500149
370,5076.238395
371,5014.441035
372,5006.449080
373,4994.682305
374,4928.289125
375,4951.687362
376,4923.341560
377,5024.778725
378,4961.748981
379,5058.400324
380,5030.964490
381,5071.937157
382,5162.575089
383,5106.595742
384,5098.245732
385,5168.544984
386,5204.447308
387,5215.502600
388,5182.744541
389,5132.185439
390,5169.223488
391,5173.734575
392,5121.643426
393,5104.437393
394,5080.142152
395,4975.085853
396,5001.129398
397,5027.564805
398,4936.737243
399,5083.185090
400,5008.118060
401,5078.119764
402,5120.633728
403,5048.249502
404,5018.000626
405,4999.529360
406,5017.669911
407,5035.794143
408,5031.537614
409,5020.896839
410,5098.133818
411,5087.334243
412,5042.195216
413,5033.848538
414,5012.554696
415,4971.076402
416,5067.704166
417,5073.769091
418,5103.539976
419,5095.980856
420,5052.283020
421,5105.925711
422,5132.046837
423,5113.390147
424,5063.374188
425,5089.868720
426,5144.670372
427,5136.631881
428,5185.025916
429,5127.792642
430,5144.887071
431,5175.382050
432,5179.369554
433,5169.217631
434,5149.094516
435,5169.132198
436,5173.622892
437,5118.599593
438,5059.229080
439,5022.004363
440,5106.430761
441,5114.574477
442,5021.603496
443,5007.932308
444,5036.097177
445,5008.769377
446,5002.271205
447,5075.099416
448,5045.441366
449,5040.175359
450,5072.433809
451,5074.540502
452,5055.700259
453,5008.129838
454,4997.072110
455,5057.710219
456,4994.332042
457,5017.566803
458,5033.007860
459,5043.231081
460,5036.967147
461,4952.963342
462,4979.747369
463,5010.452249
464,4974.882978
465,4952.121929
466,4970.701481
467,5016.960115
468,5059.312744
469,5109.604822
470,5070.815102
471,5040.867427
472,5039.197961
473,5111.197379
474,5155.668406
475,5088.972758
476,5025.467155
477,5059.190436
478,5094.777148
479,5118.039723
480,5072.590040
481,5029.767087
482,5072.611639
483,5099.306575
484,5167.167480
485,5147.583708
486,5123.408400
487,5085.902158
488,4995.508644
489,4989.563224
490,5008.447573
491,4976.595014
492,5000.471709
493,5005.000591
494,4998.398953
495,5061.614329
496,5009.289537
497,5048.047299
498,5057.160599
499,4998.040839
