0,3090.364869
1,3330.269149
2,3577.983626
3,3824.986460
4,4017.457173
5,4263.834254
6,4497.853430
7,4726.268062
8,4955.230915
9,5240.945874
10,5380.020611
11,5509.129348
12,5673.614196
13,5808.943067
14,5918.224577
15,5994.292590
16,6121.884622
17,6205.159346
18,6282.703053
19,6378.513976
20,6474.641492
21,6562.336778
22,6644.704915
23,6776.445084
24,6830.636030
25,6906.122749
26,6979.810951
27,7025.180598
28,7078.732362
29,7089.339273
30,7140.431666
31,7168.464167
32,7200.839152
33,7232.502443
34,7279.353734
35,7302.530455
36,7324.658920
37,7377.910957
38,7429.972349
39,7512.978009
40,7561.326141
41,7621.235811
42,7607.729330
43,7687.131772
44,7683.022706
45,7720.711673
46,7734.910757
47,7724.193425
48,7721.646891
49,7746.566609
50,7787.216755
51,7794.348001
52,7805.331971
53,7805.904817
54,7835.982298
55,7859.789564
56,7822.114167
57,7838.413879
58,7856.720805
59,7846.885362
60,7856.528623
61,7856.128602
62,7867.107361
63,7868.542973
64,7887.756844
65,7882.450445
66,7898.507453
67,7935.940714
68,7967.581505
69,8011.738970
70,8053.246033
71,8064.817557
72,8112.754912
73,8147.461054
74,8149.778725
75,8167.340561
76,8153.812219
77,8163.373027
78,8150.722569
79,8140.881061
80,8137.583000
81,8163.827956
82,8130.927053
83,8164.170210
84,8133.330622
85,8149.681568
86,8121.592214
87,8137.732334
88,8122.875942
89,8155.979537
90,8145.911432
91,8166.961603
92,8156.124468
93,8155.954975
94,8144.189944
95,8168.740048
96,8095.214359
97,8145.610068
98,8137.903388
99,8169.568650
100,8179.081091
101,8171.330888
102,8143.958688
103,8175.280027
104,8175.033324
105,8180.916100
106,8174.361719
107,8186.593181
108,8173.861416
109,8211.317472
110,8198.834690
111,8194.682575
112,8226.661331
113,8201.162242
114,8227.993491
115,8231.767892
116,8215.338974
117,8212.954275
118,8228.040709
119,8191.065340
120,8217.677561
121,8218.384614
122,8192.536082
123,8217.246742
124,8199.458500
125,8170.382577
126,8220.241931
127,8201.756652
128,8205.332403
129,8215.606928
130,8186.345619
131,8208.017163
132,8222.670311
133,8213.781494
134,8181.280673
135,8197.462050
136,8217.256302
137,8232.134117
138,8225.648920
139,8195.540830
140,8210.612289
141,8216.499423
142,8227.519155
143,8190.253991
144,8207.544801
145,8215.167423
146,8194.055994
147,8223.058246
148,8192.638773
149,8177.025504
150,8190.780854
151,8210.877019
152,8180.403874
153,8217.675436
154,8230.405177
155,8227.703072
156,8171.838393
157,8205.154464
158,8208.314870
159,8205.725927
160,8184.393800
161,8207.722963
162,8217.890431
163,8209.555518
164,8213.991446
165,8242.834026
166,8260.160293
167,8235.495384
168,8259.251568
169,8253.456644
170,8276.417363
171,8276.917088
172,8334.047116
173,8301.796964
174,8351.825217
175,8375.470914
176,8355.798939
177,8347.689966
178,8327.895103
179,8328.442019
180,8389.841698
181,8435.801789
182,8468.683816
183,8500.348828
184,8526.213271
185,8520.715356
186,8523.751666
187,8506.566324
188,8525.153127
189,8530.086053
190,8538.377197
191,8528.566847
192,8493.939292
193,8519.687223
194,8536.698104
195,8541.991083
196,8532.401384
197,8567.587772
198,8600.315684
199,8615.279719
200,8547.052680
201,8554.903582
202,8569.540952
203,8587.793097
204,8572.250755
205,8561.521768
206,8558.651573
207,8576.794952
208,8586.108582
209,8560.608454
210,8573.032573
211,8561.292891
212,8554.691194
213,8583.537059
214,8569.892195
215,8549.146448
216,8541.755217
217,8590.114596
218,8599.457566
219,8593.654914
220,8593.170395
221,8600.751777
222,8586.989066
223,8603.688635
224,8585.470005
225,8580.745652
226,8609.129812
227,8592.427713
228,8578.483181
229,8564.638489
230,8584.249367
231,8561.108127
232,8575.323520
233,8573.111706
234,8560.865571
235,8506.654729
236,8527.501129
237,8556.286090
238,8561.098187
239,8562.127377
240,8572.501631
241,8571.617544
242,8593.782983
243,8558.688964
244,8573.474551
245,8570.141573
246,8580.502556
247,8609.496968
248,8578.879173
249,8580.106488
250,8580.474161
251,8571.554605
252,8531.189197
253,8571.387168
254,8583.448009
255,8588.378037
256,8584.911788
257,8594.692689
258,8602.976096
259,8603.843437
260,8574.361567
261,8600.327559
262,8580.313236
263,8574.773992
264,8556.640341
265,8570.511302
266,8609.071178
267,8599.774235
268,8612.775964
269,8627.651898
270,8607.754448
271,8600.389525
272,8641.351039
273,8592.276663
274,8670.543321
275,8699.682089
276,8665.742859
277,8671.578280
278,8664.613466
279,8675.383790
280,8638.249244
281,8621.719161
282,8653.081634
283,8646.576324
284,8693.994977
285,8676.414359
286,8663.963591
287,8650.354486
288,8605.001659
289,8634.243397
290,8668.034724
291,8677.264569
292,8642.798200
293,8651.453996
294,8680.975626
295,8649.084516
296,8624.035371
297,8621.197148
298,8652.201577
299,8696.880179
300,8664.175533
301,8688.284167
302,8640.370056
303,8659.446907
304,8662.111377
305,8660.501377
306,8666.971608
307,8666.633601
308,8661.997681
309,8669.918125
310,8706.567295
311,8671.280892
312,8687.722545
313,8629.038288
314,8679.501003
315,8656.603105
316,8663.801178
317,8662.661189
318,8668.588168
319,8679.072765
320,8676.761561
321,8677.337923
322,8666.083162
323,8660.721809
324,8648.585706
325,8701.988247
326,8685.878063
327,8723.234847
328,8653.740623
329,8649.351386
330,8663.889870
331,8683.765003
332,8650.559895
333,8620.657091
334,8652.359094
335,8661.215150
336,8672.196049
337,8710.461065
338,8664.710032
339,8667.831907
340,8680.306248
341,8675.242484
342,8678.084169
343,8686.696676
344,8706.905264
345,8659.885198
346,8651.413732
347,8667.271902
348,8666.654020
349,8670.988766
350,8627.860872
351,8650.489073
352,8650.696620
353,8671.688112
354,8689.995888
355,8697.597835
356,8657.229490
357,8677.087668
358,8693.144641
359,8682.247489
360,8679.333058
361,8656.713528
362,8680.074883
363,8678.587590
364,8670.961116
365,8690.802264
366,8680.528601
367,8658.215357
368,8675.203242
369,8690.032049
370,8694.617373
371,8691.888667
372,8671.850712
373,8638.779942
374,8684.090427
375,8701.764691
376,8659.275463
377,8679.937732
378,8672.199998
379,8680.711480
380,8654.805208
381,8660.935759
382,8626.149429
383,8644.683849
384,8659.404298
385,8659.005726
386,8653.652496
387,8697.615429
388,8676.970198
389,8711.847687
390,8673.370478
391,8677.993095
392,8644.018378
393,8664.474027
394,8681.984259
395,8692.623876
396,8674.689447
397,8662.758070
398,8664.577004
399,8665.799274
400,8671.689686
401,8677.251564
402,8677.676529
403,8675.998449
404,8640.087785
405,8648.841506
406,8673.873105
407,8676.297532
408,8654.924253
409,8697.534457
410,8672.644141
411,8649.947578
412,8678.422374
413,8657.548098
414,8670.704555
415,8668.327459
416,8609.729486
417,8689.752885
418,8664.051116
419,8632.341416
420,8638.283891
421,8650.752895
422,8665.873570
423,8686.080800
424,8681.297655
425,8677.620283
426,8711.115320
427,8695.581395
428,8696.167905
429,8693.811528
430,8675.788873
431,8649.049301
432,8642.628225
433,8650.460132
434,8705.857007
435,8680.636842
436,8718.053886
437,8692.746050
438,8656.211972
439,8678.282498
440,8674.843706
441,8662.496072
442,8689.986120
443,8682.859395
444,8689.743335
445,8669.680708
446,8686.085253
447,8684.559807
448,8662.466768
449,8675.972083
450,8644.592031
451,8682.234176
452,8665.269654
453,8659.662272
454,8645.849100
455,8660.692423
456,8682.161940
457,8671.127738
458,8689.548559
459,8675.684868
460,8654.090244
461,8683.291775
462,8695.615043
463,8684.489941
464,8700.764267
465,8653.447180
466,8685.925008
467,8702.004790
468,8710.945658
469,8708.974544
470,8663.244291
471,8677.174951
472,8705.782348
473,8693.571086
474,8664.597919
475,8698.689379
476,8680.657040
477,8682.106527
478,8716.283413
479,8679.340024
480,8657.806839
481,8655.905895
482,8635.897803
483,8665.723117
484,8682.208874
485,8707.977085
486,8692.509213
487,8680.993549
488,8668.513417
489,8679.252151
490,8665.029228
491,8636.228678
492,8658.588819
493,8686.442899
494,8700.952996
495,8680.271317
496,8657.424640
497,8675.715446
498,8630.230871
499,8619.850329
