0,3063.471560
1,6178.597730
2,6618.388646
3,6870.458513
4,7105.648772
5,7261.752440
6,7473.595538
7,7638.410877
8,7745.093419
9,7788.397491
10,7991.320000
11,8098.785875
12,8229.130468
13,8485.265682
14,8518.274002
15,8575.998667
16,8717.467435
17,8888.945054
18,9120.659174
19,9137.335601
20,9334.459701
21,9390.074283
22,9687.418405
23,9716.682148
24,9748.326919
25,9804.535289
26,9766.560958
27,9904.926743
28,10088.771834
29,10326.874333
30,10340.836745
31,10432.386264
32,10578.378700
33,10550.995558
34,10558.407469
35,10670.955743
36,10750.402318
37,11088.626543
38,11075.268852
39,10980.619459
40,10900.824316
41,11206.960901
42,11342.710929
43,11087.571289
44,11299.254434
45,11600.359555
46,11612.934247
47,11926.762807
48,11763.585699
49,11861.630161
50,11664.766345
51,11764.361010
52,11790.700151
53,11922.450002
54,11816.409562
55,11683.033472
56,11615.535990
57,11918.633515
58,12175.279340
59,12005.175351
60,11944.106581
61,12037.985351
62,12186.515512
63,12528.798990
64,12439.996572
65,12135.362481
66,12156.106471
67,12225.870425
68,12181.014859
69,12492.042385
70,12278.321313
71,12169.319154
72,12164.016625
73,12445.939911
74,12661.345955
75,12434.793814
76,12461.875526
77,12220.062094
78,12369.391096
79,12693.735920
80,12369.616531
81,12754.066021
82,12398.055705
83,12544.368790
84,12720.783738
85,12660.350607
86,12841.913733
87,12884.305770
88,13107.077804
89,12810.134738
90,12726.517145
91,12567.317245
92,12407.486756
93,12664.655525
94,12726.996938
95,12611.115752
96,12739.126691
97,12631.365641
98,12639.008748
99,12752.626690
100,12722.624344
101,12844.353715
102,13144.278318
103,12753.507844
104,12905.522899
105,12867.586046
106,13056.490788
107,12706.911034
108,12942.805726
109,12857.872299
110,12920.520998
111,12825.178239
112,12606.292986
113,12836.647377
114,12844.670394
115,12950.007466
116,12806.747415
117,12750.072395
118,12615.860749
119,12526.895423
120,12744.396075
121,12598.149007
122,12791.680555
123,13067.538176
124,12749.647461
125,12809.692674
126,12727.670635
127,12716.152497
128,12584.678864
129,12755.775765
130,12605.869440
131,12451.076504
132,12734.375094
133,13159.001681
134,12995.150748
135,12762.817283
136,12849.529671
137,12935.622056
138,12725.183783
139,12463.023187
140,12780.449657
141,13157.440267
142,12551.544660
143,12675.941914
144,12935.795308
145,12861.173668
146,12829.774551
147,12635.594601
148,13180.548117
149,12887.877566
150,13138.427837
151,12984.688758
152,12508.503942
153,12835.510687
154,12701.819594
155,12568.825477
156,13121.457403
157,12809.222483
158,12976.064175
159,13169.294669
160,13125.555881
161,13136.885574
162,13057.732425
163,12455.356298
164,12324.919650
165,12381.988508
166,12789.098211
167,12886.210814
168,12662.447611
169,12907.608933
170,12631.695613
171,12825.382278
172,12597.285344
173,12265.315226
174,12716.253996
175,12398.374410
176,12874.997800
177,12859.387443
178,12633.037316
179,12699.161414
180,12793.936015
181,12645.295840
182,12484.860034
183,12725.742578
184,12414.554405
185,12894.302289
186,12865.204396
187,12855.650785
188,12592.374917
189,12862.516263
190,12651.185339
191,13039.151363
192,12721.114267
193,12927.549409
194,13045.154453
195,13235.051938
196,12533.406075
197,12870.969031
198,12637.632151
199,12493.270284
200,12700.406572
201,12848.239200
202,12633.665344
203,12841.429223
204,13322.005367
205,12845.298269
206,12752.423179
207,13046.914488
208,12961.937615
209,12622.734762
210,13061.503492
211,12805.039290
212,12998.610546
213,12893.546062
214,13092.105212
215,13144.563394
216,13019.482758
217,12790.246645
218,13058.942391
219,13116.004438
220,13231.799766
221,12826.103470
222,12703.066606
223,12325.896947
224,12707.028852
225,12865.543696
226,12422.918080
227,12582.946297
228,13277.519265
229,12597.921519
230,12700.448541
231,12797.383480
232,12794.010851
233,13269.300734
234,13050.078904
235,12944.301774
236,12902.471560
237,12895.890534
238,12899.303880
239,12723.859215
240,13222.595208
241,13016.492596
242,13411.350314
243,13057.782364
244,12723.266564
245,12814.243308
246,13038.666254
247,13127.525775
248,12792.051463
249,12765.269987
250,13368.041503
251,13108.231808
252,12625.609314
253,12679.336823
254,12454.235930
255,12751.967430
256,12752.253312
257,13043.633488
258,13228.381776
259,12820.630068
260,13340.740667
261,13098.053280
262,13294.542346
263,12698.560309
264,12772.337947
265,12878.039373
266,12883.111432
267,12775.853376
268,12848.808266
269,12975.743788
270,12657.853359
271,12644.193692
272,12779.047516
273,12765.228617
274,12771.168145
275,12340.591291
276,12732.876304
277,12868.042101
278,12865.990805
279,12768.196966
280,12475.179057
281,12916.987631
282,13049.775720
283,13257.091162
284,13073.340487
285,13225.563202
286,13224.399026
287,12599.276316
288,13099.115954
289,12657.112440
290,12790.949925
291,12758.314274
292,12581.801144
293,12474.021502
294,13017.398800
295,13014.585117
296,13051.512601
297,12696.699362
298,12914.962596
299,12651.227720
300,12875.895115
301,13131.714578
302,12730.225516
303,12955.391884
304,12984.741738
305,12996.276544
306,12912.083112
307,13198.258451
308,12913.059440
309,13064.567472
310,13111.592042
311,12942.044509
312,12740.433525
313,12878.483628
314,12989.504145
315,13033.807166
316,13492.533426
317,13348.571163
318,13200.050801
319,12952.458733
320,13055.906757
321,12726.288930
322,12914.665723
323,12963.211295
324,12923.809668
325,13059.041508
326,13046.024946
327,12595.697290
328,13018.177900
329,12656.741495
330,12834.153014
331,13203.765627
332,13146.893701
333,12974.984676
334,12835.899353
335,12970.729095
336,13288.206239
337,12993.767889
338,13031.330114
339,12873.976829
340,12994.393766
341,13320.474503
342,12959.815596
343,13018.026313
344,12773.120421
345,12611.176968
346,12686.351595
347,12839.948025
348,12926.081487
349,13097.304238
350,13194.793175
351,13148.795276
352,12674.629637
353,12714.178341
354,12707.239938
355,12707.648219
356,12760.713001
357,12754.310153
358,12859.739864
359,12607.219608
360,12792.965577
361,12973.312143
362,13106.355026
363,12741.675934
364,13006.131648
365,12616.739509
366,13006.725820
367,12837.514728
368,12879.508244
369,12655.165913
370,13030.653623
371,13055.051106
372,12843.558832
373,13247.658524
374,12989.620378
375,13011.306805
376,12660.071412
377,12824.922888
378,12882.379629
379,13138.808800
380,12890.726539
381,12807.879099
382,13155.040205
383,12789.190963
384,12807.243892
385,13052.801669
386,13252.135350
387,13349.213029
388,12751.380701
389,12698.277486
390,12878.399553
391,12941.289166
392,13345.028557
393,12904.762862
394,12523.575890
395,12935.705628
396,13035.681777
397,12789.456240
398,12876.463804
399,13194.601002
400,13465.403413
401,12995.702519
402,12981.503298
403,13291.902985
404,12942.267257
405,12611.819793
406,13180.714841
407,12978.538372
408,12919.686220
409,12581.151878
410,12685.919745
411,12801.779166
412,12719.316776
413,12816.287624
414,13148.920454
415,13403.312196
416,12749.180358
417,12837.529364
418,13128.981501
419,13061.332525
420,12846.529810
421,13097.411233
422,12564.154436
423,13199.052539
424,13081.725215
425,12989.293285
426,12969.381190
427,12944.015137
428,13202.437304
429,13006.422210
430,13161.082060
431,13286.611383
432,13065.058182
433,12820.879423
434,13322.659362
435,12692.072537
436,13122.514352
437,12741.301010
438,13441.520989
439,13404.554434
440,13135.560694
441,13041.580102
442,13164.924560
443,12722.709659
444,12845.636363
445,12988.709205
446,12825.837586
447,12729.438995
448,12877.558900
449,12566.937716
450,12860.867917
451,12744.998470
452,12961.198933
453,12609.904880
454,12903.232766
455,12934.962950
456,13141.331615
457,12948.026619
458,13075.817229
459,13119.852501
460,13108.176451
461,13375.456357
462,12967.805599
463,13227.862241
464,13044.829778
465,13026.617647
466,12541.098211
467,12948.349472
468,12830.776187
469,12887.383162
470,13317.834341
471,13580.697859
472,13320.802958
473,13230.337077
474,13427.325762
475,13353.261329
476,13026.530303
477,13420.869520
478,13346.873995
479,13239.996602
480,13327.909995
481,13074.958271
482,12976.986543
483,13026.453031
484,13176.865031
485,12912.914164
486,12787.466650
487,13198.800907
488,13627.932199
489,12958.117427
490,12846.582857
491,12966.067631
492,13014.885405
493,12684.948103
494,13177.067656
495,13069.827524
496,13027.398132
497,12676.804489
498,12879.419776
499,12928.364728
