0,3078.600592
1,6439.494470
2,7030.558848
3,7400.893312
4,7767.130558
5,7961.693557
6,8165.232725
7,8525.031186
8,8788.947779
9,9052.711116
10,9362.456220
11,9561.889702
12,9654.573548
13,9908.749116
14,10136.322649
15,10360.588085
16,10814.676835
17,11047.644545
18,11010.364041
19,11311.110360
20,11687.895936
21,11770.440797
22,11885.392005
23,12220.753682
24,12222.611443
25,12449.796206
26,12360.052370
27,12478.820354
28,12932.850613
29,12834.397629
30,12877.216578
31,13219.316871
32,13571.622800
33,13382.110299
34,13456.983479
35,13668.116312
36,13502.810787
37,13775.608208
38,13625.282174
39,13765.149883
40,13762.004071
41,14058.887473
42,14027.987251
43,13905.098236
44,13824.492176
45,13934.027127
46,13953.036477
47,13720.278437
48,13881.491329
49,14005.666435
50,13711.283866
51,14151.584613
52,14022.457992
53,14070.023717
54,13796.894633
55,13725.541448
56,14056.041307
57,13655.598191
58,13734.980515
59,13843.065499
60,14281.971308
61,14098.210363
62,14068.610163
63,14160.865660
64,13695.852688
65,13981.080226
66,13880.834925
67,14106.070375
68,13684.414890
69,13759.562892
70,13802.872997
71,13650.947810
72,13758.427467
73,13936.892252
74,14157.248008
75,13936.410788
76,13886.730552
77,13625.687603
78,13667.708312
79,13907.627171
80,13991.700316
81,13943.863234
82,13690.881610
83,14002.794249
84,13575.264742
85,13828.613319
86,13926.738938
87,13920.667122
88,14020.026806
89,14002.660564
90,13627.848873
91,13800.957281
92,13451.628994
93,14064.349027
94,14252.732517
95,14127.547346
96,14157.437001
97,13648.787296
98,13655.463509
99,13897.568416
100,13474.434328
101,13486.620241
102,13991.519582
103,13818.790289
104,13933.862131
105,13628.023659
106,13528.181247
107,13385.499770
108,13951.678724
109,13971.679738
110,13837.770065
111,13536.895269
112,13885.602482
113,14167.963862
114,13794.442581
115,13684.154346
116,13903.624265
117,13976.706518
118,14020.977838
119,13977.681988
120,13826.517228
121,14103.551719
122,13853.059472
123,13909.567918
124,14029.066621
125,14027.129297
126,14075.854790
127,14325.876835
128,14374.730789
129,14092.350803
130,14389.531481
131,14072.876628
132,14374.960119
133,14226.526904
134,14464.747402
135,14086.108217
136,14351.331010
137,14242.088434
138,14467.711225
139,14266.337266
140,14123.135852
141,14142.515789
142,14219.871859
143,14446.534045
144,14071.646624
145,14507.109277
146,14040.249042
147,14253.562425
148,14137.091873
149,14123.521614
150,14150.996754
151,14066.607024
152,13879.505118
153,14214.036203
154,14343.509569
155,14215.353182
156,14398.934572
157,14501.563684
158,14196.413128
159,14037.155495
160,14071.012416
161,14110.040804
162,14139.472285
163,13932.941055
164,14123.881095
165,14389.405391
166,14202.156499
167,14417.086039
168,14148.109447
169,14243.967786
170,14349.898716
171,13842.900958
172,13750.981876
173,13898.895913
174,14175.639326
175,14512.475209
176,14067.041597
177,14375.707800
178,14183.718240
179,13951.156896
180,14124.753249
181,14127.199888
182,14322.715858
183,14307.581335
184,14139.835858
185,14283.926463
186,14424.953762
187,14245.574866
188,14514.145195
189,14552.220190
190,14674.505890
191,14291.232437
192,14514.786112
193,13913.260960
194,14142.191261
195,14076.813969
196,14160.047671
197,13933.699437
198,13845.504143
199,14066.280401
200,14168.580485
201,14391.954602
202,14432.295381
203,14327.606995
204,14152.007355
205,14150.690089
206,14740.704022
207,14449.673638
208,14289.460792
209,14343.568455
210,14628.970626
211,14521.004351
212,14082.699405
213,13867.110747
214,14247.477128
215,14146.552212
216,14348.403098
217,14407.714819
218,14267.633270
219,14452.975536
220,14348.571611
221,14121.945197
222,14128.451003
223,14295.626727
224,14088.840146
225,14372.425275
226,14212.008411
227,14081.846488
228,14226.643444
229,14361.271804
230,14344.599435
231,14335.117215
232,14327.731773
233,14470.262957
234,14693.090033
235,14404.450711
236,14287.615999
237,14310.964021
238,14293.570927
239,14357.206602
240,14438.421419
241,14380.084372
242,14320.215942
243,14260.365342
244,14255.617804
245,14378.205429
246,14727.365548
247,14645.098523
248,14385.069168
249,14075.599098
250,14070.989059
251,14423.950652
252,14566.662338
253,14444.783639
254,14781.814538
255,14874.836525
256,14136.619540
257,14526.616191
258,14690.962431
259,14275.835201
260,14403.288865
261,14176.325022
262,14371.382281
263,14064.711020
264,13924.618033
265,14506.487380
266,14154.302296
267,14232.850543
268,14157.457316
269,14452.597154
270,14569.096420
271,14164.592426
272,14224.153926
273,14244.502228
274,14128.539615
275,14459.588255
276,14254.408635
277,14201.218455
278,14048.428030
279,14194.909979
280,14437.431567
281,14513.928715
282,14499.860160
283,14324.026438
284,14096.356029
285,14422.338648
286,14468.944917
287,14174.975040
288,14428.699738
289,14425.488777
290,14228.097855
291,14357.764665
292,14498.323987
293,14234.614181
294,14028.535312
295,14451.282696
296,14491.443062
297,14680.685467
298,14607.299651
299,14437.003965
300,14626.777077
301,14715.423971
302,14647.495740
303,14202.362050
304,14248.546387
305,14300.003137
306,14061.315314
307,13999.062265
308,14307.012076
309,14568.063828
310,14757.369530
311,14592.818140
312,14459.639832
313,14125.111324
314,14384.779139
315,14439.394031
316,14321.181481
317,14610.302598
318,14222.133020
319,14616.517167
320,14380.271938
321,14442.118701
322,14530.401676
323,14397.239172
324,14527.527022
325,14420.768899
326,14032.325966
327,14333.269832
328,14418.115820
329,14661.924341
330,14561.015028
331,14537.424051
332,14751.046698
333,14466.542570
334,14571.362151
335,14277.234825
336,14112.448032
337,13873.937867
338,14015.116583
339,13930.630175
340,14038.124030
341,14187.180514
342,14257.601700
343,14477.085843
344,14995.783811
345,14925.816004
346,15016.463036
347,15017.185091
348,14962.871585
349,14954.773998
350,15092.984699
351,15357.373479
352,15138.362333
353,15258.840683
354,14347.488941
355,14897.607646
356,15022.510726
357,14824.380764
358,14952.665169
359,14686.172077
360,14820.750140
361,14703.890210
362,14975.930790
363,15044.043269
364,14972.382583
365,14385.441949
366,14862.471430
367,14802.730762
368,15104.025346
369,14915.942972
370,14902.153748
371,15071.167938
372,15236.228043
373,15457.122216
374,14619.391824
375,14850.289299
376,14678.204753
377,14764.178171
378,14907.993268
379,15154.364508
380,15363.175758
381,15563.328911
382,15117.904232
383,15142.616805
384,15148.645363
385,15499.909381
386,15547.305295
387,15276.374579
388,15299.446049
389,15315.593926
390,15309.227237
391,15552.455030
392,15941.947249
393,15658.019929
394,15458.034257
395,15139.559450
396,15441.100328
397,15289.391043
398,15013.900963
399,15510.655267
400,16081.257079
401,15620.597708
402,15624.264036
403,15286.497618
404,15432.416561
405,15681.682007
406,15769.365277
407,15369.954446
408,15391.013414
409,15322.190238
410,14860.776599
411,14990.078983
412,15447.226615
413,15441.793179
414,15575.031906
415,15417.520677
416,15238.162739
417,15344.834756
418,15514.255625
419,15116.744837
420,15469.392746
421,15296.820262
422,15301.241543
423,15551.094999
424,15660.776584
425,15476.316806
426,15813.913228
427,15892.984551
428,15866.253349
429,15976.012842
430,15493.584862
431,15897.929940
432,15449.509533
433,15220.754505
434,15675.084550
435,15237.462522
436,15318.482932
437,15402.917625
438,15652.343467
439,15153.582988
440,15395.150682
441,15513.699622
442,15777.652843
443,15779.786568
444,15888.367589
445,15449.259035
446,15054.798885
447,15047.378245
448,15268.505320
449,15291.316512
450,15828.287066
451,15328.882394
452,14969.626118
453,15530.445279
454,15462.500497
455,15642.192288
456,15394.963476
457,15449.982785
458,15853.985576
459,15588.831453
460,15549.338353
461,15524.399936
462,15044.929150
463,15339.842868
464,15317.331735
465,15662.533141
466,15584.545038
467,15591.260663
468,15998.222510
469,15723.233502
470,15650.401176
471,15367.063359
472,15625.193316
473,15471.303641
474,15504.516689
475,15228.935121
476,15620.818984
477,15211.999809
478,15293.465339
479,15566.497159
480,15512.254766
481,15566.652839
482,15406.630115
483,15166.938813
484,15256.036641
485,15487.577134
486,15980.427467
487,15752.824034
488,15753.792946
489,15668.953138
490,15647.733506
491,15458.032932
492,15630.844002
493,15646.728742
494,15458.105981
495,15259.080290
496,15203.055751
497,15449.253653
498,15512.200603
499,15348.879878
