0,3139.569343
1,3421.677261
2,3738.788016
3,3986.915203
4,4227.287201
5,4467.045917
6,4721.001865
7,4934.298333
8,5093.047736
9,5221.376340
10,5377.187177
11,5560.721019
12,5786.947852
13,5950.976902
14,6164.492293
15,6342.667189
16,6531.153742
17,6652.425392
18,6767.065644
19,6822.880328
20,6905.282595
21,6990.877155
22,7063.181773
23,7148.387889
24,7190.419760
25,7221.783523
26,7260.871326
27,7293.149053
28,7340.779167
29,7353.523410
30,7354.394286
31,7380.255653
32,7361.028084
33,7362.540345
34,7385.246467
35,7359.160310
36,7357.672711
37,7388.951201
38,7396.574817
39,7399.127354
40,7404.692335
41,7425.446283
42,7389.657984
43,7417.881707
44,7390.544124
45,7391.563561
46,7368.473449
47,7412.980830
48,7420.946670
49,7426.124551
50,7434.459336
51,7420.061213
52,7420.475869
53,7399.079820
54,7405.888722
55,7416.103958
56,7422.491095
57,7446.166978
58,7424.115204
59,7393.714299
60,7456.248397
61,7433.816637
62,7433.683470
63,7410.149547
64,7395.957736
65,7419.025990
66,7404.932307
67,7437.958363
68,7416.674188
69,7410.430464
70,7436.108045
71,7432.103414
72,7436.948316
73,7399.400529
74,7396.994894
75,7430.650034
76,7416.373073
77,7427.170531
78,7430.021279
79,7455.031461
80,7426.439045
81,7430.469258
82,7417.123815
83,7412.504828
84,7411.185040
85,7439.649661
86,7410.874666
87,7454.426143
88,7438.971952
89,7442.524113
90,7438.053303
91,7437.940206
92,7445.068122
93,7424.672014
94,7436.422895
95,7430.640929
96,7429.175913
97,7439.278468
98,7454.087421
99,7432.108756
100,7416.424659
101,7410.799669
102,7427.698540
103,7431.372346
104,7434.466082
105,7424.954994
106,7435.318636
107,7388.736973
108,7458.184476
109,7434.072079
110,7431.034891
111,7416.075037
112,7407.770996
113,7428.059225
114,7434.179341
115,7415.095680
116,7443.086972
117,7409.569652
118,7443.817925
119,7442.249148
120,7406.148562
121,7440.776671
122,7433.055500
123,7416.872855
124,7418.060969
125,7441.522848
126,7440.546276
127,7420.249771
128,7432.364420
129,7441.153469
130,7428.624689
131,7446.873728
132,7371.095211
133,7409.262451
134,7360.406667
135,7433.547231
136,7439.470103
137,7430.139145
138,7415.688734
139,7423.844785
140,7407.281968
141,7405.202020
142,7399.554899
143,7417.037118
144,7421.699238
145,7414.005907
146,7428.436057
147,7444.628211
148,7431.613434
149,7413.340453
150,7378.387369
151,7409.604752
152,7421.842172
153,7440.159256
154,7440.642126
155,7416.901424
156,7401.922038
157,7430.850532
158,7451.785738
159,7411.456564
160,7419.735680
161,7391.758483
162,7418.877838
163,7409.582500
164,7408.177215
165,7425.183894
166,7455.527286
167,7445.024674
168,7459.915571
169,7426.837078
170,7367.054336
171,7389.284523
172,7438.935802
173,7433.446248
174,7409.151650
175,7432.732506
176,7442.115578
177,7428.100980
178,7392.290781
179,7369.580269
180,7425.332439
181,7439.256704
182,7428.975693
183,7434.280627
184,7423.605139
185,7428.108561
186,7417.763781
187,7443.285714
188,7420.901476
189,7439.025677
190,7427.594215
191,7404.588189
192,7380.500448
193,7401.465818
194,7401.131087
195,7399.738554
196,7407.117009
197,7420.957788
198,7416.219385
199,7437.374114
200,7429.427458
201,7421.992598
202,7437.704904
203,7426.962082
204,7435.640888
205,7451.731628
206,7427.844663
207,7425.224067
208,7325.661118
209,7412.600639
210,7420.501553
211,7380.391454
212,7398.430986
213,7427.767850
214,7450.636396
215,7440.155228
216,7453.304491
217,7423.830818
218,7421.167245
219,7423.741803
220,7425.374596
221,7409.207911
222,7390.027996
223,7403.358218
224,7426.467197
225,7414.522204
226,7405.994913
227,7398.070042
228,7392.406690
229,7384.688061
230,7391.754490
231,7407.657542
232,7390.062472
233,7393.068945
234,7412.007798
235,7383.298512
236,7419.249909
237,7403.364401
238,7444.544979
239,7439.419626
240,7448.781273
241,7450.189087
242,7443.465624
243,7459.252617
244,7456.175447
245,7414.398403
246,7417.771761
247,7459.922784
248,7433.376006
249,7429.255716
250,7425.719104
251,7410.078147
252,7408.778284
253,7431.314384
254,7444.641565
255,7472.724076
256,7443.915333
257,7453.348635
258,7397.245086
259,7400.312885
260,7420.601086
261,7456.102431
262,7443.302136
263,7442.692338
264,7435.864287
265,7456.585881
266,7420.966059
267,7409.253633
268,7429.277418
269,7425.881080
270,7402.829397
271,7424.735977
272,7436.813517
273,7448.081190
274,7444.707664
275,7432.465210
276,7397.225851
277,7431.605466
278,7434.805337
279,7422.026819
280,7393.975940
281,7369.131023
282,7399.299580
283,7416.830343
284,7408.328231
285,7423.104754
286,7413.760582
287,7429.467118
288,7436.176673
289,7439.387319
290,7404.756373
291,7409.461208
292,7404.325514
293,7433.042284
294,7422.766160
295,7456.451840
296,7432.041074
297,7380.686515
298,7406.321411
299,7394.641667
300,7430.578448
301,7426.936331
302,7436.107979
303,7418.360579
304,7468.897499
305,7421.801278
306,7441.359747
307,7426.160943
308,7437.664161
309,7392.077784
310,7406.103413
311,7411.557746
312,7423.196004
313,7428.246614
314,7435.463020
315,7433.220584
316,7433.533741
317,7410.005212
318,7433.364918
319,7433.542738
320,7436.751646
321,7384.146094
322,7407.527537
323,7426.238162
324,7425.304919
325,7440.414361
326,7423.064907
327,7426.997854
328,7386.025757
329,7397.528045
330,7437.400083
331,7443.714456
332,7398.697503
333,7413.812391
334,7414.543510
335,7403.129151
336,7424.300726
337,7416.365729
338,7449.401581
339,7454.546115
340,7390.633148
341,7452.368543
342,7409.644377
343,7415.230325
344,7408.950290
345,7422.222132
346,7395.343472
347,7425.407652
348,7385.964039
349,7397.078522
350,7412.512347
351,7429.007692
352,7436.437667
353,7430.948110
354,7409.980521
355,7417.179292
356,7407.911830
357,7439.257729
358,7417.876453
359,7402.674048
360,7397.810895
361,7407.283649
362,7423.616320
363,7417.388293
364,7419.216934
365,7424.543842
366,7417.980349
367,7405.086033
368,7424.321159
369,7394.824012
370,7436.382278
371,7447.870729
372,7434.764172
373,7413.556423
374,7398.269132
375,7441.834762
376,7447.373814
377,7462.321347
378,7419.746624
379,7420.571569
380,7448.085791
381,7423.903524
382,7435.663503
383,7428.969570
384,7458.058704
385,7426.126373
386,7412.867997
387,7415.942461
388,7413.931141
389,7441.565423
390,7406.997553
391,7455.283638
392,7396.845408
393,7377.293828
394,7425.883027
395,7438.652843
396,7426.578987
397,7443.799228
398,7399.335224
399,7439.161754
400,7434.992349
401,7398.436588
402,7387.472926
403,7415.425445
404,7433.844569
405,7405.292311
406,7399.717771
407,7420.908103
408,7410.151623
409,7443.939233
410,7437.925428
411,7367.526124
412,7406.338743
413,7410.072628
414,7440.691739
415,7421.940159
416,7427.079070
417,7407.601596
418,7431.293316
419,7423.239899
420,7433.354153
421,7379.649988
422,7414.899856
423,7390.713046
424,7422.991996
425,7436.959688
426,7445.409971
427,7442.048978
428,7412.397083
429,7382.289230
430,7415.020496
431,7432.096358
432,7449.453473
433,7458.185386
434,7430.713260
435,7407.087907
436,7401.345594
437,7426.055353
438,7440.519443
439,7459.210434
440,7421.953978
441,7377.134206
442,7381.242320
443,7417.065686
444,7414.880899
445,7422.575354
446,7443.762045
447,7428.817639
448,7416.041466
449,7390.061742
450,7450.728607
451,7389.581419
452,7414.177023
453,7404.120741
454,7414.743515
455,7404.256391
456,7403.993781
457,7393.180682
458,7387.516879
459,7440.256855
460,7423.635151
461,7453.552347
462,7446.064688
463,7453.279699
464,7432.085532
465,7401.447460
466,7397.407911
467,7413.290896
468,7389.603572
469,7397.160521
470,7415.708143
471,7422.526147
472,7429.070776
473,7393.112393
474,7405.491695
475,7396.320396
476,7392.544756
477,7428.068717
478,7420.409986
479,7430.352580
480,7424.763073
481,7407.037139
482,7364.849774
483,7399.241585
484,7435.814477
485,7438.330068
486,7404.859387
487,7426.525799
488,7437.843407
489,7411.523539
490,7383.588251
491,7431.760312
492,7427.963753
493,7369.901066
494,7412.729874
495,7394.464902
496,7429.329791
497,7420.518302
498,7406.801906
499,7381.383271
