0,3091.449694
1,3220.070913
2,3411.439437
3,3562.705879
4,3697.306531
5,3748.876986
6,3912.405082
7,4051.641221
8,4108.652090
9,4214.238882
10,4329.586828
11,4384.678613
12,4480.184223
13,4509.605747
14,4755.258946
15,4962.867298
16,5113.280414
17,5142.036152
18,5295.790203
19,5506.328846
20,5564.726101
21,5687.856422
22,5779.681048
23,5728.164195
24,5742.772723
25,5782.548423
26,5786.825279
27,5750.377373
28,5762.111840
29,5782.952865
30,5751.454826
31,5857.867353
32,5930.071477
33,6025.134720
34,6024.553734
35,6059.458193
36,6122.296290
37,6149.738259
38,6077.459655
39,6050.660028
40,6017.158913
41,6043.663825
42,6057.377852
43,6093.979494
44,6139.151104
45,6097.234378
46,6038.913869
47,6018.851092
48,6086.978259
49,6115.443554
50,6280.031836
51,6233.688503
52,6279.840421
53,6389.277143
54,6300.794640
55,6396.916688
56,6525.438872
57,6418.577902
58,6451.568328
59,6449.597137
60,6431.834113
61,6316.758076
62,6375.148281
63,6398.037457
64,6560.913367
65,6713.073454
66,6655.714506
67,6670.632099
68,6653.170717
69,6720.606455
70,6844.942148
71,6816.104413
72,6753.930982
73,6812.093540
74,6707.223080
75,6667.127673
76,6635.887625
77,6665.944528
78,6777.703841
79,6762.241699
80,6706.710392
81,6685.662814
82,6783.018239
83,6592.616032
84,6588.736843
85,6475.986546
86,6441.415393
87,6489.278178
88,6456.619483
89,6442.051561
90,6563.991726
91,6551.735040
92,6597.815867
93,6615.160324
94,6671.165519
95,6605.274658
96,6667.922665
97,6651.526098
98,6830.509885
99,6827.722297
100,6691.138582
101,6542.361716
102,6627.203211
103,6585.625104
104,6679.123258
105,6600.222193
106,6506.466940
107,6571.556602
108,6626.500199
109,6750.225154
110,6739.815261
111,6708.773195
112,6722.039504
113,6897.084484
114,7088.418839
115,7119.018299
116,7117.125706
117,6895.221308
118,7044.550073
119,6883.609678
120,6800.286527
121,6770.948747
122,6835.397378
123,6943.698439
124,6828.584391
125,6714.151518
126,6646.458956
127,6639.893862
128,6607.339057
129,6679.889668
130,6640.053148
131,6612.129531
132,6700.650862
133,6631.155560
134,6546.634027
135,6609.098353
136,6568.558360
137,6688.207449
138,6708.946964
139,6685.934814
140,6699.319781
141,6598.567847
142,6727.476813
143,6678.614124
144,6664.375610
145,6854.023521
146,6733.412961
147,6821.819989
148,6753.555014
149,6689.978234
150,6693.867877
151,6516.189907
152,6656.502140
153,6568.897515
154,6435.306300
155,6371.526289
156,6593.865571
157,6804.044752
158,6797.898425
159,6660.900810
160,6794.236869
161,6693.789163
162,6582.126302
163,6678.950571
164,6740.462988
165,6878.432608
166,6905.500430
167,6881.931157
168,6849.290906
169,6998.489466
170,7002.248786
171,7095.852036
172,7014.924814
173,6915.015767
174,7097.926965
175,6993.369195
176,6861.665308
177,7103.037526
178,7079.683206
179,7091.817851
180,7183.254841
181,7288.690241
182,7169.411621
183,6984.759711
184,6716.381069
185,6922.154750
186,6886.051867
187,6934.072500
188,6867.055760
189,7004.245981
190,7013.343411
191,7002.617648
192,7018.799152
193,7151.678162
194,7179.302501
195,7027.233205
196,6970.634737
197,7127.540405
198,7057.069060
199,6966.564391
200,6923.108236
201,6944.250404
202,7013.704160
203,6973.798284
204,6958.645763
205,7034.881660
206,7028.427136
207,7103.156384
208,7198.243890
209,7275.640088
210,7285.609811
211,7146.271276
212,7152.033229
213,7102.763415
214,7124.884181
215,7049.234234
216,7070.008362
217,7101.696329
218,6971.712215
219,6859.158182
220,7013.961184
221,6991.520649
222,6887.783172
223,7034.627493
224,7073.456692
225,7014.950726
226,7055.736255
227,6919.706426
228,6928.457677
229,6962.956120
230,7182.877842
231,7137.576605
232,7130.308427
233,7024.643612
234,7115.394706
235,7003.745170
236,6985.975235
237,6915.805724
238,7002.465626
239,7093.695999
240,7222.143206
241,7260.614002
242,6986.991794
243,6998.128391
244,7129.089724
245,7326.129206
246,7102.825922
247,7241.875311
248,7162.220956
249,7212.610633
250,7258.635228
251,7105.620109
252,7085.969029
253,7085.283161
254,7077.374991
255,7162.818765
256,7144.966888
257,7206.239841
258,7201.426125
259,7483.476805
260,7441.734081
261,7318.068691
262,7360.881677
263,7193.176864
264,7256.557537
265,7165.589753
266,7135.010072
267,7045.349314
268,7119.718645
269,7175.521555
270,7093.831407
271,7060.604432
272,7031.408140
273,7041.237250
274,7118.915856
275,7327.347633
276,7185.805067
277,7192.660557
278,7201.026412
279,7187.556222
280,7139.341932
281,7222.034445
282,7122.732690
283,7079.111148
284,7078.462280
285,7095.597687
286,7156.523979
287,7225.506925
288,7323.859410
289,7204.761422
290,7283.843288
291,7154.102378
292,7176.644326
293,7170.846120
294,7058.290069
295,7077.566325
296,7090.323909
297,7037.342954
298,7003.975607
299,7202.443589
300,7187.408092
301,7178.824672
302,7063.638554
303,7167.276691
304,7230.252963
305,7212.465179
306,7075.964354
307,6945.872227
308,6690.171850
309,6841.834330
310,7001.819588
311,7197.419648
312,7342.209554
313,7199.403580
314,7103.236209
315,7190.493186
316,7285.527503
317,7091.534227
318,7213.547979
319,7170.123657
320,7140.773467
321,7228.210012
322,7134.415784
323,6967.360400
324,6806.592015
325,6610.652561
326,6737.441206
327,6844.880611
328,7021.063668
329,7267.167377
330,7259.454629
331,7267.531913
332,7179.831346
333,7128.903289
334,7155.747271
335,7045.133497
336,7028.795454
337,6908.390029
338,6876.779703
339,6989.493055
340,6936.772942
341,6894.140390
342,7107.276347
343,7156.507102
344,7130.482533
345,7166.152618
346,7160.335916
347,7172.075597
348,7164.494895
349,7142.819272
350,7106.098558
351,7220.500513
352,7237.446358
353,7027.996383
354,6999.197031
355,6980.242930
356,6972.351293
357,6970.117070
358,7117.522997
359,7068.565032
360,7237.583244
361,7052.971679
362,7140.667287
363,7263.554254
364,7222.559873
365,7276.869386
366,7224.536275
367,7129.706882
368,7182.228450
369,7231.451396
370,7136.392105
371,7229.258456
372,7222.618005
373,7298.839282
374,7316.963800
375,7390.717680
376,7243.655886
377,7181.259373
378,7041.808427
379,6979.797943
380,6994.639799
381,7110.255551
382,7196.615493
383,7213.084733
384,7221.693592
385,7163.006392
386,7155.457608
387,7219.754896
388,7176.991230
389,7223.841150
390,7202.686818
391,7091.312015
392,7030.223505
393,6861.155203
394,6974.143903
395,6962.281581
396,7096.155450
397,6979.778392
398,7070.482515
399,7225.077270
400,7155.449223
401,7310.326307
402,7490.422899
403,7525.155275
404,7329.677194
405,7341.153420
406,7117.972622
407,7086.093626
408,7148.132881
409,7149.388033
410,7123.629903
411,7144.679356
412,7030.554400
413,7038.164276
414,7153.270951
415,7100.019086
416,7079.427790
417,7080.816927
418,7041.496591
419,7111.331586
420,7182.561844
421,7236.116876
422,7198.802558
423,7095.305793
424,7174.077674
425,7161.897276
426,7162.081097
427,7250.587176
428,7305.952514
429,7341.970745
430,7168.261393
431,7073.024109
432,6988.943806
433,6970.652181
434,6962.919540
435,7065.998239
436,7135.061986
437,7074.495801
438,7122.738126
439,6950.992605
440,6978.200616
441,7068.078447
442,6991.197343
443,7141.983541
444,7077.674606
445,7142.112748
446,7277.252864
447,7236.916705
448,7248.551061
449,7205.781194
450,7029.279238
451,6942.855455
452,6877.321000
453,6924.264502
454,6920.775676
455,6923.950756
456,7029.497879
457,7189.859162
458,7249.957828
459,7265.370923
460,7231.019112
461,7341.746151
462,7307.800950
463,7238.618039
464,7335.586583
465,7134.287416
466,6982.400914
467,6783.371639
468,6795.266694
469,6933.196619
470,6807.606022
471,6968.256093
472,7098.733470
473,7158.145229
474,7233.712678
475,7208.405307
476,7318.191609
477,7406.636570
478,7345.268129
479,7228.932454
480,7164.275452
481,7084.087537
482,7122.281919
483,7130.950711
484,6924.865909
485,6887.214851
486,6885.286724
487,7148.536088
488,6907.441602
489,6862.816560
490,6707.303701
491,6829.726577
492,6806.152751
493,6986.553439
494,6858.179714
495,6805.106388
496,6903.944620
497,6745.222933
498,6743.479450
499,6754.072860
