0,3128.835801
1,3347.666088
2,3518.555442
3,3719.717240
4,3911.244109
5,3988.282939
6,4094.118093
7,4133.162410
8,4242.972169
9,4270.796953
10,4309.940405
11,4393.178953
12,4386.591044
13,4408.708906
14,4361.257364
15,4454.105447
16,4554.709036
17,4549.464363
18,4710.935120
19,4671.741494
20,4716.719543
21,4672.606205
22,4621.408943
23,4745.456870
24,4755.298036
25,4752.838585
26,4757.684979
27,4772.833533
28,4767.214425
29,4776.597800
30,4803.727888
31,4889.530782
32,4943.013882
33,5011.584857
34,5020.681975
35,4981.269791
36,5080.866160
37,5090.997468
38,5076.546573
39,5098.483140
40,5123.465927
41,5118.761038
42,5177.770814
43,5237.366944
44,5336.869109
45,5381.870811
46,5399.763825
47,5321.757472
48,5280.019789
49,5267.145898
50,5330.794680
51,5347.714130
52,5438.389601
53,5463.555497
54,5414.382447
55,5455.964038
56,5413.537206
57,5450.201901
58,5433.667845
59,5445.979114
60,5476.296159
61,5495.849203
62,5460.969040
63,5461.499800
64,5499.930592
65,5455.894364
66,5471.997563
67,5487.390959
68,5520.888298
69,5414.880954
70,5360.470127
71,5494.329667
72,5513.569520
73,5536.895036
74,5514.886713
75,5454.184489
76,5416.827743
77,5497.878150
78,5486.240731
79,5440.226426
80,5475.654532
81,5445.244913
82,5399.891127
83,5456.693218
84,5403.377029
85,5389.314638
86,5392.789938
87,5481.484513
88,5405.276644
89,5342.520281
90,5482.778779
91,5393.477043
92,5541.409760
93,5568.147528
94,5635.372811
95,5697.177372
96,5570.469500
97,5677.654724
98,5691.597809
99,5598.608137
100,5588.688493
101,5593.883127
102,5692.424562
103,5803.346541
104,5779.117987
105,5691.449045
106,5808.982743
107,5874.952157
108,5957.341490
109,5908.724240
110,5861.606303
111,5830.180112
112,5770.001397
113,5694.800231
114,5539.925045
115,5575.379054
116,5640.695994
117,5562.440998
118,5519.195858
119,5557.400483
120,5629.012120
121,5776.521697
122,5730.340852
123,5697.807452
124,5714.397420
125,5707.770839
126,5748.904137
127,5644.511448
128,5741.749037
129,5716.064828
130,5682.981688
131,5743.673569
132,5809.542609
133,5778.254148
134,5763.970264
135,5726.059570
136,5777.108236
137,5740.948110
138,5862.428863
139,5873.279808
140,5769.699925
141,5696.565151
142,5872.977571
143,5731.575825
144,5688.895581
145,5730.148215
146,5717.632486
147,5750.872891
148,5791.085190
149,5719.989628
150,5711.285031
151,5746.635192
152,5601.579974
153,5506.014560
154,5494.614427
155,5619.867531
156,5536.988754
157,5593.222842
158,5665.635894
159,5719.080244
160,5795.826543
161,5691.068906
162,5833.250336
163,5808.648899
164,5745.417938
165,5857.244078
166,5853.472548
167,5819.629936
168,5878.296142
169,5699.951020
170,5784.603326
171,5699.399742
172,5675.658762
173,5684.306221
174,5838.371449
175,6009.086983
176,5918.563262
177,5716.650048
178,5597.821272
179,5775.609154
180,5759.031148
181,5818.520093
182,5730.988277
183,5847.934232
184,5784.577123
185,5828.560864
186,5811.246182
187,5778.132321
188,5718.381806
189,5824.876923
190,5858.198279
191,5878.703535
192,5911.552839
193,5970.104764
194,5903.732393
195,5894.333869
196,5885.505928
197,5816.618702
198,5739.307917
199,5817.999749
200,5789.436701
201,5667.989818
202,5709.663779
203,5771.571271
204,5761.627178
205,5690.880915
206,5763.921472
207,5808.784949
208,5777.012121
209,5748.049765
210,5829.683127
211,5923.240102
212,5911.251497
213,5984.002495
214,5901.432046
215,5912.727371
216,5914.692172
217,5827.232774
218,5870.217481
219,5826.753623
220,5694.786844
221,5860.092974
222,5903.399998
223,5794.470876
224,5807.527001
225,5789.925819
226,5774.073459
227,5669.711050
228,5800.582930
229,5669.013649
230,5843.940958
231,5847.186986
232,5866.259384
233,5795.543061
234,5610.786245
235,5671.513750
236,5729.026623
237,5854.506984
238,5979.038197
239,6041.751670
240,6020.578645
241,5889.520260
242,5801.511850
243,5802.475373
244,5812.021639
245,5692.864595
246,5753.172326
247,5845.339781
248,5808.062075
249,5841.722683
250,5853.864246
251,5789.384396
252,5887.763720
253,5828.652845
254,5866.691408
255,5921.098073
256,6014.486713
257,5936.112634
258,5880.323562
259,5894.701975
260,5979.684848
261,5952.843555
262,5934.603416
263,5966.528911
264,5919.492781
265,5916.896168
266,5928.058910
267,5945.644146
268,5879.031112
269,5758.627927
270,5674.730558
271,5672.216490
272,5782.503530
273,5646.176429
274,5503.946415
275,5449.804530
276,5476.265413
277,5511.976124
278,5619.360862
279,5749.238424
280,5713.382466
281,5804.101088
282,5742.788739
283,5850.203411
284,5887.872121
285,5806.567671
286,5530.699141
287,5623.035656
288,5716.250304
289,5877.963203
290,5917.839549
291,5888.471122
292,5712.505065
293,5584.939033
294,5609.896463
295,5615.413665
296,5753.513826
297,5845.614514
298,5792.036520
299,5798.664056
300,5845.643306
301,5788.891157
302,5797.372216
303,5850.355846
304,5883.686728
305,5711.420094
306,5834.783216
307,5811.728138
308,5758.537700
309,5829.468983
310,5908.633872
311,6112.425787
312,6139.709308
313,6064.734060
314,6048.699783
315,6079.946189
316,6045.213272
317,5827.695425
318,5920.188788
319,6001.070320
320,6005.696495
321,6088.498042
322,6047.773518
323,6064.289119
324,5976.984719
325,6027.157223
326,5905.944562
327,5961.667224
328,5879.251939
329,5804.500450
330,5852.369992
331,5851.766685
332,6006.636662
333,6063.407065
334,6016.508234
335,5981.728383
336,5863.120999
337,6108.061073
338,5985.354289
339,5872.332429
340,5854.614094
341,6021.190237
342,6119.438080
343,6251.043999
344,6274.108119
345,6201.602851
346,6096.331578
347,6178.423676
348,6242.057243
349,6225.846563
350,6230.185315
351,6122.582398
352,6137.022920
353,6156.959491
354,6076.236389
355,6118.216033
356,6123.631099
357,6060.807085
358,6015.606351
359,6037.699094
360,6102.776469
361,6112.201297
362,6193.486121
363,6181.972807
364,6061.788807
365,6061.999616
366,6178.788678
367,6144.521922
368,6008.183883
369,5992.038955
370,5899.926795
371,5907.490464
372,5916.834156
373,5894.093092
374,5906.673974
375,5846.439574
376,5831.675171
377,5628.333893
378,5886.393112
379,5870.070417
380,5895.181191
381,5853.270955
382,5892.099557
383,5838.202629
384,5837.587667
385,5911.734029
386,5991.524137
387,5961.317768
388,6065.617231
389,6140.181580
390,6094.786263
391,5916.729901
392,6040.298879
393,5986.355845
394,6013.798860
395,6050.819570
396,6039.197322
397,5910.365845
398,5884.484280
399,5975.689655
400,5957.795694
401,5950.634852
402,5862.041715
403,5975.605311
404,5931.486038
405,5882.480093
406,5946.652860
407,5914.102438
408,6031.522129
409,5973.319602
410,5996.460396
411,5924.845553
412,6049.060557
413,6229.599734
414,6218.992392
415,6144.066479
416,6160.478068
417,6236.018013
418,6123.026386
419,6070.185513
420,5899.836019
421,5886.357363
422,5837.669777
423,5772.490026
424,5911.280960
425,5984.267597
426,6024.381532
427,5932.908872
428,5858.319768
429,5913.202114
430,5897.511672
431,6056.403983
432,6016.222118
433,6083.526702
434,5994.151178
435,5909.720955
436,6039.993413
437,6060.753531
438,6071.770227
439,6019.635281
440,6021.893639
441,6050.211402
442,6098.899023
443,6115.321234
444,6050.232977
445,5870.501624
446,5797.747119
447,5922.845547
448,5838.966034
449,5727.449111
450,5666.192169
451,5632.517362
452,5519.995058
453,5568.160500
454,5645.077451
455,5656.086094
456,5723.665420
457,5796.074547
458,5638.964629
459,5577.973009
460,5642.558387
461,5713.613587
462,5709.030288
463,5607.826394
464,5599.634822
465,5623.259858
466,5568.760441
467,5597.207695
468,5572.889304
469,5575.853114
470,5388.630350
471,5421.364168
472,5479.819881
473,5454.401995
474,5581.481728
475,5665.148087
476,5596.626979
477,5492.141182
478,5587.311888
479,5566.122857
480,5480.933967
481,5607.993407
482,5612.031276
483,5550.103559
484,5540.079001
485,5593.094667
486,5701.082967
487,5767.237605
488,5724.379498
489,5821.104884
490,5940.041392
491,5975.285856
492,5780.090984
493,5776.897305
494,5833.219360
495,5754.844265
496,5739.423817
497,5693.761835
498,5739.129089
499,5743.112276
