0,3118.786977
1,6199.418965
2,6620.601044
3,7023.087823
4,7420.619158
5,7714.684437
6,8138.730202
7,8432.357269
8,8790.306622
9,9090.006900
10,9301.693336
11,9609.895903
12,9936.739816
13,10264.125272
14,10552.944833
15,10919.235390
16,11137.353777
17,11435.036956
18,11738.830693
19,12010.915502
20,12204.930213
21,12460.777527
22,12707.176877
23,13066.441828
24,13229.324274
25,13464.349003
26,13608.450422
27,13801.166222
28,13890.322328
29,14185.554709
30,14381.213863
31,14524.510989
32,14544.255068
33,14650.321652
34,14718.258022
35,14772.497623
36,14940.265757
37,14852.173297
38,14928.346893
39,15043.653297
40,15111.460166
41,15206.229702
42,15259.317260
43,15295.697695
44,15296.222025
45,15333.715840
46,15450.941290
47,15446.751192
48,15521.438176
49,15586.873356
50,15627.211109
51,15731.102144
52,15667.292753
53,15744.881120
54,15783.663819
55,15702.202679
56,15759.278466
57,15801.020085
58,15934.473345
59,15970.256534
60,15936.886976
61,15892.526813
62,15894.893933
63,15890.996049
64,15996.626736
65,15976.276254
66,15963.856470
67,16000.678227
68,15941.687888
69,15947.501900
70,15914.703187
71,15915.499758
72,15908.468541
73,15983.301399
74,15916.429355
75,15957.387944
76,16012.307779
77,15910.974736
78,15931.690221
79,15898.776769
80,15902.888442
81,15919.633719
82,15910.052294
83,15947.484277
84,15907.012475
85,15925.888791
86,15879.472216
87,15902.594186
88,15862.315438
89,15889.406549
90,15976.819172
91,15885.755844
92,15857.077431
93,15789.266386
94,15873.693042
95,15998.015029
96,15934.398042
97,15888.749922
98,15885.591036
99,15888.526113
100,15899.656433
101,16000.847468
102,15934.947199
103,15907.643439
104,16007.248752
105,15932.980633
106,15954.529547
107,15983.212407
108,15859.076600
109,15913.179637
110,15930.227948
111,15912.358086
112,15944.221089
113,15970.787986
114,15921.402613
115,15982.948561
116,16084.551206
117,16053.742600
118,15956.976108
119,15970.827728
120,15825.099449
121,15973.972232
122,16037.709511
123,15952.444665
124,15926.959972
125,15923.624311
126,15962.587365
127,15899.135274
128,15897.697110
129,15873.500032
130,15905.197679
131,15785.591992
132,15841.062190
133,15908.593373
134,15882.552705
135,15865.632690
136,15913.307006
137,15922.331527
138,15941.450527
139,15948.821806
140,15805.769576
141,15882.168646
142,15923.814453
143,15837.530869
144,15884.533197
145,15920.584550
146,15813.140374
147,15905.887426
148,15942.986562
149,15962.285442
150,15883.823713
151,15944.762633
152,15950.902077
153,15909.784553
154,15869.941217
155,15903.579540
156,15909.549842
157,15876.356599
158,15988.345418
159,15945.914955
160,15969.825882
161,15950.243132
162,15940.851331
163,16046.371059
164,16001.874859
165,15948.989199
166,16012.829964
167,15978.288181
168,15916.085038
169,15823.042159
170,15871.046860
171,15920.482783
172,15923.875956
173,15862.321379
174,15954.643727
175,16041.004433
176,15995.376591
177,15928.712396
178,15967.672284
179,15882.034641
180,15896.820385
181,15980.541622
182,16053.457670
183,15983.161487
184,16030.288731
185,15952.162661
186,16001.825940
187,15964.083003
188,15969.169940
189,15936.525066
190,16034.752103
191,16060.687413
192,15918.179330
193,16006.355514
194,15965.763430
195,16060.951785
196,16017.336813
197,15934.710662
198,15907.339314
199,15984.074040
200,15959.818309
201,16025.273416
202,15954.118869
203,15918.237101
204,15901.407151
205,15869.707459
206,15874.284072
207,15969.756476
208,15872.697563
209,15894.997300
210,15863.019119
211,15811.892926
212,15975.818611
213,16011.860773
214,15890.985369
215,15865.169533
216,15915.076799
217,16032.090257
218,15899.034178
219,15897.539368
220,15916.056410
221,15981.637152
222,15937.429098
223,16006.756036
224,15991.554089
225,15905.332771
226,15977.464418
227,15931.544360
228,15895.397037
229,15951.163298
230,16066.247507
231,15998.496024
232,15990.443746
233,15788.973260
234,15955.067870
235,15972.735656
236,15956.951333
237,15950.003449
238,15934.211109
239,15915.332336
240,16010.051889
241,15887.350389
242,15875.276614
243,16011.918440
244,15980.419146
245,15931.945757
246,15792.249628
247,15923.966589
248,15903.264012
249,15952.857884
250,16065.082148
251,16106.647099
252,15917.181115
253,15879.743738
254,15960.370108
255,15952.871980
256,15997.896100
257,15962.872708
258,16021.404872
259,16109.921605
260,16106.487608
261,16052.493947
262,15945.181309
263,16021.400965
264,15908.653695
265,15954.014622
266,15936.798678
267,16020.293383
268,15965.368110
269,16013.135916
270,15851.932211
271,15923.442279
272,15912.798661
273,15923.682441
274,16016.348240
275,15962.691918
276,15910.260274
277,15904.352765
278,16009.472647
279,15954.230663
280,15929.515016
281,15888.137858
282,15918.381777
283,15962.800345
284,15990.682407
285,16009.556358
286,15932.306023
287,15972.850279
288,15902.640476
289,15936.867994
290,15922.534471
291,15968.692604
292,16058.695473
293,16038.350227
294,15918.344053
295,15968.882004
296,16020.819793
297,15874.016194
298,15977.208887
299,15928.171348
300,15976.093408
301,15966.178715
302,16029.911023
303,16031.826989
304,15948.704783
305,15941.828648
306,15820.909615
307,15847.130297
308,15818.620976
309,15857.420430
310,15927.520607
311,15950.835039
312,16024.736609
313,15936.037342
314,15874.655812
315,15932.661097
316,15923.435507
317,15943.812841
318,15820.407962
319,15860.338102
320,15921.074466
321,15958.759356
322,15918.007980
323,15973.882930
324,15985.061076
325,15883.215723
326,15855.078790
327,15983.287208
328,16041.279319
329,15946.118371
330,15982.963894
331,16029.021276
332,16119.527515
333,15984.371060
334,15982.665513
335,16016.482336
336,16038.615943
337,15980.719793
338,15960.063348
339,15914.077093
340,15909.088517
341,15910.013880
342,15980.222348
343,16023.352586
344,15910.672384
345,15942.697918
346,15993.288052
347,15978.035111
348,16018.084830
349,16007.032368
350,15934.010727
351,15934.183820
352,15890.485721
353,15981.851923
354,15969.450374
355,15992.512360
356,15935.223917
357,15929.546040
358,15893.612058
359,15802.185917
360,15871.432443
361,16015.164904
362,15955.851530
363,16031.704755
364,16037.195259
365,16027.910788
366,15965.986931
367,15824.981984
368,15800.604926
369,15898.029962
370,16010.469103
371,15964.892977
372,15945.412605
373,15960.400044
374,15997.196831
375,15851.623061
376,15895.948109
377,15832.127970
378,15960.348370
379,15958.038209
380,16022.028299
381,15987.857463
382,15943.272279
383,15898.865658
384,15966.721154
385,15921.145894
386,15925.169198
387,15907.968078
388,15975.856495
389,15904.174943
390,15992.599959
391,15990.719460
392,15942.035288
393,15940.892059
394,15908.204766
395,15903.934609
396,15927.379949
397,16013.006327
398,15986.041013
399,15924.898170
400,15971.903698
401,16062.280012
402,15960.107249
403,15926.307810
404,15932.456664
405,15893.359926
406,15934.783148
407,15793.160908
408,15966.891041
409,15936.487814
410,15916.384248
411,15981.924140
412,15871.895909
413,15830.135403
414,15894.614458
415,15890.307108
416,15914.964153
417,15827.352788
418,15933.390367
419,16008.980925
420,15906.317480
421,16006.660255
422,15973.000885
423,15886.886890
424,15905.970379
425,15931.616147
426,16038.107252
427,15993.443156
428,15978.091845
429,16012.973784
430,15998.227209
431,16000.117649
432,15968.238919
433,15974.814573
434,15983.326924
435,15985.778895
436,15959.748151
437,15865.587158
438,16027.854186
439,16005.789537
440,15914.167860
441,15888.240185
442,15968.867475
443,15921.839946
444,16011.647867
445,16058.904713
446,16069.014475
447,15944.310497
448,15926.020316
449,15919.768484
450,15953.902186
451,15920.295498
452,15926.037209
453,16048.016643
454,16005.833982
455,15932.017659
456,15905.518817
457,15840.999345
458,16023.812359
459,15962.358882
460,15998.368131
461,15898.938727
462,15995.479361
463,15977.000474
464,15928.974630
465,15984.845786
466,15992.154488
467,15954.119874
468,15955.104619
469,15857.511678
470,15816.407352
471,15862.878005
472,15992.553099
473,15959.171246
474,16030.459659
475,15995.028701
476,15921.757127
477,16051.448681
478,15940.784875
479,16040.636553
480,16033.340180
481,16053.062498
482,15956.169340
483,16005.189825
484,15898.474573
485,15867.585327
486,15946.296412
487,15960.526010
488,15895.862334
489,15925.740131
490,15919.587826
491,15811.027605
492,15910.624392
493,15929.251455
494,15996.209867
495,16016.444117
496,16071.394798
497,15994.497336
498,15981.662831
499,15884.438502
