0,3152.568680
1,3336.891345
2,3486.511683
3,3641.923080
4,3742.280880
5,3846.625966
6,3937.984003
7,4088.586037
8,4214.460884
9,4326.233527
10,4327.108757
11,4403.229090
12,4467.069731
13,4515.334144
14,4601.794701
15,4668.400531
16,4728.471527
17,4878.401851
18,4954.919844
19,4977.034122
20,5021.113430
21,5054.383039
22,5066.405363
23,5066.334682
24,5146.119620
25,5331.377739
26,5395.299414
27,5357.636955
28,5343.571980
29,5438.471115
30,5540.743483
31,5637.788320
32,5639.668279
33,5662.201643
34,5680.001885
35,5617.465383
36,5637.963727
37,5722.623330
38,5770.976172
39,5921.754668
40,6080.911266
41,6145.708813
42,6098.298580
43,6071.087602
44,6150.751987
45,6199.572456
46,6185.279578
47,6212.304804
48,6209.587608
49,6169.878131
50,6119.294953
51,6127.151037
52,6102.989501
53,6295.367658
54,6367.998112
55,6287.467342
56,6222.636620
57,6284.912229
58,6275.589124
59,6243.198265
60,6101.227549
61,6138.618488
62,6186.063961
63,6214.912341
64,6109.918989
65,6081.742306
66,6137.827345
67,6219.224872
68,6215.704604
69,6233.105810
70,6331.144412
71,6289.148801
72,6299.020760
73,6346.758790
74,6351.164663
75,6319.020627
76,6277.999664
77,6203.573414
78,6247.041623
79,6329.832730
80,6412.102451
81,6469.462497
82,6481.874351
83,6416.065675
84,6390.584816
85,6427.827915
86,6326.315996
87,6384.753735
88,6378.397091
89,6280.455212
90,6415.590184
91,6443.981647
92,6550.445530
93,6557.389485
94,6568.188612
95,6398.248904
96,6472.884543
97,6510.276452
98,6563.542595
99,6546.702421
100,6466.535463
101,6529.526310
102,6623.130211
103,6558.181421
104,6554.273188
105,6586.182724
106,6565.529014
107,6438.346171
108,6433.273103
109,6335.182442
110,6218.099135
111,6369.649951
112,6404.871176
113,6419.810682
114,6431.714736
115,6311.852870
116,6379.022428
117,6359.814814
118,6352.042416
119,6462.466471
120,6491.328510
121,6710.073868
122,6672.668128
123,6815.362747
124,6754.494522
125,6684.963583
126,6755.314119
127,6892.742294
128,6720.332482
129,6749.607270
130,6626.745331
131,6721.323702
132,6721.647151
133,6568.149548
134,6558.232217
135,6694.264477
136,6724.133298
137,6611.726236
138,6635.015349
139,6449.736564
140,6539.018042
141,6539.515961
142,6495.809801
143,6747.231748
144,6645.158783
145,6542.444111
146,6580.162259
147,6600.913078
148,6683.539488
149,6692.134918
150,6659.563689
151,6654.139685
152,6744.434300
153,6808.908069
154,6770.861764
155,6674.603996
156,6634.651652
157,6613.318459
158,6806.276680
159,6717.780335
160,6790.946746
161,6790.232211
162,6776.798764
163,6824.972106
164,6778.127377
165,6664.166358
166,6691.719206
167,6497.130539
168,6552.925315
169,6618.684169
170,6574.098883
171,6555.652185
172,6615.702043
173,6884.801447
174,6865.715216
175,6779.514521
176,6784.905138
177,6663.134035
178,6663.499361
179,6650.685241
180,6772.257501
181,6567.773637
182,6627.124253
183,6764.772391
184,6746.014431
185,6741.962776
186,6666.622100
187,6625.834302
188,6567.613984
189,6698.338505
190,6616.429917
191,6611.091020
192,6745.364552
193,6857.943195
194,6679.958899
195,6655.018323
196,6528.393754
197,6718.494777
198,6800.713855
199,6757.398860
200,6771.815406
201,6801.220899
202,6651.872698
203,6547.587645
204,6597.621262
205,6538.643331
206,6473.000705
207,6528.793986
208,6574.650736
209,6606.162766
210,6585.869201
211,6596.661124
212,6642.164761
213,6691.172967
214,6753.280917
215,6834.802007
216,6803.597342
217,6941.253658
218,6943.898133
219,6842.471594
220,6819.281632
221,6835.568879
222,6969.460368
223,6942.249630
224,6722.228854
225,6801.273633
226,6888.085566
227,6934.638875
228,6787.099234
229,6804.938447
230,6802.674369
231,6865.824584
232,6869.551754
233,7000.078346
234,7009.259857
235,7106.790016
236,6926.177213
237,7046.131539
238,6922.612439
239,7017.075550
240,6966.800370
241,7080.964650
242,7129.963858
243,6909.284786
244,6876.070957
245,6938.454299
246,6897.410590
247,6934.315615
248,7002.823161
249,6919.612393
250,6814.441049
251,6899.056726
252,6738.077114
253,6719.897812
254,6735.025531
255,6748.063794
256,6767.317514
257,6831.341002
258,6972.009475
259,6875.118574
260,6829.712338
261,6854.723835
262,6674.640193
263,6469.794935
264,6593.919433
265,6809.197121
266,6629.074175
267,6731.093664
268,6865.870930
269,6783.412181
270,6676.270296
271,6685.397933
272,6550.736051
273,6598.130993
274,6656.606626
275,6777.850633
276,6947.283481
277,7102.581651
278,6831.709622
279,6905.040308
280,6999.580864
281,7009.298337
282,7045.161231
283,7077.417069
284,7044.996765
285,7087.629430
286,7063.115464
287,7090.981932
288,7022.906386
289,6903.112509
290,6833.954211
291,6800.031993
292,7037.846396
293,6900.397229
294,6887.509209
295,6801.969108
296,6847.994637
297,6823.250894
298,6828.160370
299,6693.511958
300,6852.774028
301,6915.121959
302,6877.198427
303,6997.480138
304,6892.283385
305,6888.736605
306,6835.905854
307,6892.808479
308,6925.702852
309,6802.248360
310,6672.152072
311,6705.191509
312,6568.017078
313,6517.696588
314,6575.166768
315,6711.581172
316,6640.183600
317,6815.415266
318,6789.041639
319,6858.041277
320,6786.514343
321,6786.772728
322,6755.176825
323,6823.864388
324,6830.895485
325,6842.731300
326,6950.064883
327,6845.010616
328,6845.815603
329,6968.174107
330,7023.212345
331,7018.410882
332,7116.597372
333,7008.823801
334,7083.579609
335,7023.619620
336,6969.321642
337,6916.529591
338,6919.587991
339,6745.606559
340,6689.520384
341,6608.389685
342,6724.422722
343,6760.578350
344,6722.210863
345,6743.316497
346,6742.495302
347,6792.857746
348,6670.447315
349,6669.099219
350,6810.333420
351,6907.636420
352,6866.242045
353,6908.924559
354,7013.003128
355,6917.777825
356,6976.252836
357,6884.307856
358,6823.403658
359,6845.494586
360,6909.288222
361,6884.660041
362,6820.471056
363,6941.515802
364,6985.856888
365,6919.273012
366,6844.336743
367,6851.082022
368,6815.810939
369,6721.764833
370,6869.743252
371,6899.333957
372,6926.538449
373,6957.721611
374,7039.825056
375,7028.997210
376,7120.887602
377,6929.354952
378,6848.936313
379,6908.834341
380,7002.302927
381,6993.775248
382,7067.386934
383,7044.922944
384,7190.071575
385,7191.537922
386,7077.761053
387,6986.732184
388,6840.480108
389,6810.785664
390,6978.304774
391,6918.195612
392,6983.484264
393,6996.207973
394,6989.507417
395,6943.956895
396,6901.938592
397,6971.640572
398,6883.815648
399,6871.877993
400,6780.062781
401,6901.055606
402,7008.603298
403,7119.098483
404,7104.569894
405,7079.413341
406,7053.610541
407,6923.333996
408,6941.741586
409,6947.786877
410,7008.462688
411,6952.010075
412,7013.599075
413,7053.889586
414,7122.168299
415,6998.244348
416,7064.442383
417,6894.002621
418,6725.184300
419,6679.065501
420,6939.817031
421,7059.568966
422,6937.222747
423,7003.455762
424,6931.767132
425,7020.443883
426,7033.254135
427,7001.032861
428,6994.190057
429,6975.602944
430,6907.928807
431,6920.415184
432,7084.697107
433,7082.164561
434,7096.510304
435,6883.014713
436,6675.271902
437,6650.310753
438,6641.660696
439,6630.446944
440,6662.175208
441,6712.421861
442,6553.966447
443,6673.073984
444,6719.070284
445,6834.386087
446,6897.878356
447,6941.056579
448,6839.837056
449,6830.556278
450,7010.994212
451,6985.185355
452,6953.492616
453,7030.900993
454,7058.253966
455,7049.745043
456,7067.841372
457,7016.485010
458,7105.905995
459,7124.661188
460,7149.192548
461,7269.837656
462,7278.279104
463,7147.118741
464,7135.986100
465,7078.644116
466,7107.974409
467,7153.129968
468,7115.510786
469,7141.422724
470,7081.208190
471,7061.089715
472,7128.773959
473,7280.430309
474,7214.085863
475,6982.364140
476,7250.860535
477,7270.378297
478,7222.774730
479,6993.588619
480,6823.243226
481,6735.986547
482,6723.537510
483,6918.460178
484,7092.563458
485,7177.371777
486,7162.189276
487,6945.432222
488,7057.733274
489,6998.422606
490,6966.332131
491,7070.500790
492,7051.461784
493,6969.554078
494,7043.349924
495,6870.814837
496,6876.854500
497,6875.963497
498,7008.097360
499,7044.078851
