0,3119.211367
1,6194.129465
2,6578.011088
3,6877.709410
4,7094.598408
5,7285.375229
6,7479.210987
7,7620.703428
8,7661.878263
9,7843.326791
10,7974.851258
11,8056.474494
12,8151.672183
13,8158.796673
14,8368.403806
15,8439.242133
16,8493.664438
17,8536.053684
18,8507.386187
19,8585.758294
20,8742.468825
21,8828.651080
22,8802.253656
23,8749.364816
24,8855.738082
25,9018.852331
26,8961.646654
27,8924.026278
28,9083.188912
29,9095.015576
30,9143.407443
31,9109.362171
32,9227.210887
33,9155.125937
34,9268.145599
35,9321.951307
36,9362.748570
37,9392.684296
38,9482.719005
39,9509.969803
40,9458.093287
41,9412.901156
42,9576.075384
43,9741.086373
44,9670.195711
45,9544.601770
46,9565.706749
47,9614.383162
48,9730.315312
49,9664.146603
50,9683.886569
51,9731.834836
52,9638.369535
53,9884.791604
54,9772.818289
55,9934.475140
56,9997.025369
57,9946.927749
58,9825.520397
59,10023.127540
60,10009.822865
61,10090.108650
62,10083.796027
63,10063.026004
64,10106.375013
65,10195.791873
66,10145.601642
67,10161.506656
68,10101.082905
69,10125.652298
70,10220.005115
71,10218.199014
72,10068.748958
73,10239.133636
74,10321.406033
75,10199.477781
76,10202.168192
77,10248.302274
78,10178.119428
79,10386.175504
80,10418.751834
81,10380.337137
82,10514.254745
83,10483.278746
84,10479.114108
85,10477.394607
86,10354.662732
87,10530.278748
88,10420.646697
89,10558.856105
90,10503.228783
91,10440.577637
92,10658.149599
93,10752.662907
94,10566.375659
95,10634.589499
96,10668.729358
97,10693.767554
98,10637.878435
99,10680.481276
100,10920.577968
101,10747.843775
102,10642.030655
103,10744.814022
104,10816.148701
105,10665.559682
106,10783.844870
107,10726.461059
108,10709.439060
109,10766.985568
110,10895.444082
111,10965.984452
112,11089.957610
113,11166.785650
114,10911.555742
115,10705.436276
116,10750.783499
117,11198.310884
118,10978.770122
119,11066.279753
120,11017.661678
121,10847.857588
122,10992.404168
123,10868.674843
124,10977.798113
125,10899.619546
126,10901.909597
127,11001.131087
128,11056.069578
129,11180.100301
130,10958.343955
131,11007.457212
132,11147.442569
133,10995.981344
134,10973.848771
135,11057.644577
136,11006.016033
137,11155.770348
138,11237.138436
139,11268.036606
140,11040.958657
141,11381.515867
142,11200.486494
143,11047.558871
144,11566.235966
145,11448.022500
146,11359.573123
147,11597.015483
148,11515.206440
149,11232.453160
150,11201.640359
151,11313.444800
152,11149.104649
153,11238.990871
154,11345.708726
155,11280.761790
156,11358.025936
157,11423.211039
158,11332.779002
159,11586.023177
160,11443.601783
161,11456.580018
162,11497.946635
163,11411.289824
164,11426.540175
165,11519.936980
166,11636.060073
167,11657.928077
168,11448.933980
169,11384.791149
170,11624.839551
171,11520.388547
172,11462.124864
173,11735.182716
174,11460.793853
175,11581.162441
176,11426.446797
177,11642.653892
178,11828.083953
179,11679.075139
180,11727.970394
181,11642.408971
182,11593.690804
183,11507.440622
184,11760.704033
185,11739.945111
186,11642.639877
187,11622.692496
188,11587.933598
189,11572.565251
190,11700.621084
191,11635.889080
192,11740.061049
193,11672.092272
194,11664.652007
195,11698.129913
196,11619.697659
197,11916.315128
198,11673.051759
199,11552.646392
200,11480.968580
201,11657.583036
202,11803.481269
203,11706.643808
204,11665.904215
205,11672.005299
206,11561.413126
207,11668.706841
208,11613.586770
209,11753.665273
210,11790.736995
211,11746.974241
212,11797.357525
213,11823.626414
214,11819.128802
215,11806.577159
216,11918.534362
217,12024.389048
218,11779.953871
219,11757.063076
220,11715.962196
221,11831.147902
222,11900.776643
223,11902.049210
224,11775.534243
225,11659.476687
226,11859.009998
227,12024.469181
228,12028.901212
229,11951.316172
230,11840.130144
231,12138.692370
232,11856.354191
233,11736.069201
234,11632.240888
235,11742.465053
236,11704.563494
237,11773.520324
238,11986.521637
239,11834.983681
240,11888.864340
241,11997.884732
242,11819.130075
243,11626.552817
244,11948.962688
245,11778.545386
246,11780.951697
247,11874.726590
248,11857.552183
249,11816.217490
250,11848.291538
251,11980.130573
252,11879.801218
253,12010.485065
254,11941.614075
255,11846.211431
256,12138.139404
257,12108.157039
258,11998.317738
259,12005.432103
260,12091.324956
261,12072.242093
262,11861.858969
263,12083.903430
264,11868.810435
265,11860.020249
266,11993.404265
267,12037.871832
268,12029.700352
269,11867.106817
270,12094.112264
271,11765.351199
272,11844.429517
273,12111.057018
274,12025.339695
275,12238.735068
276,12070.914303
277,12010.574625
278,11858.848217
279,12005.771573
280,11867.403068
281,12186.526562
282,11970.551835
283,12016.647672
284,12084.849926
285,12178.129046
286,11990.454758
287,11877.002144
288,11936.534606
289,12165.446034
290,12100.427279
291,11951.997542
292,12026.696828
293,12126.467164
294,11929.888197
295,12155.999883
296,12050.579421
297,11985.186714
298,12138.468751
299,12122.565118
300,12158.863552
301,12056.649644
302,12249.255990
303,12062.518544
304,11980.035418
305,12043.075354
306,12050.304183
307,11993.027268
308,12080.966152
309,12160.941379
310,12330.178488
311,12383.511228
312,12185.288827
313,12105.021321
314,12309.883522
315,12213.674481
316,12212.885368
317,12131.298020
318,12254.281781
319,12362.253890
320,12242.954223
321,12224.093289
322,12323.766604
323,12255.399575
324,12058.740724
325,12107.989395
326,12013.877793
327,12096.057103
328,12359.712482
329,12267.051579
330,12190.380250
331,12241.484046
332,12293.992096
333,12017.297820
334,12103.475679
335,12205.890907
336,12121.195285
337,12124.683164
338,12240.226261
339,12281.248305
340,12371.428522
341,12701.601661
342,12372.502370
343,12377.507530
344,12390.898719
345,12082.954402
346,12111.559011
347,12414.058384
348,12243.075263
349,12302.463372
350,12286.222433
351,12272.918905
352,12314.216809
353,12072.874709
354,11897.407257
355,12192.924611
356,11932.634799
357,12287.053232
358,12344.991513
359,12422.939173
360,12190.157253
361,12056.759894
362,12368.748173
363,12273.947034
364,12383.622933
365,12319.365241
366,12260.969331
367,12243.881762
368,12442.400231
369,12514.416925
370,12406.596053
371,12420.702786
372,12287.158724
373,12439.305271
374,12319.281182
375,12189.928433
376,12428.687134
377,12402.827317
378,12337.458232
379,12342.299086
380,12294.476922
381,12258.944244
382,12223.449569
383,12458.007935
384,12435.005586
385,12415.594757
386,12379.602878
387,12383.874678
388,12420.253240
389,12316.202563
390,12112.398229
391,12139.492390
392,12231.794816
393,12328.899681
394,12317.840674
395,12236.554835
396,12324.331112
397,12407.406038
398,12637.107107
399,12423.557732
400,12464.369931
401,12368.597903
402,12303.199788
403,12286.959701
404,12528.573769
405,12325.717759
406,12317.907595
407,12227.254477
408,12171.065382
409,12415.945214
410,12506.018176
411,12549.109923
412,12595.022713
413,12567.395924
414,12490.132999
415,12250.955226
416,12298.805986
417,12452.158588
418,12557.539296
419,12485.462868
420,12554.695621
421,12431.952907
422,12317.834523
423,12295.734191
424,12468.482483
425,12412.251477
426,12351.277306
427,12304.485223
428,12453.254499
429,12478.401323
430,12353.322109
431,12273.687156
432,12684.936502
433,12296.903650
434,12374.844090
435,12315.092656
436,12416.057159
437,12559.391344
438,12904.778052
439,12605.860089
440,12550.265988
441,12367.410469
442,12173.672041
443,12406.389960
444,12777.291097
445,12733.865025
446,12432.220547
447,12506.262135
448,12661.883228
449,12442.559495
450,12425.592696
451,12407.419766
452,12556.310918
453,12522.364386
454,12514.066932
455,12504.569815
456,12687.137580
457,12586.436368
458,12509.221903
459,12460.550039
460,12313.275943
461,12433.948732
462,12477.651057
463,12433.273415
464,12581.927995
465,12581.909148
466,12686.788834
467,12438.559167
468,12571.262810
469,12576.800947
470,12596.108435
471,12396.542940
472,12510.123239
473,12311.652095
474,12543.199391
475,12489.673183
476,12576.032399
477,12414.360015
478,12722.644915
479,12501.156914
480,12431.759222
481,12560.737813
482,12408.196505
483,12494.041430
484,12517.160214
485,12241.737739
486,12524.521249
487,12413.867299
488,12479.624098
489,12379.729083
490,12362.535764
491,12566.060065
492,12573.206623
493,12532.101771
494,12425.548815
495,12446.701113
496,12313.949649
497,12543.870950
498,12456.603024
499,12614.343657
