0,3093.890198
1,6203.940519
2,6636.139265
3,6889.268310
4,7189.432840
5,7421.764744
6,7609.691617
7,7833.172063
8,8004.225587
9,8176.679671
10,8282.809441
11,8494.181599
12,8661.670627
13,8786.084757
14,8831.898466
15,9024.130626
16,9140.416602
17,9250.605028
18,9354.251368
19,9469.039784
20,9632.800769
21,9670.493365
22,9734.968242
23,9824.278416
24,9921.578720
25,9976.626566
26,9989.347343
27,10106.951082
28,10150.811309
29,10152.500848
30,10308.582074
31,10349.549721
32,10414.095306
33,10585.170764
34,10560.091781
35,10525.409177
36,10619.959486
37,10748.771966
38,10770.085067
39,10851.345188
40,10815.081295
41,10832.630882
42,10867.539170
43,10916.532446
44,10990.933800
45,11096.880498
46,11096.272096
47,11142.663632
48,11120.871795
49,11128.694820
50,11231.332528
51,11196.945131
52,11209.573085
53,11233.697145
54,11216.965576
55,11209.871576
56,11330.242588
57,11316.029917
58,11344.672505
59,11409.309507
60,11438.087664
61,11424.456621
62,11413.894422
63,11397.657405
64,11382.442581
65,11426.058197
66,11438.875761
67,11542.606502
68,11471.000936
69,11501.658396
70,11550.185543
71,11536.739461
72,11618.713547
73,11605.964556
74,11640.516172
75,11626.772130
76,11746.235581
77,11706.842855
78,11687.344222
79,11777.361111
80,11702.625078
81,11614.200210
82,11732.740594
83,11780.854609
84,11808.360151
85,11779.982244
86,11789.310133
87,11724.556982
88,11790.094889
89,11802.019763
90,11868.570417
91,11875.727952
92,11931.577536
93,11938.086746
94,11967.834909
95,11955.902884
96,11950.833577
97,11908.005480
98,12010.586792
99,12190.161847
100,12168.160439
101,12113.535377
102,12147.279051
103,12111.865413
104,12069.354090
105,12214.306727
106,12152.787207
107,12147.548058
108,12239.626880
109,12240.605983
110,12362.129187
111,12385.045235
112,12347.092380
113,12355.654180
114,12334.397612
115,12351.562673
116,12353.237596
117,12350.083578
118,12395.931476
119,12366.934637
120,12601.185770
121,12423.869313
122,12369.394076
123,12443.868499
124,12554.193830
125,12468.948585
126,12571.806845
127,12660.724250
128,12659.600553
129,12519.330379
130,12520.112815
131,12599.637278
132,12483.343610
133,12600.282257
134,12640.002048
135,12623.184723
136,12579.229614
137,12618.879110
138,12719.654576
139,12676.709077
140,12582.183216
141,12637.862003
142,12646.523784
143,12703.885752
144,12694.522063
145,12714.457876
146,12780.988424
147,12848.569698
148,12766.144304
149,12937.835431
150,12908.404237
151,12869.276469
152,13062.385529
153,12952.009446
154,12802.133034
155,12855.766521
156,12907.568823
157,12832.527111
158,12756.953971
159,12789.194404
160,12792.722997
161,12766.406260
162,12795.352068
163,12868.185940
164,12969.320507
165,13056.300567
166,12980.864043
167,13005.693381
168,12998.576597
169,12889.685075
170,12801.922700
171,12898.944651
172,12991.906135
173,12977.415086
174,13020.357070
175,13004.762333
176,12953.363705
177,12929.262671
178,13010.372477
179,12948.898161
180,12963.151153
181,13193.574232
182,12989.133600
183,12968.599937
184,12964.927678
185,13100.828837
186,13031.733922
187,13019.011580
188,12940.787170
189,13117.863299
190,13133.576934
191,13016.680077
192,13064.891433
193,12970.751215
194,13002.878977
195,13059.234607
196,12999.808574
197,13139.374393
198,13109.973252
199,13105.257915
200,13090.382019
201,13029.061719
202,12950.349524
203,12913.161108
204,12993.764583
205,13061.247420
206,13266.528403
207,13068.959617
208,12978.355676
209,12939.443329
210,12987.829149
211,13024.885003
212,12963.338261
213,13032.685584
214,13088.540443
215,13073.365475
216,13036.416529
217,13077.948369
218,13279.893391
219,13140.997944
220,13147.263386
221,13120.912194
222,13237.713338
223,13090.358283
224,13189.759317
225,13094.497574
226,13194.367985
227,13151.847684
228,13166.522707
229,13119.548456
230,13118.890621
231,13212.907752
232,13271.644017
233,13148.032086
234,13197.575944
235,13194.300300
236,13274.844586
237,13306.452102
238,13313.716841
239,13180.644578
240,13153.090351
241,13298.814936
242,13240.024669
243,13225.165449
244,13082.106838
245,13177.208735
246,13250.712943
247,13242.485272
248,13291.417924
249,13351.043179
250,13316.641423
251,13245.026851
252,13251.751662
253,13227.537817
254,13199.441440
255,13243.369911
256,13134.113275
257,13263.903371
258,13301.205667
259,13254.780787
260,13425.159641
261,13295.029910
262,13194.165971
263,13403.772397
264,13251.860140
265,13320.450222
266,13228.026625
267,13225.863750
268,13237.158669
269,13137.462632
270,13276.989178
271,13288.153949
272,13293.956019
273,13341.613141
274,13313.716011
275,13485.093901
276,13205.121465
277,13114.139867
278,13219.017586
279,13284.836640
280,13214.455495
281,13166.942563
282,13193.289926
283,13154.015516
284,13213.589944
285,13231.622565
286,13264.950765
287,13215.323156
288,13322.907380
289,13253.814272
290,13408.056955
291,13379.764283
292,13287.175637
293,13254.036446
294,13205.760906
295,13371.022427
296,13352.609691
297,13313.161221
298,13216.313047
299,13420.383697
300,13309.197037
301,13166.022772
302,13444.007969
303,13329.003056
304,13354.566253
305,13342.376537
306,13293.002856
307,13312.384561
308,13356.285913
309,13218.809522
310,13277.716901
311,13316.479935
312,13285.129205
313,13497.981695
314,13421.408054
315,13193.318611
316,13322.021305
317,13385.770150
318,13315.730413
319,13397.872129
320,13275.439193
321,13325.385302
322,13265.280550
323,13302.886241
324,13178.710436
325,13296.168706
326,13405.337353
327,13192.856934
328,13196.312860
329,13374.237508
330,13445.065445
331,13319.596057
332,13409.082005
333,13320.690851
334,13388.536366
335,13294.917395
336,13382.007104
337,13351.685256
338,13388.214371
339,13369.371657
340,13421.246937
341,13457.413532
342,13250.249748
343,13256.752296
344,13333.144668
345,13284.277792
346,13438.329500
347,13270.395033
348,13296.298003
349,13413.520443
350,13404.180359
351,13354.160690
352,13392.644911
353,13439.529811
354,13341.397783
355,13173.624864
356,13314.458617
357,13352.550639
358,13287.305373
359,13385.130786
360,13379.856260
361,13361.738618
362,13390.795907
363,13266.973466
364,13152.205895
365,13298.012079
366,13421.714945
367,13393.400075
368,13394.242935
369,13403.590651
370,13164.595459
371,13234.308476
372,13222.713604
373,13271.929071
374,13267.889702
375,13457.332388
376,13345.475404
377,13371.764669
378,13423.049679
379,13437.202350
380,13401.020555
381,13607.758941
382,13362.320437
383,13477.944342
384,13437.085247
385,13386.709691
386,13408.357466
387,13302.460156
388,13285.906588
389,13515.031450
390,13408.639647
391,13338.511671
392,13273.970077
393,13362.700759
394,13404.937075
395,13296.936799
396,13426.521679
397,13407.135928
398,13334.139703
399,13374.634689
400,13353.426547
401,13408.119970
402,13492.663390
403,13265.339909
404,13382.489525
405,13350.413259
406,13270.593017
407,13471.117995
408,13379.401781
409,13362.782097
410,13274.582834
411,13322.693767
412,13393.793115
413,13310.868902
414,13397.820432
415,13312.734166
416,13416.469233
417,13391.904708
418,13381.414017
419,13529.741557
420,13397.536183
421,13433.266807
422,13443.832368
423,13434.970107
424,13387.439408
425,13750.449752
426,13425.720687
427,13412.872111
428,13347.359196
429,13393.988025
430,13413.274927
431,13474.217699
432,13493.446582
433,13364.206424
434,13441.247569
435,13478.598047
436,13477.882436
437,13570.284954
438,13343.528102
439,13551.497480
440,13464.519245
441,13611.283004
442,13468.005414
443,13444.342084
444,13578.121339
445,13581.511392
446,13527.742899
447,13453.510880
448,13515.273306
449,13349.158157
450,13353.504275
451,13425.825991
452,13493.837245
453,13379.125826
454,13637.407579
455,13463.077215
456,13421.061349
457,13483.616374
458,13692.393539
459,13390.902779
460,13448.133552
461,13531.667133
462,13550.276179
463,13578.420238
464,13367.583603
465,13535.686997
466,13549.197324
467,13526.321437
468,13686.790016
469,13577.212405
470,13665.442700
471,13617.218233
472,13564.387854
473,13475.627824
474,13641.013211
475,13569.436161
476,13579.639976
477,13568.810343
478,13572.457552
479,13540.834480
480,13630.776355
481,13606.481773
482,13393.421077
483,13582.079223
484,13358.825148
485,13511.441914
486,13631.241606
487,13462.161290
488,13598.262690
489,13474.632178
490,13510.335550
491,13610.977789
492,13393.389579
493,13468.248195
494,13602.498549
495,13499.150078
496,13489.820601
497,13623.896380
498,13545.065944
499,13524.955722
