0,3099.860049
1,6216.689889
2,6620.584997
3,6909.021761
4,7094.749889
5,7234.492965
6,7454.601558
7,7568.187517
8,7730.810674
9,7806.986285
10,7831.381110
11,7977.086519
12,8041.278324
13,8150.296427
14,8158.630456
15,8280.845088
16,8318.184485
17,8372.563281
18,8419.297817
19,8487.916876
20,8579.904685
21,8607.782389
22,8681.136200
23,8791.137436
24,8740.686840
25,8864.357470
26,8822.793336
27,8821.790045
28,8846.964658
29,9004.015730
30,9038.858541
31,9081.598432
32,9183.428491
33,9210.872092
34,9272.099422
35,9329.225395
36,9299.475371
37,9388.694330
38,9427.498423
39,9527.904053
40,9481.052442
41,9531.408535
42,9612.021612
43,9607.110773
44,9701.435604
45,9570.101365
46,9584.475524
47,9645.010188
48,9763.800498
49,9660.999437
50,9793.712999
51,9797.065453
52,9851.263022
53,9718.423461
54,9827.022346
55,9897.180791
56,9809.234754
57,9888.677785
58,9928.213046
59,10073.241141
60,9979.362795
61,9956.679997
62,10107.069826
63,10118.152339
64,10118.187948
65,10171.702041
66,10143.375982
67,10131.205504
68,10119.457658
69,10151.963267
70,10259.443152
71,10262.407983
72,10254.036935
73,10201.916697
74,10250.459596
75,10220.466178
76,10305.995662
77,10307.176526
78,10360.192061
79,10379.519061
80,10375.472288
81,10346.467305
82,10496.903854
83,10456.114823
84,10416.726948
85,10377.740218
86,10479.978468
87,10430.614204
88,10578.101126
89,10621.019114
90,10708.658680
91,10643.441589
92,10785.088850
93,10668.369968
94,10576.182768
95,10645.192868
96,10666.414250
97,10774.501509
98,10715.606156
99,10674.506267
100,10855.143852
101,10842.194841
102,10887.481378
103,10857.310226
104,10887.514512
105,10918.820307
106,10868.963947
107,10968.210821
108,10956.211277
109,10998.201331
110,10917.959082
111,10886.783671
112,10986.796422
113,10912.609576
114,11063.707913
115,11032.089523
116,11123.260763
117,11013.406223
118,11013.770786
119,11039.923351
120,11049.056629
121,11070.125634
122,11072.821437
123,11151.170107
124,11151.238095
125,11094.413837
126,11230.609381
127,11160.180621
128,11099.386903
129,11313.092275
130,11099.998249
131,11191.465591
132,11128.104125
133,11316.671535
134,11309.599825
135,11211.843850
136,11315.650217
137,11331.142602
138,11344.825664
139,11295.370074
140,11329.945308
141,11390.501152
142,11326.182530
143,11432.946500
144,11356.270964
145,11396.301989
146,11336.982326
147,11249.133779
148,11404.704488
149,11287.957034
150,11344.881969
151,11454.256208
152,11485.521875
153,11508.192895
154,11473.379923
155,11541.392271
156,11437.576121
157,11563.498371
158,11469.752835
159,11535.692615
160,11588.606673
161,11725.847864
162,11513.427310
163,11489.320861
164,11533.078115
165,11481.142594
166,11629.856617
167,11565.000100
168,11600.901653
169,11587.774074
170,11612.776291
171,11638.466002
172,11582.031010
173,11676.112783
174,11536.787536
175,11642.294090
176,11649.002885
177,11728.493348
178,11572.332506
179,11592.088892
180,11705.420786
181,11719.825733
182,11705.688495
183,11668.830867
184,11612.868350
185,11662.992751
186,11634.103674
187,11666.401656
188,11613.113215
189,11653.160167
190,11679.996274
191,11724.591809
192,11585.414616
193,11662.571618
194,11689.413471
195,11819.647556
196,11693.718883
197,11934.130941
198,11868.741278
199,11853.417868
200,11781.199407
201,11829.627583
202,11726.210184
203,11846.230680
204,11836.146291
205,11739.058201
206,11671.880036
207,11726.321382
208,11771.492853
209,11706.117191
210,11672.965193
211,11742.223827
212,11851.448959
213,11768.583750
214,11842.304043
215,11866.418668
216,11736.936662
217,11765.352172
218,11829.851171
219,11871.512172
220,11846.175451
221,11934.317612
222,11886.137733
223,12113.426972
224,11866.657333
225,11886.975588
226,11829.320798
227,11830.867176
228,11879.963848
229,11844.894434
230,11788.454077
231,11894.068273
232,11903.080792
233,11908.231825
234,11820.407994
235,11936.779931
236,11932.978324
237,11990.049175
238,11996.085926
239,11951.279061
240,12013.330706
241,11950.154203
242,11862.923529
243,11998.112662
244,11974.341380
245,11932.422055
246,11838.551868
247,11977.943073
248,11863.290933
249,11936.575463
250,12051.014549
251,11979.260776
252,11936.488618
253,11995.285868
254,12034.597171
255,11953.088867
256,11992.063442
257,11903.238810
258,11864.949864
259,11920.219422
260,12076.805904
261,12054.335123
262,12047.077618
263,12019.062169
264,12044.167372
265,11888.997335
266,11959.623484
267,12109.362041
268,12050.680782
269,12099.579459
270,12064.857499
271,12086.059951
272,12021.745029
273,12132.787298
274,12133.426706
275,12024.811479
276,12053.053228
277,12078.469722
278,12110.902887
279,12086.652889
280,12065.893154
281,11856.540632
282,12096.622341
283,12091.808991
284,11906.008898
285,11891.888103
286,12098.117634
287,12064.125750
288,12169.287735
289,12047.531772
290,12003.241155
291,12181.023937
292,12071.949394
293,12058.939729
294,12038.725735
295,12126.931465
296,12182.441976
297,12039.356057
298,12036.492838
299,11983.109499
300,12111.839842
301,12203.581545
302,12078.114135
303,12093.311060
304,12128.777430
305,12160.235170
306,12112.653861
307,12048.029096
308,12087.544448
309,12165.095182
310,12031.134318
311,12104.085984
312,12136.068674
313,12167.721086
314,12221.296189
315,12139.171628
316,12277.180373
317,12214.237111
318,11983.902606
319,12076.653110
320,12220.020659
321,12280.991291
322,12193.919258
323,12119.597075
324,12105.704350
325,12105.762304
326,12087.606942
327,12128.816229
328,12058.048387
329,12274.412430
330,12250.440164
331,12299.087972
332,12188.467696
333,12027.750781
334,12025.658646
335,12218.476565
336,12235.367503
337,12289.484092
338,12216.725968
339,12152.160579
340,12163.025467
341,12210.954007
342,12236.178763
343,12183.060722
344,12184.933062
345,12274.495468
346,12201.250746
347,12170.459700
348,12346.823940
349,12237.924595
350,12193.406211
351,12211.553915
352,12108.436444
353,12217.309057
354,12262.228263
355,12208.011260
356,12340.868291
357,12172.456824
358,12295.810523
359,12197.272224
360,12130.298582
361,12248.118596
362,12125.671327
363,12347.354549
364,12200.182787
365,12263.029590
366,12315.113407
367,12294.536806
368,12258.126205
369,12245.103315
370,12063.045772
371,12240.569596
372,12227.762358
373,12267.055057
374,12187.287720
375,12153.891839
376,12333.505519
377,12452.143068
378,12355.020703
379,12256.345253
380,12129.248685
381,12166.210433
382,12234.075924
383,12100.657764
384,12334.687888
385,12547.756356
386,12311.728463
387,12377.843223
388,12234.571117
389,12320.753943
390,12279.232742
391,12258.743633
392,12404.788713
393,12316.033988
394,12250.505185
395,12233.036398
396,12320.822173
397,12303.058637
398,12439.484372
399,12371.641907
400,12255.306673
401,12235.266121
402,12265.819611
403,12417.266233
404,12306.979950
405,12304.330171
406,12309.344738
407,12427.024097
408,12439.408293
409,12319.804262
410,12417.150798
411,12635.882706
412,12375.547497
413,12473.703625
414,12258.264641
415,12472.166050
416,12252.752846
417,12395.821317
418,12395.100686
419,12408.719923
420,12412.808543
421,12290.984895
422,12402.377261
423,12179.920083
424,12413.467567
425,12489.297117
426,12494.623201
427,12444.173989
428,12459.869433
429,12505.745615
430,12398.366300
431,12458.896181
432,12337.720796
433,12306.907946
434,12317.076321
435,12478.783604
436,12535.740980
437,12428.053886
438,12400.750722
439,12416.103632
440,12349.275749
441,12479.967152
442,12358.349516
443,12187.644425
444,12415.641708
445,12380.504077
446,12542.913769
447,12439.742621
448,12404.362344
449,12402.773191
450,12583.371343
451,12400.547187
452,12446.194355
453,12494.320087
454,12424.611571
455,12442.966294
456,12499.987141
457,12373.616180
458,12438.699700
459,12366.783433
460,12509.748458
461,12218.759515
462,12339.016889
463,12352.072422
464,12467.883031
465,12547.947618
466,12333.632709
467,12368.829373
468,12292.187327
469,12581.471324
470,12366.881932
471,12277.009086
472,12327.479401
473,12493.105837
474,12385.913038
475,12302.926829
476,12409.535907
477,12327.927998
478,12345.593846
479,12480.957142
480,12412.767968
481,12491.566204
482,12579.071154
483,12356.085397
484,12349.419118
485,12520.259018
486,12406.005625
487,12387.669975
488,12377.095514
489,12443.736196
490,12517.222701
491,12279.452498
492,12402.406806
493,12354.446485
494,12468.265689
495,12600.447241
496,12488.062421
497,12370.681319
498,12381.804919
499,12571.949645
