0,3119.759505
1,6467.305039
2,7211.474418
3,7806.482218
4,8371.465537
5,8863.775383
6,9218.291744
7,9646.166550
8,10063.981069
9,10527.641069
10,10815.703195
11,11237.603851
12,11590.853213
13,11867.587659
14,12138.956709
15,12371.803579
16,12679.879080
17,12991.379427
18,13165.249392
19,13405.167549
20,13518.081693
21,13648.402537
22,13760.632086
23,14010.376611
24,14275.590922
25,14509.143684
26,14697.668519
27,14893.349281
28,14985.037135
29,15050.631447
30,15254.081902
31,15329.094000
32,15278.401244
33,15283.467109
34,15501.438567
35,15539.155336
36,15589.326992
37,15676.747935
38,15607.391066
39,15590.510577
40,15468.759060
41,15659.640619
42,15516.725316
43,15702.641200
44,15665.709725
45,15604.947234
46,15713.463085
47,15572.444987
48,15722.711605
49,15680.051953
50,15591.332697
51,15553.514797
52,15683.702623
53,15744.839457
54,15506.104290
55,15685.523712
56,15650.767368
57,15786.211217
58,15751.895285
59,15537.387681
60,15608.933221
61,15709.240847
62,15797.633184
63,15825.486760
64,15756.516058
65,15703.991597
66,15523.571988
67,15794.932866
68,15710.389207
69,15699.200385
70,15739.535510
71,15713.792904
72,15584.557260
73,15835.702183
74,15576.340564
75,15453.428927
76,15671.559483
77,15806.347073
78,15689.645949
79,15715.591417
80,15418.159898
81,15669.043349
82,15728.651300
83,15784.168561
84,15848.120144
85,15765.682707
86,15719.551489
87,15727.027308
88,15780.182674
89,15879.451067
90,15893.566673
91,15990.227184
92,15824.003700
93,15700.261109
94,15821.084800
95,15914.581073
96,15918.556033
97,15951.594226
98,16014.596348
99,15949.021107
100,16081.209781
101,16070.472591
102,15985.062762
103,16023.216999
104,15919.001238
105,15959.039931
106,16033.252370
107,16173.980436
108,16025.490804
109,16048.565207
110,15936.916509
111,16177.920224
112,15971.816033
113,15786.536325
114,15953.607872
115,16090.507112
116,15961.479365
117,16016.840225
118,16040.964993
119,16090.465668
120,16126.061148
121,15978.048969
122,16047.032873
123,16221.477681
124,16024.852610
125,15981.465742
126,16052.819848
127,16071.286409
128,16011.895613
129,15940.482549
130,15941.144632
131,15953.800740
132,15926.393157
133,15838.258662
134,16066.466177
135,15917.678171
136,16051.856744
137,16030.317528
138,16000.776595
139,16051.631657
140,16046.457642
141,16086.704215
142,15983.582847
143,16111.917498
144,16015.423392
145,15950.691067
146,15944.777446
147,16204.564717
148,16059.857457
149,16087.358232
150,16012.057607
151,15885.723740
152,16119.971687
153,16091.895678
154,16074.619273
155,16089.414842
156,16041.322063
157,15966.740191
158,15923.511319
159,15874.111575
160,15871.576221
161,15905.701686
162,16225.927756
163,16194.806209
164,16184.413660
165,16059.020781
166,16148.624228
167,16075.923783
168,16197.836267
169,16039.748926
170,16118.657710
171,16228.588943
172,16261.631467
173,16236.222090
174,16270.923468
175,16325.532153
176,16212.944127
177,16063.508535
178,16057.657419
179,16195.763527
180,16155.275802
181,16115.565171
182,16137.402671
183,15950.591306
184,16169.767478
185,16070.178479
186,16302.958202
187,16055.378002
188,16044.722006
189,16230.856406
190,16132.287462
191,16065.750506
192,16160.076940
193,16173.875620
194,16088.846887
195,16131.936109
196,16218.750871
197,16170.137250
198,16207.346974
199,16300.038226
200,16132.428699
201,15941.139454
202,16042.759035
203,16311.254997
204,16238.120670
205,16088.100038
206,16064.911462
207,16069.520225
208,16242.793204
209,16198.561640
210,16143.008136
211,16015.146600
212,16114.714196
213,16180.079974
214,16118.299302
215,16064.313355
216,16056.904688
217,16233.807332
218,16242.031161
219,16261.924977
220,16112.219903
221,16170.340828
222,16154.065517
223,15940.278283
224,15939.446382
225,16209.904099
226,16093.690757
227,16181.042212
228,16158.726106
229,16186.148824
230,16363.027132
231,16295.940758
232,16288.118069
233,16451.673804
234,16402.501666
235,16317.022570
236,16546.681915
237,16632.661031
238,16592.511188
239,16443.767398
240,16387.445181
241,16572.785098
242,16503.264314
243,16591.768682
244,16342.883817
245,16586.953479
246,16527.336114
247,16491.764806
248,16376.755411
249,16471.238955
250,16510.564817
251,16529.050686
252,16689.399373
253,16532.801791
254,16741.119999
255,16678.066636
256,16560.577319
257,16501.907717
258,16643.508095
259,16729.970657
260,16435.476454
261,16655.361755
262,16641.510575
263,16666.816713
264,16828.495026
265,16803.297887
266,16684.555299
267,16768.606341
268,16825.171463
269,16794.625253
270,16553.183964
271,16890.093382
272,16696.633291
273,16550.322995
274,16728.629402
275,16880.650122
276,16587.197346
277,16913.657514
278,16763.225952
279,16883.091314
280,16821.905925
281,16781.545267
282,16778.772201
283,16689.353010
284,16665.540927
285,16707.194814
286,16748.361424
287,16718.443841
288,16722.460093
289,16617.503443
290,16590.542643
291,16822.926085
292,16773.419698
293,16745.042041
294,16789.875964
295,16811.752096
296,16692.166706
297,16752.452460
298,16753.229681
299,16876.457131
300,16870.589450
301,16901.899011
302,16899.451345
303,16971.015416
304,16550.578756
305,16647.288566
306,16707.653841
307,16721.606335
308,16492.022383
309,16599.555480
310,16635.915396
311,16802.717842
312,16775.363474
313,16736.515472
314,16674.510177
315,16691.536860
316,16672.915039
317,16594.182242
318,16730.015687
319,16649.205702
320,16807.238392
321,16771.275196
322,16653.109596
323,16580.792438
324,16724.675771
325,16738.122250
326,16655.981536
327,16714.104761
328,16867.420743
329,16595.882051
330,16659.823122
331,16660.737172
332,16570.955687
333,16655.415021
334,16708.867918
335,16677.105149
336,16745.283298
337,16821.516630
338,16577.811361
339,16744.465985
340,16903.326895
341,16598.588067
342,16544.553104
343,16755.553675
344,16553.255788
345,16561.217315
346,16716.095053
347,16709.089218
348,16800.135757
349,16850.919779
350,16752.166945
351,16660.189708
352,16729.231876
353,16826.037355
354,16751.596187
355,16795.432354
356,16820.140401
357,16458.090296
358,16773.144467
359,16885.400777
360,16763.297652
361,16883.724577
362,16633.509712
363,16821.787102
364,16883.484560
365,16772.650311
366,16849.014323
367,16800.068633
368,16741.342074
369,16765.260943
370,16786.635843
371,16834.157696
372,16685.387893
373,16638.733925
374,16791.405101
375,16877.309257
376,16636.603012
377,16772.809178
378,16693.331692
379,16765.150618
380,16537.422889
381,16641.562333
382,16607.504463
383,16817.015420
384,16930.881185
385,16806.898624
386,16732.302591
387,16809.580330
388,16844.487139
389,16731.722946
390,16676.894575
391,16687.901576
392,16720.020580
393,16478.839069
394,16498.869552
395,16661.810698
396,16861.125880
397,16664.611444
398,16625.671434
399,16600.732412
400,16764.321163
401,16847.027882
402,16753.757559
403,16698.111038
404,16593.612513
405,16649.933726
406,16785.866175
407,16629.735966
408,16767.265856
409,16506.126207
410,16731.266811
411,16711.042783
412,16694.936922
413,16585.735536
414,16685.869759
415,16822.316964
416,16839.854487
417,16681.889772
418,16711.965821
419,16722.886729
420,16749.423890
421,16553.996800
422,16695.120156
423,16727.114331
424,16583.712267
425,16771.637956
426,16799.803187
427,16771.774975
428,16945.631416
429,16862.046167
430,16833.153469
431,16645.233417
432,16681.392705
433,16580.895382
434,16608.515411
435,16550.995814
436,16697.930552
437,16697.936102
438,16809.472978
439,16758.864763
440,16704.682758
441,16650.054868
442,16480.513706
443,16717.575854
444,16797.018348
445,16827.379387
446,16812.499312
447,16714.364186
448,16588.178068
449,16723.854535
450,16645.125950
451,16720.507652
452,16708.402422
453,16520.543959
454,16648.059866
455,16726.625856
456,16561.285972
457,16701.901252
458,16418.120054
459,16789.730733
460,16512.953325
461,16788.909599
462,16574.799418
463,16614.742354
464,16676.180190
465,16762.374053
466,16635.768106
467,16623.846950
468,16735.471354
469,16832.049879
470,16742.003674
471,16761.819671
472,16846.372998
473,16691.194221
474,16703.063724
475,16785.777727
476,16723.830152
477,16773.225552
478,16759.982657
479,16667.087300
480,16746.652879
481,16770.727755
482,16836.859572
483,16809.377671
484,16835.222109
485,16864.301452
486,16725.195427
487,16729.135879
488,16750.117290
489,16714.701398
490,16734.214214
491,16564.776192
492,16705.991066
493,16906.019753
494,16749.749447
495,16795.403986
496,16814.714417
497,16746.697940
498,16833.297473
499,16788.215693
