0,3094.427248
1,3364.000982
2,3644.835103
3,3902.847373
4,4156.030928
5,4402.178035
6,4607.199236
7,4783.579611
8,4987.809589
9,5156.778857
10,5289.669983
11,5450.841874
12,5643.580967
13,5821.448115
14,5994.159919
15,6127.230213
16,6277.165128
17,6371.072270
18,6428.827896
19,6537.400146
20,6637.389717
21,6725.019497
22,6775.707580
23,6819.345051
24,6878.165762
25,6945.883968
26,7035.483791
27,7033.383526
28,7056.414280
29,7115.212324
30,7286.488056
31,7351.578391
32,7342.423742
33,7352.099734
34,7403.707669
35,7394.942552
36,7402.434962
37,7338.594158
38,7381.544858
39,7402.997047
40,7519.312636
41,7474.723887
42,7479.455577
43,7470.387322
44,7440.155979
45,7457.944227
46,7458.237582
47,7442.658502
48,7448.475925
49,7459.335686
50,7410.057493
51,7440.923509
52,7472.920719
53,7458.833042
54,7497.447120
55,7456.505155
56,7431.561390
57,7431.985259
58,7419.129501
59,7356.144994
60,7460.918106
61,7480.110793
62,7447.885170
63,7471.592608
64,7371.941829
65,7369.616313
66,7514.493630
67,7545.530646
68,7548.464991
69,7488.689058
70,7433.629744
71,7489.095529
72,7524.542355
73,7536.239109
74,7469.264224
75,7491.351160
76,7475.462596
77,7492.698872
78,7446.367154
79,7459.382361
80,7479.748882
81,7458.902637
82,7417.897770
83,7391.130544
84,7408.594598
85,7449.974712
86,7430.703109
87,7408.728179
88,7417.320344
89,7498.290512
90,7480.671469
91,7504.615498
92,7418.821505
93,7475.764459
94,7426.924132
95,7439.608025
96,7452.964781
97,7495.571444
98,7393.116801
99,7478.486446
100,7539.638976
101,7478.023056
102,7486.185777
103,7526.245119
104,7490.856660
105,7529.492224
106,7547.086674
107,7428.698513
108,7403.445280
109,7440.548642
110,7442.080454
111,7445.593869
112,7450.515100
113,7502.909295
114,7541.047698
115,7557.514165
116,7492.156028
117,7444.148816
118,7527.653569
119,7542.192225
120,7535.113627
121,7519.035471
122,7493.105964
123,7518.899719
124,7507.213355
125,7477.195863
126,7440.090735
127,7467.621816
128,7463.896881
129,7474.825334
130,7531.692268
131,7562.606114
132,7433.472179
133,7390.818984
134,7451.852813
135,7443.645826
136,7451.919729
137,7525.306668
138,7502.285081
139,7501.273947
140,7490.227844
141,7409.425572
142,7471.922441
143,7491.267072
144,7501.377714
145,7418.360638
146,7412.173722
147,7434.461313
148,7455.576506
149,7437.728779
150,7463.788953
151,7419.397689
152,7522.299195
153,7590.356024
154,7543.477085
155,7530.390376
156,7446.182842
157,7465.464159
158,7471.302424
159,7484.915535
160,7432.212313
161,7411.889654
162,7444.337779
163,7485.578511
164,7488.592966
165,7540.395680
166,7569.512061
167,7549.508778
168,7588.129990
169,7596.444940
170,7539.381313
171,7477.609867
172,7515.028372
173,7484.699271
174,7576.542826
175,7487.033674
176,7467.536527
177,7385.361001
178,7403.617974
179,7503.352298
180,7498.027612
181,7484.856599
182,7487.607799
183,7512.791003
184,7536.028486
185,7600.321920
186,7529.107897
187,7511.141761
188,7401.461922
189,7449.895726
190,7519.852690
191,7522.192579
192,7526.856346
193,7546.415072
194,7590.888959
195,7518.050087
196,7503.071939
197,7508.823485
198,7527.890478
199,7506.106714
200,7503.171841
201,7568.134483
202,7523.651112
203,7531.898946
204,7519.123944
205,7506.926970
206,7432.275746
207,7421.147733
208,7496.952508
209,7584.717557
210,7517.542807
211,7483.517562
212,7525.319927
213,7541.093980
214,7547.610887
215,7470.564700
216,7477.558983
217,7563.201294
218,7520.512328
219,7441.075197
220,7462.035275
221,7500.791033
222,7489.789627
223,7519.606952
224,7469.360027
225,7496.762992
226,7478.895919
227,7533.900142
228,7531.493666
229,7498.852333
230,7422.655624
231,7476.563883
232,7445.317997
233,7473.507388
234,7502.989926
235,7509.875248
236,7466.022944
237,7480.634628
238,7504.789192
239,7563.093784
240,7538.495164
241,7575.051351
242,7540.452408
243,7552.740613
244,7558.160540
245,7497.485093
246,7466.597666
247,7524.474601
248,7501.565659
249,7495.069619
250,7574.300060
251,7522.724529
252,7416.080205
253,7414.202926
254,7408.820644
255,7498.457708
256,7430.266421
257,7443.687688
258,7501.719434
259,7540.210517
260,7540.013983
261,7425.215761
262,7445.058225
263,7400.139785
264,7408.931594
265,7434.720219
266,7387.092946
267,7478.778057
268,7546.817419
269,7546.000696
270,7503.267630
271,7453.404169
272,7527.609738
273,7543.965426
274,7568.771165
275,7476.939747
276,7539.048322
277,7480.034661
278,7494.410212
279,7499.344615
280,7462.789954
281,7509.811329
282,7491.933320
283,7501.823003
284,7537.309949
285,7478.710138
286,7416.527012
287,7468.768995
288,7524.819051
289,7458.623641
290,7534.343148
291,7529.048745
292,7595.444544
293,7422.416278
294,7524.414267
295,7537.487335
296,7473.566402
297,7495.104055
298,7492.904015
299,7469.776617
300,7560.902109
301,7512.741554
302,7452.055306
303,7392.787075
304,7414.598795
305,7498.641407
306,7446.120699
307,7495.495959
308,7542.132309
309,7551.752154
310,7489.242249
311,7506.044347
312,7452.306072
313,7463.718970
314,7493.946742
315,7552.794565
316,7510.795567
317,7467.356231
318,7440.748115
319,7521.896646
320,7510.578590
321,7522.555297
322,7511.227833
323,7458.237694
324,7393.692276
325,7491.526988
326,7480.293358
327,7545.779619
328,7491.433633
329,7435.971870
330,7532.443883
331,7510.189481
332,7467.497065
333,7496.541104
334,7480.909559
335,7498.222507
336,7506.123091
337,7504.374649
338,7478.673246
339,7472.319772
340,7514.052877
341,7477.169146
342,7458.447238
343,7496.519228
344,7445.046633
345,7473.008085
346,7524.115130
347,7477.504934
348,7476.179696
349,7458.616774
350,7513.525296
351,7519.248710
352,7497.121574
353,7530.852160
354,7498.887042
355,7478.542853
356,7464.647927
357,7501.981030
358,7480.785488
359,7557.570692
360,7483.070903
361,7426.770383
362,7429.296735
363,7415.685750
364,7459.751714
365,7466.623612
366,7650.079701
367,7584.160294
368,7634.834409
369,7574.249040
370,7545.857587
371,7494.399798
372,7497.438208
373,7538.383850
374,7546.213679
375,7469.519284
376,7450.245334
377,7371.072699
378,7428.505966
379,7488.467901
380,7468.007273
381,7488.652028
382,7453.631570
383,7585.011304
384,7475.988226
385,7495.984298
386,7461.809746
387,7476.985526
388,7416.920979
389,7349.088429
390,7434.686927
391,7389.956828
392,7514.885449
393,7533.409830
394,7540.773167
395,7488.847704
396,7483.048068
397,7502.835986
398,7448.470508
399,7490.650882
400,7474.390102
401,7475.620611
402,7401.168913
403,7432.849092
404,7396.899762
405,7433.513431
406,7370.445270
407,7469.372057
408,7497.151736
409,7477.839589
410,7475.974898
411,7507.859396
412,7529.868346
413,7441.289742
414,7480.357506
415,7551.457422
416,7538.606300
417,7476.506464
418,7490.221421
419,7449.548952
420,7563.924566
421,7570.178506
422,7553.979716
423,7507.161297
424,7531.234983
425,7568.549543
426,7540.790165
427,7503.948896
428,7555.051725
429,7555.490294
430,7532.753296
431,7517.143834
432,7530.374616
433,7464.186354
434,7481.351777
435,7467.322361
436,7572.732460
437,7535.737763
438,7537.060375
439,7499.736074
440,7502.206730
441,7449.170010
442,7490.308829
443,7506.603117
444,7496.185084
445,7549.637224
446,7489.744464
447,7437.153670
448,7503.291778
449,7553.527299
450,7437.963694
451,7468.028108
452,7486.179983
453,7463.589754
454,7443.610884
455,7451.766715
456,7531.009317
457,7479.466585
458,7497.808367
459,7481.559411
460,7469.076803
461,7448.656023
462,7495.044569
463,7499.068100
464,7549.683599
465,7536.534552
466,7554.487197
467,7534.170816
468,7482.972639
469,7544.056278
470,7461.849930
471,7547.447689
472,7549.241232
473,7477.614570
474,7494.059418
475,7515.179676
476,7507.913936
477,7489.805953
478,7479.247749
479,7495.160636
480,7467.188489
481,7446.253134
482,7521.253071
483,7447.085743
484,7445.680336
485,7410.615050
486,7470.505536
487,7443.801124
488,7527.927264
489,7509.203102
490,7566.122497
491,7545.758223
492,7545.173779
493,7553.555752
494,7548.939160
495,7525.550549
496,7457.647297
497,7463.624765
498,7548.886226
499,7540.348076
