0,3109.069591
1,3112.559703
2,3096.912176
3,3139.318066
4,3154.237866
5,3167.346668
6,3270.900847
7,3182.206197
8,3194.259177
9,3187.467628
10,3175.925143
11,3170.748623
12,3177.990598
13,3215.900268
14,3233.764334
15,3273.118775
16,3394.363657
17,3387.869166
18,3322.904999
19,3347.643607
20,3357.366011
21,3335.652713
22,3288.358428
23,3267.272879
24,3283.687217
25,3286.638027
26,3319.785671
27,3357.382896
28,3368.395976
29,3404.155512
30,3474.899130
31,3420.925060
32,3380.289501
33,3400.817875
34,3404.244928
35,3379.849944
36,3443.635656
37,3463.469444
38,3489.752166
39,3542.134257
40,3467.097658
41,3480.375846
42,3500.810506
43,3534.547664
44,3559.953470
45,3529.808656
46,3545.803434
47,3468.599437
48,3465.291052
49,3435.806398
50,3465.823863
51,3494.145525
52,3507.671802
53,3486.400308
54,3516.177627
55,3517.320213
56,3568.054575
57,3582.952689
58,3634.172801
59,3649.842972
60,3663.665527
61,3707.296632
62,3711.539252
63,3725.303671
64,3749.254140
65,3811.389513
66,3938.737721
67,3867.793050
68,3835.197692
69,3938.021808
70,3966.164846
71,3917.790596
72,3976.134854
73,4011.194419
74,4034.576285
75,4076.566756
76,4029.027936
77,4081.814704
78,4024.442448
79,4026.554563
80,4004.179414
81,4056.675647
82,4133.265435
83,4100.941202
84,4162.336411
85,4148.318964
86,4171.178998
87,4177.712312
88,4264.862403
89,4213.306366
90,4176.199748
91,4231.205812
92,4244.942942
93,4286.007674
94,4354.114070
95,4417.857568
96,4468.294292
97,4547.323417
98,4673.694435
99,4787.192042
100,4847.609602
101,4884.825919
102,4931.175474
103,4955.018429
104,4921.924965
105,4881.271245
106,4951.822314
107,4899.931497
108,4938.681933
109,4960.485581
110,5021.027217
111,5090.629121
112,5044.182822
113,5101.866655
114,5100.333330
115,5314.493111
116,5357.798761
117,5361.786206
118,5512.444795
119,5553.860347
120,5552.689126
121,5661.063665
122,5639.657849
123,5761.591264
124,5871.979832
125,5863.878562
126,5932.084976
127,6051.856419
128,6142.815976
129,6192.501534
130,6290.522815
131,6432.633863
132,6463.646237
133,6567.856140
134,6564.219221
135,6703.479136
136,6731.310520
137,6831.799023
138,6928.160745
139,6898.862012
140,6899.542327
141,6982.189264
142,6958.005738
143,7047.886183
144,7100.973795
145,7167.923504
146,7255.495175
147,7235.310439
148,7274.363108
149,7292.688134
150,7333.056660
151,7427.119275
152,7426.488557
153,7452.080111
154,7523.310807
155,7528.681508
156,7557.121292
157,7513.988400
158,7557.593704
159,7612.967222
160,7612.789277
161,7663.746235
162,7645.159861
163,7651.563747
164,7664.817438
165,7648.574026
166,7616.416731
167,7661.844062
168,7715.173293
169,7751.090294
170,7773.333443
171,7741.675488
172,7779.986012
173,7804.750860
174,7828.352962
175,7863.530246
176,7901.587158
177,7895.635133
178,7927.525771
179,7937.018476
180,7971.209479
181,7944.570435
182,7971.288775
183,7965.602913
184,7999.940948
185,7984.947404
186,7976.607018
187,7989.207825
188,8001.776262
189,8020.952446
190,8057.056333
191,8041.815943
192,8055.512181
193,8087.334999
194,8086.358288
195,8087.723255
196,8114.674340
197,8119.649789
198,8116.093223
199,8135.506617
200,8134.802388
201,8160.909398
202,8178.822406
203,8181.804939
204,8174.619737
205,8212.687912
206,8187.252058
207,8190.138120
208,8212.853894
209,8260.671452
210,8271.612298
211,8269.672191
212,8270.652923
213,8255.387270
214,8242.287831
215,8278.618710
216,8295.131843
217,8268.999095
218,8259.837144
219,8264.291094
220,8276.643053
221,8302.441901
222,8315.722150
223,8336.438862
224,8315.984099
225,8324.249347
226,8332.229901
227,8328.142082
228,8348.073216
229,8348.155913
230,8349.829083
231,8340.201666
232,8344.250310
233,8358.637417
234,8367.406198
235,8376.365940
236,8368.920910
237,8396.254754
238,8404.671309
239,8413.401340
240,8419.746614
241,8429.407347
242,8444.264744
243,8446.044360
244,8454.571167
245,8466.729573
246,8468.877110
247,8472.813557
248,8462.313221
249,8483.335444
250,8503.438639
251,8495.668268
252,8495.200371
253,8503.356956
254,8502.976145
255,8506.670844
256,8511.829172
257,8515.683310
258,8522.476105
259,8532.774019
260,8534.034575
261,8510.203695
262,8509.561024
263,8521.803062
264,8531.494295
265,8531.991442
266,8527.432651
267,8530.904683
268,8521.380361
269,8533.135932
270,8534.084059
271,8532.051040
272,8513.633187
273,8513.083959
274,8524.905723
275,8526.899792
276,8541.659918
277,8552.988548
278,8555.737546
279,8549.752928
280,8547.358621
281,8550.647254
282,8547.963970
283,8543.668163
284,8547.315093
285,8550.625910
286,8546.863928
287,8547.167497
288,8544.650698
289,8535.214669
290,8529.999540
291,8529.073445
292,8534.386619
293,8541.207572
294,8518.988099
295,8524.494470
296,8543.393249
297,8552.440774
298,8547.545658
299,8550.045307
300,8551.891291
301,8552.465102
302,8550.983332
303,8548.389865
304,8556.455799
305,8554.041182
306,8552.834230
307,8549.478867
308,8576.475282
309,8576.818838
310,8575.925679
311,8585.332004
312,8585.774844
313,8593.985038
314,8614.195457
315,8647.516689
316,8661.950537
317,8683.402976
318,8698.319150
319,8693.416671
320,8694.673950
321,8714.835679
322,8721.880075
323,8740.521387
324,8748.659149
325,8750.034344
326,8758.352363
327,8747.828227
328,8746.554908
329,8741.012402
330,8733.074422
331,8744.248323
332,8741.716045
333,8751.651508
334,8733.023149
335,8733.389592
336,8746.615461
337,8742.764564
338,8751.656280
339,8749.088554
340,8743.007236
341,8741.739672
342,8744.926686
343,8714.828871
344,8720.320897
345,8734.988522
346,8734.152170
347,8747.796403
348,8751.828270
349,8748.709967
350,8744.641459
351,8742.094106
352,8724.669343
353,8739.092545
354,8748.853977
355,8747.401451
356,8763.685164
357,8772.416053
358,8779.546501
359,8784.868281
360,8783.135626
361,8796.380976
362,8811.235880
363,8832.808858
364,8831.338684
365,8837.615587
366,8833.947036
367,8844.028770
368,8844.222794
369,8841.832734
370,8854.541384
371,8858.621349
372,8842.566238
373,8867.172700
374,8875.650431
375,8890.464694
376,8902.513844
377,8894.168685
378,8914.684445
379,8918.127146
380,8913.894380
381,8913.490157
382,8896.478187
383,8889.136691
384,8884.577724
385,8900.050147
386,8907.552837
387,8894.795212
388,8881.524912
389,8906.203999
390,8906.595328
391,8914.665891
392,8910.262702
393,8922.857905
394,8924.245509
395,8919.824165
396,8920.673906
397,8920.001755
398,8916.126697
399,8916.828481
400,8912.447603
401,8918.642865
402,8929.606710
403,8924.321818
404,8917.305724
405,8916.818513
406,8921.563771
407,8927.141339
408,8926.689446
409,8928.301320
410,8929.597211
411,8923.424726
412,8916.620718
413,8904.280803
414,8907.850947
415,8914.709232
416,8920.017472
417,8913.063776
418,8911.111398
419,8917.408953
420,8921.221695
421,8914.802618
422,8912.186124
423,8898.824446
424,8914.173284
425,8910.095658
426,8920.529027
427,8922.165495
428,8928.827397
429,8931.823946
430,8917.385509
431,8918.858336
432,8934.929669
433,8922.229185
434,8926.290783
435,8929.264511
436,8920.801512
437,8926.054828
438,8937.348791
439,8924.480814
440,8922.597018
441,8922.218504
442,8917.867185
443,8900.867983
444,8896.154283
445,8908.618207
446,8911.999780
447,8911.426297
448,8910.646351
449,8917.905924
450,8916.057941
451,8919.061854
452,8916.280096
453,8931.035992
454,8929.657004
455,8915.772413
456,8904.138406
457,8922.273205
458,8921.137284
459,8923.940510
460,8911.747290
461,8920.891999
462,8920.481820
463,8931.976371
464,8930.430568
465,8937.330436
466,8925.560920
467,8928.529387
468,8924.292853
469,8910.910821
470,8919.696506
471,8916.330447
472,8932.413998
473,8928.039962
474,8930.620693
475,8925.500039
476,8909.504886
477,8913.117446
478,8923.871640
479,8931.101847
480,8920.262412
481,8913.183356
482,8910.006042
483,8904.859269
484,8917.483912
485,8930.147817
486,8926.016770
487,8928.138837
488,8922.500980
489,8934.110374
490,8941.622055
491,8953.018913
492,8962.649374
493,8953.730289
494,8957.812560
495,8954.558416
496,8950.518096
497,8953.744200
498,8956.047924
499,8988.438613
