0,3131.218483
1,6223.752692
2,6666.512185
3,7012.546145
4,7235.820895
5,7440.713140
6,7732.113075
7,7987.946310
8,8269.592610
9,8473.506607
10,8725.936205
11,8897.980285
12,9100.054677
13,9350.751197
14,9584.970737
15,9694.522913
16,9992.620124
17,10185.817133
18,10345.746319
19,10412.694042
20,10550.686340
21,10776.307128
22,10948.551074
23,11140.208813
24,11123.974739
25,11197.273371
26,11301.831649
27,11461.836387
28,11610.278108
29,11740.167191
30,11899.398926
31,11918.802875
32,11898.032094
33,12047.356906
34,12136.396531
35,12300.057086
36,12420.641438
37,12353.843705
38,12510.578415
39,12688.843392
40,12641.052737
41,12651.258952
42,12754.641177
43,12842.810190
44,12756.865703
45,12861.347201
46,12953.248933
47,12940.238484
48,12965.715489
49,13138.262007
50,13100.578601
51,13182.166898
52,13017.911059
53,13131.827831
54,13077.999259
55,13223.882272
56,13259.071708
57,13213.140126
58,13384.782522
59,13397.670259
60,13301.253273
61,13366.233669
62,13377.337447
63,13450.993042
64,13485.922667
65,13540.117737
66,13565.215789
67,13483.089064
68,13374.462128
69,13485.375991
70,13438.163577
71,13441.072341
72,13495.849736
73,13653.338678
74,13566.438751
75,13460.773723
76,13286.182031
77,13395.548158
78,13432.942473
79,13418.714886
80,13454.849658
81,13469.067424
82,13276.726802
83,13491.637189
84,13429.382533
85,13526.696997
86,13629.311060
87,13559.532453
88,13636.491136
89,13606.614044
90,13564.881789
91,13426.484408
92,13531.427457
93,13453.289350
94,13563.518652
95,13547.873389
96,13570.130026
97,13479.257604
98,13430.422505
99,13652.749497
100,13586.011070
101,13582.591234
102,13591.558719
103,13655.537987
104,13673.481364
105,13616.483064
106,13695.119842
107,13596.911886
108,13438.430912
109,13730.852809
110,13712.077917
111,13757.557993
112,13820.156805
113,13849.782863
114,13773.522474
115,13698.912101
116,13758.758573
117,13856.383489
118,14130.359413
119,14288.723222
120,14166.298769
121,14191.086586
122,14218.028985
123,14191.662836
124,14348.042401
125,14467.774826
126,14386.168322
127,14342.035583
128,14196.699668
129,14380.047772
130,14176.573659
131,14134.789127
132,14315.651119
133,14364.617063
134,14220.979679
135,14058.774360
136,14086.619418
137,14202.539598
138,14191.872165
139,14217.810097
140,14249.177035
141,14189.265823
142,14388.414728
143,14314.855596
144,14178.871748
145,14330.347959
146,14335.683307
147,14247.996400
148,14303.245172
149,14303.241981
150,14177.398257
151,14082.513300
152,14255.937187
153,14309.796728
154,14227.137584
155,14189.867538
156,14219.160673
157,14276.646458
158,14339.279442
159,14362.301258
160,14318.893630
161,14308.937119
162,14306.517508
163,14425.372228
164,14238.757336
165,14333.155670
166,14154.146532
167,14265.178430
168,14109.407687
169,14112.034453
170,14314.180337
171,14392.063946
172,14529.657731
173,14338.076936
174,14319.689813
175,14220.599640
176,14453.457593
177,14327.948278
178,14200.146845
179,14302.342644
180,14319.880722
181,14288.677112
182,14341.811676
183,14393.288639
184,14390.199946
185,14421.558020
186,14271.701868
187,14335.066286
188,14301.063248
189,14234.461369
190,14385.635699
191,14299.488691
192,14217.866398
193,14330.097685
194,14469.898447
195,14287.824201
196,14474.078055
197,14498.076179
198,14371.457385
199,14495.033692
200,14669.008070
201,14626.682266
202,14625.155056
203,14570.759593
204,14579.123119
205,14695.493808
206,14484.037497
207,14448.125622
208,14384.261640
209,14317.723240
210,14506.944863
211,14480.097940
212,14404.546479
213,14478.026338
214,14452.433291
215,14436.188972
216,14428.540261
217,14405.794655
218,14424.960246
219,14448.790567
220,14584.343907
221,14505.316606
222,14533.726145
223,14249.098403
224,14535.294836
225,14554.869499
226,14546.538102
227,14463.526664
228,14499.248878
229,14575.510077
230,14511.157653
231,14513.385283
232,14632.431390
233,14583.841152
234,14413.081343
235,14619.365083
236,14713.700645
237,14980.754534
238,14802.057151
239,14910.948352
240,14882.023429
241,15135.959015
242,15038.338914
243,15051.346358
244,14879.334821
245,14810.984043
246,14943.660008
247,15095.738226
248,15161.660264
249,15193.740460
250,15266.134603
251,14968.635608
252,14944.453525
253,14901.206171
254,14950.523465
255,14973.498164
256,15076.640895
257,14968.817544
258,15102.034579
259,15270.516794
260,15100.656276
261,15111.345552
262,15023.582204
263,14892.023940
264,14817.680258
265,15104.228751
266,15169.435422
267,15073.705810
268,14978.308936
269,14793.628861
270,14823.995155
271,15173.697604
272,14979.323622
273,15039.213875
274,15037.109639
275,15155.342791
276,14931.268570
277,14946.649408
278,15076.797865
279,15131.495205
280,15177.327894
281,15262.644302
282,15305.698813
283,15497.004502
284,15234.754645
285,15448.913225
286,15465.044877
287,15854.282821
288,15706.355324
289,15925.741480
290,15932.199493
291,15975.565032
292,16026.214782
293,15751.652907
294,15961.261741
295,16122.223961
296,15838.569309
297,15822.789579
298,15799.682355
299,15828.179005
300,15721.486260
301,15953.206247
302,16050.192829
303,16001.327797
304,15865.051844
305,15953.654276
306,15887.177263
307,15917.311464
308,15846.054031
309,15734.468507
310,15692.875303
311,15900.470827
312,15828.200810
313,15803.099925
314,15622.535877
315,15922.434816
316,16013.972066
317,15967.042120
318,15905.757480
319,16056.682777
320,16010.895610
321,15727.153114
322,15892.550544
323,15743.510130
324,15715.728140
325,15905.850644
326,15945.367686
327,15931.577094
328,15999.579734
329,16075.356825
330,15894.908007
331,15863.675976
332,15802.518797
333,15852.284725
334,15864.604295
335,15946.498238
336,15686.030085
337,15615.226238
338,15706.368232
339,15734.722616
340,15730.992692
341,15881.799309
342,15700.393920
343,15600.229109
344,16008.023904
345,15806.632250
346,15887.561508
347,15919.722723
348,16080.320352
349,16136.659108
350,15942.955060
351,15908.198499
352,15831.591654
353,15731.052241
354,15708.433295
355,15740.281594
356,15913.861471
357,15740.073071
358,15733.336210
359,15964.923240
360,15873.031705
361,15834.429212
362,15631.060224
363,15589.819644
364,15753.625227
365,15785.299716
366,15772.517965
367,15764.023612
368,15759.489324
369,15955.743649
370,15921.612862
371,15930.517819
372,15857.390791
373,15974.881974
374,16055.443967
375,16084.312149
376,16033.745014
377,16037.630845
378,15951.193997
379,15898.800941
380,15774.898502
381,15852.575282
382,15492.136852
383,15905.050632
384,15762.813689
385,15724.766652
386,15810.251721
387,15836.776417
388,15876.618727
389,15714.985962
390,15789.065070
391,15860.826085
392,15796.563259
393,15778.358381
394,16054.546275
395,16181.202454
396,15933.879359
397,15807.308335
398,15804.830065
399,16116.329406
400,15791.208045
401,15729.282214
402,15793.455084
403,16038.562150
404,15994.777205
405,16114.584762
406,15978.558448
407,15879.154193
408,15843.611592
409,16019.345948
410,15933.245158
411,15751.399958
412,15804.577331
413,15790.802388
414,15704.632577
415,15653.965242
416,15895.808034
417,15792.188921
418,15912.159935
419,15747.722606
420,15763.976443
421,15935.935484
422,16086.195673
423,16067.397037
424,15945.485191
425,15901.341603
426,15876.272438
427,16023.404026
428,15866.263882
429,15811.933053
430,15825.238365
431,15449.611539
432,15614.622683
433,15919.433482
434,15795.403793
435,15978.429924
436,15941.969841
437,15897.645589
438,16030.253648
439,15886.877472
440,15886.634911
441,15888.291248
442,15763.552758
443,15810.925960
444,15761.122852
445,15877.347517
446,15813.138306
447,15769.919442
448,15749.046141
449,15877.864785
450,15640.227082
451,15603.452017
452,15743.959183
453,15868.959290
454,15997.676997
455,15718.464570
456,16039.329000
457,15776.265877
458,15663.261278
459,15794.418045
460,16121.201548
461,15889.751075
462,15962.020404
463,15990.657696
464,16046.446730
465,15884.804370
466,15779.328432
467,15877.866801
468,15861.509687
469,15798.673398
470,15845.610067
471,15856.263691
472,15813.370118
473,15711.637301
474,15685.003815
475,15624.679054
476,15595.815677
477,15864.136396
478,15748.512437
479,15792.523708
480,16008.070947
481,16132.073959
482,15928.709117
483,15898.666730
484,15845.708872
485,16063.005394
486,16216.186074
487,15978.162560
488,15788.075041
489,16028.820491
490,15964.632408
491,16030.314188
492,16038.365957
493,15991.308207
494,16122.379836
495,16127.546483
496,15959.154280
497,16014.902907
498,15921.697036
499,16001.255782
