0,3081.006730
1,6449.865631
2,7134.316425
3,7660.558026
4,8148.595997
5,8602.271994
6,9207.050625
7,9746.846391
8,10257.072278
9,10712.737241
10,11092.551463
11,11450.437375
12,11767.504718
13,12025.523592
14,12241.046130
15,12524.411180
16,12789.436749
17,12968.521196
18,13238.001821
19,13484.872568
20,13702.203787
21,13950.414341
22,14246.410128
23,14467.946200
24,14662.037556
25,14929.427047
26,15179.494296
27,15410.877738
28,15583.052064
29,15744.592017
30,15915.486114
31,16031.000133
32,16229.216619
33,16364.031049
34,16439.356388
35,16424.708117
36,16504.139348
37,16518.990019
38,16628.159735
39,16642.654569
40,16729.087710
41,16814.631275
42,16711.867256
43,16920.185220
44,16899.759877
45,16912.715018
46,16820.618289
47,16944.225736
48,17035.759148
49,17046.054420
50,16949.037008
51,17135.310546
52,17078.699860
53,17094.509572
54,17162.741189
55,17166.586072
56,17130.325069
57,17117.913103
58,17199.589174
59,17215.146408
60,17174.815475
61,17263.952292
62,17304.148870
63,17253.764902
64,17352.261785
65,17328.256378
66,17352.204714
67,17271.647885
68,17260.699915
69,17294.742713
70,17289.203824
71,17304.710700
72,17293.970813
73,17195.317922
74,17208.215528
75,17262.297574
76,17319.259388
77,17306.891660
78,17382.349778
79,17348.435708
80,17392.236438
81,17425.681106
82,17436.422552
83,17394.910963
84,17396.193886
85,17410.153281
86,17442.754665
87,17410.846105
88,17459.017685
89,17429.702648
90,17435.356931
91,17480.484704
92,17479.932858
93,17434.189961
94,17460.425059
95,17460.078061
96,17504.151367
97,17518.677147
98,17539.225200
99,17486.648465
100,17463.166781
101,17502.430305
102,17516.893321
103,17536.438388
104,17543.157768
105,17485.269771
106,17395.902402
107,17477.183255
108,17522.875884
109,17597.460776
110,17532.242939
111,17552.944855
112,17480.937892
113,17567.807550
114,17512.352910
115,17594.839335
116,17655.681892
117,17597.339526
118,17643.075625
119,17622.950169
120,17579.868528
121,17659.570537
122,17639.177023
123,17672.222564
124,17702.941372
125,17691.955895
126,17663.956313
127,17704.958724
128,17832.865727
129,17774.367859
130,17783.685868
131,17801.503907
132,17733.046691
133,17696.971252
134,17758.733879
135,17699.124586
136,17768.484555
137,17741.313232
138,17855.229596
139,17846.570328
140,17789.466311
141,17757.175291
142,17741.585021
143,17795.617182
144,17843.853760
145,17821.677252
146,17873.519114
147,17801.850718
148,17863.806042
149,17834.205667
150,17832.398107
151,17796.562215
152,17784.562539
153,17792.151590
154,17853.573829
155,17768.705623
156,17753.447121
157,17780.523947
158,17736.388058
159,17806.249918
160,17855.575697
161,17824.960173
162,17814.336443
163,17856.678224
164,17804.281418
165,17909.496156
166,17870.919277
167,17807.821280
168,17793.898827
169,17770.415708
170,17742.487597
171,17786.836060
172,17823.780211
173,17843.528053
174,17697.868483
175,17686.186768
176,17731.038069
177,17914.120331
178,17805.448838
179,17806.701131
180,17877.835413
181,17824.227822
182,17816.561424
183,17801.504370
184,17823.769340
185,17837.413285
186,17788.609415
187,17706.044881
188,17821.766733
189,17674.022669
190,17767.354095
191,17797.351789
192,17829.432242
193,17752.139170
194,17787.564308
195,17884.239411
196,17863.217397
197,17919.221126
198,17934.696584
199,17873.254468
200,17911.516060
201,17833.571053
202,17814.384094
203,17812.365923
204,17770.810681
205,17812.834205
206,17875.875741
207,17910.580961
208,17938.022926
209,17961.105777
210,17904.258119
211,17920.221936
212,17762.152808
213,17903.424193
214,17870.638333
215,17832.595718
216,17758.496409
217,17770.519972
218,17904.366262
219,17895.396551
220,17783.805277
221,17856.768763
222,17806.658684
223,17868.053484
224,17816.441594
225,17757.440881
226,17831.348814
227,17795.873462
228,17819.309147
229,17857.385845
230,17805.848644
231,17950.100373
232,17901.416509
233,17914.396876
234,17878.760909
235,17833.381798
236,17800.262260
237,17864.297299
238,17848.507333
239,17883.972642
240,17872.178060
241,17751.704501
242,17911.312909
243,17870.601548
244,17790.074744
245,17737.952481
246,17878.215873
247,17913.084096
248,17864.849226
249,17907.402561
250,17882.241376
251,17870.913104
252,17886.449466
253,17945.808246
254,17859.696206
255,17905.134590
256,17851.712435
257,17894.976310
258,17806.171056
259,17911.118662
260,17871.428946
261,17926.911984
262,17841.081090
263,17835.646306
264,17793.401020
265,17752.192434
266,17780.892027
267,17782.566973
268,17856.134358
269,17839.201116
270,17817.338032
271,17900.254526
272,17895.923268
273,17833.898939
274,17841.022061
275,17861.973073
276,17868.258585
277,17838.101344
278,17833.781683
279,17866.351002
280,17926.665762
281,17818.975042
282,17881.506582
283,17852.176329
284,17783.594248
285,17830.474868
286,17923.298158
287,17867.470014
288,17901.319658
289,17947.874181
290,17974.975798
291,17831.803321
292,17913.440095
293,17857.601839
294,17856.487848
295,17922.682919
296,17937.947248
297,17945.678795
298,17992.519737
299,18027.379280
300,17972.490771
301,18014.154941
302,18011.812357
303,17997.105305
304,18059.335871
305,17982.286567
306,17969.409900
307,18033.977518
308,18207.834130
309,18054.797244
310,18059.161083
311,18046.785419
312,18036.845709
313,17988.084063
314,18033.966547
315,18086.723993
316,18020.859062
317,18060.290191
318,18069.663306
319,18038.673508
320,18063.167739
321,18046.811786
322,18022.609100
323,18146.818160
324,18082.648002
325,17986.170358
326,18125.771214
327,18121.109937
328,18050.220120
329,18081.823313
330,18093.196902
331,18117.039341
332,18085.377329
333,18089.611211
334,18049.983667
335,18006.594154
336,18032.510890
337,18033.006875
338,17980.914984
339,17970.663361
340,18069.912065
341,18083.165110
342,18050.063822
343,17960.654825
344,18083.109209
345,18107.357082
346,18069.530688
347,18016.947938
348,18038.443613
349,18110.207968
350,18035.672304
351,18144.207351
352,18065.140785
353,18056.840132
354,18074.304638
355,18036.633469
356,18004.452367
357,17990.805958
358,17969.673377
359,18091.518431
360,18093.846882
361,18064.654610
362,18047.559689
363,18046.646937
364,18096.011591
365,18060.543853
366,18098.203638
367,18103.849715
368,18052.966106
369,18088.181985
370,18030.321965
371,17989.701774
372,18070.810701
373,18013.329603
374,18043.754676
375,18147.235886
376,18077.724497
377,18075.202145
378,18038.004423
379,17999.839432
380,17968.300568
381,18002.163986
382,18139.293784
383,18068.172559
384,17982.818286
385,18018.750344
386,18079.928273
387,17953.811122
388,18043.781473
389,18028.735041
390,18057.550759
391,17967.248415
392,18069.150105
393,18039.547666
394,18101.175721
395,18083.653693
396,18103.188752
397,18138.485018
398,18083.445575
399,18108.363265
400,18164.405242
401,18081.530673
402,18052.313686
403,18047.470526
404,18063.853231
405,18085.199800
406,18092.104050
407,18157.375294
408,18075.904845
409,18103.575450
410,18154.665089
411,18126.370115
412,18113.438766
413,18069.729053
414,18097.155286
415,17925.371142
416,18098.468064
417,18122.298560
418,18102.999090
419,18106.875571
420,18133.568318
421,18143.138655
422,18151.084871
423,18074.892654
424,18094.491569
425,18038.154663
426,18038.808837
427,18050.546976
428,18000.454012
429,18091.850774
430,18126.110167
431,18095.790494
432,18063.342163
433,18001.991392
434,18000.885587
435,18090.411051
436,18112.478688
437,18111.815514
438,18033.989196
439,18120.184725
440,18056.103088
441,17988.468946
442,18092.698204
443,18054.259322
444,18048.514500
445,18056.525859
446,17988.389725
447,17987.866692
448,18067.675698
449,18129.070882
450,18113.702099
451,18151.691718
452,18127.690070
453,18100.947469
454,18084.132124
455,18074.633757
456,18087.382444
457,18101.040788
458,17939.802850
459,18189.202982
460,18101.231924
461,18135.117192
462,18087.208087
463,18148.933906
464,18106.949569
465,17993.390909
466,18137.489425
467,18195.996129
468,18131.299836
469,18100.263229
470,18113.461192
471,18115.954569
472,18157.534769
473,18218.379755
474,18145.213357
475,18177.885821
476,18041.599986
477,18146.513186
478,18173.177151
479,18079.223998
480,18126.088709
481,18072.419423
482,18190.076934
483,18096.198889
484,18225.638238
485,18145.517281
486,18055.581882
487,18064.914692
488,18200.916365
489,18131.542762
490,18088.699983
491,18208.403084
492,18162.917131
493,18177.590979
494,18176.086105
495,18203.507643
496,18127.818742
497,18034.799529
498,18098.125540
499,18033.198045
