0,3055.349947
1,3413.269549
2,3674.655009
3,3919.593633
4,4116.463304
5,4381.099241
6,4561.458996
7,4707.175756
8,4907.848879
9,5010.568083
10,5180.188829
11,5307.411775
12,5443.438688
13,5600.533449
14,5730.699064
15,5874.293011
16,6023.873452
17,6183.773035
18,6335.983853
19,6421.210714
20,6509.514584
21,6606.684165
22,6694.755521
23,6754.428464
24,6883.973360
25,6984.103151
26,7046.535533
27,7089.240054
28,7224.208907
29,7234.447701
30,7241.092973
31,7252.982886
32,7316.610487
33,7269.227173
34,7257.272694
35,7283.457556
36,7300.456601
37,7312.372572
38,7348.693372
39,7346.213296
40,7326.454991
41,7346.522273
42,7356.556205
43,7355.962552
44,7334.951379
45,7362.128626
46,7348.704039
47,7364.361059
48,7365.650712
49,7373.821277
50,7426.162496
51,7345.967295
52,7364.911971
53,7380.736835
54,7369.451205
55,7328.357748
56,7363.364316
57,7392.448754
58,7368.881038
59,7358.418802
60,7352.880917
61,7371.275203
62,7396.434501
63,7396.384187
64,7395.106472
65,7364.701356
66,7391.028881
67,7390.950712
68,7398.643662
69,7367.779714
70,7353.286350
71,7382.917897
72,7399.808377
73,7403.984190
74,7418.737495
75,7381.371355
76,7402.025341
77,7348.875879
78,7339.785070
79,7381.371350
80,7373.020027
81,7330.362050
82,7328.971305
83,7428.581441
84,7381.527337
85,7380.113372
86,7376.958339
87,7456.603820
88,7339.480089
89,7367.440032
90,7297.523069
91,7401.559614
92,7448.832035
93,7384.638441
94,7395.218272
95,7372.704743
96,7389.852108
97,7420.716895
98,7405.432254
99,7416.737462
100,7403.655650
101,7398.013696
102,7374.517530
103,7425.519854
104,7407.109866
105,7441.291125
106,7367.804050
107,7443.264604
108,7465.437730
109,7505.383556
110,7522.437433
111,7575.397879
112,7615.622791
113,7658.890760
114,7732.970496
115,7804.405016
116,7848.628570
117,7843.057173
118,7831.027458
119,7871.947657
120,7812.406972
121,7874.921076
122,7834.942799
123,7857.055990
124,7829.595418
125,7894.568380
126,7887.166801
127,7908.704345
128,7866.415055
129,7875.896795
130,7911.471581
131,7910.770967
132,7896.288946
133,7851.191284
134,7848.028440
135,7792.644611
136,7893.094205
137,7907.079865
138,7866.643736
139,7975.968834
140,7973.744372
141,7967.171931
142,7915.984356
143,8034.096468
144,7999.888751
145,8039.567649
146,8053.451044
147,7976.336994
148,8019.658294
149,7980.604349
150,7974.838784
151,8033.237156
152,8010.338961
153,7993.778833
154,8015.513878
155,8018.574360
156,8026.800624
157,7980.976283
158,7962.871628
159,7942.811679
160,7991.716176
161,7871.791849
162,7903.734954
163,7960.831636
164,7949.180358
165,7953.394360
166,8020.272083
167,8043.366913
168,7928.760024
169,8042.773874
170,8017.016727
171,8044.128759
172,8011.984596
173,8031.115858
174,7950.863200
175,8031.815421
176,8025.944735
177,7923.068667
178,7955.958187
179,7992.870388
180,8018.920891
181,7965.118864
182,7970.708291
183,7959.962877
184,7941.324022
185,7949.863825
186,7939.277315
187,7920.210900
188,7848.462528
189,7902.772592
190,7911.491078
191,8037.081218
192,7995.379236
193,7997.952415
194,7875.291020
195,7970.920255
196,7943.334169
197,7946.675096
198,8022.293382
199,8014.024620
200,8026.445547
201,7973.246432
202,8033.754152
203,8043.909648
204,8015.701211
205,8033.891164
206,8017.527076
207,7981.661823
208,8006.595409
209,7964.432387
210,7945.202461
211,7904.466637
212,7919.874427
213,7909.827238
214,7922.699798
215,8004.863219
216,7999.368877
217,7918.724528
218,7960.145751
219,7972.338251
220,8010.913399
221,7987.275246
222,7989.417023
223,7910.361981
224,7910.245313
225,7921.970136
226,7940.839453
227,7941.347454
228,8009.615205
229,7988.537803
230,7970.292354
231,7978.247121
232,7915.622655
233,8001.878093
234,7960.134506
235,7913.525998
236,7937.343506
237,7937.874604
238,7975.031077
239,8006.926731
240,8041.212950
241,7991.827326
242,8035.101610
243,8025.853743
244,8021.205542
245,7994.821164
246,7933.341684
247,7960.213262
248,7983.481649
249,7887.117328
250,7944.846145
251,8015.876782
252,7968.294395
253,7946.700459
254,7954.708435
255,7906.843069
256,7938.065945
257,7895.671249
258,8009.188960
259,7927.716948
260,7953.824188
261,7886.926849
262,8007.527648
263,7983.541040
264,8011.780194
265,8035.599943
266,7998.828051
267,8053.518556
268,8005.060008
269,7947.332486
270,7993.646706
271,8014.801961
272,8025.152924
273,7965.197006
274,7973.999290
275,7950.891549
276,7926.480349
277,7966.508942
278,7947.033632
279,7943.489431
280,7992.044339
281,8023.128191
282,7999.081359
283,8009.746393
284,8035.584787
285,7999.786825
286,8005.790720
287,8020.263745
288,8020.592103
289,7993.128965
290,7989.057996
291,8065.784157
292,8018.651155
293,8007.680048
294,8005.381460
295,8012.414234
296,7992.655305
297,7988.555440
298,7971.252534
299,7997.375944
300,7971.457507
301,7972.368437
302,7987.878656
303,8030.121239
304,8010.511160
305,8012.541995
306,8014.398253
307,8040.692104
308,8036.299306
309,7986.172683
310,8006.403565
311,8037.254938
312,8031.984385
313,8057.604654
314,8052.071453
315,8044.211995
316,7951.228765
317,8024.525420
318,7965.970701
319,8002.871890
320,8001.592239
321,7976.000724
322,8065.140730
323,7904.118390
324,7972.957957
325,7987.359905
326,7991.917226
327,7941.028249
328,7944.644197
329,7973.858516
330,8017.494289
331,8033.477245
332,8051.864924
333,8044.483088
334,8035.236849
335,7979.955366
336,7999.504198
337,7975.680970
338,8003.792965
339,7995.427633
340,7992.805286
341,7911.209279
342,7934.443815
343,7943.376045
344,7853.859239
345,7968.209635
346,7950.881123
347,7975.553491
348,8042.357093
349,8027.675763
350,7976.016457
351,7944.837951
352,7967.306510
353,7923.257088
354,7999.204275
355,7955.530966
356,7886.735261
357,8008.590759
358,7974.190061
359,8023.425557
360,8021.555869
361,7947.925631
362,8002.767106
363,8019.262567
364,7990.433567
365,7972.138131
366,7951.717326
367,8001.903724
368,8001.493582
369,8017.314763
370,8019.006083
371,7971.257404
372,7968.975386
373,8015.140629
374,8007.998639
375,8010.984014
376,7969.565354
377,7920.667135
378,7941.779073
379,7973.673728
380,7972.991608
381,8018.412066
382,7988.184410
383,7948.590210
384,7895.777099
385,7912.484429
386,7933.400939
387,7928.691980
388,8019.027101
389,7894.929271
390,7878.938261
391,7956.677342
392,7959.328334
393,7960.336875
394,7983.192165
395,7987.329910
396,7966.272577
397,7989.896474
398,8000.998598
399,8048.348266
400,8028.174293
401,7996.872878
402,7961.028331
403,7941.496808
404,8006.079065
405,7991.500929
406,7935.659777
407,7897.239278
408,7957.237273
409,8012.295988
410,7933.245561
411,7919.473782
412,7927.378964
413,8002.325932
414,7909.580124
415,7980.736725
416,7963.510493
417,7909.676548
418,7954.721838
419,8025.912067
420,8018.690099
421,7990.291007
422,7980.584853
423,8053.090018
424,8000.386747
425,7972.078284
426,8049.237524
427,8058.216950
428,7960.102836
429,7977.684078
430,7962.612485
431,7958.277579
432,7954.546142
433,7981.543290
434,7981.246506
435,7937.615953
436,7954.082134
437,8007.769621
438,8004.111502
439,7982.593995
440,8000.027329
441,8018.008621
442,8020.057618
443,7982.297601
444,7987.046070
445,7957.360311
446,7947.144496
447,7936.988063
448,7948.846279
449,7962.285758
450,7924.626685
451,7993.014362
452,7961.662408
453,7957.806523
454,8033.443378
455,7999.254620
456,8050.825622
457,8063.373641
458,7986.185638
459,7997.583252
460,7966.512642
461,7915.707049
462,7992.704877
463,8000.003663
464,7926.594733
465,7937.780118
466,7947.326935
467,7999.717004
468,7912.700521
469,7958.728097
470,7957.480452
471,7973.062315
472,8007.481793
473,8080.481728
474,8011.584047
475,7988.966479
476,8077.490750
477,8003.453733
478,7994.506326
479,7890.912980
480,8003.748363
481,8019.172131
482,7915.802417
483,8015.209375
484,8043.636322
485,7974.628483
486,8052.203242
487,8015.222439
488,8019.260999
489,8020.522596
490,7989.191583
491,8007.600063
492,7962.760916
493,7998.387173
494,7976.991138
495,7947.907513
496,7954.892011
497,8031.502752
498,7972.052113
499,7939.859892
