0,3093.872256
1,6150.656809
2,6557.317883
3,6878.758635
4,7173.729738
5,7387.459456
6,7651.067413
7,7885.593395
8,8163.354502
9,8350.081130
10,8669.445913
11,8887.068311
12,9152.132208
13,9350.345611
14,9534.686597
15,9762.120939
16,10018.806352
17,10311.962693
18,10503.273412
19,10663.706832
20,10943.296479
21,11046.352338
22,11173.777907
23,11332.408113
24,11498.856586
25,11702.826034
26,11896.466342
27,12023.598939
28,12146.535323
29,12209.490915
30,12498.124108
31,12412.823346
32,12726.175947
33,12936.572284
34,13028.561328
35,13053.864737
36,12970.578380
37,13193.010075
38,13256.350801
39,13375.035827
40,13415.837033
41,13663.457496
42,13744.888458
43,13807.660153
44,13787.767127
45,13832.994169
46,13867.743147
47,14241.480510
48,14157.643273
49,14255.571717
50,14262.745513
51,14413.661919
52,14501.811995
53,14506.654076
54,14566.328213
55,14616.948537
56,14639.635013
57,14648.387036
58,14765.735022
59,14709.970472
60,14746.912122
61,14690.361669
62,14712.420756
63,14905.221060
64,15051.550208
65,14862.014852
66,14939.616082
67,14869.827773
68,14779.142561
69,14946.075080
70,14868.343987
71,14808.075417
72,14796.731600
73,15025.447063
74,14802.164387
75,14977.477185
76,15028.836989
77,14866.823398
78,14922.480318
79,14984.219653
80,15047.298051
81,15032.858556
82,14784.315811
83,15077.308462
84,15127.015485
85,15229.292409
86,15195.446805
87,14979.415544
88,14918.237410
89,14908.867281
90,14961.006338
91,14889.932196
92,14980.480766
93,15111.077146
94,15146.946399
95,14946.486236
96,15026.559187
97,14883.969769
98,14896.016159
99,14937.615912
100,14890.649818
101,14903.255545
102,14910.122835
103,15007.569412
104,14927.116994
105,14755.399152
106,15011.540733
107,14902.135938
108,15123.210332
109,15093.807521
110,15023.047645
111,14958.085781
112,14833.104357
113,14876.740934
114,14752.115005
115,14859.548642
116,14835.090401
117,14906.018651
118,15032.261532
119,15133.045534
120,15203.725584
121,15379.645625
122,15332.314133
123,15442.244918
124,15240.858209
125,15304.005492
126,15363.842569
127,15425.792292
128,15667.194035
129,15473.586238
130,15537.428495
131,15750.642298
132,15624.871975
133,15613.485981
134,15662.811739
135,15423.416314
136,15401.599048
137,15469.118345
138,15501.237511
139,15572.095696
140,15423.388509
141,15435.387041
142,15284.130511
143,15595.085297
144,15760.402894
145,15641.927541
146,15812.264869
147,15696.785728
148,15531.612179
149,15331.090923
150,15482.243722
151,15401.589228
152,15325.601555
153,15470.530723
154,15574.878090
155,15685.073380
156,15476.508332
157,15570.928331
158,15474.378436
159,15532.464797
160,15448.265217
161,15595.159940
162,15259.257151
163,15564.369346
164,15464.582198
165,15548.718065
166,15652.587935
167,15693.984080
168,15435.637102
169,15478.932002
170,15495.586563
171,15522.203087
172,15417.622177
173,15597.015522
174,15585.485292
175,15514.446344
176,15418.271003
177,15430.850329
178,15556.381742
179,15231.359456
180,15657.088843
181,15380.966909
182,15628.732107
183,15541.089180
184,15365.662324
185,15339.032013
186,15436.020828
187,15508.233729
188,15628.495155
189,15559.620364
190,15567.329819
191,15513.085706
192,15558.110289
193,15412.429086
194,15408.123169
195,15489.054573
196,15518.936726
197,15388.584368
198,15241.033704
199,15511.655684
200,15699.757093
201,15868.928095
202,15627.380015
203,15388.945608
204,15590.911332
205,15500.058996
206,15400.305559
207,15480.109228
208,15463.294637
209,15366.039257
210,15667.008310
211,15563.979013
212,15596.699230
213,15646.890704
214,15611.135530
215,15568.014582
216,15587.177264
217,15597.949747
218,15585.195413
219,15467.088801
220,15667.589368
221,15691.071828
222,15651.432917
223,15808.090554
224,15640.154758
225,15592.560921
226,15359.718615
227,15594.935133
228,15458.447899
229,15550.465176
230,15425.768496
231,15625.705041
232,15575.622790
233,15479.245703
234,15397.257379
235,15540.816996
236,15561.331014
237,15609.756570
238,15622.261539
239,15508.460827
240,15604.099121
241,15747.351011
242,15635.184880
243,15511.357929
244,15539.938140
245,15496.520817
246,15426.476035
247,15298.838619
248,15285.323474
249,15264.660354
250,15560.476141
251,15438.708461
252,15469.265459
253,15506.937851
254,15431.329286
255,15422.179459
256,15630.668738
257,15381.205387
258,15404.197385
259,15493.159383
260,15644.958998
261,15656.946920
262,15653.607783
263,15789.031420
264,15744.945323
265,15742.663532
266,15634.237100
267,15788.233904
268,15712.466612
269,15670.017600
270,15596.784075
271,15524.583988
272,15640.191662
273,15758.765614
274,15489.366233
275,15386.664443
276,15616.969187
277,15453.417491
278,15623.927931
279,15877.405369
280,15825.891900
281,15641.504067
282,15670.293671
283,15710.325572
284,15584.730340
285,15843.109498
286,15619.306214
287,15702.620026
288,15742.952950
289,15775.467156
290,15708.666976
291,15753.725237
292,15600.616256
293,15662.807791
294,15578.090412
295,15440.532795
296,15343.274975
297,15504.185010
298,15426.589707
299,15664.605825
300,15637.703076
301,15797.536149
302,15642.168892
303,15506.593462
304,15409.003171
305,15671.272033
306,15447.700961
307,15650.300562
308,15490.072764
309,15745.948031
310,15653.295470
311,15566.143984
312,15785.659767
313,15517.717050
314,15525.705834
315,15656.797061
316,15580.942351
317,15480.348736
318,15418.841314
319,15415.413742
320,15542.457164
321,15410.907312
322,15387.703703
323,15462.186715
324,15584.078541
325,15619.576384
326,15423.273402
327,15366.721320
328,15352.476452
329,15590.394526
330,15574.766510
331,15525.881869
332,15423.624690
333,15661.728403
334,15548.815512
335,15393.064033
336,15392.887823
337,15624.303637
338,15588.711235
339,15944.710576
340,15794.107174
341,15687.225111
342,15677.484479
343,15646.710385
344,15699.916055
345,15433.995767
346,15625.652758
347,15722.300316
348,15668.607580
349,15506.524302
350,15645.360258
351,15516.891400
352,15466.173668
353,15550.521061
354,15463.492448
355,15445.429574
356,15513.341021
357,15637.689962
358,15584.551515
359,15516.994831
360,15513.750712
361,15619.237456
362,15706.071463
363,15749.122962
364,15693.458570
365,15395.050108
366,15347.767147
367,15350.118871
368,15599.202304
369,15521.818883
370,15510.512337
371,15682.497270
372,15559.692824
373,15519.784765
374,15459.307380
375,15658.114349
376,15557.679059
377,15528.778784
378,15593.178068
379,15561.101974
380,15676.415024
381,15676.837531
382,15647.074540
383,15510.681874
384,15602.304487
385,15545.008432
386,15612.634817
387,15571.134748
388,15656.469362
389,15585.096621
390,15509.391192
391,15395.235629
392,15470.563034
393,15584.421866
394,15584.087808
395,15613.790868
396,15636.051129
397,15516.736815
398,15613.078934
399,15284.756544
400,15537.077212
401,15549.469188
402,15447.992526
403,15584.401127
404,15337.266768
405,15543.232511
406,15648.201845
407,15537.114303
408,15698.654395
409,15473.381884
410,15874.109673
411,15575.983715
412,15440.956196
413,15539.691365
414,15544.939455
415,15502.322609
416,15336.679746
417,15320.422174
418,15365.232085
419,15421.279052
420,15536.787394
421,15383.010008
422,15515.395081
423,15263.891428
424,15437.302574
425,15467.940336
426,15555.844590
427,15406.673711
428,15584.721150
429,15467.206033
430,15411.578665
431,15496.230841
432,15429.276038
433,15377.445477
434,15654.269450
435,15688.027293
436,15623.243868
437,15777.191299
438,15693.379019
439,15593.680707
440,15421.426466
441,15509.431363
442,15566.639426
443,15802.656028
444,15703.050180
445,15531.925808
446,15492.597907
447,15424.609816
448,15481.711946
449,15430.314777
450,15290.139262
451,15601.415269
452,15675.140937
453,15600.781325
454,15659.078901
455,15718.848604
456,15542.105819
457,15556.222770
458,15687.705420
459,15482.939291
460,15429.914404
461,15621.166536
462,15561.230383
463,15586.268659
464,15468.203892
465,15465.939475
466,15592.120977
467,15712.544015
468,15717.200156
469,15780.955098
470,15690.094953
471,15574.693892
472,15367.052447
473,15413.440741
474,15390.021064
475,15651.099823
476,15515.408522
477,15518.649282
478,15503.342149
479,15378.496603
480,15436.900943
481,15613.506192
482,15556.159085
483,15474.507921
484,15723.943494
485,15738.816197
486,15573.568079
487,15319.116655
488,15420.114372
489,15403.113330
490,15429.735681
491,15605.149566
492,15536.394612
493,15498.841094
494,15440.191379
495,15346.298985
496,15536.495618
497,15478.203204
498,15367.912176
499,15535.825979
