0,3058.735120
1,6118.202502
2,6605.445741
3,6830.113017
4,7074.400734
5,7242.251888
6,7368.621798
7,7514.150109
8,7639.471959
9,7784.191595
10,7957.657148
11,8013.970051
12,8117.081601
13,8159.693003
14,8212.779010
15,8460.094424
16,8569.025052
17,8666.641743
18,8772.193877
19,8945.292548
20,8996.668395
21,9072.269734
22,9080.134754
23,9241.177164
24,9340.512903
25,9410.537778
26,9552.748849
27,9840.221214
28,9828.484987
29,9848.471997
30,10112.446637
31,10161.016879
32,10151.915067
33,10373.895271
34,10461.366102
35,10536.986914
36,10636.248117
37,10816.765298
38,10801.229966
39,10900.777266
40,11211.670029
41,11239.528888
42,11328.342227
43,11271.957504
44,11456.792234
45,11581.423138
46,11570.869095
47,11621.347189
48,11765.430327
49,11686.222056
50,11702.173485
51,11802.497539
52,12078.871422
53,12065.317673
54,12059.940424
55,12082.834481
56,12239.867112
57,12204.620779
58,12355.393508
59,12227.831949
60,12395.180921
61,12213.673004
62,12401.276241
63,12383.837055
64,12698.433635
65,12659.407239
66,12736.915751
67,12615.160055
68,12439.394638
69,12430.390396
70,12704.585145
71,12924.171720
72,12859.571816
73,12798.681612
74,12922.477318
75,12846.829709
76,12837.382440
77,12623.211610
78,12787.111788
79,12719.454812
80,12842.105424
81,12942.629632
82,13087.788079
83,13129.093095
84,12921.299712
85,13036.474766
86,12939.697634
87,13021.201843
88,12902.697781
89,12912.984885
90,13223.583362
91,13089.679509
92,13160.556472
93,13142.334136
94,13174.079687
95,13067.448022
96,13111.145761
97,13133.660903
98,13336.831268
99,13176.463251
100,13186.570682
101,13272.995831
102,13180.445396
103,13105.826008
104,13064.589142
105,13217.235957
106,13182.773477
107,13300.245610
108,13140.977164
109,12872.343625
110,13076.272059
111,13241.321318
112,13143.676916
113,13218.856768
114,13044.344294
115,13469.455436
116,13449.468207
117,13215.344240
118,13136.881603
119,13230.917769
120,13448.862822
121,13099.515536
122,13241.132633
123,13133.214569
124,12822.211207
125,13108.333445
126,13013.749307
127,13346.148268
128,13191.779251
129,13045.388044
130,13166.245684
131,12992.020469
132,12926.929483
133,13055.292831
134,13185.063382
135,13129.249894
136,13117.257743
137,13130.633122
138,13034.655724
139,13098.267188
140,13230.416477
141,12992.668861
142,13222.698023
143,13276.179628
144,13384.061958
145,13105.645257
146,13066.662798
147,13018.036643
148,13234.495212
149,13133.997155
150,13186.742206
151,13077.174815
152,13196.350996
153,13082.763968
154,12994.198993
155,13234.007878
156,12870.213535
157,13121.859944
158,13256.025867
159,13132.097459
160,13066.952068
161,13386.130090
162,13308.608335
163,13069.256165
164,13194.239167
165,13274.503300
166,13400.681217
167,13203.948316
168,13193.282815
169,13393.735371
170,13142.442980
171,12959.644032
172,13125.332936
173,13100.578462
174,13241.207526
175,13102.295415
176,13015.164302
177,13243.286998
178,13258.276099
179,13316.436289
180,13232.699243
181,13241.767238
182,13476.094698
183,13323.055001
184,13155.482652
185,12979.485202
186,13202.182424
187,13213.058545
188,13110.342828
189,13044.186487
190,13249.044224
191,13110.506024
192,13441.414824
193,13159.293133
194,13090.315585
195,13148.787835
196,13307.133060
197,13310.543917
198,13192.641884
199,13198.912346
200,13199.212264
201,13189.451357
202,13484.747984
203,13304.007846
204,13372.777678
205,13221.145054
206,13001.795659
207,12973.394938
208,13257.646935
209,13215.996352
210,13097.512599
211,13142.699833
212,13218.393473
213,13300.247737
214,13137.641766
215,13042.866156
216,13244.287710
217,13139.964412
218,13229.161190
219,13124.574783
220,13087.629710
221,13463.917730
222,13188.246354
223,13072.237478
224,13414.867208
225,13254.860049
226,13174.615952
227,13303.176553
228,13200.186094
229,13105.409981
230,12926.365609
231,13169.496614
232,13233.572011
233,13202.175214
234,13052.745942
235,13060.606742
236,13139.679859
237,13204.163715
238,13180.567474
239,13271.115813
240,13045.711519
241,12945.859042
242,13193.893180
243,13379.666816
244,13179.446196
245,13392.098984
246,12935.795819
247,12975.991229
248,13239.008037
249,12897.446564
250,12970.704505
251,13349.276737
252,13278.542078
253,13177.411121
254,13101.848794
255,13403.461113
256,13355.191260
257,13157.128609
258,13032.410061
259,13242.370233
260,13057.711779
261,12927.680947
262,13031.835575
263,12905.899405
264,13304.011630
265,13130.619882
266,13193.302252
267,13225.357581
268,13040.752443
269,13142.068214
270,12988.672848
271,13140.282766
272,13057.729697
273,13334.664215
274,13244.306542
275,13186.382230
276,13060.504698
277,13105.962495
278,13119.521013
279,13122.139236
280,12856.162068
281,13102.930672
282,13215.978671
283,13346.407706
284,13301.767499
285,12898.305620
286,12988.408448
287,13183.603172
288,13267.691411
289,12945.141812
290,13075.857722
291,13154.838893
292,13172.443730
293,13122.116770
294,13158.645726
295,13181.013991
296,13375.010463
297,13377.044293
298,13011.641265
299,13249.185320
300,13146.504291
301,13094.213693
302,12988.456056
303,13250.546219
304,13219.088626
305,13135.827667
306,13416.262505
307,13110.814390
308,13229.639893
309,13185.978300
310,12886.455703
311,13184.351431
312,12821.965405
313,13141.331442
314,13103.801232
315,13158.277498
316,12873.882195
317,13012.715571
318,13097.255206
319,13075.463215
320,13313.517766
321,12981.209503
322,13399.206913
323,13061.139782
324,13098.576359
325,12845.469229
326,12838.833571
327,13045.563967
328,13090.431351
329,13083.469321
330,13101.494139
331,12997.500258
332,13144.000007
333,13161.819360
334,13098.244826
335,13266.503232
336,13169.423005
337,13262.553274
338,12996.549217
339,13229.499741
340,13195.924663
341,13216.682887
342,13341.900185
343,13320.173846
344,13254.570254
345,13183.179520
346,13385.183486
347,13246.208766
348,13259.063177
349,13201.885283
350,13113.277733
351,13022.973428
352,13114.818819
353,13136.767002
354,13211.988471
355,13095.770970
356,13076.145809
357,13224.631686
358,13244.205423
359,13353.746308
360,13139.847901
361,13411.973656
362,12985.337817
363,13248.783462
364,13052.076220
365,13086.144898
366,13301.403753
367,13402.527237
368,13171.508852
369,13163.097100
370,13187.096765
371,12791.867417
372,13439.596946
373,13362.634752
374,13471.122840
375,13338.067941
376,13168.167739
377,13281.341681
378,13092.233628
379,13324.933164
380,13297.536488
381,13351.531728
382,13292.173421
383,13212.904343
384,13090.127340
385,13098.622419
386,13146.243140
387,13346.383706
388,13230.866472
389,13238.572330
390,12950.395605
391,12990.342177
392,13280.993513
393,13178.506457
394,13159.914305
395,13060.189539
396,13250.602894
397,13289.449691
398,13209.783521
399,13274.446847
400,13285.978124
401,13161.339171
402,12984.512416
403,13088.611124
404,12843.544403
405,13073.683267
406,13255.637396
407,13365.549892
408,13520.083162
409,13219.977540
410,13287.761038
411,13256.750385
412,13201.473775
413,13056.116636
414,13095.930501
415,13405.929087
416,13243.118850
417,13306.694814
418,13376.673715
419,13134.999825
420,13009.783181
421,13117.346843
422,13269.770545
423,13172.849509
424,13121.794824
425,12969.436167
426,12973.516054
427,12997.484282
428,13065.963452
429,13495.990788
430,13022.654465
431,13008.054245
432,13010.522879
433,13109.901437
434,13291.705198
435,13262.600706
436,12963.689912
437,12943.130667
438,13159.237857
439,13032.100645
440,13182.755416
441,13319.774948
442,12997.532722
443,13265.920849
444,13290.567261
445,13367.636719
446,13153.608658
447,13062.481971
448,13106.613949
449,13246.492984
450,13402.429580
451,13485.644266
452,13512.286409
453,13321.132514
454,13423.700265
455,13054.952753
456,13252.201348
457,13348.816209
458,13247.904013
459,13052.660923
460,12941.289066
461,12862.269380
462,13056.995857
463,13123.757736
464,13376.743370
465,13291.778402
466,13181.523060
467,13206.046671
468,13276.381241
469,13312.605578
470,13417.386974
471,13393.321254
472,13082.126083
473,13161.970122
474,13252.526598
475,13200.460023
476,13318.445795
477,13157.656216
478,13009.238469
479,12941.314251
480,13233.609850
481,13069.488605
482,13063.114151
483,13078.420575
484,13172.098097
485,13126.765151
486,13123.250850
487,13193.427702
488,13147.159648
489,13116.903850
490,13371.243516
491,13309.221016
492,13112.788547
493,13168.356250
494,13180.415195
495,13386.847798
496,13330.185898
497,13290.260320
498,13298.727957
499,13208.590423
