0,3068.621221
1,3205.266972
2,3310.637525
3,3454.124017
4,3608.383863
5,3724.485447
6,3876.065730
7,4067.367992
8,4180.447988
9,4298.166694
10,4393.955862
11,4453.340165
12,4550.143163
13,4627.439356
14,4684.865323
15,4775.610676
16,4843.311568
17,4956.630180
18,5054.926086
19,5006.306531
20,5029.616307
21,5165.658181
22,5305.111746
23,5320.449684
24,5425.976571
25,5478.550780
26,5484.628845
27,5471.853985
28,5575.197117
29,5679.647942
30,5740.080515
31,5838.501202
32,5856.391180
33,5958.946107
34,6040.458242
35,6128.730055
36,6224.077169
37,6247.720617
38,6260.910406
39,6293.315166
40,6384.119134
41,6355.770201
42,6343.442137
43,6337.449834
44,6424.216794
45,6451.714400
46,6428.514134
47,6441.625982
48,6484.777972
49,6484.368563
50,6598.858080
51,6598.451796
52,6597.857851
53,6637.586256
54,6676.136857
55,6776.067451
56,6837.003438
57,6823.890427
58,6854.191569
59,6853.451883
60,6850.854081
61,6875.127414
62,6860.890253
63,6802.437970
64,6758.868322
65,6709.184705
66,6655.476867
67,6676.585314
68,6745.684618
69,6791.564195
70,6753.289081
71,6825.774124
72,6911.383939
73,6901.314989
74,6947.738000
75,6969.639179
76,6958.254821
77,6864.222148
78,6864.764734
79,6906.916009
80,6925.304844
81,6931.836721
82,6881.216465
83,6986.979278
84,6981.318593
85,6981.948655
86,7052.127042
87,7052.011151
88,6951.951743
89,6932.803764
90,6968.841907
91,6952.330025
92,6996.170687
93,7037.695447
94,7000.745068
95,7039.729307
96,7028.130165
97,7090.529429
98,7030.883305
99,7186.397930
100,7117.956110
101,7094.769594
102,7171.129644
103,7067.329975
104,7105.621072
105,7195.428022
106,7277.698109
107,7299.000299
108,7213.226921
109,7318.912199
110,7294.958167
111,7289.602059
112,7357.295074
113,7393.805866
114,7359.766888
115,7337.461254
116,7336.235784
117,7404.919076
118,7371.055705
119,7306.078416
120,7272.646775
121,7398.807200
122,7414.470308
123,7411.153399
124,7364.349504
125,7371.477617
126,7432.659273
127,7340.500456
128,7318.755236
129,7363.506460
130,7314.827259
131,7311.432877
132,7312.379537
133,7345.736297
134,7384.970834
135,7379.107966
136,7413.904228
137,7359.263661
138,7360.845267
139,7340.979882
140,7409.975446
141,7398.423405
142,7443.560816
143,7425.036220
144,7480.378973
145,7562.400314
146,7485.999047
147,7466.200183
148,7511.414360
149,7449.888680
150,7541.030110
151,7482.070022
152,7335.693566
153,7427.938718
154,7532.689537
155,7525.912582
156,7579.716194
157,7506.097040
158,7471.873158
159,7440.338979
160,7479.541174
161,7333.529693
162,7318.991304
163,7405.090557
164,7382.076020
165,7420.490968
166,7346.130401
167,7355.420583
168,7378.605444
169,7431.719492
170,7411.931413
171,7469.948024
172,7514.755689
173,7398.078132
174,7358.314557
175,7396.497489
176,7367.028674
177,7442.365542
178,7465.942904
179,7438.845582
180,7436.203743
181,7452.696069
182,7469.954233
183,7296.324425
184,7397.989106
185,7494.477801
186,7485.791535
187,7520.602185
188,7535.525375
189,7541.562012
190,7546.829283
191,7591.391257
192,7609.443711
193,7599.369282
194,7549.016833
195,7497.425077
196,7445.104595
197,7449.588306
198,7456.602064
199,7418.556540
200,7485.958364
201,7488.417389
202,7430.563438
203,7465.104963
204,7519.359726
205,7461.880490
206,7457.937821
207,7523.678494
208,7424.201175
209,7401.796419
210,7461.051649
211,7499.246869
212,7586.099055
213,7634.198729
214,7807.978090
215,7717.606641
216,7702.269042
217,7802.459413
218,7889.728619
219,7885.850810
220,7907.118877
221,7887.537703
222,7963.424146
223,8009.410937
224,7897.669735
225,7998.528512
226,7975.141074
227,7903.999039
228,7944.940335
229,7952.851312
230,7901.863278
231,7927.513608
232,7901.706079
233,7958.615272
234,8029.494880
235,7953.331085
236,7960.656941
237,8016.977147
238,8137.110957
239,8207.229220
240,8178.439841
241,8070.398716
242,8120.067096
243,8236.749186
244,8233.609135
245,8193.361034
246,8232.295455
247,8196.809254
248,8149.406568
249,8083.757140
250,8190.407405
251,8107.738588
252,8150.561231
253,8170.483363
254,8114.093633
255,8083.126822
256,8202.455041
257,8259.810871
258,8086.273490
259,8067.435640
260,8046.852706
261,8118.766595
262,8176.748098
263,8091.587152
264,8030.750039
265,8037.717713
266,8055.631574
267,7998.495052
268,8090.459363
269,8115.129935
270,8102.020915
271,8117.351578
272,8182.790716
273,8035.173016
274,8095.490439
275,8139.914084
276,8253.261556
277,8060.482025
278,8096.303764
279,8118.295245
280,8217.655683
281,8144.336441
282,8153.540335
283,8170.809156
284,8042.527803
285,7985.899658
286,8011.068320
287,7974.233982
288,8002.399595
289,8121.283114
290,8106.900021
291,8137.197512
292,8181.152932
293,8144.880744
294,8168.835116
295,8156.918537
296,8157.486541
297,8248.440096
298,8260.124559
299,8229.764992
300,8284.622917
301,8239.195569
302,8182.160802
303,8212.367536
304,8157.990611
305,8163.900375
306,8178.813510
307,8065.401562
308,7987.207570
309,8018.448670
310,8087.469199
311,8092.015907
312,8071.028198
313,8028.133274
314,8023.659366
315,8020.301274
316,7965.915584
317,8009.170241
318,8089.029836
319,8163.500443
320,8115.622144
321,8003.958153
322,8039.594575
323,7964.411569
324,8018.361143
325,8084.349039
326,8183.807408
327,8152.758831
328,8055.631813
329,8008.805876
330,8000.512945
331,8051.551757
332,7969.952777
333,7931.198580
334,8026.863249
335,8045.605496
336,8157.805509
337,8201.979251
338,8168.124608
339,8151.179397
340,8128.823490
341,8068.136592
342,8099.641647
343,8049.514859
344,8136.568678
345,8064.261165
346,8026.630897
347,8037.508796
348,8042.532862
349,8100.704808
350,8034.397848
351,8088.839927
352,8091.820323
353,8023.573277
354,8036.488856
355,8106.425578
356,8052.599543
357,8056.876763
358,8130.908252
359,8082.609200
360,8031.758857
361,8175.402301
362,8040.631997
363,8101.722857
364,8085.822264
365,8049.812032
366,8093.138663
367,8001.645912
368,8049.100570
369,8041.500649
370,7997.138550
371,8033.602587
372,8116.949559
373,8109.763792
374,8134.337973
375,8084.345902
376,8055.027458
377,8073.713566
378,8148.482037
379,8108.886893
380,8005.156292
381,8018.746097
382,8007.622758
383,7900.823919
384,7885.446036
385,8027.254819
386,8106.164189
387,8163.276386
388,8076.822198
389,8078.039757
390,7994.598628
391,8083.199212
392,8086.862847
393,8084.305027
394,8198.004047
395,8206.025361
396,8182.941138
397,8165.732009
398,8158.878581
399,8190.995795
400,8170.949037
401,8227.239732
402,8292.686766
403,8257.588942
404,8199.580505
405,8181.543867
406,8135.063931
407,8154.271951
408,8202.708722
409,8165.823874
410,8188.384606
411,8134.885868
412,8098.553888
413,8207.700460
414,8139.636250
415,8147.027431
416,7986.970959
417,8003.924119
418,8013.239967
419,7980.231956
420,8126.009221
421,8014.740005
422,8068.798851
423,8104.505573
424,7994.664193
425,7893.917531
426,7784.457793
427,7692.472104
428,7790.129803
429,7884.302280
430,7936.638389
431,7828.337647
432,7977.792177
433,8093.133911
434,8048.726148
435,8121.895518
436,8114.046274
437,8151.795383
438,8057.801975
439,8088.943480
440,8144.771016
441,8230.909921
442,8198.343075
443,8197.142994
444,8263.517296
445,8228.057050
446,8223.090351
447,8333.239546
448,8267.313800
449,8246.025842
450,8189.623556
451,8293.515933
452,8290.378910
453,8201.063861
454,8191.231289
455,8184.617909
456,8231.730565
457,8289.184552
458,8302.023742
459,8240.910289
460,8208.101671
461,8268.114412
462,8254.818735
463,8288.434379
464,8229.207129
465,8217.852190
466,8322.481009
467,8266.734819
468,8206.869307
469,8240.058055
470,8240.835829
471,8283.569715
472,8312.927452
473,8205.497149
474,8138.349492
475,8137.721417
476,8125.610788
477,8059.855036
478,8110.794309
479,8108.431051
480,8069.851241
481,8048.808025
482,8217.810466
483,8104.711005
484,8124.514019
485,8020.176514
486,8036.395402
487,7998.946138
488,8010.105714
489,8110.774050
490,8148.458940
491,8103.996841
492,8158.177264
493,8153.880314
494,8159.749119
495,8108.611904
496,8114.457026
497,7937.858998
498,8055.462302
499,8138.326217
