0,3062.478743
1,3106.192837
2,3165.414989
3,3195.262026
4,3312.908849
5,3328.696412
6,3377.355220
7,3409.294851
8,3468.460520
9,3491.602521
10,3550.454243
11,3584.984082
12,3677.725781
13,3715.824876
14,3754.317975
15,3788.224208
16,3829.832869
17,3909.241126
18,3979.728981
19,3973.076025
20,3999.025065
21,4071.933211
22,4121.935238
23,4131.487495
24,4113.127966
25,4109.267900
26,4144.420136
27,4235.287818
28,4259.437719
29,4291.277387
30,4355.847656
31,4352.687064
32,4393.610925
33,4427.362472
34,4446.058225
35,4488.038601
36,4527.620593
37,4541.383950
38,4556.618713
39,4591.591978
40,4569.615694
41,4615.375779
42,4641.067795
43,4685.353277
44,4724.019369
45,4683.970201
46,4647.893218
47,4681.786043
48,4651.448145
49,4638.465694
50,4661.200121
51,4700.861128
52,4696.879991
53,4680.104601
54,4741.251179
55,4739.304400
56,4785.150825
57,4854.470491
58,4883.731509
59,4919.290130
60,4936.732722
61,4938.540919
62,4971.778452
63,4950.006830
64,4990.314457
65,4989.319254
66,4977.282817
67,5007.878807
68,4969.234041
69,4995.802201
70,4974.927091
71,5002.265196
72,5047.010273
73,5005.094017
74,5029.650641
75,5028.987193
76,5028.274489
77,5066.185499
78,5127.235861
79,5099.014652
80,5068.950465
81,5075.453361
82,5135.349681
83,5179.791340
84,5174.402760
85,5208.703630
86,5242.655421
87,5190.489499
88,5173.289025
89,5208.114209
90,5198.652302
91,5194.889836
92,5240.205625
93,5254.343350
94,5273.370511
95,5257.666162
96,5221.599904
97,5200.352055
98,5117.709743
99,5102.857092
100,5142.258525
101,5121.603089
102,5108.742112
103,5066.264584
104,5085.880478
105,5089.417602
106,5092.445280
107,5112.926796
108,5203.954247
109,5129.883728
110,5121.490846
111,5152.735979
112,5192.218562
113,5209.014691
114,5189.309146
115,5158.035831
116,5121.062169
117,5132.705214
118,5185.427151
119,5190.757745
120,5200.009971
121,5228.947006
122,5269.056834
123,5268.135770
124,5260.573537
125,5312.020706
126,5373.403335
127,5433.473051
128,5373.344159
129,5344.399238
130,5370.276013
131,5356.695360
132,5332.587349
133,5339.121022
134,5355.794848
135,5370.625564
136,5342.936901
137,5360.486747
138,5398.767529
139,5414.435108
140,5392.822899
141,5424.585190
142,5459.206901
143,5443.055043
144,5433.667327
145,5487.780901
146,5496.049223
147,5526.150097
148,5496.456481
149,5535.206942
150,5538.723667
151,5578.167956
152,5627.440879
153,5646.261886
154,5710.365951
155,5718.972680
156,5728.441429
157,5766.472357
158,5761.529917
159,5782.875684
160,5825.493424
161,5806.401818
162,5805.382878
163,5805.305415
164,5774.416852
165,5806.943654
166,5814.012709
167,5878.505834
168,5908.227309
169,5901.192148
170,5931.545467
171,5922.247879
172,5881.986673
173,5865.249957
174,5868.229164
175,5944.868258
176,5950.758192
177,5917.091125
178,5932.530077
179,5913.941648
180,5844.784640
181,5877.444981
182,5936.058529
183,5886.050660
184,5824.698490
185,5756.242973
186,5781.036780
187,5796.296281
188,5866.405724
189,5878.062746
190,5819.749111
191,5889.142890
192,5893.119809
193,5919.089859
194,5917.373609
195,5927.177581
196,5966.011235
197,6009.858350
198,6017.995071
199,5999.695266
200,5979.171363
201,5976.576724
202,5977.171569
203,5966.653849
204,5979.278496
205,6041.296227
206,6032.134449
207,6073.126603
208,6037.889226
209,6014.355676
210,6014.566936
211,5993.609596
212,6055.488128
213,6034.113092
214,6031.946365
215,6079.425579
216,6042.446658
217,6074.761705
218,6076.440299
219,6068.989130
220,6096.363428
221,6115.547986
222,6114.745542
223,6124.788922
224,6099.795422
225,6068.704630
226,6085.806837
227,6073.055541
228,6062.557346
229,6080.656490
230,6081.595180
231,6092.780869
232,6038.949233
233,6054.094043
234,6036.294025
235,6017.012419
236,6025.002139
237,6011.958310
238,6011.525013
239,5967.232282
240,5985.862418
241,5965.974846
242,6003.534618
243,6015.014210
244,5997.187231
245,6049.216606
246,6069.447390
247,6040.420890
248,6077.911741
249,6141.516797
250,6126.859789
251,6114.074599
252,6089.198610
253,6107.557228
254,6112.009556
255,6073.087715
256,6032.441089
257,6034.457967
258,6057.533123
259,6036.227237
260,6066.540000
261,6140.151807
262,6118.275824
263,6064.781148
264,6120.921097
265,6139.361969
266,6152.425658
267,6162.795432
268,6145.053750
269,6169.281786
270,6215.075108
271,6220.149570
272,6194.333101
273,6235.526266
274,6293.649584
275,6219.842127
276,6243.681079
277,6187.297456
278,6184.929672
279,6184.651783
280,6208.364732
281,6213.881583
282,6222.539992
283,6223.028659
284,6197.035333
285,6165.180327
286,6101.851911
287,6086.543798
288,6127.571993
289,6123.896843
290,6098.126555
291,6095.838504
292,6098.524935
293,6047.539848
294,6012.133768
295,6010.105298
296,5995.404450
297,6047.874996
298,6059.855866
299,6033.570535
300,6007.660027
301,5997.500293
302,6002.467028
303,6028.523091
304,5975.897884
305,6020.388656
306,6001.671879
307,5964.742017
308,5954.446195
309,5892.315289
310,5897.484553
311,5963.000038
312,5975.613207
313,5953.172438
314,5986.773633
315,5983.832063
316,6051.310175
317,6098.123230
318,6074.464237
319,6117.996012
320,6082.329720
321,6024.841564
322,6093.773823
323,6041.257598
324,6102.368179
325,6009.632047
326,6005.642070
327,5971.545570
328,5965.170866
329,5960.076735
330,5950.549026
331,5972.649468
332,6035.477228
333,6048.377559
334,6054.197101
335,6067.530540
336,6051.166356
337,6048.080914
338,6021.566475
339,5998.069637
340,5962.556847
341,5938.261436
342,5974.275031
343,6033.617201
344,5996.056633
345,6029.102050
346,6065.371943
347,6111.936811
348,6085.889331
349,6012.873843
350,5953.079630
351,5956.117297
352,5998.990769
353,6068.721625
354,6124.699506
355,6167.470065
356,6141.419200
357,6213.571849
358,6176.728905
359,6181.524216
360,6157.291487
361,6141.105703
362,6146.985600
363,6180.036409
364,6196.399092
365,6122.591836
366,6143.177454
367,6185.038923
368,6199.755763
369,6133.593005
370,6164.211153
371,6200.633984
372,6171.507411
373,6170.153017
374,6143.020311
375,6176.816668
376,6177.519667
377,6235.833325
378,6258.084141
379,6256.825196
380,6236.884997
381,6265.242201
382,6269.606636
383,6273.658350
384,6240.022015
385,6223.225068
386,6204.212748
387,6152.546519
388,6164.711478
389,6232.435899
390,6272.151021
391,6231.074548
392,6180.145928
393,6196.566425
394,6190.191684
395,6152.934262
396,6149.968888
397,6134.268828
398,6078.725327
399,6031.962398
400,6031.235767
401,6024.980630
402,6072.793016
403,6078.498898
404,6089.004200
405,6096.067132
406,6112.721479
407,6097.947360
408,6144.012001
409,6142.040059
410,6110.231499
411,6096.645045
412,6101.790555
413,6084.527186
414,6111.889104
415,6139.041218
416,6112.920112
417,6114.233479
418,6159.013261
419,6138.902108
420,6131.349440
421,6189.087552
422,6154.774279
423,6155.648005
424,6154.205307
425,6180.061512
426,6224.457667
427,6155.986991
428,6109.567230
429,6107.487619
430,6116.712821
431,6089.398524
432,6131.766428
433,6135.771077
434,6118.072995
435,6155.212507
436,6197.132190
437,6173.770528
438,6110.442252
439,6082.116521
440,6040.486709
441,6095.879584
442,6107.761922
443,6131.927959
444,6133.696734
445,6139.016198
446,6171.908923
447,6183.173844
448,6222.411019
449,6228.912783
450,6141.982289
451,6168.500573
452,6164.139610
453,6169.163597
454,6124.307705
455,6096.554409
456,6092.218248
457,6170.746115
458,6176.898467
459,6243.486317
460,6265.794520
461,6250.864548
462,6220.902141
463,6159.875306
464,6179.383942
465,6200.200875
466,6223.107939
467,6134.887828
468,6191.623307
469,6144.477676
470,6131.538694
471,6174.358955
472,6126.603631
473,6130.386170
474,6155.881315
475,6175.243735
476,6149.364042
477,6215.891667
478,6136.862848
479,6126.993173
480,6072.111623
481,6094.435080
482,6173.123703
483,6196.486940
484,6183.491550
485,6199.036803
486,6145.054756
487,6155.920332
488,6179.435540
489,6178.478892
490,6164.198923
491,6141.128046
492,6155.953541
493,6293.004489
494,6313.448246
495,6335.116293
496,6306.471285
497,6314.635669
498,6301.013054
499,6365.771262
