0,3113.460828
1,6375.474989
2,6931.251733
3,7357.677648
4,7767.547133
5,8177.839036
6,8587.170103
7,8958.812460
8,9341.347975
9,9718.615417
10,10088.669950
11,10423.456359
12,10761.033243
13,11185.435771
14,11400.570926
15,11599.743555
16,11944.176382
17,12139.692483
18,12396.149623
19,12646.727542
20,12746.527621
21,12867.157754
22,13069.792244
23,13263.849134
24,13312.708329
25,13566.874162
26,13745.793942
27,13837.293931
28,13958.455344
29,14010.143322
30,14172.463202
31,14413.161771
32,14552.022221
33,14772.438548
34,14840.987133
35,14893.739910
36,14828.913440
37,14967.239845
38,15036.547386
39,15195.988055
40,15184.512344
41,15195.764156
42,15137.715726
43,15200.275700
44,15277.877588
45,15210.767996
46,15163.725952
47,15232.395827
48,15258.221604
49,15323.155371
50,15268.541000
51,15257.217720
52,15234.336430
53,15333.482938
54,15337.916133
55,15315.105558
56,15337.142001
57,15301.630849
58,15284.129599
59,15307.002623
60,15390.176860
61,15440.283531
62,15364.239854
63,15357.660020
64,15360.181524
65,15440.932700
66,15523.929303
67,15402.801869
68,15440.282001
69,15483.638667
70,15400.739199
71,15338.305290
72,15450.904670
73,15507.841565
74,15446.466487
75,15460.935291
76,15534.206346
77,15470.578672
78,15516.543035
79,15505.515871
80,15433.903875
81,15543.929286
82,15472.998472
83,15446.320115
84,15517.726411
85,15476.628364
86,15532.132571
87,15496.506980
88,15401.906647
89,15449.768158
90,15491.557551
91,15517.081866
92,15531.945431
93,15527.669036
94,15627.771340
95,15569.295825
96,15645.935037
97,15621.875117
98,15715.135501
99,15794.298198
100,15904.474046
101,15779.641795
102,15776.689976
103,15690.232144
104,15771.037477
105,15854.153505
106,15832.588450
107,15966.010789
108,15919.465732
109,15808.525367
110,15750.475716
111,16036.029085
112,15847.098974
113,15886.933544
114,15982.744866
115,15744.618064
116,15901.185209
117,15734.831831
118,15926.779278
119,15896.259134
120,15852.004045
121,15795.656835
122,15944.275125
123,15894.217523
124,15939.740874
125,15896.316209
126,15985.670271
127,15952.556136
128,16010.648516
129,15945.302685
130,15968.792933
131,15898.150484
132,15982.885356
133,15863.667882
134,15946.703388
135,15873.086498
136,15906.475878
137,15934.182761
138,15871.816862
139,15886.925575
140,16011.127531
141,15859.139487
142,15817.419024
143,15879.439668
144,15989.657036
145,16014.476362
146,16007.320521
147,16046.465516
148,15997.446647
149,15892.464585
150,15865.809947
151,15849.896860
152,15952.213202
153,15919.891421
154,15888.277589
155,15920.481888
156,16005.384705
157,15961.223952
158,15879.253840
159,15871.596872
160,15851.172015
161,15853.524646
162,15936.269155
163,15883.665352
164,15881.936090
165,15800.965656
166,15867.164905
167,15811.926479
168,15859.502917
169,15721.432368
170,15953.785917
171,15893.739955
172,15963.191558
173,15951.703029
174,15967.052928
175,15883.590344
176,15868.381468
177,16019.776745
178,15915.737141
179,15970.655379
180,15809.870574
181,15862.493256
182,15924.775752
183,15864.451691
184,15901.525260
185,15845.096432
186,15841.477417
187,15936.619206
188,15942.035470
189,15866.071087
190,15818.484483
191,15905.934166
192,15951.034088
193,15992.580392
194,15917.193363
195,15970.308411
196,15915.759691
197,16007.251940
198,15867.528011
199,15869.237271
200,15962.235957
201,15964.072843
202,15884.782861
203,15870.733714
204,15842.497526
205,15912.931858
206,15982.194512
207,15880.550501
208,15882.150861
209,15967.459702
210,15975.653396
211,15846.821757
212,15988.048946
213,16031.471132
214,15860.018703
215,16020.815439
216,16025.246830
217,16058.889639
218,16133.462824
219,16078.841379
220,16198.337235
221,16150.143507
222,16083.323733
223,16160.998875
224,16177.344642
225,16244.985281
226,16224.633633
227,16250.925918
228,16255.173562
229,16212.404246
230,16292.252922
231,16248.312744
232,16163.459034
233,16255.448164
234,16290.720156
235,16288.281507
236,16161.055976
237,16127.161322
238,16093.922601
239,16153.219695
240,16171.104408
241,16136.775040
242,16151.625303
243,16196.234041
244,16286.419745
245,16247.048217
246,16252.354991
247,16175.400128
248,16077.532711
249,16185.238261
250,16153.827280
251,16132.697899
252,16222.540498
253,16203.729522
254,16182.099985
255,16387.600485
256,16261.459292
257,16247.864177
258,16102.567797
259,16176.464558
260,16142.141154
261,16207.949404
262,16036.408271
263,16160.399309
264,16126.716118
265,16174.481632
266,15974.596880
267,16088.000328
268,16189.057120
269,16135.812551
270,16164.081811
271,16205.380336
272,16190.909621
273,16152.715359
274,16315.665450
275,16259.663769
276,16229.370349
277,16261.282093
278,16203.474822
279,16251.386588
280,16217.211255
281,16125.832423
282,16138.029456
283,16158.093085
284,16137.268043
285,16298.184538
286,16104.568227
287,16097.704060
288,16144.314800
289,16131.641868
290,16126.701016
291,16172.679740
292,15964.891953
293,16182.205612
294,16266.872330
295,16136.786317
296,16153.299625
297,16252.890763
298,16229.067349
299,16214.187722
300,16353.537256
301,16301.196614
302,16304.027629
303,16247.921021
304,16369.179236
305,16339.353899
306,16184.366957
307,16147.316427
308,16298.170037
309,16314.756946
310,16206.209653
311,16261.956232
312,16362.873314
313,16274.301990
314,16399.357111
315,16373.694091
316,16329.986709
317,16251.363321
318,16294.870907
319,16379.359752
320,16423.022638
321,16475.188759
322,16527.323996
323,16502.085157
324,16427.974922
325,16452.049426
326,16630.224446
327,16593.694621
328,16726.159355
329,16920.958475
330,17107.234801
331,17176.664618
332,17116.261799
333,17031.673241
334,17064.933406
335,17060.187260
336,17104.690037
337,17238.008992
338,17007.396366
339,17262.502536
340,17138.613876
341,17110.338765
342,17090.335020
343,17206.189110
344,17107.532364
345,17202.916922
346,17093.156052
347,17119.429612
348,17245.449286
349,17221.980102
350,17088.283723
351,17189.991600
352,17195.861939
353,17270.438125
354,17085.124853
355,17103.038627
356,17145.914022
357,17159.682185
358,17258.802348
359,17234.295341
360,17299.776616
361,17266.011775
362,17179.857847
363,17217.022436
364,17216.010470
365,17224.732713
366,17259.591074
367,17257.342436
368,17253.853877
369,17133.161493
370,17105.087855
371,17283.765105
372,17254.045702
373,17282.389822
374,17450.168231
375,17507.774740
376,17665.270818
377,17746.711467
378,17686.533224
379,17720.941875
380,17866.633530
381,17870.877729
382,17881.862431
383,17676.728001
384,17689.753397
385,17819.055171
386,17868.880041
387,17860.780211
388,17681.442690
389,17840.322711
390,17822.557960
391,17794.757640
392,17777.944896
393,17789.164197
394,17688.811163
395,17778.161763
396,17713.809034
397,17870.206044
398,17943.092468
399,17896.197431
400,17831.711372
401,17791.657005
402,17712.283344
403,17820.639139
404,17816.565470
405,17767.722616
406,17795.288683
407,17793.505061
408,17600.645591
409,17674.210242
410,17805.189645
411,17781.143805
412,17931.827502
413,17722.531725
414,17710.403746
415,17733.844258
416,17816.996130
417,17877.885452
418,17632.116917
419,17555.297833
420,17689.696627
421,17728.231195
422,17717.930114
423,17671.598968
424,17819.374861
425,17906.061008
426,17789.404005
427,17777.840557
428,17873.579012
429,17961.766828
430,17817.420420
431,17721.990929
432,17925.842455
433,17814.141972
434,17877.683452
435,17902.976847
436,17784.416383
437,17763.405703
438,17912.903073
439,17847.995665
440,17910.474548
441,17678.372608
442,17722.989788
443,17872.926669
444,17789.972831
445,17924.408109
446,17859.597132
447,17698.639741
448,17799.992091
449,17863.489096
450,17788.780572
451,17730.951462
452,17689.546997
453,17747.520358
454,17823.526744
455,17865.080203
456,17908.565216
457,17841.087018
458,17801.542186
459,17857.874378
460,17807.324112
461,17802.093090
462,17944.948052
463,17957.647506
464,17984.179345
465,17911.371192
466,17829.921197
467,17869.120018
468,17835.970367
469,17906.050458
470,17772.810801
471,17806.901699
472,17814.377484
473,17969.394262
474,17853.276513
475,17797.980814
476,17726.715031
477,17659.694778
478,17690.474702
479,17829.052700
480,17821.624079
481,17734.413698
482,17840.077201
483,17905.171041
484,17875.753562
485,17726.006611
486,17742.167559
487,17868.215400
488,17812.290542
489,17754.771981
490,17860.545352
491,17836.216002
492,17890.060592
493,17912.751584
494,17744.757203
495,17840.823298
496,17765.229380
497,17878.338739
498,17805.106087
499,17730.535034
