0,3108.493709
1,3440.047089
2,3740.973635
3,4062.639156
4,4272.040841
5,4546.973829
6,4826.119005
7,5000.946752
8,5192.249018
9,5365.194826
10,5496.290101
11,5655.867642
12,5754.894820
13,5858.481461
14,5988.386323
15,6086.974675
16,6177.843998
17,6272.726980
18,6394.634108
19,6487.658444
20,6497.983330
21,6557.545151
22,6655.769882
23,6726.124181
24,6769.077065
25,6820.053881
26,6905.998829
27,6910.450937
28,6995.209234
29,7102.130464
30,7142.856138
31,7132.924406
32,7253.887658
33,7203.831930
34,7326.570957
35,7376.965446
36,7421.169440
37,7455.633966
38,7495.835134
39,7500.378616
40,7567.740236
41,7535.893555
42,7526.068056
43,7570.001407
44,7582.608178
45,7481.800736
46,7476.964461
47,7518.516981
48,7586.244922
49,7538.858654
50,7567.592065
51,7527.854508
52,7462.896165
53,7579.504513
54,7609.492096
55,7606.513411
56,7604.127992
57,7521.425349
58,7571.026198
59,7571.093072
60,7591.724141
61,7540.599209
62,7509.248566
63,7530.816159
64,7518.783905
65,7542.610935
66,7548.183747
67,7562.703930
68,7559.071333
69,7591.958043
70,7591.544282
71,7599.823391
72,7573.800774
73,7616.860738
74,7576.868417
75,7536.838237
76,7507.085711
77,7570.256100
78,7554.770176
79,7554.049367
80,7573.397294
81,7556.863409
82,7550.647993
83,7552.752466
84,7487.482059
85,7581.302030
86,7564.723966
87,7534.624690
88,7544.078180
89,7578.118974
90,7576.665063
91,7622.349049
92,7580.725639
93,7562.654396
94,7575.133627
95,7553.178304
96,7566.130487
97,7501.799668
98,7503.549893
99,7524.407501
100,7530.775060
101,7491.663577
102,7503.269399
103,7575.735988
104,7540.485178
105,7574.376781
106,7596.081071
107,7572.483951
108,7565.668591
109,7578.725211
110,7497.669156
111,7525.346383
112,7571.621762
113,7544.280244
114,7563.197479
115,7478.920562
116,7553.834596
117,7585.915971
118,7592.506603
119,7574.237483
120,7505.055829
121,7526.506121
122,7544.946263
123,7519.263513
124,7516.216669
125,7558.580842
126,7609.271290
127,7577.723439
128,7526.290584
129,7541.930734
130,7569.147844
131,7535.391117
132,7380.357843
133,7477.338756
134,7457.600103
135,7516.252454
136,7509.633000
137,7569.414592
138,7546.467004
139,7517.469417
140,7548.533091
141,7504.786544
142,7458.129478
143,7492.011696
144,7568.829197
145,7497.791999
146,7528.890602
147,7542.410776
148,7578.093826
149,7507.980252
150,7567.321930
151,7550.174777
152,7536.327882
153,7540.651826
154,7525.527240
155,7521.934670
156,7551.920805
157,7554.439607
158,7570.332031
159,7572.444782
160,7602.238352
161,7595.465944
162,7566.577313
163,7482.033835
164,7478.430813
165,7552.356218
166,7616.000859
167,7518.717228
168,7541.284612
169,7527.973601
170,7568.599773
171,7626.848532
172,7586.339389
173,7531.505097
174,7570.151687
175,7627.587584
176,7438.333123
177,7504.842359
178,7557.007003
179,7592.663509
180,7613.082830
181,7569.859034
182,7553.751135
183,7521.360232
184,7523.823051
185,7560.184601
186,7571.119192
187,7607.928411
188,7531.728483
189,7590.378440
190,7619.344019
191,7594.581897
192,7575.965295
193,7556.672699
194,7528.005757
195,7520.183341
196,7501.265463
197,7531.947294
198,7506.343218
199,7503.462302
200,7538.794116
201,7536.594397
202,7499.542058
203,7534.270245
204,7545.688879
205,7579.679284
206,7553.241249
207,7566.470423
208,7598.155358
209,7496.537695
210,7480.333007
211,7570.421723
212,7558.713576
213,7574.446798
214,7576.449485
215,7588.856437
216,7565.063162
217,7562.148478
218,7518.041913
219,7535.743608
220,7558.666119
221,7522.246215
222,7492.859452
223,7599.045927
224,7578.516826
225,7564.776797
226,7601.889625
227,7543.008016
228,7590.286402
229,7613.328877
230,7560.597921
231,7559.332887
232,7595.830262
233,7593.867565
234,7564.847450
235,7541.142124
236,7534.872660
237,7501.675112
238,7543.532713
239,7559.459844
240,7556.017411
241,7569.997164
242,7547.340589
243,7575.347505
244,7590.084150
245,7558.667198
246,7618.645441
247,7582.340845
248,7525.579014
249,7592.303805
250,7562.199354
251,7565.020146
252,7561.442198
253,7541.161405
254,7562.131852
255,7554.107683
256,7605.689545
257,7556.763945
258,7580.163517
259,7621.121919
260,7559.403454
261,7524.125340
262,7543.200082
263,7538.860341
264,7535.473684
265,7565.777142
266,7557.341545
267,7569.806695
268,7590.904374
269,7615.824185
270,7595.733780
271,7591.547744
272,7603.277085
273,7537.938364
274,7527.981764
275,7589.859036
276,7545.433285
277,7576.563380
278,7547.073670
279,7536.367159
280,7541.377702
281,7519.727435
282,7503.737948
283,7518.231665
284,7606.763665
285,7552.322583
286,7511.537008
287,7589.472529
288,7544.296155
289,7578.479303
290,7564.692596
291,7553.602924
292,7508.642593
293,7472.143287
294,7535.083911
295,7534.878382
296,7527.771272
297,7578.796298
298,7563.623225
299,7544.056907
300,7565.881197
301,7570.500718
302,7590.981154
303,7525.468580
304,7539.776078
305,7501.654361
306,7489.287590
307,7551.591610
308,7589.729591
309,7542.659388
310,7568.603284
311,7591.097480
312,7528.114404
313,7582.599781
314,7570.653726
315,7582.898768
316,7537.876336
317,7562.127142
318,7582.424528
319,7619.569952
320,7561.442017
321,7503.176837
322,7525.473393
323,7577.224864
324,7589.280100
325,7543.930126
326,7545.065356
327,7561.330370
328,7526.932166
329,7574.661618
330,7546.332733
331,7559.737599
332,7530.974504
333,7575.881433
334,7512.827406
335,7497.742281
336,7549.333983
337,7502.298294
338,7524.113369
339,7521.683305
340,7613.130164
341,7551.528618
342,7559.952000
343,7451.292445
344,7494.481260
345,7581.935687
346,7588.788849
347,7552.511870
348,7543.674980
349,7522.946134
350,7472.833543
351,7549.961952
352,7608.430177
353,7549.755458
354,7542.261566
355,7576.818272
356,7596.400642
357,7509.281644
358,7543.849865
359,7568.836521
360,7547.858308
361,7555.619341
362,7523.786413
363,7494.874926
364,7552.367001
365,7531.608673
366,7554.828804
367,7535.051419
368,7517.195799
369,7481.863801
370,7537.973142
371,7525.914278
372,7554.855951
373,7464.388084
374,7438.761942
375,7516.143922
376,7560.404843
377,7574.322357
378,7552.236892
379,7598.610792
380,7605.694047
381,7547.740991
382,7576.705513
383,7598.542672
384,7458.765977
385,7542.415782
386,7522.295222
387,7544.576196
388,7601.002969
389,7590.777454
390,7509.231944
391,7597.141675
392,7551.543418
393,7556.916648
394,7522.540642
395,7515.304181
396,7544.039527
397,7538.375823
398,7570.517878
399,7581.875969
400,7546.074079
401,7498.651270
402,7543.990107
403,7539.435486
404,7539.644277
405,7533.253029
406,7540.450729
407,7566.196708
408,7566.009394
409,7568.700815
410,7565.605558
411,7559.357705
412,7582.547130
413,7537.237623
414,7534.334166
415,7529.212682
416,7536.958738
417,7545.761624
418,7529.515951
419,7516.040221
420,7556.587006
421,7538.265174
422,7528.233657
423,7453.443420
424,7511.068571
425,7593.115491
426,7580.261482
427,7597.632000
428,7589.984307
429,7582.119975
430,7580.729155
431,7590.338431
432,7581.781529
433,7517.582843
434,7603.186682
435,7593.005798
436,7562.428973
437,7563.233146
438,7531.764995
439,7544.210542
440,7499.652445
441,7540.590762
442,7563.185699
443,7596.501020
444,7544.340235
445,7570.023338
446,7594.426063
447,7564.502793
448,7523.882884
449,7545.222868
450,7580.637564
451,7549.355678
452,7586.647430
453,7577.419737
454,7592.009978
455,7569.363997
456,7560.320758
457,7470.223480
458,7571.873861
459,7543.080785
460,7581.106683
461,7557.536805
462,7625.067821
463,7598.314037
464,7606.894980
465,7566.736081
466,7563.917558
467,7580.758308
468,7522.399188
469,7548.524811
470,7555.279753
471,7546.585631
472,7532.410361
473,7471.214854
474,7484.861398
475,7474.881738
476,7444.349097
477,7526.819265
478,7573.002198
479,7557.385999
480,7584.236888
481,7611.031310
482,7626.887503
483,7574.542685
484,7495.435528
485,7604.543546
486,7565.237803
487,7574.916301
488,7562.839738
489,7551.223501
490,7608.277912
491,7567.193877
492,7559.667968
493,7443.872161
494,7535.723200
495,7560.167145
496,7571.070645
497,7604.186678
498,7523.937418
499,7484.990574
