0,3076.424450
1,3365.735182
2,3587.871832
3,3803.404536
4,3986.404515
5,4200.381425
6,4359.870455
7,4527.806263
8,4688.452197
9,4839.772273
10,5050.343183
11,5191.657856
12,5385.915746
13,5505.314526
14,5677.979335
15,5782.313378
16,5872.537817
17,5940.975415
18,6051.297239
19,6116.190777
20,6238.467556
21,6312.324025
22,6471.967345
23,6533.269767
24,6613.149436
25,6670.472127
26,6692.754368
27,6715.588793
28,6730.939592
29,6775.080803
30,6803.370796
31,6801.149179
32,6804.062300
33,6811.865556
34,6796.915870
35,6810.871343
36,6863.708763
37,6885.375477
38,6878.474281
39,6936.913894
40,6963.007769
41,6985.629410
42,7016.530071
43,7046.542965
44,7066.950096
45,7098.026029
46,7158.171100
47,7200.533539
48,7295.396007
49,7311.188537
50,7351.978331
51,7432.021369
52,7507.844421
53,7577.636166
54,7630.882269
55,7698.092844
56,7724.617002
57,7737.538664
58,7743.491930
59,7810.831379
60,7804.531961
61,7806.032471
62,7822.545857
63,7844.155761
64,7871.292827
65,7867.977032
66,7831.920892
67,7867.854689
68,7872.241505
69,7858.929152
70,7855.149638
71,7839.294114
72,7877.343711
73,7865.319619
74,7836.950106
75,7871.653453
76,7862.557226
77,7863.372781
78,7842.573083
79,7896.435681
80,7830.013884
81,7849.909351
82,7869.135647
83,7906.193140
84,7894.121530
85,7889.384446
86,7920.857121
87,7900.942898
88,7902.622143
89,7880.548961
90,7895.844302
91,7837.529279
92,7900.652442
93,7890.096555
94,7870.760255
95,7867.209797
96,7902.148968
97,7898.241396
98,7910.123107
99,7917.471049
100,7910.683149
101,7914.691790
102,7888.549839
103,7929.323223
104,7935.942154
105,7928.168223
106,7908.956592
107,7911.985526
108,7912.751260
109,7923.503935
110,7970.697763
111,7949.212774
112,7949.238508
113,7933.577784
114,7944.646446
115,7956.311946
116,7927.544847
117,7966.550925
118,7942.999138
119,7947.125873
120,7958.419873
121,7968.645236
122,7962.685923
123,7973.983909
124,7941.659547
125,7926.693061
126,7975.568382
127,7951.288747
128,7948.680028
129,7926.541793
130,7958.271462
131,7962.334527
132,7943.451396
133,7931.921433
134,7926.094441
135,7918.765460
136,7945.352691
137,7960.488101
138,7940.926839
139,7916.587541
140,7973.521397
141,7971.380250
142,8005.119942
143,8000.799152
144,8024.424633
145,8025.108758
146,8021.453466
147,7997.071770
148,7992.882067
149,7998.143998
150,7997.873782
151,7989.140998
152,7986.029869
153,7999.394012
154,7960.787599
155,8007.101792
156,8003.828445
157,8001.721356
158,8020.937639
159,8038.146954
160,8028.148568
161,8009.013045
162,8017.168384
163,8022.591594
164,8012.927014
165,8017.430739
166,7996.628516
167,7965.510849
168,8024.206416
169,8057.841198
170,8058.002210
171,8041.063214
172,8060.455480
173,8051.767619
174,8040.470561
175,8052.489274
176,8025.709101
177,8024.876217
178,8044.025240
179,8048.388129
180,7992.274197
181,8021.574490
182,8025.610497
183,8075.429556
184,8054.461821
185,8061.533000
186,8027.191764
187,8061.122324
188,8053.573146
189,8099.953936
190,8126.065119
191,8154.675031
192,8178.821988
193,8211.453702
194,8271.698838
195,8288.389067
196,8307.681513
197,8329.931272
198,8350.551943
199,8344.269254
200,8350.974108
201,8320.753846
202,8373.799559
203,8345.015842
204,8359.833151
205,8359.394758
206,8328.929966
207,8371.650760
208,8317.099897
209,8317.354156
210,8320.164567
211,8364.167112
212,8358.051537
213,8347.841216
214,8346.717677
215,8325.249899
216,8345.505894
217,8348.899151
218,8348.714277
219,8363.680666
220,8349.305456
221,8343.319834
222,8328.079270
223,8357.196404
224,8366.692177
225,8352.718509
226,8370.112732
227,8390.668889
228,8380.067913
229,8345.534809
230,8333.455770
231,8346.214373
232,8352.313990
233,8362.789543
234,8371.825767
235,8379.361077
236,8356.207768
237,8392.011375
238,8388.947187
239,8362.811535
240,8356.172159
241,8329.836577
242,8363.748484
243,8364.078552
244,8366.033977
245,8383.940200
246,8349.625357
247,8374.743289
248,8346.350754
249,8347.671503
250,8351.761837
251,8362.936842
252,8385.795724
253,8383.281557
254,8373.777795
255,8349.414489
256,8349.583988
257,8387.220539
258,8325.686658
259,8321.809811
260,8328.853908
261,8332.176532
262,8374.961301
263,8367.207648
264,8332.441506
265,8315.439066
266,8324.286751
267,8329.083521
268,8350.688124
269,8326.122815
270,8334.423651
271,8307.303370
272,8349.022927
273,8358.816217
274,8365.509966
275,8340.402898
276,8364.640846
277,8371.881898
278,8371.394669
279,8353.539242
280,8345.743644
281,8362.371774
282,8371.873716
283,8352.437795
284,8359.939955
285,8389.613426
286,8367.883081
287,8382.671074
288,8382.133597
289,8359.341206
290,8344.245604
291,8315.134772
292,8314.034556
293,8345.028640
294,8350.329787
295,8358.564447
296,8315.025876
297,8350.688448
298,8337.644208
299,8353.823400
300,8368.893332
301,8374.690597
302,8343.332155
303,8361.848774
304,8362.348208
305,8358.959981
306,8403.434929
307,8353.627469
308,8351.051915
309,8340.701876
310,8348.669524
311,8318.857738
312,8321.349667
313,8325.223851
314,8316.967126
315,8353.264378
316,8361.600969
317,8358.121540
318,8343.234314
319,8365.092752
320,8377.271461
321,8317.452832
322,8325.253825
323,8341.382699
324,8395.882522
325,8407.798095
326,8341.138325
327,8317.429335
328,8325.661855
329,8309.598446
330,8317.421046
331,8320.502440
332,8308.561842
333,8322.991126
334,8322.436042
335,8357.681131
336,8357.755962
337,8357.849322
338,8313.544714
339,8331.124679
340,8372.754206
341,8354.900106
342,8310.367120
343,8322.455057
344,8327.677664
345,8334.735686
346,8351.572619
347,8357.004429
348,8348.329379
349,8322.935517
350,8344.387782
351,8349.538838
352,8337.122941
353,8349.453568
354,8340.136670
355,8353.530648
356,8354.281319
357,8380.081757
358,8379.498991
359,8388.748740
360,8385.382030
361,8382.829590
362,8283.810726
363,8300.590792
364,8357.454394
365,8359.619053
366,8302.289045
367,8330.578510
368,8333.595729
369,8359.704661
370,8355.797594
371,8377.344093
372,8367.979016
373,8379.345973
374,8354.265746
375,8364.685073
376,8371.857321
377,8332.829277
378,8338.258489
379,8351.544841
380,8340.654267
381,8346.753829
382,8390.906249
383,8369.932859
384,8384.540978
385,8384.982027
386,8317.950703
387,8297.896656
388,8299.183060
389,8312.722925
390,8350.212474
391,8359.814961
392,8354.499663
393,8374.309567
394,8364.158599
395,8356.362130
396,8362.578149
397,8335.938853
398,8360.239706
399,8388.516430
400,8334.910264
401,8352.950405
402,8327.628692
403,8358.699003
404,8310.908080
405,8339.573350
406,8353.890666
407,8344.323134
408,8327.884344
409,8318.868371
410,8333.427340
411,8342.471999
412,8392.324549
413,8380.993403
414,8362.100534
415,8363.371165
416,8366.910312
417,8374.741005
418,8354.452616
419,8349.757936
420,8352.627645
421,8341.781205
422,8371.295269
423,8337.634071
424,8349.534770
425,8352.129500
426,8368.915530
427,8331.069632
428,8317.743000
429,8302.205222
430,8317.691711
431,8321.551947
432,8307.882800
433,8286.313033
434,8270.106338
435,8330.421727
436,8356.291288
437,8357.808716
438,8349.324730
439,8356.994846
440,8351.641678
441,8352.877201
442,8367.820361
443,8340.821706
444,8339.946667
445,8323.048478
446,8355.706584
447,8379.011659
448,8396.122496
449,8354.913983
450,8357.084357
451,8377.843379
452,8384.586857
453,8374.384033
454,8382.261795
455,8349.169342
456,8363.236373
457,8372.464738
458,8376.812509
459,8336.485074
460,8347.918993
461,8384.178860
462,8331.219123
463,8310.521758
464,8330.249224
465,8334.696763
466,8355.319364
467,8366.194687
468,8356.785380
469,8354.087202
470,8358.854150
471,8331.312262
472,8376.443786
473,8333.005085
474,8323.902375
475,8326.142499
476,8340.235617
477,8333.726557
478,8304.020350
479,8332.439181
480,8336.771172
481,8340.582676
482,8358.508531
483,8341.082749
484,8315.016263
485,8346.072191
486,8346.073364
487,8334.739451
488,8377.513625
489,8343.976574
490,8362.906263
491,8372.717991
492,8375.850149
493,8377.634863
494,8374.398264
495,8364.929032
496,8380.998987
497,8374.180382
498,8381.235094
499,8362.753091
