0,3091.090216
1,6111.078335
2,6525.247742
3,6803.318047
4,7005.089010
5,7156.771105
6,7279.639181
7,7372.572936
8,7420.043275
9,7578.510008
10,7624.283250
11,7747.084259
12,7769.273101
13,7853.209596
14,7969.933915
15,8039.325897
16,8060.959240
17,8182.844843
18,8215.326033
19,8254.849612
20,8268.148678
21,8306.373296
22,8371.555156
23,8417.433940
24,8460.410410
25,8535.830217
26,8648.475499
27,8732.395761
28,8697.891498
29,8813.807884
30,8867.352669
31,8854.234093
32,8812.639543
33,8937.316308
34,8941.530444
35,8994.192049
36,8966.479399
37,8997.710467
38,9092.671372
39,9098.698925
40,9126.094546
41,9151.287204
42,9230.649260
43,9206.500000
44,9250.431495
45,9208.003349
46,9352.744073
47,9382.013081
48,9426.145391
49,9491.858449
50,9474.299531
51,9408.574034
52,9548.670009
53,9556.424667
54,9619.660199
55,9568.899388
56,9624.077049
57,9760.532808
58,9792.535156
59,9736.492423
60,9802.056595
61,9748.830046
62,9758.472411
63,9845.997734
64,9976.041531
65,9805.787125
66,9868.955941
67,9880.792390
68,9924.279952
69,9991.501401
70,9998.954376
71,9966.223792
72,10092.955722
73,10037.874390
74,10187.113900
75,10172.021199
76,10155.497530
77,10057.037669
78,10264.292387
79,10344.267542
80,10353.204194
81,10302.657289
82,10292.955466
83,10340.374611
84,10502.817191
85,10422.104842
86,10399.724593
87,10503.766425
88,10398.531777
89,10595.357117
90,10543.432780
91,10666.610996
92,10544.353723
93,10566.848548
94,10649.243407
95,10684.402454
96,10533.009624
97,10554.780468
98,10646.607441
99,10696.629670
100,10752.726364
101,10783.416793
102,10664.382870
103,10572.651269
104,10722.617574
105,10887.908372
106,10744.676555
107,10814.949660
108,10821.500071
109,10823.574441
110,10877.768434
111,10840.788791
112,10905.643349
113,10944.820352
114,10942.488373
115,10896.578926
116,11012.631236
117,10865.164142
118,10933.858473
119,10901.526108
120,10938.126945
121,10886.016721
122,10861.474557
123,10985.640861
124,11052.909690
125,10999.624421
126,11090.186686
127,10884.344968
128,10974.378203
129,11027.033481
130,10958.066134
131,11007.520859
132,11053.348061
133,11171.356094
134,11105.817885
135,11147.633388
136,11100.295814
137,10985.464979
138,11012.148051
139,11031.386524
140,11005.641584
141,11017.990462
142,11047.672728
143,11086.852557
144,11172.229174
145,11150.004968
146,11215.907325
147,11031.687766
148,11188.511043
149,11292.075081
150,11317.034047
151,11240.171717
152,11218.947538
153,11297.853689
154,11224.854572
155,11278.162696
156,11320.235403
157,11290.061874
158,11255.580979
159,11267.324141
160,11297.582301
161,11235.873517
162,11329.614368
163,11307.370409
164,11317.575279
165,11348.012762
166,11413.441166
167,11372.049115
168,11344.992184
169,11272.363626
170,11465.073298
171,11446.736786
172,11356.504319
173,11434.625057
174,11423.478682
175,11514.004359
176,11477.733822
177,11457.112453
178,11466.714785
179,11494.527519
180,11436.977595
181,11401.076023
182,11464.178154
183,11422.895749
184,11466.037284
185,11445.291713
186,11545.591533
187,11473.661946
188,11537.713671
189,11644.675024
190,11528.926957
191,11578.081054
192,11576.081341
193,11511.887786
194,11587.259184
195,11669.372302
196,11621.090686
197,11665.640634
198,11781.402257
199,11711.341401
200,11594.307212
201,11642.444202
202,11441.055051
203,11530.409240
204,11556.784734
205,11681.807310
206,11693.702904
207,11617.994653
208,11721.384801
209,11797.673317
210,11827.666614
211,11652.940465
212,11639.524054
213,11666.702011
214,11837.462296
215,11684.801122
216,11716.459808
217,11738.425629
218,11721.137096
219,11691.287902
220,11800.643465
221,11688.983021
222,11836.351731
223,11977.404531
224,11783.583890
225,11878.273368
226,11937.751586
227,11844.566222
228,11820.328256
229,11868.689185
230,11744.088794
231,11726.798252
232,11828.140091
233,11802.927818
234,11950.098645
235,11818.876688
236,11806.812622
237,11642.594542
238,11599.952664
239,11758.992881
240,11851.528365
241,11816.184350
242,11902.724836
243,12059.646128
244,11926.493435
245,11755.399244
246,11769.531818
247,11752.836472
248,11926.420679
249,12008.780962
250,12056.320759
251,11754.932095
252,11816.524936
253,11920.865230
254,11874.681624
255,12007.116929
256,12035.482256
257,12003.414887
258,11985.848861
259,11903.981657
260,12033.510271
261,11930.008017
262,11948.835424
263,12009.349295
264,11969.368268
265,12116.936134
266,11957.570929
267,11978.727803
268,12022.932378
269,12031.590340
270,12003.536055
271,12044.539316
272,11957.197209
273,12136.341215
274,11954.360178
275,11932.259785
276,11977.608937
277,11883.521173
278,12017.085713
279,12010.259093
280,11998.414980
281,11985.941497
282,11943.593620
283,12113.448022
284,12103.211316
285,12068.913949
286,12103.817471
287,12151.469803
288,12110.759008
289,12105.034065
290,12153.380785
291,12034.011741
292,11969.464715
293,12107.231925
294,12082.359568
295,11994.062690
296,12227.971540
297,12124.674581
298,12114.412920
299,12171.476331
300,12209.699707
301,12153.686880
302,12084.487634
303,12204.658768
304,12193.322992
305,12188.816387
306,12236.311584
307,12142.444309
308,12097.048726
309,12239.507607
310,12268.899122
311,12082.908020
312,12172.974056
313,12094.296226
314,12084.272302
315,12139.058503
316,12283.018173
317,12123.485478
318,12220.731842
319,12169.090124
320,12223.517572
321,12281.140237
322,12325.333760
323,12263.470760
324,12311.813073
325,12144.501500
326,12289.877704
327,12254.643020
328,12198.222647
329,12192.762304
330,12266.480987
331,12221.703377
332,12246.392415
333,12163.514788
334,12168.772044
335,12213.311619
336,12158.819810
337,12338.455635
338,12331.180090
339,12354.819232
340,12317.843254
341,12329.878108
342,12292.515719
343,12264.853348
344,12335.827940
345,12278.017614
346,12288.922617
347,12289.510918
348,12376.255386
349,12258.096810
350,12409.624802
351,12555.928382
352,12319.700971
353,12391.885159
354,12494.238033
355,12293.394449
356,12346.978265
357,12389.880236
358,12298.664892
359,12245.519107
360,12279.073114
361,12360.008322
362,12399.942773
363,12310.020164
364,12235.859882
365,12481.654179
366,12388.409120
367,12477.934656
368,12378.973017
369,12471.606649
370,12657.711278
371,12401.875360
372,12472.806882
373,12423.115591
374,12483.963180
375,12460.122100
376,12520.577098
377,12553.363861
378,12603.113287
379,12453.014963
380,12514.275573
381,12424.112208
382,12369.683126
383,12491.751660
384,12528.901024
385,12387.672909
386,12458.699038
387,12591.191300
388,12440.945224
389,12539.577481
390,12396.461427
391,12346.658800
392,12544.971868
393,12451.653868
394,12443.742951
395,12357.256084
396,12325.782616
397,12475.898779
398,12416.224401
399,12659.689747
400,12518.683196
401,12573.566449
402,12476.744477
403,12503.871590
404,12535.171270
405,12573.946199
406,12664.678629
407,12402.785304
408,12480.870649
409,12453.650693
410,12348.413903
411,12556.480382
412,12452.633536
413,12439.682891
414,12451.094053
415,12561.416727
416,12647.271044
417,12367.566896
418,12584.167022
419,12591.100683
420,12439.046817
421,12583.178033
422,12629.475317
423,12570.054687
424,12668.654231
425,12629.333487
426,12517.275464
427,12476.298582
428,12617.955473
429,12603.210941
430,12605.344201
431,12697.449686
432,12574.310696
433,12621.734611
434,12703.083962
435,12632.896301
436,12536.763324
437,12381.036533
438,12593.128459
439,12580.410589
440,12531.360847
441,12544.825629
442,12519.713344
443,12545.613481
444,12659.655217
445,12533.330195
446,12568.427342
447,12644.844047
448,12613.178023
449,12555.417786
450,12563.774949
451,12499.345067
452,12753.971086
453,12648.251866
454,12683.194379
455,12553.383876
456,12536.402078
457,12669.939758
458,12525.897682
459,12627.765460
460,12555.836999
461,12583.806308
462,12646.526500
463,12794.624506
464,12594.734058
465,12672.378867
466,12559.352897
467,12610.360225
468,12523.406573
469,12699.124909
470,12666.703126
471,12775.675226
472,12572.021559
473,12709.724908
474,12701.257960
475,12770.431832
476,12712.181127
477,12687.287446
478,12634.936597
479,12670.445361
480,12733.064597
481,12610.865664
482,12615.611228
483,12661.861340
484,12649.269049
485,12778.262050
486,12750.762833
487,12820.704827
488,12889.383696
489,12748.256560
490,12595.990154
491,12788.365591
492,12831.126878
493,12694.247334
494,12764.452366
495,12880.194451
496,12686.018291
497,12801.048675
498,12713.935268
499,12695.551181
