0,3049.595132
1,6061.540220
2,6477.782266
3,6716.367629
4,6885.631479
5,7047.881132
6,7150.231262
7,7309.465326
8,7467.157533
9,7619.089404
10,7641.965789
11,7690.304878
12,7820.810607
13,7923.232295
14,7996.244536
15,8138.485015
16,8044.989985
17,8273.593493
18,8357.347396
19,8496.503552
20,8490.151109
21,8673.789491
22,8933.641588
23,8868.885596
24,8948.931454
25,9095.311627
26,9139.625888
27,9096.683077
28,9246.129066
29,9498.280493
30,9508.439079
31,9234.837271
32,9502.076847
33,9547.581793
34,9538.794142
35,9824.948107
36,9721.347361
37,9837.419351
38,10180.324717
39,10151.348510
40,10095.780775
41,10005.422781
42,10326.031191
43,10312.018860
44,10194.263829
45,10446.951883
46,10920.555992
47,10538.132888
48,10462.885091
49,10783.434491
50,10967.992343
51,10778.335377
52,10832.018609
53,11045.690022
54,10898.558192
55,10841.821553
56,10778.637667
57,11053.942462
58,10826.340660
59,11033.845240
60,10823.679577
61,10867.693978
62,10963.209910
63,10902.661749
64,11114.777524
65,10924.073596
66,11317.779085
67,11732.926244
68,11401.848076
69,11432.809361
70,11440.298638
71,11525.747079
72,11414.327600
73,11372.555690
74,11632.097846
75,11331.912460
76,11389.602438
77,11228.042662
78,11166.072094
79,11175.169142
80,11443.358110
81,11418.417845
82,11389.856444
83,11395.509841
84,11482.983463
85,11793.337105
86,11691.472086
87,11903.208658
88,11886.758731
89,11974.570589
90,11741.592194
91,11551.177199
92,11770.785838
93,11576.658118
94,11764.684153
95,11867.280030
96,11650.952833
97,11679.872305
98,11929.160735
99,11825.104066
100,11688.831775
101,11858.351329
102,11833.757376
103,11649.704239
104,11439.549573
105,11593.541804
106,11389.418681
107,11712.738459
108,11673.291616
109,11235.512134
110,11745.554901
111,11658.256794
112,11967.806614
113,11663.412513
114,11721.432560
115,11846.946424
116,11829.422448
117,11532.678098
118,11955.466320
119,11551.136922
120,11556.530502
121,11818.377287
122,11523.039581
123,11664.094880
124,11962.763585
125,12072.765872
126,11886.902582
127,11852.204557
128,11525.602578
129,11933.263014
130,11762.003607
131,11921.014778
132,11492.623290
133,11916.382741
134,11629.615249
135,11853.078730
136,11837.582272
137,11817.915341
138,11803.646405
139,11908.817187
140,11491.376860
141,11861.414639
142,11617.446797
143,11777.071374
144,11681.558234
145,11689.196695
146,11873.009989
147,11609.789240
148,11843.105466
149,11654.249125
150,11920.868665
151,11949.083366
152,11672.361921
153,11668.286580
154,11606.649804
155,11662.999936
156,11612.504591
157,11738.969033
158,11847.158178
159,11926.441473
160,12121.679327
161,12074.097660
162,11657.116515
163,11678.024073
164,11434.618246
165,11622.518609
166,11630.985203
167,11513.336173
168,11503.980581
169,11699.873309
170,11619.938379
171,11831.632402
172,11775.651828
173,11744.959664
174,11829.596085
175,11708.677962
176,11775.808414
177,11697.025981
178,12050.332312
179,11990.210822
180,11825.463701
181,11602.646067
182,11717.571925
183,11839.766083
184,11619.251489
185,11748.339652
186,11985.055046
187,11984.912610
188,12064.818768
189,11975.420736
190,11827.970928
191,11830.284270
192,12019.726780
193,11891.931530
194,12028.301897
195,11858.308959
196,11655.032873
197,11364.390916
198,11877.433747
199,11700.822933
200,11941.119638
201,12171.970698
202,11802.398247
203,11897.721819
204,12196.699979
205,12079.595551
206,12278.490436
207,11942.750538
208,12233.583940
209,12226.416255
210,12017.645360
211,12077.983553
212,11984.384136
213,12083.790664
214,12072.644598
215,11964.310001
216,12335.236343
217,12673.415034
218,12612.002577
219,12100.114225
220,12229.843428
221,12549.130213
222,12270.695894
223,12248.766171
224,12358.189761
225,12593.019586
226,12293.100389
227,12490.874944
228,12338.671928
229,12390.117509
230,12025.166390
231,12317.501579
232,12174.351558
233,12447.037794
234,12257.077543
235,12284.976987
236,12443.867510
237,12438.023165
238,12530.156716
239,12474.280911
240,12339.555216
241,12048.574223
242,12411.169875
243,12469.601093
244,12553.689195
245,12434.757743
246,12097.671687
247,12612.019138
248,12385.822742
249,12210.772674
250,12368.650540
251,12627.897880
252,12299.079049
253,12290.636307
254,12483.360353
255,12391.473972
256,11974.113344
257,12351.027388
258,12127.227585
259,12326.254046
260,12666.596429
261,13095.689053
262,12591.991386
263,12772.046640
264,12419.048383
265,12253.991718
266,12787.672775
267,12648.783830
268,12451.741246
269,12545.896501
270,12707.576582
271,12370.368102
272,12236.905301
273,12411.317187
274,12301.319092
275,12163.621932
276,12657.039555
277,12722.751879
278,13037.717783
279,12316.589492
280,12408.271156
281,12144.570501
282,12209.476608
283,12503.334693
284,12161.141130
285,12424.551563
286,12297.672116
287,12325.977955
288,12441.018669
289,12519.239703
290,12391.463233
291,12198.829206
292,12559.951412
293,12359.420200
294,12480.222328
295,12686.316053
296,12601.988258
297,12492.364941
298,12364.281970
299,12357.142773
300,12578.249592
301,12481.794730
302,12545.758660
303,12821.533859
304,12264.725916
305,12271.520336
306,12509.298524
307,12553.490653
308,12402.500391
309,12436.919516
310,12559.961584
311,12601.799764
312,12490.455925
313,13036.341729
314,12735.399288
315,12517.675725
316,12331.701547
317,12381.674955
318,12542.760907
319,12341.691480
320,12590.820140
321,12363.544105
322,12497.922318
323,12243.640087
324,12411.255227
325,12329.297997
326,12094.010191
327,12613.767148
328,12880.788336
329,12509.619260
330,12656.356490
331,12382.558128
332,12182.465751
333,12240.991179
334,12462.488758
335,12254.093892
336,12409.053043
337,12514.861203
338,12143.200731
339,12314.523638
340,12309.934005
341,12473.259553
342,12372.575077
343,11989.097595
344,12211.871882
345,12394.742277
346,12132.058108
347,12342.249005
348,12915.169498
349,12576.962271
350,12337.535933
351,12527.303968
352,12891.406200
353,12683.551746
354,12488.030489
355,12448.858950
356,12347.229597
357,12612.941796
358,12066.186052
359,12273.820546
360,12230.388301
361,12331.447737
362,12669.309071
363,12594.489428
364,12375.350049
365,12723.132174
366,12779.811772
367,12424.461863
368,12407.582222
369,12889.785407
370,12975.272239
371,12124.710126
372,12417.191430
373,12342.506120
374,12372.144920
375,12325.861819
376,12423.771868
377,12179.883579
378,12202.170061
379,12313.498372
380,12542.701305
381,12505.275362
382,12411.557141
383,12324.405600
384,12445.641605
385,12867.015054
386,12444.112539
387,12760.173492
388,12434.704055
389,12102.361900
390,12297.556662
391,12560.830870
392,12888.743888
393,12311.229355
394,12377.583683
395,12363.065459
396,12329.432574
397,12061.918940
398,12103.760568
399,12439.241443
400,12302.137156
401,12440.010277
402,12145.642735
403,12349.375048
404,11996.573272
405,12065.208910
406,12554.505451
407,12343.966426
408,12318.955055
409,12298.565572
410,12511.588231
411,12136.455736
412,12518.706640
413,12333.954239
414,12522.341341
415,12446.328289
416,12362.767576
417,12395.728249
418,12153.084436
419,12157.869716
420,12425.240930
421,12287.351843
422,12577.652274
423,12552.721948
424,12399.670151
425,12147.182805
426,12424.871020
427,12531.965533
428,12168.906714
429,12709.258675
430,12722.186620
431,12719.925011
432,12596.819402
433,12273.421063
434,12355.525097
435,12260.250710
436,12475.267622
437,12291.010957
438,12456.131361
439,12522.916167
440,12598.944717
441,12333.884813
442,12225.169179
443,12475.609029
444,12342.777450
445,12577.205399
446,12478.021898
447,12612.266886
448,12736.436856
449,12327.991731
450,12321.064321
451,12332.608242
452,12698.684913
453,12425.410316
454,12091.289749
455,12325.393766
456,12853.556975
457,12713.424943
458,12753.808835
459,12596.321364
460,12581.194103
461,12593.856976
462,12334.541881
463,12512.371473
464,12212.925819
465,12484.840328
466,12608.877285
467,12390.332689
468,12187.882461
469,12040.881394
470,12379.411936
471,12457.909920
472,12476.218324
473,12346.540884
474,12363.586586
475,12345.827218
476,12602.855171
477,12509.095886
478,12750.536992
479,12696.001123
480,12528.486719
481,12343.599455
482,12390.576705
483,12320.592274
484,12685.794013
485,12435.646244
486,12458.725320
487,12450.194167
488,12202.287168
489,12642.668355
490,12523.263741
491,12050.043932
492,12213.435287
493,12378.369853
494,12201.948041
495,12287.305286
496,12501.646149
497,12455.354312
498,12508.614604
499,12223.235958
