0,3058.580718
1,3062.511907
2,3104.351122
3,3149.409585
4,3109.595191
5,3080.572848
6,3051.491401
7,3090.191290
8,3000.907428
9,3051.002120
10,3054.054693
11,3089.455793
12,3070.735962
13,3030.055218
14,3060.468056
15,3070.776368
16,3002.012584
17,3024.472590
18,3027.445652
19,3022.683197
20,3089.413801
21,3091.368459
22,3097.639144
23,3166.785538
24,3180.037871
25,3173.519070
26,3075.153071
27,3201.913754
28,3163.734995
29,3229.137220
30,3324.435219
31,3364.453211
32,3325.004701
33,3374.795831
34,3364.028949
35,3385.004595
36,3468.367942
37,3473.529007
38,3492.257991
39,3508.444160
40,3565.324520
41,3451.618373
42,3509.191804
43,3607.277563
44,3662.259878
45,3629.639672
46,3760.142998
47,3858.703209
48,3709.203383
49,3788.870669
50,3738.848176
51,3727.302483
52,3717.230642
53,3806.371271
54,3791.517115
55,3830.394161
56,3768.278836
57,3832.204938
58,3774.252689
59,3844.549932
60,3915.583558
61,3998.035931
62,4041.703221
63,4057.101634
64,4145.336552
65,4190.881649
66,4182.848368
67,4157.596643
68,4342.998761
69,4353.427724
70,4361.715296
71,4449.188749
72,4528.706828
73,4477.054835
74,4418.360073
75,4407.339450
76,4589.742990
77,4610.495563
78,4696.816376
79,4665.733932
80,4527.397559
81,4504.063669
82,4686.342160
83,4663.466985
84,4702.054681
85,4803.214713
86,4793.975776
87,4846.882504
88,4967.972572
89,4980.110856
90,4921.985358
91,5102.280064
92,5094.366609
93,5065.841371
94,5079.700877
95,5277.796223
96,5405.503875
97,5473.441861
98,5466.182196
99,5502.995783
100,5726.869069
101,5726.609912
102,5807.403224
103,5897.313994
104,6091.022795
105,6173.289012
106,6391.142617
107,6456.943601
108,6453.839412
109,6465.806480
110,6532.718202
111,6299.838452
112,6319.799002
113,6422.794301
114,6412.714274
115,6566.042709
116,6524.516253
117,6592.530035
118,6729.029935
119,6920.136262
120,6996.657050
121,6972.264077
122,7100.825982
123,7121.333406
124,7147.519980
125,7086.004983
126,7134.554483
127,7178.359710
128,7315.430250
129,7291.954721
130,7322.793146
131,7332.682116
132,7453.912501
133,7427.273152
134,7418.436395
135,7374.777521
136,7399.976835
137,7369.346670
138,7388.052945
139,7372.922659
140,7401.790098
141,7470.285762
142,7446.933415
143,7334.107298
144,7451.023308
145,7492.036135
146,7508.944430
147,7495.166043
148,7484.442264
149,7492.181466
150,7517.335178
151,7546.096958
152,7521.411387
153,7497.000089
154,7523.828038
155,7574.540695
156,7562.678040
157,7521.418869
158,7593.186231
159,7564.557450
160,7565.412357
161,7595.321707
162,7553.023313
163,7522.949513
164,7553.462587
165,7537.939020
166,7546.733641
167,7569.430122
168,7593.182218
169,7583.164152
170,7582.775716
171,7598.693339
172,7586.355259
173,7600.195878
174,7584.846657
175,7600.490241
176,7600.327829
177,7600.111279
178,7600.165416
179,7585.086009
180,7586.998122
181,7600.598516
182,7600.706791
183,7600.490241
184,7584.414055
185,7600.544378
186,7586.226846
187,7586.190552
188,7600.869203
189,7587.503708
190,7585.003431
191,7601.139890
192,7601.139890
193,7601.139890
194,7601.139890
195,7601.139890
196,7601.139890
197,7601.139890
198,7601.139890
199,7601.139890
200,7601.139890
201,7601.139890
202,7601.139890
203,7601.139890
204,7601.139890
205,7601.139890
206,7601.139890
207,7601.139890
208,7601.139890
209,7601.139890
210,7601.139890
211,7601.139890
212,7601.139890
213,7601.139890
214,7601.139890
215,7601.139890
216,7601.139890
217,7601.139890
218,7601.139890
219,7601.139890
220,7601.139890
221,7601.139890
222,7601.139890
223,7601.139890
224,7601.139890
225,7601.139890
226,7601.139890
227,7601.139890
228,7601.139890
229,7601.139890
230,7601.139890
231,7601.139890
232,7601.139890
233,7601.139890
234,7601.139890
235,7601.139890
236,7601.139890
237,7601.139890
238,7601.139890
239,7601.139890
240,7601.139890
241,7601.139890
242,7601.139890
243,7601.139890
244,7601.139890
245,7601.139890
246,7601.139890
247,7601.139890
248,7601.139890
249,7601.139890
250,7601.139890
251,7601.139890
252,7601.139890
253,7601.139890
254,7601.139890
255,7601.139890
256,7601.139890
257,7601.139890
258,7601.139890
259,7601.139890
260,7601.139890
261,7601.139890
262,7601.139890
263,7601.139890
264,7601.139890
265,7601.139890
266,7601.139890
267,7601.139890
268,7601.139890
269,7601.139890
270,7601.139890
271,7601.139890
272,7601.139890
273,7601.139890
274,7601.139890
275,7601.139890
276,7601.139890
277,7601.139890
278,7601.139890
279,7601.139890
280,7601.139890
281,7601.139890
282,7601.139890
283,7601.139890
284,7601.139890
285,7601.139890
286,7601.139890
287,7601.139890
288,7601.139890
289,7601.139890
290,7601.139890
291,7601.139890
292,7601.139890
293,7601.139890
294,7601.139890
295,7601.139890
296,7601.139890
297,7601.139890
298,7601.139890
299,7601.139890
300,7601.139890
301,7601.139890
302,7601.139890
303,7601.139890
304,7601.139890
305,7601.139890
306,7601.139890
307,7601.139890
308,7601.139890
309,7601.139890
310,7601.139890
311,7601.139890
312,7601.139890
313,7601.139890
314,7601.139890
315,7601.139890
316,7601.139890
317,7601.139890
318,7601.139890
319,7601.139890
320,7601.139890
321,7601.139890
322,7601.139890
323,7601.139890
324,7601.139890
325,7601.139890
326,7601.139890
327,7601.139890
328,7601.139890
329,7601.139890
330,7601.139890
331,7601.139890
332,7601.139890
333,7601.139890
334,7601.139890
335,7601.139890
336,7601.139890
337,7601.139890
338,7601.139890
339,7601.139890
340,7601.139890
341,7601.139890
342,7601.139890
343,7601.139890
344,7601.139890
345,7601.139890
346,7601.139890
347,7601.139890
348,7601.139890
349,7601.139890
350,7601.139890
351,7601.139890
352,7601.139890
353,7601.139890
354,7601.139890
355,7601.139890
356,7601.139890
357,7601.139890
358,7601.139890
359,7601.139890
360,7601.139890
361,7601.139890
362,7601.139890
363,7601.139890
364,7601.139890
365,7601.139890
366,7601.139890
367,7601.139890
368,7601.139890
369,7601.139890
370,7601.139890
371,7601.139890
372,7601.139890
373,7601.139890
374,7601.139890
375,7601.139890
376,7601.139890
377,7601.139890
378,7601.139890
379,7601.139890
380,7601.139890
381,7601.139890
382,7601.139890
383,7601.139890
384,7601.139890
385,7601.139890
386,7601.139890
387,7601.139890
388,7601.139890
389,7601.139890
390,7601.139890
391,7601.139890
392,7601.139890
393,7601.139890
394,7601.139890
395,7601.139890
396,7601.139890
397,7601.139890
398,7601.139890
399,7601.139890
400,7601.139890
401,7601.139890
402,7601.139890
403,7601.139890
404,7601.139890
405,7601.139890
406,7601.139890
407,7601.139890
408,7601.139890
409,7601.139890
410,7601.139890
411,7601.139890
412,7601.139890
413,7601.139890
414,7601.139890
415,7601.139890
416,7601.139890
417,7601.139890
418,7601.139890
419,7601.139890
420,7601.139890
421,7601.139890
422,7601.139890
423,7601.139890
424,7601.139890
425,7601.139890
426,7601.139890
427,7601.139890
428,7601.139890
429,7601.139890
430,7601.139890
431,7601.139890
432,7601.139890
433,7601.139890
434,7601.139890
435,7601.139890
436,7601.139890
437,7601.139890
438,7601.139890
439,7601.139890
440,7601.139890
441,7601.139890
442,7601.139890
443,7601.139890
444,7601.139890
445,7601.139890
446,7601.139890
447,7601.139890
448,7601.139890
449,7601.139890
450,7601.139890
451,7601.139890
452,7601.139890
453,7601.139890
454,7601.139890
455,7601.139890
456,7601.139890
457,7601.139890
458,7601.139890
459,7601.139890
460,7601.139890
461,7601.139890
462,7601.139890
463,7601.139890
464,7601.139890
465,7601.139890
466,7601.139890
467,7601.139890
468,7601.139890
469,7601.139890
470,7601.139890
471,7601.139890
472,7601.139890
473,7601.139890
474,7601.139890
475,7601.139890
476,7601.139890
477,7601.139890
478,7601.139890
479,7601.139890
480,7601.139890
481,7601.139890
482,7601.139890
483,7601.139890
484,7601.139890
485,7601.139890
486,7601.139890
487,7601.139890
488,7601.139890
489,7601.139890
490,7601.139890
491,7601.139890
492,7601.139890
493,7601.139890
494,7601.139890
495,7601.139890
496,7601.139890
497,7601.139890
498,7601.139890
499,7601.139890
