0,3079.529653
1,6286.960540
2,6811.391293
3,7191.210479
4,7541.515539
5,8002.932937
6,8377.726913
7,8675.785140
8,9067.245272
9,9342.893659
10,9793.893302
11,10161.604848
12,10614.427637
13,10921.164392
14,11089.869594
15,11469.642350
16,11796.171990
17,11978.743334
18,12085.887103
19,12208.760879
20,12406.069439
21,12525.170023
22,12631.521044
23,12872.499816
24,12936.545179
25,13091.590584
26,13192.699486
27,13249.215361
28,13317.332340
29,13465.774003
30,13436.208814
31,13385.259765
32,13560.560335
33,13549.644803
34,13560.995637
35,13728.868911
36,13808.832403
37,13844.208161
38,13855.978809
39,13812.436587
40,13788.730428
41,13906.373898
42,13987.793578
43,13996.484595
44,13972.054369
45,14113.987959
46,14098.438764
47,14117.118533
48,14282.023476
49,14285.412392
50,14251.819303
51,14341.620750
52,14365.716539
53,14488.851411
54,14542.452118
55,14720.413460
56,14865.538658
57,15049.381274
58,15008.438709
59,15208.825396
60,15413.004062
61,15409.272961
62,15514.517535
63,15656.628985
64,15736.313151
65,15897.503115
66,15834.163744
67,15829.683297
68,15904.708019
69,15939.075551
70,16061.793712
71,16079.631981
72,16124.440815
73,16304.604822
74,16244.930862
75,16109.262580
76,16169.040953
77,16374.330700
78,16333.040155
79,16282.003708
80,16355.425603
81,16493.752107
82,16405.667314
83,16324.705603
84,16527.999972
85,16428.884733
86,16537.084940
87,16607.228653
88,16592.708690
89,16576.123172
90,16545.102492
91,16639.019782
92,16481.142181
93,16572.984796
94,16658.235892
95,16582.787359
96,16618.632857
97,16478.008168
98,16522.108883
99,16546.723426
100,16568.959209
101,16714.180908
102,16752.584150
103,16607.572813
104,16596.647841
105,16690.309852
106,16769.302388
107,16674.876602
108,16648.795787
109,16408.065112
110,16645.594028
111,16693.309877
112,16725.104157
113,16727.429445
114,16804.571853
115,16668.617888
116,16751.451205
117,16726.343071
118,16633.397942
119,16482.483284
120,16608.090334
121,16676.296121
122,16589.564532
123,16677.405837
124,16631.122885
125,16558.075303
126,16682.216317
127,16698.867390
128,16696.096696
129,16600.143719
130,16612.662080
131,16658.606022
132,16737.366526
133,16803.782536
134,16775.450016
135,16739.221966
136,16627.529764
137,16599.873499
138,16678.257174
139,16802.161137
140,16683.251547
141,16625.716423
142,16698.588319
143,16698.354997
144,16773.066415
145,16584.968831
146,16783.758085
147,16706.345283
148,16741.384019
149,16597.996049
150,16681.477478
151,16697.176397
152,16753.049226
153,16663.643175
154,16700.470563
155,16615.866137
156,16694.476506
157,16627.829555
158,16591.101472
159,16626.907132
160,16587.975019
161,16624.095812
162,16594.780006
163,16538.252030
164,16635.856617
165,16712.370908
166,16748.803531
167,16830.214505
168,16725.932403
169,16722.542524
170,16608.209854
171,16642.180255
172,16630.558260
173,16587.998146
174,16548.459770
175,16661.894209
176,16740.117900
177,16720.536696
178,16690.548093
179,16645.703567
180,16727.451717
181,16723.479626
182,16705.624413
183,16650.267694
184,16678.870382
185,16812.242658
186,16755.290110
187,16695.929505
188,16746.030838
189,16679.046031
190,16652.061244
191,16717.647937
192,16750.996409
193,16854.168439
194,16865.811393
195,16858.405633
196,16726.519080
197,16692.681772
198,16747.172141
199,16721.468519
200,16904.138997
201,16901.737190
202,16752.315831
203,16766.690886
204,16678.842572
205,16736.245881
206,16627.001234
207,16740.987933
208,16718.052991
209,16790.535248
210,16726.115471
211,16842.395079
212,16887.708940
213,16853.018727
214,16901.126737
215,16837.772144
216,16731.650910
217,16795.280884
218,16861.723678
219,16749.241318
220,16880.218863
221,16767.666923
222,16897.290289
223,16902.804653
224,16842.517578
225,16863.874904
226,16708.410007
227,16783.659003
228,16851.859823
229,16959.125586
230,16940.106779
231,16913.684227
232,16886.562628
233,16655.838921
234,16755.427317
235,16691.180909
236,16839.272666
237,16796.383645
238,16684.390593
239,16686.031125
240,16829.228017
241,16936.700971
242,16865.083538
243,16933.968011
244,16884.515356
245,16862.063203
246,16997.094291
247,16873.733994
248,16876.450949
249,17041.411027
250,17064.973526
251,16887.295995
252,16817.123393
253,16782.191511
254,16867.648479
255,16738.376729
256,16927.661055
257,16838.978921
258,16827.680631
259,16894.689215
260,16887.073099
261,16891.995452
262,16872.893805
263,16807.477822
264,16806.152034
265,16728.786831
266,16809.535759
267,16873.946148
268,16905.860975
269,16757.370789
270,16940.526893
271,16794.450709
272,16768.100564
273,16807.732708
274,16845.184049
275,16810.664078
276,16966.687158
277,16952.135197
278,16829.113860
279,16814.386260
280,16855.210272
281,16918.738656
282,16804.868695
283,16842.261517
284,16709.503748
285,16744.455596
286,16811.546879
287,16849.424746
288,16908.005286
289,16916.225045
290,16892.982232
291,16939.678535
292,16764.919709
293,16969.755827
294,16924.619147
295,16876.247396
296,16768.767648
297,16893.164538
298,17013.611340
299,16937.924480
300,16819.020157
301,16833.358376
302,16957.084585
303,16871.451122
304,16814.028937
305,16996.617500
306,16836.466774
307,16791.813833
308,16854.180993
309,16873.632408
310,16970.707833
311,16856.245517
312,16861.077853
313,17082.648827
314,16958.113874
315,16801.218165
316,16894.604628
317,16995.270113
318,16789.378371
319,16759.601890
320,16831.759405
321,16850.121986
322,16976.524058
323,16984.574279
324,16943.044159
325,16855.290709
326,16823.257159
327,16681.544042
328,16890.791261
329,17172.242206
330,17091.403029
331,17202.624591
332,17257.797845
333,17369.128951
334,17301.138172
335,17318.495320
336,17322.548236
337,17175.081250
338,17118.981131
339,17142.502629
340,17026.878732
341,17250.385358
342,17101.640806
343,17162.549833
344,17128.499272
345,17255.393925
346,17338.774551
347,17216.328881
348,17360.216849
349,17271.991143
350,17293.472795
351,17280.126688
352,17196.173909
353,17187.437471
354,17194.856707
355,17042.523411
356,17086.463730
357,17202.661629
358,17275.615823
359,17333.074279
360,17335.350432
361,17200.406058
362,17283.172054
363,17199.073531
364,17342.029174
365,17295.206095
366,17207.947111
367,17173.433399
368,17218.780380
369,17292.609173
370,17251.651141
371,17213.364189
372,17194.922094
373,17196.983310
374,17155.565328
375,17136.075154
376,17121.879973
377,17194.134723
378,17312.385322
379,17322.038555
380,17244.204920
381,17173.437580
382,17223.322757
383,17226.727663
384,17273.888930
385,17377.415497
386,17230.721920
387,17290.353645
388,17250.640167
389,17174.117481
390,17203.130017
391,17226.434569
392,17247.387686
393,17252.768434
394,17236.191129
395,17168.767889
396,17309.939410
397,17275.471739
398,17298.315671
399,17286.046454
400,17339.792092
401,17433.390170
402,17455.702461
403,17615.381646
404,17816.258735
405,17676.831465
406,17723.793207
407,17612.214540
408,17597.876189
409,17548.717338
410,17445.798070
411,17630.310219
412,17613.416433
413,17582.748481
414,17635.398809
415,17509.118557
416,17653.556615
417,17562.409595
418,17703.075018
419,17542.258976
420,17430.322494
421,17394.660735
422,17593.178710
423,17550.088026
424,17563.767668
425,17660.045993
426,17762.686435
427,17662.297489
428,17707.240548
429,17693.809694
430,17606.208359
431,17543.062529
432,17538.989567
433,17499.535207
434,17522.749382
435,17496.468420
436,17537.286016
437,17599.303943
438,17518.035331
439,17466.410039
440,17703.731007
441,17631.321385
442,17615.223855
443,17741.957986
444,17694.198860
445,17493.634325
446,17345.105727
447,17498.322386
448,17595.618641
449,17550.392987
450,17608.918041
451,17720.915808
452,17721.742721
453,17828.815944
454,17630.076472
455,17572.741564
456,17730.995434
457,17585.848305
458,17498.491974
459,17678.188562
460,17813.064764
461,17564.754103
462,17588.936023
463,17623.964919
464,17602.333314
465,17785.596627
466,17604.457406
467,17691.050334
468,17694.328229
469,17758.837380
470,17602.407987
471,17658.084135
472,17642.254022
473,17698.555253
474,17687.764870
475,17588.559102
476,17544.595675
477,17465.000423
478,17651.797690
479,17578.414937
480,17653.943887
481,17645.926287
482,17519.869410
483,17429.622016
484,17648.993703
485,17543.150459
486,17541.880432
487,17481.114617
488,17453.095226
489,17485.527335
490,17638.362401
491,17835.990806
492,17658.910413
493,17616.791634
494,17543.438425
495,17509.323671
496,17751.817267
497,17723.946997
498,17675.410694
499,17581.082091
