0,3044.970187
1,6045.832624
2,6311.887859
3,6611.258678
4,6758.066586
5,7004.497039
6,7116.334828
7,7210.651653
8,7432.862813
9,7471.285697
10,7736.702315
11,7769.750934
12,8008.121162
13,8147.099680
14,8214.103605
15,8303.461114
16,8187.394689
17,8406.484378
18,8521.170892
19,8706.070860
20,8850.118611
21,8977.361228
22,8977.956199
23,9092.178995
24,9151.784490
25,9403.126959
26,9428.147362
27,9472.532876
28,9575.455937
29,9961.320071
30,10111.448958
31,10196.650247
32,10366.503547
33,10457.245301
34,10348.179579
35,10501.364324
36,10502.762246
37,10837.823608
38,10595.465484
39,10944.158906
40,10784.577146
41,10846.970144
42,11031.154168
43,11141.571417
44,11303.828169
45,11298.408535
46,11434.944309
47,11075.139715
48,11497.097924
49,11541.886674
50,11315.030371
51,11879.246017
52,11845.042959
53,11842.556925
54,11617.529517
55,11731.107791
56,12038.885852
57,12121.537038
58,12321.894875
59,11996.456812
60,12002.357221
61,12361.350917
62,12230.639338
63,12636.230522
64,12603.857607
65,12555.332249
66,12504.011806
67,12775.147179
68,12644.798641
69,12348.932233
70,12549.140879
71,12356.228524
72,12227.956954
73,12114.858033
74,12211.532338
75,12514.284719
76,12982.562900
77,12439.933488
78,12547.880358
79,12292.636768
80,12479.059108
81,12708.792598
82,12214.628572
83,12277.135152
84,12486.994703
85,12603.634062
86,12718.744698
87,12564.666474
88,12441.513156
89,12408.027381
90,12395.816094
91,12370.572452
92,12412.195323
93,12387.191716
94,12524.501458
95,12378.363103
96,12703.918369
97,13160.895233
98,12627.177755
99,12461.094075
100,12405.551987
101,12765.348095
102,12523.855082
103,12451.228787
104,12312.340217
105,12496.618619
106,12622.550975
107,12325.000326
108,12543.292006
109,12235.879313
110,12550.261925
111,12801.819798
112,13010.992970
113,12707.542032
114,12551.094564
115,12451.573242
116,12807.255434
117,12535.831948
118,12318.291609
119,12679.560265
120,12582.223038
121,12744.676701
122,12722.210769
123,12709.837303
124,12456.915221
125,12454.988501
126,12719.960084
127,12994.844824
128,13066.085566
129,13059.428993
130,12721.140390
131,12644.469791
132,12735.837004
133,12491.794845
134,12602.709898
135,12732.279789
136,12700.635818
137,12648.019434
138,12641.265845
139,12506.094708
140,12764.367633
141,12553.923059
142,12900.692844
143,12426.535623
144,12217.858941
145,12637.011868
146,12952.090444
147,12627.292228
148,12438.413712
149,12587.364517
150,12796.868175
151,12902.295999
152,12851.594985
153,12702.847837
154,12210.602563
155,12579.707229
156,12899.855089
157,12490.917329
158,12320.830637
159,12446.527901
160,12986.203938
161,12830.300404
162,12770.439843
163,12929.375309
164,12742.496912
165,12746.376848
166,13002.337110
167,12706.031512
168,13123.619575
169,12994.852863
170,13191.112848
171,13285.242524
172,12730.584349
173,12748.748194
174,12906.124793
175,12650.335101
176,12912.809230
177,12732.225772
178,12468.669016
179,12692.718482
180,12812.514413
181,12558.537630
182,13026.606729
183,13511.786932
184,12666.488049
185,12759.609088
186,12563.306565
187,13062.577612
188,12699.684273
189,12759.433852
190,12763.255195
191,12300.593409
192,12689.412955
193,12667.582702
194,13040.807205
195,13327.270356
196,13164.060797
197,12895.297390
198,12734.837318
199,12668.735891
200,12764.164816
201,13316.201563
202,12860.791425
203,12766.491754
204,12791.697425
205,13115.043719
206,12783.325455
207,12385.655337
208,12796.489817
209,12703.097418
210,13031.658553
211,12670.527512
212,12563.452686
213,12816.097854
214,12886.115061
215,12802.105886
216,12917.269628
217,13107.161922
218,12922.571181
219,12966.820955
220,13260.607331
221,13277.279385
222,12944.685557
223,12905.961768
224,12738.557210
225,12362.709001
226,13066.238770
227,12972.276993
228,12651.604235
229,13070.080455
230,12863.689435
231,13138.836076
232,12923.626315
233,12658.879745
234,13481.075768
235,13088.450030
236,12892.788244
237,12916.895571
238,12453.566494
239,12858.131840
240,12996.646737
241,12872.649264
242,12739.984593
243,12572.142123
244,12626.009720
245,13062.085899
246,13007.659393
247,12527.871288
248,12544.503573
249,12677.462268
250,12962.593765
251,12977.426478
252,12677.505244
253,12081.399501
254,12846.787942
255,12902.834116
256,12738.538263
257,12782.044711
258,12680.637818
259,12662.088212
260,12498.550052
261,12843.424456
262,12721.081195
263,12711.772287
264,13007.859121
265,12743.416032
266,12855.179364
267,13344.395741
268,12720.746137
269,12861.892499
270,13227.361874
271,12900.012291
272,12431.011104
273,12900.729441
274,12804.812185
275,12804.340448
276,12979.125463
277,12648.002778
278,13001.816571
279,12992.457928
280,12824.987627
281,12780.938175
282,12302.186180
283,12734.511124
284,12989.527289
285,12972.837974
286,12912.134539
287,13027.703570
288,12658.240027
289,12752.125263
290,13276.539358
291,12730.205890
292,12812.624691
293,12660.432305
294,12906.747930
295,12542.347686
296,12602.707311
297,12834.063411
298,12887.129967
299,13173.103041
300,12931.173748
301,12847.261510
302,13056.341690
303,13143.920379
304,13254.502914
305,13025.596073
306,13012.436331
307,12725.556468
308,12977.632162
309,12688.741843
310,12596.709880
311,12474.961856
312,12709.245097
313,12912.043281
314,12688.599194
315,12971.135995
316,12767.545959
317,12735.648769
318,12759.015493
319,12489.448237
320,12546.077190
321,12622.660222
322,12727.415285
323,12499.465609
324,12881.696375
325,12901.508079
326,12717.580230
327,12956.982667
328,13061.551660
329,13064.080789
330,13070.669856
331,13072.824462
332,12827.205353
333,12930.225199
334,12626.964577
335,12981.977545
336,13021.315980
337,12925.591738
338,12497.691699
339,12592.579891
340,12769.263845
341,12852.896348
342,13248.731362
343,12879.061464
344,13215.613546
345,12616.072530
346,12626.390057
347,12534.808581
348,12704.889231
349,13182.077171
350,12568.887423
351,12235.450064
352,12745.334554
353,12900.072001
354,12930.592093
355,12835.418544
356,12704.167172
357,12711.606843
358,12850.252359
359,13109.690628
360,12443.153659
361,12794.678875
362,12784.648475
363,12766.644350
364,12997.000726
365,12834.206014
366,12860.558742
367,12840.591515
368,13430.260820
369,12904.646718
370,12809.088551
371,12854.879336
372,13095.961967
373,12855.801096
374,12973.929927
375,12598.194397
376,12772.489776
377,12637.873899
378,12485.254088
379,12813.056344
380,13152.552543
381,12523.739271
382,12977.245436
383,12815.424679
384,12747.205900
385,12989.244159
386,12886.196020
387,12555.117968
388,12681.159350
389,12811.349286
390,12456.100635
391,12268.525227
392,12628.344756
393,12794.536558
394,12664.387095
395,12704.087457
396,12804.684345
397,12933.816857
398,12842.537889
399,12890.921716
400,12274.861128
401,12498.283393
402,12545.415493
403,12744.933659
404,12949.349648
405,12829.085677
406,12377.922716
407,13131.507459
408,12923.454700
409,13386.566449
410,13046.228656
411,12501.127005
412,12388.287270
413,12940.174962
414,12898.365137
415,13057.215449
416,12860.781452
417,12645.017426
418,12810.441546
419,12542.701929
420,12855.102659
421,12666.717617
422,12926.984437
423,12379.829490
424,12879.135487
425,12749.970194
426,12554.892051
427,12902.046514
428,12649.215625
429,12477.121913
430,12828.297539
431,13153.094180
432,12705.362670
433,12821.517338
434,12715.039280
435,12861.347219
436,13055.267122
437,13555.900329
438,13026.117697
439,13334.197115
440,13014.803098
441,12742.957738
442,12761.333771
443,12577.184764
444,12810.672543
445,12827.602789
446,12987.599911
447,12888.282194
448,12954.638130
449,12964.259532
450,12945.199962
451,13076.840790
452,13122.066617
453,12806.149277
454,13256.744337
455,12768.380609
456,13017.429262
457,12771.128611
458,12916.413147
459,12763.828844
460,12732.037016
461,12773.877611
462,12688.365047
463,12983.717589
464,12801.224647
465,12643.727754
466,12645.301173
467,13241.235129
468,13192.676329
469,12829.399420
470,13061.930293
471,12955.575274
472,12526.190465
473,13038.440696
474,12484.227478
475,12919.833416
476,12414.133077
477,12963.134517
478,13230.489347
479,12845.517008
480,12633.305716
481,12676.634243
482,13069.554775
483,12946.469769
484,12547.370974
485,12850.778798
486,12341.020204
487,12856.660601
488,12869.211579
489,13132.724427
490,12757.842192
491,12805.357188
492,12898.127836
493,12933.735561
494,12558.836147
495,12654.460588
496,12600.357844
497,13099.201397
498,13166.961000
499,12996.617749
