0,3176.857932
1,3240.671857
2,3194.385952
3,3128.304265
4,3218.729821
5,3211.167045
6,3203.909595
7,3171.362125
8,3199.870723
9,3217.489845
10,3269.667766
11,3275.641922
12,3227.689229
13,3179.245667
14,3135.032517
15,3258.433125
16,3264.988282
17,3249.296573
18,3250.303129
19,3225.809625
20,3238.730449
21,3284.744933
22,3222.370426
23,3238.983852
24,3246.349059
25,3154.510991
26,3189.265677
27,3128.979344
28,3149.159179
29,3187.161938
30,3131.487687
31,3178.237370
32,3268.946065
33,3240.196216
34,3196.033379
35,3223.984410
36,3302.513466
37,3353.995961
38,3328.462761
39,3402.015899
40,3356.286701
41,3329.065515
42,3367.646935
43,3328.407045
44,3318.516969
45,3293.827396
46,3339.934830
47,3262.466670
48,3282.179246
49,3292.515892
50,3286.630179
51,3288.881833
52,3336.297233
53,3292.798609
54,3268.807369
55,3216.293465
56,3273.509924
57,3318.481042
58,3227.418329
59,3289.279638
60,3251.840769
61,3281.887032
62,3282.688006
63,3285.618697
64,3299.327348
65,3361.990187
66,3335.128183
67,3426.823333
68,3415.670900
69,3362.775723
70,3376.006266
71,3365.592992
72,3336.950165
73,3237.189607
74,3272.936521
75,3267.827915
76,3256.210409
77,3289.826409
78,3218.590548
79,3230.616442
80,3275.159475
81,3336.185382
82,3285.011979
83,3218.245183
84,3195.385403
85,3204.487923
86,3235.401905
87,3120.463194
88,3214.124841
89,3208.766886
90,3289.885653
91,3281.324786
92,3290.697995
93,3199.637659
94,3288.716244
95,3220.536743
96,3201.613690
97,3264.843599
98,3243.246106
99,3256.305612
100,3253.354192
101,3227.908833
102,3221.524630
103,3246.000741
104,3277.691386
105,3308.251530
106,3340.625416
107,3348.460372
108,3294.981748
109,3260.642076
110,3233.128334
111,3290.762759
112,3280.545808
113,3330.926784
114,3332.328494
115,3380.731216
116,3415.895237
117,3363.193938
118,3322.964612
119,3270.389136
120,3336.518973
121,3251.541096
122,3131.958367
123,3137.676709
124,3207.371880
125,3268.388551
126,3315.234899
127,3247.069820
128,3208.687687
129,3187.534122
130,3266.388564
131,3225.133494
132,3367.974249
133,3286.963484
134,3239.748896
135,3188.849532
136,3239.266677
137,3311.598728
138,3386.542066
139,3438.154958
140,3412.364451
141,3332.199676
142,3319.588362
143,3300.759838
144,3309.389842
145,3297.574799
146,3293.195218
147,3316.386509
148,3292.559876
149,3285.825318
150,3272.465980
151,3306.963965
152,3337.518351
153,3297.327336
154,3327.063008
155,3287.319761
156,3286.981269
157,3348.260010
158,3369.641385
159,3327.660725
160,3394.294069
161,3358.989690
162,3318.002089
163,3306.114027
164,3361.707080
165,3335.602215
166,3293.078773
167,3392.631861
168,3337.713089
169,3310.851351
170,3412.365400
171,3388.473573
172,3422.785115
173,3444.061898
174,3347.916529
175,3364.370955
176,3310.757261
177,3318.495849
178,3281.968431
179,3252.337513
180,3255.229118
181,3247.405167
182,3260.420858
183,3304.384983
184,3276.062089
185,3306.803310
186,3286.247746
187,3363.136133
188,3311.654314
189,3272.699347
190,3227.538404
191,3290.011243
192,3287.835921
193,3227.275181
194,3245.251121
195,3386.991475
196,3334.561103
197,3245.413609
198,3236.348015
199,3279.788439
200,3323.395663
201,3356.989717
202,3298.192385
203,3292.672323
204,3280.194656
205,3259.921749
206,3253.924994
207,3262.001614
208,3295.378226
209,3263.415545
210,3192.390201
211,3302.210194
212,3339.965599
213,3382.134403
214,3293.996318
215,3294.964032
216,3341.789197
217,3296.038213
218,3272.708077
219,3283.354991
220,3272.840605
221,3211.305759
222,3228.474399
223,3208.501045
224,3261.208348
225,3253.823719
226,3329.084072
227,3400.107045
228,3358.841759
229,3324.072981
230,3316.413041
231,3326.827982
232,3317.364680
233,3338.719308
234,3315.781868
235,3322.994278
236,3303.730738
237,3314.771816
238,3343.345478
239,3268.405402
240,3199.532589
241,3262.877265
242,3246.242391
243,3198.946986
244,3235.526419
245,3260.314188
246,3282.527097
247,3303.333544
248,3321.376202
249,3292.666051
250,3274.530098
251,3338.444746
252,3298.403372
253,3251.178214
254,3226.061419
255,3252.311622
256,3286.139622
257,3318.628819
258,3352.336689
259,3384.939744
260,3339.619514
261,3447.722841
262,3422.072910
263,3412.979612
264,3440.539910
265,3409.984190
266,3354.951306
267,3306.293892
268,3296.792868
269,3278.304586
270,3295.671794
271,3331.691790
272,3286.601617
273,3285.458111
274,3391.602223
275,3368.313614
276,3311.370400
277,3281.182520
278,3241.716321
279,3269.520724
280,3253.079265
281,3355.565288
282,3285.736873
283,3279.794031
284,3226.827316
285,3165.716181
286,3213.482505
287,3216.587281
288,3220.108784
289,3252.208790
290,3298.847696
291,3202.969673
292,3093.929489
293,3176.887930
294,3143.571580
295,3146.783583
296,3098.052690
297,3172.032673
298,3140.093244
299,3129.260701
300,3205.123936
301,3122.183613
302,3175.891140
303,3233.496044
304,3211.182419
305,3228.222412
306,3278.571470
307,3274.979398
308,3250.749352
309,3302.841837
310,3262.853260
311,3216.809604
312,3216.286462
313,3284.944459
314,3327.136735
315,3244.969470
316,3239.279997
317,3265.301241
318,3274.726863
319,3301.577851
320,3308.823570
321,3272.555878
322,3258.417874
323,3317.647688
324,3309.547983
325,3300.959397
326,3284.866199
327,3301.327992
328,3268.701255
329,3231.327771
330,3221.304629
331,3243.173982
332,3278.693258
333,3300.166456
334,3239.348724
335,3270.994546
336,3254.782296
337,3268.226048
338,3301.578367
339,3251.468819
340,3217.473589
341,3241.742024
342,3250.095108
343,3273.269224
344,3243.369352
345,3196.516238
346,3237.377180
347,3213.706676
348,3171.826439
349,3245.861832
350,3234.648505
351,3218.310942
352,3185.410829
353,3142.850088
354,3251.098489
355,3280.070048
356,3136.101365
357,3223.384963
358,3210.119887
359,3199.917263
360,3259.266780
361,3212.511619
362,3250.301695
363,3302.882586
364,3221.487171
365,3266.152327
366,3277.181268
367,3214.416358
368,3199.867321
369,3249.726339
370,3246.408087
371,3285.047437
372,3207.181078
373,3241.610808
374,3211.627914
375,3189.581125
376,3220.641929
377,3240.887707
378,3160.521354
379,3206.656977
380,3170.398783
381,3283.583429
382,3264.457934
383,3250.482035
384,3242.873054
385,3255.736480
386,3263.839958
387,3287.153992
388,3222.473917
389,3206.057744
390,3251.213907
391,3222.549195
392,3260.556909
393,3263.327409
394,3284.380861
395,3262.017676
396,3240.331845
397,3186.509404
398,3288.062411
399,3298.842404
400,3312.917026
401,3347.371107
402,3357.169233
403,3240.590653
404,3254.887338
405,3302.895390
406,3319.700345
407,3375.290337
408,3361.675987
409,3279.640644
410,3174.945942
411,3246.894205
412,3231.366817
413,3253.973210
414,3286.459625
415,3215.750935
416,3262.558717
417,3245.692560
418,3344.272886
419,3331.925066
420,3248.057538
421,3311.562759
422,3261.414425
423,3259.395697
424,3179.367146
425,3199.112667
426,3267.974588
427,3312.931899
428,3263.287372
429,3377.797462
430,3361.005365
431,3338.178278
432,3335.465385
433,3248.486131
434,3190.890868
435,3341.419824
436,3271.565045
437,3210.838911
438,3209.669085
439,3173.945755
440,3203.571169
441,3228.436246
442,3250.547644
443,3273.441918
444,3274.800644
445,3247.103829
446,3185.651130
447,3206.332766
448,3221.887204
449,3249.225855
450,3273.923584
451,3243.326990
452,3223.405659
453,3167.543554
454,3179.168025
455,3226.529650
456,3232.014624
457,3264.190416
458,3288.447523
459,3302.689767
460,3257.488297
461,3253.641246
462,3235.810096
463,3284.352531
464,3284.015347
465,3329.119721
466,3333.631025
467,3323.047148
468,3348.948692
469,3370.499008
470,3354.987180
471,3266.088291
472,3305.747514
473,3271.111989
474,3280.894144
475,3327.976494
476,3325.247730
477,3244.219827
478,3250.461501
479,3266.621209
480,3226.025447
481,3279.867108
482,3233.656033
483,3147.909858
484,3206.216452
485,3248.210200
486,3271.772190
487,3352.225060
488,3309.562401
489,3284.154762
490,3224.559557
491,3227.102802
492,3321.366866
493,3238.628978
494,3204.342312
495,3259.358003
496,3269.425329
497,3295.411196
498,3281.470922
499,3274.480322
