0,3048.271858
1,6395.938013
2,7084.015414
3,7620.273943
4,8209.517427
5,8665.679750
6,9198.461936
7,9700.510277
8,10321.008860
9,10784.287750
10,11166.598882
11,11486.928403
12,11808.646859
13,12145.592543
14,12421.617091
15,12613.185478
16,12881.555664
17,13161.038035
18,13322.953367
19,13505.858795
20,13697.231391
21,13855.937157
22,14019.515034
23,14117.371880
24,14208.668864
25,14270.397114
26,14308.480763
27,14382.486940
28,14390.751702
29,14484.347327
30,14562.051613
31,14609.320920
32,14745.675672
33,14834.796834
34,14853.706212
35,14921.227085
36,15039.358938
37,15080.948664
38,15097.803733
39,15091.916882
40,15186.503855
41,15213.481808
42,15283.891610
43,15353.976193
44,15394.587167
45,15451.480292
46,15448.649427
47,15529.293066
48,15538.007239
49,15514.827763
50,15544.386533
51,15519.552203
52,15567.072902
53,15579.057293
54,15589.360352
55,15576.369393
56,15612.532649
57,15571.688041
58,15557.599605
59,15483.221257
60,15510.455862
61,15526.705743
62,15526.842956
63,15573.815222
64,15521.090496
65,15539.764607
66,15476.641205
67,15651.224744
68,15541.376360
69,15583.762498
70,15480.626931
71,15545.521498
72,15539.552523
73,15489.839198
74,15474.084991
75,15530.793085
76,15557.167489
77,15520.396923
78,15512.648062
79,15528.763859
80,15543.282532
81,15524.332752
82,15630.021906
83,15596.495645
84,15568.046889
85,15544.281780
86,15559.403508
87,15465.714885
88,15556.977704
89,15530.498666
90,15597.150241
91,15584.027923
92,15615.561669
93,15615.501116
94,15625.778454
95,15665.997808
96,15689.420468
97,15758.565226
98,15760.248854
99,15866.963409
100,15920.579074
101,15964.173017
102,15994.507180
103,16133.297068
104,16149.709766
105,16243.687757
106,16331.941627
107,16353.110949
108,16515.559200
109,16453.805453
110,16473.208873
111,16456.492195
112,16415.727036
113,16383.955270
114,16426.085877
115,16459.868968
116,16500.557282
117,16475.810028
118,16480.821712
119,16552.572588
120,16534.298542
121,16516.793763
122,16587.159070
123,16618.862899
124,16532.008455
125,16568.924799
126,16616.700451
127,16581.940845
128,16532.808857
129,16562.903281
130,16578.830228
131,16546.382042
132,16599.047953
133,16597.952457
134,16540.544250
135,16553.888133
136,16537.392027
137,16592.838030
138,16484.889347
139,16578.985481
140,16632.466038
141,16574.617029
142,16604.043329
143,16534.660586
144,16578.663627
145,16634.523394
146,16677.418008
147,16608.619657
148,16601.636863
149,16601.947406
150,16614.334195
151,16522.797556
152,16577.712673
153,16590.147610
154,16528.244505
155,16587.977102
156,16603.203867
157,16561.226552
158,16477.505354
159,16454.205030
160,16473.592543
161,16588.844248
162,16582.174892
163,16588.424599
164,16573.717018
165,16512.440446
166,16665.324320
167,16660.996411
168,16588.353298
169,16519.509177
170,16641.150265
171,16682.585295
172,16673.017807
173,16728.962669
174,16807.852366
175,16928.163009
176,17001.756802
177,16979.591384
178,16853.384202
179,16872.537225
180,16987.186147
181,16840.825497
182,16853.403247
183,16904.485671
184,16926.141716
185,16843.540723
186,16752.583603
187,16945.460845
188,16907.280068
189,16825.885247
190,16842.716377
191,16819.189415
192,16910.356300
193,16758.388807
194,16940.158117
195,16917.096071
196,16872.042798
197,16783.945474
198,16806.805628
199,16843.812571
200,16970.151161
201,16942.627021
202,16895.265677
203,16905.694225
204,16860.487956
205,16803.268905
206,16887.640404
207,16880.446460
208,16848.582052
209,16907.858761
210,16899.439712
211,16981.663122
212,16944.071352
213,16835.698328
214,16906.146889
215,16986.553188
216,16928.873381
217,16839.141173
218,16888.855141
219,16914.540521
220,16943.254551
221,16924.289951
222,16916.257736
223,16928.964676
224,16969.296535
225,16959.366848
226,16949.682598
227,16897.559349
228,16936.283183
229,16876.065472
230,16821.048573
231,16886.128869
232,16935.584317
233,16976.258194
234,16929.777833
235,16887.447421
236,16940.582283
237,16904.068083
238,16853.773990
239,16917.103272
240,16970.557075
241,16999.363951
242,16835.110431
243,16969.687390
244,16857.861455
245,16956.400367
246,16907.717930
247,16846.366154
248,16904.711473
249,16852.652227
250,16893.020556
251,16891.734552
252,16901.321329
253,16854.495037
254,16932.519314
255,16910.990912
256,16899.524171
257,16939.722794
258,16926.917776
259,16935.432984
260,16837.010277
261,16912.124075
262,16985.444791
263,16991.759302
264,16983.979036
265,16897.182040
266,16864.037430
267,16863.262817
268,16941.093240
269,16926.595999
270,16955.855654
271,16962.742157
272,16980.003310
273,16955.782011
274,16931.589404
275,16955.918920
276,17026.486118
277,16945.568505
278,16920.807788
279,17084.639807
280,17036.992878
281,17057.242888
282,17152.184909
283,17179.974749
284,17090.765343
285,17181.301000
286,17067.992688
287,17066.942570
288,17108.894864
289,17114.872274
290,17203.081459
291,17191.716147
292,17217.878144
293,17135.375833
294,17199.115365
295,17206.986005
296,17216.109861
297,17148.794524
298,17147.497665
299,17128.831586
300,17148.735409
301,17132.479492
302,17096.385920
303,17064.272809
304,17027.329384
305,17131.674320
306,17197.105747
307,17166.764010
308,17051.018232
309,17141.673644
310,17092.628700
311,17117.605930
312,17150.813604
313,17102.568811
314,17115.925416
315,17137.749527
316,17152.891140
317,17113.421990
318,17075.473435
319,17217.437187
320,17155.519264
321,17144.330299
322,17213.975839
323,17173.685960
324,17103.051635
325,17131.740011
326,17092.542684
327,17107.780836
328,17093.203922
329,17246.416889
330,17191.152485
331,17203.026645
332,17160.387367
333,17089.426706
334,17127.398500
335,17129.536917
336,17146.351203
337,17152.432742
338,17086.813545
339,17073.657562
340,17132.441697
341,17170.814234
342,17124.549961
343,17192.017012
344,17220.548619
345,17168.943522
346,17168.104824
347,17193.616424
348,17151.242887
349,17204.137936
350,17201.094178
351,17256.902828
352,17294.683522
353,17223.311476
354,17171.495673
355,17208.352344
356,17231.336471
357,17172.600125
358,17224.866266
359,17245.392540
360,17309.525541
361,17257.248765
362,17239.724778
363,17184.876614
364,17237.500454
365,17157.564840
366,17183.655030
367,17294.547699
368,17275.162388
369,17292.621208
370,17310.671926
371,17195.015915
372,17264.902051
373,17305.482444
374,17213.200480
375,17281.468627
376,17176.785636
377,17251.289302
378,17206.395230
379,17233.925117
380,17257.768488
381,17226.470402
382,17240.541340
383,17234.286240
384,17189.877922
385,17246.120401
386,17299.847444
387,17232.594263
388,17120.253437
389,17215.407443
390,17208.148328
391,17195.365475
392,17268.861740
393,17210.969643
394,17168.311511
395,17266.776485
396,17224.228489
397,17176.047726
398,17327.067193
399,17310.948945
400,17219.108788
401,17220.624121
402,17311.534105
403,17219.542062
404,17196.494205
405,17118.067594
406,17175.273627
407,17255.091462
408,17249.962216
409,17272.679714
410,17288.326239
411,17223.129961
412,17257.088346
413,17159.573103
414,17256.291489
415,17243.209023
416,17250.652300
417,17207.354699
418,17151.360251
419,17230.645990
420,17319.194317
421,17368.310536
422,17459.220319
423,17373.508520
424,17528.612154
425,17561.515005
426,17612.887596
427,17582.833267
428,17559.449265
429,17521.404077
430,17615.139123
431,17658.960962
432,17671.036809
433,17662.887844
434,17576.037552
435,17649.472339
436,17634.898801
437,17677.330739
438,17680.088622
439,17679.798052
440,17714.145837
441,17790.240686
442,17670.645281
443,17689.968621
444,17723.453972
445,17672.295567
446,17675.342015
447,17640.558262
448,17691.956159
449,17663.974571
450,17739.488725
451,17751.645344
452,17686.654296
453,17666.813568
454,17686.286959
455,17732.348229
456,17778.378080
457,17787.191634
458,17781.671896
459,17799.530656
460,17695.347044
461,17822.203858
462,17726.311693
463,17782.017376
464,17676.526758
465,17756.143621
466,17648.764764
467,17751.479143
468,17734.001034
469,17811.993504
470,17815.699517
471,17786.634514
472,17754.875935
473,17970.730688
474,17901.228452
475,17945.098334
476,17963.252731
477,17929.105446
478,17816.154641
479,17825.326706
480,17829.074655
481,17832.816357
482,17942.567036
483,17931.509519
484,17930.814922
485,17811.806899
486,17824.003053
487,17885.033838
488,17887.851729
489,17867.942251
490,17905.000001
491,17859.641295
492,17845.539646
493,17836.951198
494,17759.423118
495,17777.134435
496,17835.601792
497,17824.300379
498,17873.368619
499,17930.954114
