0,3063.125162
1,6087.887186
2,6535.720311
3,6901.248491
4,7189.287538
5,7469.445714
6,7805.783794
7,8122.594399
8,8438.951592
9,8747.952831
10,9015.096594
11,9323.303447
12,9574.092003
13,9855.979412
14,10132.113098
15,10390.151094
16,10630.345186
17,10845.312996
18,11056.157434
19,11325.989654
20,11518.274982
21,11741.530618
22,11926.238677
23,12116.269786
24,12263.015373
25,12434.350453
26,12589.427325
27,12758.047650
28,12803.234797
29,12901.407910
30,13064.618416
31,13102.155572
32,13219.180417
33,13311.749738
34,13329.231750
35,13423.625810
36,13555.901071
37,13525.672419
38,13567.367884
39,13648.498069
40,13816.671608
41,13945.824692
42,13920.947022
43,14022.371097
44,14135.392326
45,14225.220711
46,14326.587617
47,14185.688819
48,14193.744092
49,14212.129326
50,14285.890551
51,14253.550333
52,14268.115825
53,14315.658084
54,14470.569039
55,14543.358316
56,14629.230593
57,14695.894852
58,14712.381345
59,14704.953652
60,14739.537054
61,14743.097687
62,14699.805359
63,14755.559536
64,14815.014221
65,14851.194365
66,14781.696505
67,14898.594944
68,14901.523085
69,14880.763750
70,14809.673507
71,14964.288983
72,14782.441655
73,14915.526424
74,15010.833418
75,14965.998260
76,14946.342484
77,14920.194931
78,14902.890243
79,15041.317199
80,15099.230391
81,15073.853157
82,15047.168418
83,15084.584381
84,15110.556730
85,14991.603995
86,15069.173442
87,15191.869528
88,15195.196463
89,15105.590000
90,15171.133599
91,15050.991706
92,15116.615620
93,15111.774397
94,15127.858065
95,15145.792690
96,15118.049693
97,15127.880584
98,15051.024741
99,15068.238630
100,15133.744647
101,15192.118564
102,15163.294708
103,15094.863399
104,15125.611040
105,15037.881536
106,15065.626463
107,15156.016676
108,15198.396746
109,15050.213072
110,15104.554850
111,15106.697028
112,15020.278385
113,15093.717718
114,15017.236540
115,15050.096480
116,15236.876887
117,15141.020706
118,15136.213406
119,15065.084133
120,15139.014624
121,15090.550484
122,15115.270859
123,15016.889809
124,15095.108356
125,15090.750696
126,15120.396901
127,15127.734545
128,15079.608498
129,15019.208206
130,15047.020006
131,15207.854120
132,15196.231079
133,15250.694962
134,15107.360767
135,15126.953051
136,15081.564424
137,15106.515293
138,14997.283627
139,15129.940958
140,15101.511363
141,15109.538775
142,15123.734179
143,15107.766358
144,15042.804168
145,15117.102829
146,15118.131072
147,15093.569847
148,15124.457867
149,15166.844716
150,15194.797188
151,15108.319862
152,15077.439513
153,15070.818035
154,15101.866314
155,15100.490091
156,15169.556259
157,15126.698794
158,15120.827360
159,15113.366167
160,15109.389870
161,15176.415243
162,15157.741008
163,15048.424255
164,15068.878257
165,15102.537870
166,15036.549258
167,15163.450749
168,15198.062015
169,15268.698805
170,15115.465497
171,15081.278581
172,15035.675785
173,15077.559022
174,15150.062974
175,15134.768349
176,15034.560194
177,15113.888860
178,15165.935664
179,14989.279508
180,15029.240782
181,14980.153467
182,15044.791521
183,15092.878253
184,15145.546330
185,15070.081002
186,14984.696625
187,15058.369190
188,15154.279682
189,15170.380556
190,15153.426895
191,15125.275904
192,15075.248554
193,15089.691464
194,15118.297196
195,15085.624960
196,15136.676717
197,15118.078415
198,15130.368161
199,15182.383914
200,15193.004086
201,15188.856401
202,15260.573841
203,15222.064490
204,15153.878628
205,15142.818867
206,15103.908789
207,15101.171843
208,15136.648036
209,15146.575134
210,15026.248317
211,15106.746048
212,15151.837526
213,15149.066170
214,15095.998288
215,15125.003687
216,15167.152691
217,15120.400934
218,15102.105682
219,15175.403916
220,15098.436878
221,15166.064490
222,15128.448033
223,15137.932318
224,15030.620259
225,15106.433224
226,15052.412961
227,15140.748032
228,15104.592708
229,15110.066800
230,15097.539258
231,15158.743543
232,15226.395471
233,15116.867525
234,15061.104020
235,15131.533649
236,15192.838617
237,15162.005102
238,15105.672347
239,15051.798173
240,15091.797663
241,15019.719428
242,15108.677517
243,15159.153833
244,15186.392185
245,15186.874087
246,15138.641038
247,15143.374720
248,15181.049556
249,15149.845495
250,15070.480947
251,15049.536291
252,15130.838259
253,15154.318974
254,15105.995548
255,15163.237249
256,15102.413457
257,15097.390494
258,15078.351987
259,15131.939019
260,15121.569471
261,15219.975353
262,15048.204026
263,15013.595923
264,15125.563438
265,15050.523257
266,15098.947329
267,15105.217200
268,15077.057719
269,15052.479428
270,15064.897021
271,15118.692680
272,15111.633797
273,15086.176174
274,15051.915031
275,15070.770890
276,15154.146321
277,15150.356475
278,15105.913557
279,15064.655921
280,15123.390485
281,15067.199688
282,15166.981467
283,15180.226620
284,15143.309196
285,15087.753310
286,15135.114077
287,15056.817295
288,15147.598122
289,15086.122891
290,15099.027649
291,15060.336743
292,15118.235060
293,15112.137809
294,15047.943102
295,15088.286946
296,15209.133586
297,15143.724611
298,15167.756979
299,15119.215196
300,15082.031542
301,15171.285461
302,15219.519898
303,15169.094491
304,15234.477431
305,15071.191439
306,15094.381836
307,15050.499110
308,15003.207139
309,15097.879384
310,15057.113310
311,15078.130010
312,15027.634649
313,15070.042019
314,15158.013023
315,15149.572914
316,15225.090352
317,15160.915034
318,15124.125734
319,15249.887079
320,15085.041495
321,15133.129827
322,15102.583167
323,15064.188282
324,15206.268796
325,15209.532311
326,15054.771136
327,15073.517542
328,15152.760838
329,15134.485381
330,15145.144403
331,15127.826931
332,14964.591113
333,15069.649104
334,15274.324581
335,15214.778551
336,15236.531619
337,15181.914609
338,15181.823941
339,15167.203706
340,15081.029467
341,15129.378358
342,15113.909520
343,15126.308418
344,15190.568448
345,15165.424037
346,15267.938270
347,15172.653148
348,15219.107911
349,15218.838122
350,15066.689212
351,15097.858764
352,15053.419051
353,15069.756064
354,15158.591975
355,15186.118428
356,15183.394020
357,15167.424720
358,15158.407152
359,15109.644903
360,15132.994924
361,15185.249504
362,15163.329737
363,15209.927137
364,15147.521283
365,15224.198165
366,15133.878404
367,15095.919193
368,15005.702041
369,15041.459963
370,15016.890549
371,15136.279309
372,15192.274662
373,15131.050193
374,15100.274365
375,15105.744559
376,15075.541311
377,15152.830056
378,15145.505853
379,15138.723373
380,15122.098901
381,15176.265988
382,15105.944763
383,15086.419291
384,15056.711571
385,14958.199058
386,15016.436673
387,15036.001097
388,15154.627300
389,15123.391750
390,15182.971670
391,15072.999241
392,15201.494827
393,15152.553415
394,15217.903729
395,15260.700961
396,15222.040333
397,15154.106166
398,15164.890988
399,15132.392355
400,15099.346102
401,15073.352744
402,15063.906738
403,15123.143583
404,15163.415131
405,15158.090866
406,15172.358991
407,15078.444977
408,15076.397710
409,15150.848441
410,15149.607785
411,15092.386982
412,15117.647262
413,15094.193643
414,15056.408981
415,14975.745739
416,15002.630246
417,15115.879662
418,15086.798369
419,15137.619835
420,15136.752426
421,15144.936418
422,15086.830649
423,15093.149615
424,15067.199472
425,15149.635477
426,15136.247888
427,15094.313776
428,15106.899602
429,15068.670813
430,15088.705719
431,15183.955641
432,15160.409482
433,15165.967277
434,15191.916476
435,15117.040366
436,14964.956045
437,14981.116019
438,14983.554687
439,15091.910062
440,15085.375077
441,15219.288043
442,15126.115771
443,15129.049472
444,15164.759194
445,15151.885972
446,15031.808856
447,15043.524972
448,15110.062061
449,15044.140876
450,15080.559451
451,15176.444380
452,15141.807399
453,15143.062380
454,15178.057050
455,15256.233077
456,15108.214507
457,15161.381264
458,15227.563695
459,15105.558102
460,15133.452520
461,15204.292202
462,15133.353452
463,15194.069561
464,15177.039065
465,15109.160033
466,15172.955076
467,15138.461790
468,15034.100263
469,15013.636874
470,15038.358650
471,15073.025801
472,15141.866259
473,15228.442507
474,15100.626937
475,15191.711199
476,15222.482013
477,15182.073475
478,15064.818738
479,15171.813522
480,15203.978233
481,15183.557888
482,15182.761873
483,15133.354882
484,15042.247569
485,15077.013991
486,15208.793878
487,15100.076786
488,15115.547471
489,15035.992425
490,15023.383263
491,15135.547273
492,15112.775604
493,15073.304508
494,15141.860902
495,15107.223674
496,15140.012296
497,15095.764701
498,15077.396423
499,15190.598151
