0,3091.111681
1,6161.702806
2,6523.519593
3,6685.932275
4,6997.742638
5,7108.898585
6,7211.473696
7,7469.923087
8,7563.230388
9,7611.003976
10,7696.188401
11,7814.614034
12,7925.830474
13,8089.667730
14,8160.048291
15,8273.442694
16,8382.693913
17,8464.419035
18,8450.084662
19,8532.905257
20,8623.420631
21,8590.035769
22,8797.498552
23,8754.528737
24,8775.049785
25,8885.168807
26,8953.000433
27,8964.056999
28,9128.776210
29,9030.076792
30,9081.743652
31,9280.083958
32,9315.245644
33,9198.058006
34,9455.201569
35,9463.362719
36,9430.267435
37,9585.651257
38,9696.073760
39,9411.101755
40,9593.190684
41,9596.936839
42,9700.429449
43,9850.850620
44,9778.679998
45,9771.139875
46,9743.356603
47,9861.036566
48,9890.145306
49,10017.458953
50,10107.916305
51,10035.728694
52,10153.258826
53,10160.309500
54,10287.187688
55,10333.876071
56,10416.096935
57,10596.790225
58,10408.246661
59,10448.648273
60,10473.871127
61,10838.095638
62,10655.216866
63,10837.273544
64,10863.290996
65,10802.298978
66,10730.938433
67,10798.588633
68,10972.405144
69,11087.846121
70,10941.491822
71,11087.710872
72,11156.606807
73,11144.569186
74,11187.026665
75,11288.468744
76,11308.633008
77,11386.714348
78,11379.596965
79,11450.831026
80,11496.173658
81,11298.277216
82,11438.159015
83,11497.730548
84,11645.818678
85,11703.345632
86,11923.123615
87,11501.025522
88,11775.378726
89,11960.270783
90,12094.942911
91,11890.705904
92,12125.522218
93,12217.109957
94,12248.393415
95,12336.934193
96,12236.650893
97,12171.994833
98,12522.415133
99,12404.763844
100,12393.875495
101,12526.964248
102,12491.890971
103,12591.381102
104,12593.431296
105,12629.667503
106,12744.679361
107,12544.289635
108,12920.539662
109,12758.951704
110,12921.090455
111,13008.312664
112,12961.398236
113,13063.345585
114,12970.288166
115,12948.765832
116,13120.154282
117,12923.290413
118,13139.075194
119,13202.455396
120,13280.177490
121,13028.310860
122,13410.591494
123,13530.122491
124,13490.603661
125,13722.445139
126,13582.777616
127,13593.788658
128,13859.623980
129,13571.648447
130,13741.659184
131,13873.899470
132,13869.330307
133,14076.476427
134,14014.934441
135,13863.905028
136,14146.470463
137,14370.099235
138,14024.831174
139,14466.984754
140,14455.708216
141,14546.372002
142,14589.001467
143,14562.886925
144,14601.296312
145,14692.627253
146,14640.295763
147,14536.320528
148,14817.144602
149,14869.620815
150,15062.563085
151,15093.011767
152,15394.763681
153,15131.241368
154,14906.770893
155,15103.923379
156,15079.206455
157,15195.004108
158,15384.112568
159,15698.556002
160,15690.180030
161,15483.014314
162,15517.966796
163,15632.552110
164,15663.991585
165,15549.056741
166,15935.173784
167,15785.561215
168,15637.356853
169,15825.060348
170,15837.901304
171,16013.451881
172,16198.582790
173,16246.607510
174,16124.209523
175,15977.039003
176,16099.467307
177,16009.395844
178,16167.086250
179,16276.797784
180,16289.142920
181,16060.793044
182,15978.772829
183,16531.364381
184,16349.891248
185,16447.664579
186,16534.487294
187,16503.770585
188,16646.222683
189,16453.220997
190,16641.569127
191,16359.061434
192,16777.344961
193,16838.445539
194,16615.781622
195,16673.891726
196,16815.241023
197,17007.084764
198,16837.066649
199,16864.759759
200,16632.271030
201,16843.670269
202,16802.242766
203,16830.833808
204,16768.846974
205,16733.515472
206,16919.089393
207,16843.644187
208,16989.377337
209,16918.038172
210,17023.572826
211,16931.156686
212,17057.282495
213,16968.613729
214,16865.519138
215,17080.136770
216,17062.571282
217,17101.501027
218,17190.911016
219,17349.361300
220,17255.933964
221,17191.127403
222,17373.596335
223,17357.320116
224,17360.515257
225,17305.056364
226,17310.059903
227,17374.837090
228,16959.870558
229,17302.665321
230,17386.037554
231,17308.386331
232,17370.252451
233,17322.923287
234,17261.624637
235,17249.864417
236,17387.590160
237,17388.489644
238,17303.645302
239,17375.820230
240,17315.326769
241,17369.719790
242,17397.760427
243,17307.993377
244,17276.663941
245,17371.878092
246,17301.798638
247,17287.613077
248,17331.544553
249,17298.388637
250,17271.152643
251,17339.524796
252,17248.313100
253,17298.803189
254,17382.957216
255,17358.901559
256,17312.348971
257,17328.583048
258,17350.285076
259,17338.640519
260,17325.859059
261,17309.997280
262,17219.516089
263,17339.537178
264,17383.271719
265,17329.609348
266,17344.192510
267,17312.708221
268,17299.271880
269,17137.897220
270,17295.820537
271,17359.496912
272,17328.401102
273,17368.140979
274,17313.655701
275,17299.963766
276,17401.463962
277,17397.647369
278,17311.456378
279,17316.613553
280,17438.855413
281,17338.089889
282,17366.639497
283,17349.085378
284,17340.609042
285,17310.716305
286,17235.002589
287,17393.048079
288,17020.437414
289,17314.707466
290,17246.369097
291,17385.038739
292,17127.371837
293,17344.234825
294,17385.401771
295,17386.775875
296,17402.772440
297,17262.297696
298,17390.089721
299,17372.997768
300,17346.304751
301,17381.224273
302,17371.386709
303,17407.613042
304,17307.224539
305,17362.828304
306,17408.880330
307,17363.864288
308,17321.960859
309,17256.263278
310,17103.689614
311,17240.565562
312,17176.298416
313,17250.228735
314,17303.560455
315,17399.721297
316,17351.339549
317,17379.334448
318,17369.014018
319,17343.515604
320,17193.708335
321,17308.104249
322,17357.936634
323,17403.218370
324,17361.512709
325,17394.002261
326,17325.115894
327,17335.079853
328,17289.435100
329,17383.550834
330,17400.042789
331,17334.258918
332,17423.134637
333,17364.741270
334,17301.334679
335,17064.598172
336,17370.821383
337,17349.473338
338,17365.849778
339,17403.529342
340,17311.639297
341,17324.318835
342,17369.076888
343,17382.245996
344,17386.367045
345,17426.030785
346,17378.560502
347,17340.977510
348,17312.339313
349,17261.425765
350,17327.302101
351,17310.326064
352,17354.854181
353,17400.744040
354,17374.922310
355,17331.866248
356,17363.323555
357,17354.099648
358,17386.222175
359,17300.946371
360,17327.895244
361,17340.847713
362,17278.409994
363,17317.970092
364,17322.985476
365,17327.858987
366,17312.319595
367,17129.381843
368,17087.821160
369,17249.038305
370,17414.516266
371,17367.016525
372,17409.087304
373,17379.280933
374,17345.719905
375,17324.927142
376,17354.462987
377,17276.379353
378,17309.100412
379,17325.482902
380,17432.953972
381,17307.003559
382,17394.497665
383,17167.754390
384,17225.961691
385,17356.710534
386,17243.535166
387,17407.556548
388,17418.369220
389,17274.846626
390,17365.439546
391,17377.921748
392,17371.493098
393,17363.201788
394,17373.237729
395,17407.981584
396,17289.854299
397,17442.602893
398,17358.544153
399,17403.135344
400,17294.878143
401,17375.772716
402,17265.582819
403,17400.261532
404,17325.165400
405,17420.523996
406,17391.050944
407,17380.000145
408,17444.298080
409,17405.794645
410,17346.795570
411,17473.245396
412,17533.429226
413,17479.604457
414,17571.542426
415,17629.912841
416,17656.971169
417,17698.052975
418,17690.218785
419,17681.020317
420,17663.635670
421,17676.627046
422,17563.049974
423,17629.523081
424,17571.670857
425,17358.290987
426,17564.395063
427,17378.530453
428,17463.663220
429,17630.737865
430,17684.367894
431,17686.443897
432,17702.445143
433,17569.012530
434,17721.664882
435,17585.432069
436,17673.518310
437,17699.520564
438,17601.800555
439,17733.965721
440,17730.470992
441,17683.593822
442,17683.547859
443,17642.561941
444,17667.449833
445,17672.186756
446,17609.585629
447,17717.371269
448,17677.874568
449,17705.044148
450,17528.368496
451,17674.808355
452,17638.210114
453,17663.547341
454,17609.599094
455,17617.689384
456,17627.111761
457,17633.776514
458,17693.409847
459,17595.647084
460,17639.773962
461,17612.097760
462,17637.478683
463,17684.125621
464,17488.884652
465,17618.079889
466,17685.295598
467,17717.291138
468,17677.585067
469,17673.177349
470,17590.254381
471,17534.857242
472,17502.444500
473,17696.620718
474,17673.995060
475,17676.682550
476,17621.559843
477,17654.670074
478,17662.841486
479,17619.002434
480,17701.273463
481,17524.630265
482,17630.323933
483,17682.241658
484,17714.374004
485,17648.662214
486,17613.170647
487,17626.010662
488,17653.743961
489,17621.893646
490,17414.912390
491,17596.964719
492,17656.143971
493,17686.415817
494,17578.030626
495,17448.970637
496,17724.907371
497,17562.750642
498,17671.686782
499,17631.384134
