0,3069.365567
1,3347.601091
2,3616.204513
3,3875.429287
4,4122.132457
5,4334.510586
6,4584.777763
7,4810.917906
8,5092.268975
9,5337.523375
10,5548.289428
11,5748.989895
12,5936.677373
13,6056.121452
14,6193.214698
15,6328.822634
16,6435.139139
17,6522.897547
18,6593.267512
19,6689.235135
20,6775.657101
21,6871.125631
22,6931.455470
23,6970.380781
24,7038.454688
25,7070.784933
26,7082.713681
27,7111.040486
28,7144.904395
29,7133.256352
30,7165.026462
31,7197.236542
32,7209.021334
33,7233.705496
34,7245.280064
35,7226.303630
36,7250.467343
37,7263.066364
38,7255.024627
39,7226.408058
40,7244.364095
41,7276.328290
42,7266.257230
43,7237.664510
44,7235.551832
45,7278.207626
46,7262.367505
47,7277.551907
48,7283.792018
49,7263.557866
50,7265.539372
51,7275.954321
52,7273.947689
53,7274.330857
54,7253.202582
55,7249.464788
56,7262.954801
57,7292.315199
58,7280.488769
59,7276.224423
60,7280.319934
61,7270.889477
62,7267.105451
63,7264.759063
64,7253.158015
65,7268.248126
66,7278.796861
67,7282.736449
68,7258.943674
69,7260.395887
70,7264.400080
71,7258.597152
72,7274.959875
73,7260.315853
74,7252.778100
75,7269.889739
76,7241.645623
77,7262.522689
78,7243.435483
79,7248.707695
80,7250.224751
81,7263.929466
82,7255.043659
83,7261.851218
84,7255.875765
85,7249.735459
86,7247.243230
87,7256.811361
88,7249.729189
89,7230.709796
90,7239.090317
91,7233.503066
92,7280.277025
93,7279.537805
94,7229.093861
95,7259.757617
96,7246.549943
97,7253.982189
98,7252.683401
99,7269.203050
100,7280.065726
101,7297.309726
102,7225.532532
103,7239.927339
104,7241.329934
105,7253.539213
106,7253.196753
107,7259.445922
108,7267.706181
109,7276.873918
110,7295.852043
111,7294.059832
112,7255.639159
113,7245.976362
114,7246.786750
115,7258.810141
116,7280.405196
117,7273.379907
118,7247.827803
119,7239.558416
120,7213.749823
121,7234.804259
122,7261.529462
123,7264.729400
124,7264.770892
125,7266.858681
126,7252.096117
127,7282.448246
128,7258.537662
129,7265.101471
130,7261.649425
131,7277.031674
132,7242.363173
133,7239.679993
134,7253.225959
135,7272.242865
136,7253.506164
137,7272.567269
138,7243.913670
139,7264.128043
140,7252.637050
141,7254.390122
142,7276.200997
143,7262.102141
144,7252.403675
145,7259.662843
146,7263.325693
147,7228.837366
148,7243.503614
149,7264.024973
150,7246.155982
151,7270.776278
152,7256.200909
153,7265.767290
154,7245.477694
155,7252.527135
156,7285.189525
157,7263.252417
158,7258.954592
159,7275.111975
160,7247.996372
161,7252.936442
162,7235.261459
163,7229.963570
164,7258.901867
165,7255.949243
166,7258.621669
167,7263.988652
168,7243.378256
169,7279.300555
170,7282.544573
171,7278.084495
172,7278.935994
173,7255.585046
174,7258.284745
175,7261.919850
176,7256.573822
177,7263.004937
178,7252.255291
179,7268.509518
180,7245.954470
181,7268.232372
182,7266.236771
183,7289.095235
184,7258.150807
185,7266.830788
186,7271.373675
187,7255.242712
188,7244.804892
189,7237.533428
190,7246.911362
191,7257.674957
192,7254.511836
193,7245.369153
194,7269.309524
195,7261.536429
196,7270.663590
197,7267.769797
198,7287.008992
199,7281.950827
200,7284.133739
201,7250.108891
202,7232.429284
203,7232.342084
204,7241.283014
205,7253.529378
206,7250.592737
207,7240.987905
208,7234.580087
209,7248.284046
210,7253.147592
211,7251.375623
212,7267.582537
213,7249.458569
214,7240.818805
215,7267.033847
216,7253.508659
217,7259.380051
218,7235.727857
219,7255.484248
220,7239.455506
221,7273.157200
222,7268.304769
223,7250.909403
224,7266.295270
225,7247.060282
226,7270.308747
227,7257.065454
228,7233.070494
229,7235.146366
230,7269.714127
231,7269.012375
232,7258.966486
233,7262.663913
234,7279.513618
235,7265.349069
236,7285.756178
237,7254.998287
238,7252.935245
239,7269.267843
240,7264.043590
241,7246.332053
242,7250.153051
243,7225.257337
244,7246.134682
245,7229.083417
246,7253.891993
247,7238.642190
248,7264.614891
249,7256.470038
250,7269.904275
251,7272.334850
252,7259.912665
253,7258.730352
254,7284.237059
255,7279.704594
256,7277.608967
257,7280.582067
258,7278.706592
259,7264.232234
260,7236.047023
261,7260.026917
262,7269.811788
263,7270.349868
264,7265.705360
265,7257.570671
266,7267.657268
267,7269.620901
268,7266.220805
269,7261.887675
270,7259.799705
271,7250.995899
272,7251.407806
273,7258.925958
274,7258.673934
275,7259.240229
276,7250.199619
277,7240.761736
278,7252.702437
279,7263.879846
280,7274.929215
281,7279.868484
282,7264.870597
283,7243.937857
284,7250.623037
285,7266.084526
286,7283.473350
287,7260.814108
288,7253.298673
289,7252.260384
290,7256.094270
291,7259.072826
292,7267.015275
293,7255.921101
294,7260.681706
295,7249.733759
296,7244.793518
297,7248.832214
298,7227.505415
299,7227.375359
300,7249.113294
301,7259.626670
302,7245.827373
303,7274.066314
304,7254.112580
305,7254.935104
306,7270.299230
307,7270.794184
308,7271.652940
309,7243.746492
310,7242.748050
311,7232.780835
312,7255.820864
313,7269.826882
314,7276.184417
315,7263.142031
316,7258.524263
317,7234.574098
318,7236.502651
319,7247.555399
320,7274.722888
321,7276.960632
322,7236.203663
323,7246.226133
324,7222.309288
325,7249.738801
326,7261.258619
327,7267.738692
328,7257.652958
329,7251.959208
330,7264.520213
331,7241.086206
332,7247.071830
333,7265.433400
334,7256.513595
335,7227.420041
336,7246.516266
337,7231.604878
338,7242.050028
339,7229.317623
340,7260.281144
341,7269.641474
342,7243.510257
343,7261.396597
344,7250.615885
345,7286.144007
346,7267.154286
347,7249.460120
348,7226.355243
349,7275.179361
350,7257.398427
351,7254.436366
352,7288.243197
353,7262.234480
354,7252.816676
355,7244.480645
356,7258.720158
357,7241.098085
358,7247.400944
359,7276.059979
360,7238.973504
361,7257.977994
362,7267.008632
363,7269.624044
364,7247.724738
365,7275.041910
366,7270.900095
367,7236.521702
368,7255.791277
369,7257.652600
370,7286.454852
371,7265.858827
372,7276.320606
373,7262.960795
374,7257.705929
375,7251.950772
376,7262.134476
377,7268.511751
378,7243.245441
379,7252.004574
380,7277.705427
381,7285.173615
382,7240.981151
383,7263.980678
384,7284.262620
385,7263.349976
386,7264.623433
387,7263.415038
388,7246.682634
389,7270.834814
390,7267.548116
391,7263.958210
392,7235.634713
393,7244.571434
394,7255.319781
395,7262.749589
396,7251.847852
397,7241.466244
398,7256.799084
399,7241.238462
400,7245.819160
401,7271.329614
402,7275.431133
403,7275.208798
404,7255.963777
405,7250.773496
406,7249.514360
407,7244.124006
408,7279.371131
409,7283.178290
410,7274.317381
411,7284.255182
412,7265.579630
413,7253.422596
414,7268.821278
415,7267.345776
416,7268.169204
417,7261.556497
418,7229.605198
419,7251.182094
420,7266.859176
421,7280.545678
422,7246.595873
423,7285.673942
424,7278.397637
425,7237.722569
426,7251.842060
427,7296.526796
428,7262.684105
429,7275.056922
430,7262.583593
431,7266.178946
432,7266.955820
433,7260.276741
434,7249.577839
435,7275.425890
436,7254.784684
437,7240.977114
438,7261.912432
439,7277.671002
440,7275.653681
441,7256.958462
442,7253.109151
443,7233.710947
444,7268.532731
445,7267.125544
446,7271.858996
447,7251.034765
448,7251.570708
449,7258.291915
450,7262.456128
451,7271.089685
452,7268.152202
453,7258.594194
454,7253.386176
455,7266.345763
456,7265.005987
457,7270.082211
458,7283.642467
459,7271.585894
460,7261.335196
461,7236.316491
462,7238.861541
463,7252.795227
464,7260.547284
465,7254.160505
466,7235.337158
467,7254.083761
468,7251.452620
469,7272.818109
470,7267.078992
471,7267.898863
472,7276.942571
473,7263.725319
474,7270.650636
475,7281.871849
476,7287.074318
477,7254.245283
478,7248.400866
479,7230.545775
480,7245.206684
481,7231.354763
482,7257.535778
483,7240.960180
484,7236.000248
485,7249.232735
486,7269.385507
487,7265.486823
488,7279.242300
489,7270.399288
490,7286.955273
491,7267.251636
492,7245.370057
493,7252.819327
494,7259.804819
495,7262.177372
496,7248.093935
497,7245.090717
498,7265.317211
499,7267.607611
