0,3108.231654
1,3505.848186
2,3732.621116
3,3921.237538
4,4080.696134
5,4260.527133
6,4386.424188
7,4531.617103
8,4621.449685
9,4715.510728
10,4789.467933
11,4868.927714
12,4929.838145
13,5006.002328
14,5099.719986
15,5193.663487
16,5269.106060
17,5373.224711
18,5479.303315
19,5545.108789
20,5618.374708
21,5685.459940
22,5761.574070
23,5857.072335
24,5934.946596
25,6000.902548
26,6080.955345
27,6151.269675
28,6197.728190
29,6260.967202
30,6303.201123
31,6341.133780
32,6379.148747
33,6425.526174
34,6457.978180
35,6495.740836
36,6544.694357
37,6578.631390
38,6624.959860
39,6653.440174
40,6683.656045
41,6710.157692
42,6742.069995
43,6764.355052
44,6788.267130
45,6808.221283
46,6823.871988
47,6842.105543
48,6854.023388
49,6869.878875
50,6893.051730
51,6907.956534
52,6913.092667
53,6924.788337
54,6935.557817
55,6955.330164
56,6967.036751
57,6974.644099
58,6982.351390
59,6992.068871
60,7000.953619
61,7009.360299
62,7019.275614
63,7027.223842
64,7031.373500
65,7037.382911
66,7043.530660
67,7049.228572
68,7058.163971
69,7064.506633
70,7071.659977
71,7077.706358
72,7083.943458
73,7091.159211
74,7095.770602
75,7105.058815
76,7107.801374
77,7117.952837
78,7122.753150
79,7125.326861
80,7129.180662
81,7138.130098
82,7142.400232
83,7145.478208
84,7147.404764
85,7156.913179
86,7162.380346
87,7168.702459
88,7174.028166
89,7174.528119
90,7177.179914
91,7178.851721
92,7181.895150
93,7189.073786
94,7192.604086
95,7196.943831
96,7199.627969
97,7202.038124
98,7206.173746
99,7207.303668
100,7210.843195
101,7214.123159
102,7216.236530
103,7217.296577
104,7220.379471
105,7222.728182
106,7225.123978
107,7227.167200
108,7229.007584
109,7229.525900
110,7230.092922
111,7231.709261
112,7232.005062
113,7233.453439
114,7235.640905
115,7238.129399
116,7240.407235
117,7246.365526
118,7247.717792
119,7248.627376
120,7250.438422
121,7255.010969
122,7255.944467
123,7259.538361
124,7263.687529
125,7265.642486
126,7268.621792
127,7271.751173
128,7273.112395
129,7274.042024
130,7274.062874
131,7276.235021
132,7277.807838
133,7278.566053
134,7279.219178
135,7280.560820
136,7281.826846
137,7285.705817
138,7287.359251
139,7289.384966
140,7289.936213
141,7291.769608
142,7292.409989
143,7292.409989
144,7294.257157
145,7295.739836
146,7297.916856
147,7299.513837
148,7301.293656
149,7302.613434
150,7302.613434
151,7302.844389
152,7304.218365
153,7304.968382
154,7306.139732
155,7306.490162
156,7306.602852
157,7307.586581
158,7308.633162
159,7309.349713
160,7309.909476
161,7311.528862
162,7312.252546
163,7313.153319
164,7314.373912
165,7314.405881
166,7314.904526
167,7315.264309
168,7316.420678
169,7316.869124
170,7317.186964
171,7317.280036
172,7317.789668
173,7318.572632
174,7320.013208
175,7320.033586
176,7320.762994
177,7321.677282
178,7322.077569
179,7322.416573
180,7323.707091
181,7324.652203
182,7324.835989
183,7325.073394
184,7325.423451
185,7325.607237
186,7326.003481
187,7326.610549
188,7326.982838
189,7327.200677
190,7327.342063
191,7328.418498
192,7329.084016
193,7329.364114
194,7329.988226
195,7330.228893
196,7330.612538
197,7330.871513
198,7330.871513
199,7331.205063
200,7331.205063
201,7331.418761
202,7331.942533
203,7332.301579
204,7333.001369
205,7333.243411
206,7333.729038
207,7333.812133
208,7334.137874
209,7334.137874
210,7334.226860
211,7334.578391
212,7334.578391
213,7334.818600
214,7335.147962
215,7335.855585
216,7336.176128
217,7336.606627
218,7336.718250
219,7336.939245
220,7337.361068
221,7337.460438
222,7337.518988
223,7337.646235
224,7337.958809
225,7338.154659
226,7338.400686
227,7338.400686
228,7338.523644
229,7338.705884
230,7338.862151
231,7338.890713
232,7339.120537
233,7339.335750
234,7339.462480
235,7339.571499
236,7339.650739
237,7339.745109
238,7339.824593
239,7340.015872
240,7340.061769
241,7340.072652
242,7340.223938
243,7340.545254
244,7340.794034
245,7340.984708
246,7341.078181
247,7341.361274
248,7341.538739
249,7341.560505
250,7341.873517
251,7342.179729
252,7342.268210
253,7342.477843
254,7342.612784
255,7342.612784
256,7342.717825
257,7342.717825
258,7342.854153
259,7343.271290
260,7343.271290
261,7343.381363
262,7343.564487
263,7343.640405
264,7343.798229
265,7343.834572
266,7344.116258
267,7344.350496
268,7344.515821
269,7344.740558
270,7344.740558
271,7344.829820
272,7344.842328
273,7344.938262
274,7344.938262
275,7344.943318
276,7345.166045
277,7345.224627
278,7345.330959
279,7345.355927
280,7345.359653
281,7345.535572
282,7345.639484
283,7345.721293
284,7345.813327
285,7345.813327
286,7346.050590
287,7346.099497
288,7346.099497
289,7346.205908
290,7346.368938
291,7346.373970
292,7346.381661
293,7346.429238
294,7346.487052
295,7346.488383
296,7346.494744
297,7346.494744
298,7346.588419
299,7346.646233
300,7346.738705
301,7346.885162
302,7346.980005
303,7347.142922
304,7347.142922
305,7347.150325
306,7347.245041
307,7347.433730
308,7347.477006
309,7347.568751
310,7347.608326
311,7347.745600
312,7347.917243
313,7347.959788
314,7348.079273
315,7348.127024
316,7348.203964
317,7348.324927
318,7348.489194
319,7348.646031
320,7348.688576
321,7348.858757
322,7348.949053
323,7348.984927
324,7349.102933
325,7349.181351
326,7349.471030
327,7349.680824
328,7349.930205
329,7350.057841
330,7350.383380
331,7350.576090
332,7350.828405
333,7351.060703
334,7351.307823
335,7351.387444
336,7351.404503
337,7351.440100
338,7351.440100
339,7351.440100
340,7351.453444
341,7351.465322
342,7351.509070
343,7351.539486
344,7351.559502
345,7351.601796
346,7351.621812
347,7351.669324
348,7351.675996
349,7351.693055
350,7351.698249
351,7351.730143
352,7351.730143
353,7351.748693
354,7351.759080
355,7351.791732
356,7351.834026
357,7351.863696
358,7351.863696
359,7351.866654
360,7351.879253
361,7351.885168
362,7351.901494
363,7351.901494
364,7351.911136
365,7351.920778
366,7351.930420
367,7351.931898
368,7351.940062
369,7351.957867
370,7351.971236
371,7351.979399
372,7351.983835
373,7352.000161
374,7352.016488
375,7352.020924
376,7352.037250
377,7352.043165
378,7352.058013
379,7352.063218
380,7352.078836
381,7352.078836
382,7352.078836
383,7352.084042
384,7352.084042
385,7352.099660
386,7352.099660
387,7352.110071
388,7352.120483
389,7352.120483
390,7352.136101
391,7352.136101
392,7352.141307
393,7352.141307
394,7352.141307
395,7352.146513
396,7352.167336
397,7352.172542
398,7352.182954
399,7352.188160
400,7352.188160
401,7352.188160
402,7352.208983
403,7352.214189
404,7352.214189
405,7352.219395
406,7352.240218
407,7352.240218
408,7352.240218
409,7352.255836
410,7352.261042
411,7352.271454
412,7352.271454
413,7352.276660
414,7352.302689
415,7352.302689
416,7352.313101
417,7352.323512
418,7352.328718
419,7352.339130
420,7352.354748
421,7352.354748
422,7352.354748
423,7352.359954
424,7352.385983
425,7352.396395
426,7352.396395
427,7352.396395
428,7352.401601
429,7352.412012
430,7352.412012
431,7352.412012
432,7352.438042
433,7352.453659
434,7352.458865
435,7352.458865
436,7352.479689
437,7352.500512
438,7352.505718
439,7352.505718
440,7352.516130
441,7352.536954
442,7352.568189
443,7352.578601
444,7352.609836
445,7352.630659
446,7352.641071
447,7352.651483
448,7352.656689
449,7352.698336
450,7352.713953
451,7352.724365
452,7352.729571
453,7352.739983
454,7352.739983
455,7352.755600
456,7352.781630
457,7352.786836
458,7352.807659
459,7352.838895
460,7352.838895
461,7352.838895
462,7352.844100
463,7352.854512
464,7352.875336
465,7352.896159
466,7352.916983
467,7352.927395
468,7352.943012
469,7352.974247
470,7352.979453
471,7352.984659
472,7353.026306
473,7353.026306
474,7353.041924
475,7353.041924
476,7353.041924
477,7353.041924
478,7353.041924
479,7353.041924
480,7353.041924
481,7353.041924
482,7353.041924
483,7353.041924
484,7353.041924
485,7353.041924
486,7353.041924
487,7353.041924
488,7353.041924
489,7353.041924
490,7353.041924
491,7353.041924
492,7353.041924
493,7353.041924
494,7353.041924
495,7353.041924
496,7353.041924
497,7353.041924
498,7353.041924
499,7353.041924
