0,3095.951931
1,3469.181916
2,3710.475840
3,3915.871657
4,4144.707850
5,4300.993114
6,4349.059857
7,4500.611055
8,4589.673532
9,4637.442071
10,4686.277249
11,4781.537295
12,4789.044088
13,4892.467501
14,4999.501379
15,5035.596890
16,5105.083184
17,5104.019466
18,5175.012882
19,5195.800954
20,5154.549091
21,5177.748757
22,5323.652006
23,5337.231935
24,5446.832698
25,5507.031146
26,5519.671760
27,5420.322246
28,5455.526973
29,5477.129212
30,5520.360338
31,5564.999591
32,5536.027032
33,5528.731484
34,5652.369094
35,5687.553689
36,5744.685282
37,5698.954881
38,5729.581387
39,5754.368748
40,5744.884318
41,5784.047317
42,5753.952115
43,5818.007989
44,5877.221938
45,5824.145621
46,5884.236471
47,5922.545833
48,5828.004272
49,5913.492500
50,5941.091084
51,6056.523081
52,5964.282737
53,5871.508245
54,5867.682987
55,5873.551192
56,5880.937955
57,5777.711467
58,5809.970523
59,5877.872544
60,5848.116574
61,5910.104913
62,5901.810611
63,5783.855624
64,5841.798161
65,5887.557291
66,5793.790400
67,5874.823816
68,5901.856626
69,5944.596403
70,5902.275991
71,5951.147951
72,5977.958018
73,5910.401425
74,6036.886551
75,5989.823993
76,5931.375995
77,5989.072301
78,6019.681208
79,6091.572499
80,6103.676052
81,6195.374721
82,6135.463292
83,6124.715246
84,6269.151541
85,6258.678270
86,6084.279566
87,6129.492913
88,6081.891836
89,6076.317189
90,6039.325559
91,6198.663904
92,6268.041068
93,6090.446984
94,6207.974143
95,6154.617646
96,6113.004197
97,5948.813770
98,5949.209543
99,5982.173585
100,5968.859996
101,5977.953444
102,6030.219199
103,6097.864378
104,6156.713520
105,6218.216240
106,6140.475040
107,6185.159942
108,6189.180236
109,6238.529800
110,6167.894588
111,6193.001718
112,6188.418153
113,6062.065463
114,6130.119543
115,5947.252407
116,6024.377546
117,6103.960967
118,6128.662599
119,6153.103745
120,6213.494926
121,6215.631967
122,6124.522687
123,6145.220346
124,6163.397803
125,6239.378075
126,6197.953411
127,6182.099679
128,6324.550404
129,6263.615327
130,6178.901825
131,6037.234313
132,6067.362918
133,6116.578265
134,6146.535980
135,6190.565579
136,6238.384225
137,6220.048238
138,6205.254992
139,6192.177283
140,6246.874845
141,6212.946418
142,6105.842047
143,6167.672802
144,6258.219224
145,6221.606556
146,6243.479432
147,6276.012545
148,6300.497671
149,6300.449396
150,6312.523024
151,6262.116659
152,6242.809806
153,6293.304278
154,6229.637779
155,6270.506643
156,6345.313695
157,6383.013615
158,6384.224224
159,6336.372503
160,6349.656253
161,6321.015665
162,6273.570493
163,6349.213159
164,6372.621099
165,6378.829938
166,6412.373102
167,6377.662070
168,6336.805486
169,6194.111839
170,6229.788062
171,6170.518152
172,6291.984290
173,6279.572410
174,6335.747695
175,6295.218910
176,6157.943110
177,6246.522648
178,6296.945843
179,6255.267956
180,6232.407628
181,6321.490609
182,6397.735597
183,6299.690341
184,6283.158696
185,6353.382988
186,6427.312875
187,6391.568519
188,6436.831173
189,6382.235315
190,6332.339446
191,6211.731808
192,6216.427536
193,6151.519438
194,6211.419314
195,6380.621077
196,6401.541496
197,6417.470449
198,6363.132279
199,6380.523396
200,6319.772488
201,6382.713040
202,6455.177487
203,6349.706820
204,6417.390741
205,6483.612969
206,6473.741718
207,6464.018461
208,6339.040782
209,6405.611920
210,6430.117711
211,6507.294936
212,6352.110305
213,6310.108242
214,6405.262674
215,6336.456963
216,6341.114703
217,6376.581548
218,6454.566484
219,6430.221067
220,6355.123795
221,6251.754122
222,6451.457367
223,6532.276967
224,6516.670345
225,6458.078336
226,6399.787909
227,6428.352629
228,6477.973316
229,6549.490652
230,6577.631194
231,6460.710844
232,6519.808746
233,6503.974742
234,6549.230551
235,6574.904080
236,6558.415125
237,6508.266687
238,6564.994767
239,6637.083117
240,6573.359728
241,6577.165637
242,6644.930107
243,6661.132902
244,6486.438947
245,6478.489501
246,6417.401183
247,6456.037836
248,6492.524381
249,6526.362378
250,6503.178294
251,6480.086908
252,6505.044211
253,6582.937578
254,6419.710255
255,6412.702681
256,6224.816888
257,6277.428296
258,6332.239456
259,6393.643515
260,6478.981256
261,6406.746363
262,6366.719346
263,6253.723062
264,6402.321241
265,6439.545628
266,6442.598369
267,6439.169389
268,6315.930352
269,6368.232325
270,6414.903692
271,6523.164243
272,6446.810140
273,6481.890727
274,6482.538351
275,6461.759301
276,6661.213320
277,6556.034932
278,6570.545462
279,6563.158513
280,6513.626565
281,6428.404111
282,6388.898580
283,6323.699321
284,6399.746029
285,6408.122744
286,6688.971809
287,6544.698677
288,6506.398403
289,6495.438889
290,6453.188058
291,6495.050427
292,6552.207747
293,6498.892164
294,6441.019796
295,6573.866673
296,6603.085588
297,6648.120365
298,6635.078683
299,6564.756153
300,6546.609018
301,6534.674595
302,6532.981953
303,6635.996550
304,6519.833201
305,6620.199655
306,6684.411418
307,6500.926217
308,6398.033883
309,6292.062791
310,6375.245928
311,6419.632067
312,6434.490404
313,6497.506174
314,6477.992017
315,6429.666481
316,6382.914018
317,6396.697262
318,6291.716058
319,6325.372057
320,6392.760791
321,6586.211482
322,6654.108624
323,6594.493453
324,6525.886555
325,6453.515617
326,6432.544471
327,6497.940239
328,6525.663758
329,6422.201069
330,6498.303104
331,6487.108487
332,6408.286027
333,6396.648440
334,6400.070817
335,6515.383659
336,6484.598346
337,6616.324887
338,6517.293707
339,6391.249899
340,6392.007410
341,6483.118148
342,6562.795149
343,6407.875410
344,6499.046748
345,6651.599535
346,6533.297553
347,6418.785369
348,6427.070740
349,6349.323995
350,6596.566960
351,6587.087811
352,6468.152285
353,6576.382598
354,6513.441040
355,6370.912271
356,6377.788915
357,6518.587442
358,6500.328527
359,6514.858677
360,6327.275400
361,6450.802039
362,6489.963109
363,6503.242721
364,6595.270643
365,6596.520206
366,6400.716084
367,6552.055608
368,6424.058149
369,6511.011259
370,6458.695303
371,6402.517337
372,6311.994633
373,6377.923415
374,6472.043616
375,6491.400763
376,6449.525082
377,6466.524660
378,6497.455403
379,6616.178979
380,6591.805725
381,6555.245710
382,6406.791597
383,6377.389573
384,6566.403936
385,6565.723865
386,6637.020820
387,6490.610616
388,6563.053463
389,6593.731011
390,6565.630833
391,6642.717730
392,6553.229282
393,6606.616167
394,6428.708498
395,6335.898774
396,6409.889562
397,6321.425770
398,6294.715584
399,6385.723404
400,6557.354776
401,6479.657716
402,6448.390386
403,6379.752211
404,6421.377625
405,6501.600166
406,6405.174232
407,6438.032483
408,6454.000757
409,6448.420420
410,6455.911006
411,6564.340491
412,6551.307040
413,6493.324007
414,6599.528906
415,6574.644233
416,6577.293279
417,6506.286051
418,6528.689811
419,6486.998647
420,6400.244556
421,6331.279981
422,6354.790296
423,6362.257413
424,6284.342995
425,6274.056073
426,6348.845970
427,6347.187851
428,6360.548493
429,6426.383373
430,6429.215066
431,6396.725333
432,6438.496872
433,6373.328138
434,6354.228882
435,6256.371328
436,6327.065956
437,6419.505646
438,6392.838207
439,6467.275846
440,6487.828442
441,6400.033903
442,6374.177255
443,6310.679848
444,6186.793413
445,6190.861592
446,6272.591290
447,6323.986208
448,6368.872795
449,6360.824287
450,6468.171342
451,6421.890339
452,6506.171975
453,6534.806248
454,6501.035329
455,6565.177064
456,6509.932006
457,6428.598493
458,6298.906675
459,6287.201992
460,6234.700379
461,6330.723370
462,6201.871022
463,6343.085096
464,6237.237705
465,6328.571208
466,6339.473432
467,6367.107384
468,6443.753690
469,6444.465977
470,6463.336175
471,6500.125828
472,6333.314520
473,6503.254928
474,6630.438695
475,6520.815452
476,6603.866242
477,6544.211172
478,6619.413946
479,6526.877007
480,6536.093875
481,6501.729782
482,6497.335731
483,6408.723608
484,6471.229601
485,6545.788689
486,6504.712053
487,6570.885174
488,6451.316181
489,6366.668841
490,6409.952540
491,6412.182768
492,6431.969113
493,6385.214254
494,6370.352620
495,6261.129285
496,6342.166169
497,6439.923091
498,6561.360774
499,6550.883648
