0,3130.258360
1,3496.818842
2,3837.943958
3,4104.230548
4,4414.251307
5,4747.651112
6,5055.982683
7,5296.523917
8,5531.195632
9,5769.094335
10,5992.290719
11,6148.038287
12,6396.925314
13,6640.520357
14,6977.735199
15,7141.029535
16,7330.514479
17,7518.693081
18,7736.136954
19,7723.282488
20,7882.211525
21,7876.047492
22,7900.989944
23,7912.047015
24,7908.974528
25,7949.776134
26,7998.144255
27,7986.181763
28,7977.448931
29,8048.493138
30,8126.264067
31,8119.541295
32,8167.787774
33,8138.430523
34,8159.242727
35,8156.190013
36,8180.859701
37,8176.295086
38,8161.885477
39,8179.413494
40,8213.237304
41,8206.608555
42,8197.102990
43,8191.532681
44,8156.405399
45,8140.538955
46,8191.088617
47,8185.012162
48,8180.471168
49,8165.165717
50,8193.983105
51,8121.154152
52,8152.017646
53,8202.038793
54,8204.237798
55,8208.074136
56,8197.934485
57,8181.411192
58,8198.098055
59,8166.313213
60,8187.000835
61,8210.546632
62,8173.770967
63,8158.809284
64,8154.323339
65,8182.818550
66,8146.397790
67,8161.904696
68,8173.651890
69,8192.832159
70,8183.069285
71,8182.099026
72,8176.504646
73,8130.084632
74,8131.075318
75,8171.747444
76,8185.898202
77,8193.717720
78,8154.361987
79,8197.530549
80,8156.402668
81,8180.343389
82,8185.557544
83,8162.293402
84,8188.854426
85,8176.952726
86,8218.449078
87,8191.317825
88,8183.356692
89,8166.964306
90,8187.547760
91,8209.068161
92,8202.818602
93,8135.951540
94,8178.439942
95,8161.029838
96,8176.434951
97,8194.038966
98,8176.632769
99,8179.681033
100,8166.165604
101,8175.229821
102,8184.340868
103,8192.317666
104,8179.285442
105,8197.608781
106,8207.388028
107,8202.490360
108,8179.540720
109,8208.664382
110,8181.435352
111,8186.183578
112,8192.508650
113,8176.786962
114,8196.617612
115,8217.991531
116,8169.041429
117,8170.410575
118,8219.723020
119,8181.067970
120,8202.241940
121,8163.322478
122,8210.684595
123,8212.719912
124,8186.736903
125,8186.041531
126,8187.873786
127,8195.677503
128,8215.497420
129,8171.995102
130,8194.269328
131,8166.205785
132,8196.198978
133,8213.378874
134,8194.744186
135,8184.837134
136,8216.528544
137,8162.510649
138,8216.314222
139,8173.206383
140,8177.196599
141,8181.990431
142,8192.411563
143,8132.561284
144,8183.542565
145,8159.201778
146,8195.337756
147,8181.710567
148,8170.883911
149,8176.837661
150,8142.094873
151,8146.553444
152,8194.670089
153,8180.046695
154,8200.439727
155,8195.486295
156,8214.943604
157,8176.565135
158,8192.841659
159,8157.611461
160,8214.671155
161,8183.959273
162,8178.698101
163,8160.602049
164,8181.205714
165,8173.692343
166,8198.942517
167,8180.420959
168,8182.919878
169,8200.403725
170,8189.951709
171,8174.352428
172,8183.945664
173,8172.010530
174,8137.012930
175,8183.512035
176,8168.469903
177,8137.450678
178,8163.715578
179,8180.241655
180,8196.515288
181,8207.949797
182,8205.699057
183,8147.599786
184,8195.214395
185,8215.185117
186,8173.881748
187,8158.052569
188,8174.861197
189,8192.386558
190,8196.640862
191,8203.078430
192,8139.813846
193,8210.470559
194,8171.606230
195,8163.763467
196,8174.061998
197,8195.271953
198,8212.246696
199,8195.203948
200,8160.462383
201,8158.004515
202,8203.136377
203,8161.742311
204,8180.320555
205,8151.410495
206,8189.365022
207,8154.904954
208,8177.536485
209,8173.685955
210,8197.285491
211,8167.405327
212,8175.278577
213,8181.941876
214,8142.996748
215,8201.044152
216,8152.925034
217,8172.212518
218,8194.609723
219,8197.238011
220,8175.096422
221,8165.584333
222,8187.866045
223,8142.313714
224,8120.761422
225,8183.081086
226,8173.636329
227,8142.242466
228,8163.164391
229,8127.082894
230,8167.624920
231,8191.851219
232,8195.947324
233,8156.017074
234,8145.846070
235,8177.347507
236,8192.740513
237,8218.352670
238,8161.640163
239,8198.565025
240,8181.302211
241,8152.775525
242,8152.689050
243,8166.740859
244,8189.063219
245,8176.194941
246,8148.218733
247,8152.276415
248,8086.789381
249,8199.609127
250,8179.775541
251,8208.426336
252,8185.374320
253,8184.319671
254,8138.695565
255,8148.515197
256,8160.760772
257,8179.368491
258,8191.735113
259,8211.822274
260,8197.592443
261,8208.950596
262,8162.305456
263,8170.696067
264,8191.861517
265,8220.768738
266,8166.854631
267,8192.526017
268,8214.448116
269,8186.146911
270,8187.121965
271,8157.902258
272,8147.309840
273,8171.378654
274,8170.000136
275,8181.434693
276,8220.115799
277,8206.767759
278,8192.954432
279,8177.420530
280,8130.443293
281,8160.748523
282,8197.122700
283,8183.302573
284,8203.241741
285,8209.747050
286,8205.889370
287,8180.324015
288,8201.150211
289,8215.579339
290,8176.461785
291,8164.336591
292,8189.670867
293,8187.999704
294,8184.057727
295,8118.719883
296,8193.468413
297,8143.972017
298,8183.509157
299,8187.006757
300,8216.060066
301,8215.843224
302,8160.249779
303,8227.030817
304,8217.730699
305,8158.178255
306,8158.944207
307,8143.263718
308,8197.200471
309,8173.534232
310,8147.670828
311,8216.620826
312,8200.573621
313,8202.893970
314,8191.185128
315,8151.733318
316,8136.194996
317,8161.555561
318,8156.813550
319,8107.781755
320,8206.594767
321,8204.825818
322,8208.409437
323,8223.920899
324,8202.465155
325,8177.588867
326,8144.976653
327,8152.103760
328,8122.016067
329,8139.653866
330,8192.472474
331,8173.930227
332,8205.042364
333,8226.233161
334,8173.341885
335,8162.364539
336,8170.999573
337,8177.283911
338,8202.237428
339,8166.669663
340,8155.096586
341,8167.797517
342,8162.390256
343,8150.474231
344,8186.032748
345,8177.729191
346,8175.711775
347,8209.320778
348,8216.915927
349,8208.961564
350,8192.054015
351,8189.939070
352,8178.501554
353,8218.884072
354,8194.891773
355,8160.205531
356,8188.398265
357,8220.180580
358,8166.814623
359,8173.946331
360,8185.740683
361,8211.791559
362,8172.639903
363,8202.587213
364,8177.339818
365,8169.748816
366,8180.819639
367,8161.650922
368,8157.990354
369,8140.310407
370,8104.525800
371,8160.012558
372,8178.592207
373,8124.353426
374,8176.668394
375,8191.334067
376,8217.198688
377,8195.445051
378,8178.135778
379,8189.649768
380,8176.560580
381,8144.554007
382,8169.234833
383,8177.930651
384,8173.631291
385,8179.033145
386,8224.823622
387,8175.916220
388,8196.370723
389,8205.929469
390,8194.052698
391,8168.177318
392,8164.947288
393,8149.976790
394,8189.164677
395,8190.638066
396,8207.622676
397,8180.246378
398,8172.429200
399,8199.981107
400,8187.356117
401,8140.751301
402,8185.012394
403,8210.027706
404,8196.387295
405,8182.769378
406,8109.311272
407,8179.519977
408,8136.106741
409,8192.318018
410,8195.983519
411,8208.951522
412,8171.142491
413,8204.119361
414,8174.512538
415,8170.564859
416,8184.687081
417,8191.248310
418,8183.988659
419,8167.652000
420,8189.056402
421,8128.773626
422,8142.945399
423,8169.287170
424,8210.594610
425,8165.190036
426,8198.653393
427,8136.116922
428,8190.387318
429,8164.347288
430,8178.268258
431,8168.571707
432,8174.106565
433,8213.713890
434,8198.117708
435,8191.719704
436,8206.267423
437,8160.361377
438,8222.476976
439,8218.776244
440,8200.202344
441,8207.959690
442,8178.815947
443,8143.145996
444,8226.933518
445,8204.082886
446,8178.555244
447,8204.347923
448,8180.689821
449,8179.145671
450,8184.774628
451,8196.572687
452,8191.513295
453,8191.090158
454,8196.191346
455,8200.356811
456,8208.052170
457,8220.039078
458,8197.049869
459,8176.752657
460,8172.794363
461,8186.162578
462,8193.309868
463,8180.772572
464,8152.727748
465,8148.510667
466,8209.298953
467,8218.509256
468,8210.637265
469,8156.054599
470,8201.316189
471,8170.680452
472,8136.328008
473,8125.327294
474,8178.422482
475,8165.023822
476,8164.007428
477,8153.672968
478,8205.408350
479,8194.378425
480,8214.220640
481,8185.563745
482,8206.251445
483,8214.125780
484,8193.135150
485,8210.492949
486,8192.538832
487,8206.595997
488,8176.299834
489,8213.652450
490,8200.609044
491,8178.213761
492,8144.181021
493,8151.104698
494,8165.266662
495,8191.023346
496,8213.523571
497,8186.495734
498,8078.216712
499,8108.661765
