0,3080.631602
1,6159.297796
2,6577.701563
3,6808.595384
4,6992.493584
5,7100.245013
6,7294.005532
7,7480.093881
8,7543.629354
9,7542.120385
10,7779.225978
11,7896.881589
12,7934.858523
13,8127.635376
14,8132.816451
15,8486.135528
16,8436.461495
17,8557.693508
18,8717.016925
19,8744.321556
20,8697.126420
21,8848.520050
22,8917.074324
23,9058.625272
24,9073.615471
25,9107.698365
26,9200.555155
27,9236.376286
28,9573.892021
29,9584.381646
30,9580.947720
31,9715.292937
32,9761.942260
33,9877.466961
34,9921.961598
35,10097.590058
36,9979.033585
37,10119.106584
38,10202.088982
39,10392.420610
40,10504.902732
41,10586.603574
42,10794.972518
43,10771.005859
44,10962.677319
45,11023.983845
46,10911.695628
47,11249.987466
48,10814.221435
49,11134.772095
50,11241.922599
51,11060.357450
52,11497.566885
53,11242.579873
54,11437.804355
55,11468.200104
56,11430.385794
57,10914.642667
58,11481.293152
59,11654.423831
60,11595.120502
61,11484.138421
62,11439.223799
63,11585.613040
64,11537.573625
65,11504.053683
66,11670.740877
67,11674.712184
68,11783.301840
69,11702.601467
70,11515.743050
71,11632.388437
72,11448.682389
73,11705.465310
74,11567.954117
75,11371.058820
76,11853.523978
77,11956.105574
78,11605.611606
79,11799.853123
80,11545.181465
81,11553.994445
82,11967.125687
83,11628.967724
84,11925.031312
85,11790.682863
86,11584.136713
87,12020.581815
88,12148.606625
89,12069.970393
90,11682.063964
91,11938.073029
92,12140.658501
93,11995.696140
94,11411.821212
95,11732.116254
96,11783.731672
97,11668.268571
98,12064.272208
99,11818.570683
100,11886.694510
101,11954.155320
102,12166.042134
103,12023.737463
104,11905.911108
105,12004.282555
106,11672.090750
107,11795.067605
108,12001.738654
109,12122.042915
110,11776.718057
111,12215.219628
112,12011.665155
113,12102.260813
114,12110.698096
115,12195.421067
116,11976.814455
117,12135.147084
118,11737.425891
119,11959.706523
120,11709.799952
121,11837.891405
122,12280.930233
123,12154.096686
124,11925.691571
125,11793.257872
126,11730.247000
127,11791.086831
128,11888.671402
129,11922.452937
130,11822.445117
131,12081.722959
132,11911.090647
133,12221.180401
134,11984.184215
135,11879.868600
136,11961.756608
137,12144.156405
138,11780.738690
139,11813.298101
140,11819.980805
141,11796.554864
142,12076.317211
143,11971.269484
144,11898.554684
145,12060.628894
146,11896.029657
147,11934.710372
148,11809.815795
149,12037.280400
150,11880.356266
151,11910.413794
152,11742.213166
153,12041.844530
154,11977.880228
155,12146.151344
156,12060.967106
157,11864.175231
158,11976.541583
159,11916.807340
160,12165.427263
161,12016.513591
162,12007.679112
163,12287.852408
164,11942.691409
165,12197.056515
166,12008.367080
167,12083.828623
168,11830.376837
169,11858.236429
170,11834.365789
171,11921.963865
172,12065.727095
173,11759.977961
174,11794.500634
175,11941.732127
176,11813.921225
177,11894.981125
178,11968.535815
179,11822.520172
180,11994.805353
181,11916.637900
182,11865.590009
183,12052.828510
184,11966.904498
185,11894.357935
186,12046.809121
187,12068.958231
188,12032.545269
189,11762.760823
190,11831.276634
191,11932.991750
192,11923.626543
193,11941.736813
194,11969.556953
195,11718.277469
196,11816.445843
197,11945.033852
198,11996.554737
199,11880.954327
200,11897.384759
201,11828.536575
202,11708.804997
203,11946.813717
204,11906.182461
205,11976.344124
206,11898.615012
207,12111.909138
208,12333.953285
209,12213.878162
210,12128.355591
211,11875.302620
212,12014.828101
213,11817.197660
214,12037.759618
215,12109.519379
216,11900.280208
217,11990.264888
218,11957.298031
219,12055.599513
220,11921.606916
221,12077.080175
222,12002.994970
223,11958.100342
224,11804.160542
225,11961.417190
226,11836.529947
227,12042.214871
228,12004.297323
229,12174.013974
230,11886.094830
231,12054.697321
232,11857.358742
233,12084.757993
234,12054.956829
235,12093.310709
236,11705.011087
237,11633.390204
238,12118.288004
239,11791.474457
240,11592.399907
241,11728.633675
242,12157.293231
243,12272.828330
244,12111.495679
245,12163.150933
246,11828.198808
247,11905.021791
248,11883.485895
249,12135.979084
250,12013.967668
251,11806.790559
252,12141.153756
253,11970.001969
254,12060.171541
255,12090.949340
256,12043.764993
257,11964.414768
258,12056.679578
259,12105.372740
260,12089.802267
261,12029.278838
262,12071.780061
263,11885.495075
264,11986.215559
265,11961.022793
266,11990.271942
267,12195.830734
268,12035.207537
269,11827.212783
270,11723.315707
271,12020.771668
272,12190.647806
273,11978.635715
274,12041.761190
275,12162.422008
276,12375.345432
277,11951.290305
278,11965.379686
279,12165.777795
280,12322.611422
281,11930.479326
282,12250.537561
283,12136.025059
284,12128.893960
285,12098.790260
286,12411.722968
287,12374.345214
288,12119.944586
289,12251.430182
290,12141.902013
291,12074.372719
292,12077.018309
293,11990.021778
294,11969.131952
295,12131.424636
296,12416.038001
297,12186.062899
298,12481.473989
299,12238.826913
300,12107.116870
301,11942.347275
302,12241.209328
303,12519.988144
304,12068.627235
305,12006.665103
306,12133.150041
307,12337.193445
308,12221.380733
309,12185.416469
310,12071.825814
311,12123.550260
312,12098.077984
313,12227.942936
314,12271.154939
315,12306.204242
316,12078.945391
317,12181.076249
318,12571.646054
319,12331.300196
320,12192.804743
321,12323.706726
322,12488.521839
323,12255.259783
324,12308.220575
325,12214.596221
326,12058.666469
327,12062.075732
328,12061.299237
329,12148.192078
330,12122.239586
331,12587.322983
332,12274.628298
333,12256.011289
334,11957.528683
335,12156.973469
336,12281.881110
337,11904.487321
338,12251.489557
339,12466.423234
340,12292.489922
341,12447.879811
342,12332.896805
343,12016.621147
344,12272.105067
345,12159.197910
346,12181.520144
347,12115.735376
348,12250.097249
349,12147.596037
350,12272.279623
351,12066.152517
352,12005.049489
353,12110.304772
354,11948.309583
355,12070.344912
356,12222.517770
357,12191.979360
358,11717.926844
359,12147.647122
360,12302.442220
361,12182.266998
362,12369.946188
363,12305.348546
364,12238.601251
365,12134.658942
366,12385.498045
367,12446.022707
368,12160.825170
369,12285.280351
370,12326.691036
371,12205.532398
372,12261.331733
373,12203.247265
374,12277.337076
375,12431.683350
376,12323.897086
377,12582.604618
378,12161.193825
379,12222.359809
380,12132.792273
381,12029.557097
382,12164.083408
383,12363.945809
384,12384.946214
385,12275.434885
386,12209.818856
387,12183.641592
388,12349.124826
389,12226.907038
390,12227.068694
391,12206.296456
392,12339.094435
393,12179.255817
394,12053.464395
395,12094.874243
396,12181.516308
397,12338.112234
398,12354.653630
399,12328.603176
400,12282.784551
401,12228.843474
402,12255.362226
403,12226.277118
404,12305.123139
405,12384.767482
406,12139.395454
407,12166.514066
408,12074.534701
409,11928.971065
410,12053.216360
411,12127.907247
412,12397.800249
413,12340.172063
414,12453.908410
415,12424.485605
416,12438.588797
417,12476.511429
418,12259.017943
419,12314.993263
420,12231.973019
421,12134.450041
422,12197.689337
423,12299.248006
424,12473.313598
425,12298.970864
426,12479.506348
427,12056.241229
428,12160.791740
429,12153.324399
430,12139.727813
431,12117.260837
432,12206.941206
433,12026.180793
434,12144.863049
435,12314.914785
436,11930.411789
437,12133.470866
438,12086.136544
439,12071.707078
440,12460.372864
441,12243.703766
442,12437.797249
443,12099.598090
444,12337.195462
445,12118.209151
446,12213.415537
447,12063.138752
448,12316.164157
449,12273.759348
450,12261.721172
451,12164.773658
452,12236.038810
453,12119.639043
454,12052.617196
455,12378.062847
456,12145.634746
457,12319.066305
458,12483.783186
459,12257.889129
460,12196.346635
461,12317.388081
462,12283.267547
463,12248.790523
464,12448.615991
465,12061.304321
466,12206.099825
467,12149.832443
468,12255.497911
469,12258.254519
470,12165.769910
471,12412.785059
472,12435.525892
473,12083.394019
474,12188.953211
475,12402.436330
476,12018.118956
477,12124.441637
478,12194.682092
479,12186.947047
480,12479.205594
481,12097.941186
482,12098.817390
483,12026.923144
484,12186.514632
485,12172.005893
486,11951.867535
487,12137.922691
488,12314.265890
489,12132.577161
490,12059.054635
491,12401.662758
492,12567.949019
493,12474.844814
494,12494.270215
495,12261.356545
496,12046.141129
497,12198.497164
498,12086.962643
499,12111.532194
