0,3077.493482
1,6051.257309
2,6447.504286
3,6723.529305
4,6920.243457
5,7040.266597
6,7222.888281
7,7438.038288
8,7587.837280
9,7614.805857
10,7785.838851
11,7980.720687
12,8073.266026
13,8210.606409
14,8428.479429
15,8622.373090
16,8709.066280
17,9056.123693
18,9077.128239
19,9136.393494
20,9240.799999
21,9352.073981
22,9637.603501
23,9768.696487
24,9849.716306
25,10005.220360
26,10060.615056
27,10274.702059
28,10256.877978
29,10428.560793
30,10499.684367
31,10630.169764
32,10677.382806
33,10707.268868
34,10801.185389
35,10868.710567
36,11076.402918
37,10990.709564
38,11157.204375
39,11282.744494
40,11419.722237
41,11642.604603
42,11944.424598
43,11789.009755
44,11826.375017
45,12018.845926
46,11857.319545
47,11913.970558
48,11987.829597
49,11908.846186
50,11746.031763
51,12035.847316
52,12197.513147
53,12262.920470
54,12193.273310
55,12194.951554
56,12344.395149
57,12304.198509
58,12325.075738
59,12340.127436
60,12416.759555
61,12384.267361
62,12337.411057
63,12312.533226
64,12446.253365
65,12424.228799
66,12478.494393
67,12510.129941
68,12722.008890
69,12631.068632
70,12627.572967
71,12582.967805
72,12533.073295
73,12570.422139
74,12642.180564
75,12518.894268
76,12695.983521
77,12610.018593
78,12579.932943
79,12775.006693
80,12619.094436
81,12551.652814
82,12792.726392
83,12600.137441
84,12499.977641
85,12508.669872
86,12430.803424
87,12435.762821
88,12628.581098
89,12477.450428
90,12690.558306
91,12628.621795
92,12544.722723
93,12325.885146
94,12617.714273
95,12483.466192
96,12525.844763
97,12398.678589
98,12514.826344
99,12862.697938
100,12776.122577
101,12778.866865
102,12800.297426
103,12888.544398
104,12833.275178
105,12826.910932
106,12694.248038
107,12800.877279
108,12710.404963
109,12831.762712
110,12729.175615
111,12694.442247
112,12464.157896
113,12705.224198
114,12881.398834
115,12424.016358
116,12822.400454
117,12423.760744
118,12804.260733
119,12755.021271
120,12872.042817
121,12626.778508
122,12755.927206
123,12973.895241
124,12916.807105
125,13059.901433
126,12723.752728
127,12896.757350
128,12589.107651
129,12919.856644
130,12685.571049
131,12730.995429
132,12735.209772
133,12864.834080
134,12827.941190
135,12836.914977
136,12965.842704
137,12939.762579
138,13069.535502
139,12740.852853
140,12711.529213
141,12482.081068
142,12417.082845
143,12676.183688
144,12839.653297
145,12653.161121
146,12556.375545
147,12865.292494
148,12942.799310
149,12687.859922
150,12878.992549
151,12348.525615
152,12789.504501
153,12733.953035
154,12696.704851
155,12707.472222
156,12681.656630
157,12441.559760
158,12880.826665
159,12943.233032
160,12465.082994
161,12848.109682
162,12833.130729
163,12735.110386
164,12758.087438
165,13067.246742
166,12800.764589
167,13037.952897
168,12817.358460
169,12857.975283
170,12677.276807
171,12847.423985
172,12703.751450
173,12737.339193
174,12764.133480
175,12965.322403
176,12788.103054
177,12735.232759
178,12875.974512
179,12877.799121
180,12904.026624
181,12739.681247
182,12813.728548
183,12542.567467
184,12678.291584
185,12713.170686
186,12809.744739
187,13096.768690
188,12865.351944
189,12950.374080
190,13236.967603
191,12943.463954
192,13007.782284
193,12766.794066
194,12719.634793
195,12997.976332
196,12725.586883
197,13160.154150
198,12882.594351
199,12523.017944
200,12535.938938
201,12505.736812
202,12876.394952
203,12685.373747
204,12940.231223
205,12924.898352
206,12935.714764
207,12607.954482
208,12733.685193
209,12687.313235
210,12356.050955
211,12325.552462
212,12456.169120
213,12549.763597
214,12646.866775
215,12897.959168
216,12744.547017
217,12946.893895
218,12857.030633
219,12844.397157
220,12675.079704
221,12727.109463
222,12897.073233
223,12721.353898
224,12657.701598
225,12765.393977
226,12885.922010
227,12567.493941
228,12734.723943
229,12561.414901
230,12731.662502
231,12888.323157
232,12880.567588
233,13033.414870
234,12805.395175
235,12893.700380
236,12592.477665
237,12658.562987
238,12599.512470
239,12789.422720
240,13003.295530
241,12753.887628
242,12911.783183
243,12722.956858
244,12992.902261
245,12905.109307
246,12882.273922
247,12730.414399
248,13012.127387
249,12976.919517
250,12714.595959
251,12852.913389
252,12978.178404
253,12700.034225
254,12759.588445
255,12938.758144
256,12632.237341
257,12640.518769
258,12861.301150
259,12771.812986
260,12904.414252
261,12833.793289
262,12850.022437
263,12650.937080
264,12573.557888
265,12762.643792
266,12716.222462
267,12788.892380
268,12732.299896
269,12705.228712
270,12622.894001
271,12870.744755
272,12740.976288
273,12605.239087
274,12844.829346
275,12743.951879
276,12984.957262
277,12821.014982
278,12848.837384
279,12745.708309
280,12672.423501
281,12663.993619
282,12630.519434
283,12770.763019
284,12916.081950
285,12867.258810
286,12768.523875
287,12676.676454
288,12770.765241
289,12754.753313
290,12956.500183
291,12693.447443
292,12741.184005
293,12733.257056
294,12714.594850
295,12794.581529
296,12673.007836
297,12666.734074
298,12747.715115
299,12893.475919
300,12850.660121
301,12619.756524
302,12782.218209
303,12823.493575
304,12678.113457
305,12789.842762
306,12824.148352
307,12833.270596
308,12696.904429
309,12529.131050
310,12667.219066
311,12865.024632
312,12913.268934
313,12782.544237
314,12601.057455
315,12703.350902
316,12776.654593
317,12891.495165
318,12784.284355
319,12837.477967
320,12715.371318
321,12785.218797
322,12723.050239
323,12905.747566
324,12730.600822
325,12852.043460
326,12789.735697
327,12647.115053
328,12721.293432
329,12731.059006
330,12853.189384
331,13064.588092
332,12782.118723
333,12933.378271
334,12916.383658
335,12811.974307
336,12765.406267
337,12710.635297
338,12868.457350
339,12683.363600
340,12778.553201
341,12730.104756
342,12574.455245
343,12515.920309
344,12807.327886
345,12819.729974
346,12655.691233
347,12879.250694
348,12745.042505
349,13010.427312
350,12677.618315
351,12708.594287
352,12937.950523
353,12843.750909
354,12776.925829
355,12803.199355
356,12901.160246
357,12686.323001
358,12761.630217
359,12791.726876
360,12922.726234
361,12784.022067
362,12755.579875
363,12848.372100
364,12699.872472
365,12568.065863
366,12845.112579
367,12531.476680
368,12731.826348
369,12933.571358
370,12788.571475
371,12756.193155
372,12889.697016
373,12590.523756
374,12486.036955
375,12687.348067
376,12871.534719
377,12847.557058
378,12889.107052
379,12680.432625
380,12582.604797
381,12811.792391
382,12733.846315
383,12703.613533
384,12588.727716
385,12897.604396
386,12714.122942
387,12851.075856
388,12738.004158
389,12876.199302
390,12733.749683
391,12901.383091
392,12817.565961
393,12741.293683
394,12779.500188
395,12773.969336
396,12582.563258
397,12544.547986
398,12682.942242
399,12894.782246
400,12601.107219
401,12541.011240
402,12616.779936
403,12720.345341
404,12745.234238
405,12789.256940
406,12927.887248
407,12844.678286
408,12637.377087
409,12827.607221
410,12998.153863
411,12620.268831
412,12872.432215
413,12677.439792
414,13008.480645
415,12684.901877
416,12684.155552
417,12751.394089
418,12608.917990
419,13010.360382
420,12755.934808
421,12531.253082
422,12779.330810
423,12718.870080
424,12738.035725
425,12869.248244
426,12740.650100
427,12414.376652
428,12794.081717
429,12873.409725
430,12844.582389
431,12834.457582
432,12818.662900
433,12686.982804
434,12912.693532
435,12781.751535
436,12873.273409
437,12918.236054
438,12592.392300
439,12667.930871
440,12748.866910
441,12768.045160
442,12928.710716
443,12582.101829
444,12869.796191
445,12559.886925
446,12709.200806
447,12663.825718
448,12618.566018
449,12898.783718
450,12849.058248
451,12838.903765
452,12814.390588
453,12583.286465
454,12673.837873
455,12968.849003
456,12865.234057
457,12801.581830
458,12710.267716
459,12589.685402
460,13076.521167
461,12827.480714
462,12856.661564
463,12640.539511
464,12535.071461
465,12768.808712
466,12829.645871
467,12780.781281
468,12972.311469
469,12843.281001
470,12840.187565
471,12754.186865
472,12899.797240
473,12798.002791
474,12938.049660
475,12748.123967
476,12892.766732
477,12808.310286
478,13027.291701
479,12682.961569
480,12723.716345
481,12554.626780
482,12850.488530
483,12828.301571
484,12571.264551
485,12835.619312
486,12784.302294
487,12534.232897
488,12462.628447
489,12579.751982
490,12781.935058
491,12357.643287
492,12863.821388
493,13065.018617
494,12634.279051
495,12774.413389
496,12787.996362
497,12653.036346
498,12657.977122
499,12531.865140
