0,3105.098534
1,6113.496275
2,6520.863399
3,6704.951769
4,6929.321309
5,7102.847363
6,7308.829943
7,7387.224740
8,7478.362649
9,7635.896192
10,7732.169497
11,7825.957476
12,8078.195588
13,8130.926811
14,8264.380660
15,8397.974246
16,8413.010816
17,8521.644541
18,8707.302843
19,8800.174435
20,8931.672873
21,9082.553804
22,9061.722895
23,9172.994773
24,9279.634413
25,9354.796119
26,9664.424939
27,9753.471826
28,9638.516291
29,9756.201029
30,9880.074240
31,10034.492735
32,10007.332043
33,10098.130994
34,10166.346317
35,10139.802032
36,10319.494077
37,10539.538803
38,10660.799071
39,10585.029352
40,10698.350064
41,10866.608887
42,11073.560836
43,11072.165021
44,11233.873150
45,11420.768630
46,11435.423663
47,11362.884613
48,11371.069060
49,11364.418904
50,11261.768324
51,11316.160001
52,11439.639898
53,11401.533567
54,11405.254109
55,11723.703076
56,11683.475512
57,11484.215140
58,11737.063407
59,11727.105228
60,11661.670108
61,11749.632319
62,12066.802974
63,12116.495944
64,12123.968514
65,12379.021746
66,12023.212201
67,12313.510128
68,12258.810621
69,12475.789133
70,12351.936351
71,12308.156970
72,12546.328347
73,12810.400480
74,12710.162406
75,12786.991840
76,12964.719248
77,12916.193763
78,12979.029083
79,13216.559539
80,13106.414672
81,13106.636870
82,13060.134139
83,13179.696636
84,13415.257986
85,13318.231328
86,13173.151989
87,13180.077601
88,13154.934618
89,13376.637654
90,13127.951199
91,13450.402395
92,13173.895294
93,13540.566552
94,13675.358765
95,13804.618008
96,13403.439164
97,13548.359790
98,13590.565763
99,13530.784154
100,13530.281305
101,13630.914109
102,13537.836431
103,13638.880680
104,13988.111986
105,13795.331785
106,13914.493365
107,13871.612960
108,13792.318866
109,13677.324746
110,13963.259558
111,13759.748093
112,13678.677574
113,13461.584375
114,13565.968149
115,13888.677031
116,13721.145575
117,13802.826636
118,14002.161341
119,13639.274252
120,13322.687864
121,13533.437302
122,13809.591565
123,13649.751505
124,13543.943385
125,13423.466972
126,13507.764096
127,13583.073067
128,13568.492240
129,13697.120746
130,13711.031612
131,13921.764798
132,13713.464452
133,13617.178103
134,13771.494017
135,13885.603990
136,13943.312427
137,13746.752823
138,13867.095190
139,14139.446375
140,14179.827762
141,14224.168566
142,14032.925410
143,13810.486519
144,13711.029347
145,13579.142045
146,13619.021832
147,13944.738012
148,14098.453059
149,13687.226077
150,13956.433649
151,13791.440200
152,13804.932558
153,13790.137736
154,13771.283382
155,14021.957314
156,13944.804331
157,14012.743040
158,13700.367164
159,13715.989158
160,13913.125585
161,14000.806948
162,13702.010333
163,13610.459950
164,13664.031748
165,13808.083475
166,13552.484489
167,13578.780618
168,13883.010317
169,14065.360133
170,13723.186884
171,13982.761820
172,13908.883234
173,13794.628466
174,13460.962738
175,13544.449620
176,13716.835762
177,13531.101173
178,13915.548449
179,13808.309256
180,13703.827365
181,13742.137059
182,13665.344597
183,13648.632087
184,13737.222710
185,13487.867841
186,14071.526986
187,14131.393450
188,13859.886476
189,13982.923195
190,13651.716082
191,13859.662093
192,13700.430427
193,13736.213833
194,13535.054222
195,13729.792737
196,13707.515117
197,13816.781644
198,14114.459138
199,13985.718134
200,14010.373604
201,13726.159670
202,14025.424521
203,13750.920252
204,13967.311490
205,13723.645722
206,13963.557765
207,13802.518455
208,14245.947567
209,13921.182561
210,13859.058527
211,13712.879933
212,13565.435672
213,13777.017456
214,13790.613889
215,13996.016192
216,13677.143566
217,13589.066430
218,13542.936262
219,13589.417368
220,13644.973115
221,13892.785334
222,13771.090693
223,14067.683570
224,13752.249490
225,13673.198911
226,13608.741433
227,13789.217121
228,13835.772818
229,13505.473140
230,13646.972576
231,14022.984246
232,13462.081042
233,13874.373326
234,13982.235002
235,13837.979642
236,13640.052503
237,13807.910576
238,13716.576745
239,13561.429706
240,13574.813080
241,13744.552233
242,13726.096087
243,13927.567888
244,13944.612534
245,13643.744980
246,13725.903547
247,13617.920818
248,13591.727631
249,13904.352724
250,13823.995492
251,13751.840575
252,13834.587777
253,13638.912253
254,13795.847151
255,13517.482616
256,13751.934586
257,13893.080971
258,13751.655161
259,13565.951017
260,13849.094717
261,13693.534362
262,13597.062837
263,13480.379475
264,13861.002129
265,13857.127668
266,13361.471196
267,13645.050788
268,13347.280688
269,13666.076713
270,13658.710553
271,13722.602845
272,13261.080489
273,13556.420368
274,13706.522314
275,13843.104790
276,13905.852482
277,13629.210527
278,13734.614337
279,13606.727521
280,13493.775085
281,13713.360447
282,13969.946843
283,13673.709438
284,14093.846867
285,13960.040513
286,13650.861710
287,13766.165904
288,13985.974199
289,13874.828289
290,13929.795623
291,13839.694809
292,13379.793879
293,13412.622496
294,13402.040861
295,14030.084213
296,14067.681263
297,13724.961341
298,13989.218341
299,13710.483870
300,13900.543436
301,13868.738518
302,13566.062696
303,13542.262018
304,13690.394155
305,13782.513035
306,13855.734541
307,13499.986929
308,13992.781951
309,13710.255701
310,13645.225642
311,13638.077452
312,13819.745514
313,14165.070247
314,13762.460610
315,13753.710825
316,13759.781945
317,14049.989875
318,14026.181755
319,13880.585990
320,13953.281650
321,13598.130212
322,13832.306925
323,13739.475183
324,13769.728995
325,13703.368641
326,13480.719856
327,13647.644120
328,13803.957570
329,13644.201583
330,13906.246024
331,13854.314568
332,13783.992301
333,13936.007773
334,13931.574707
335,13927.134781
336,13820.393215
337,13766.757174
338,13951.070744
339,13868.668209
340,13615.181464
341,13770.090465
342,13780.889796
343,13576.656234
344,13782.298816
345,13754.902512
346,13663.753676
347,13862.311647
348,13772.741023
349,13844.927536
350,13925.742547
351,13651.333106
352,13990.522411
353,13620.725146
354,13645.827157
355,13956.015550
356,13744.121412
357,13925.165068
358,13692.669423
359,13990.864285
360,13940.460113
361,13765.612887
362,13706.794719
363,13754.163221
364,13805.000742
365,13656.533788
366,13768.451989
367,14005.022721
368,14263.276287
369,13884.279425
370,14052.967000
371,13654.640063
372,13606.417565
373,13734.446244
374,13884.795954
375,13937.054271
376,13813.450737
377,13826.338604
378,13653.202900
379,13876.857779
380,13577.272227
381,13542.624785
382,13598.811350
383,13654.549076
384,13691.031628
385,13658.488360
386,13867.216388
387,13497.658664
388,13794.519289
389,13960.995298
390,14020.538588
391,13804.781573
392,13913.409174
393,13705.110226
394,13760.028815
395,14063.159087
396,14012.942680
397,13859.198430
398,13817.893151
399,13815.109254
400,13765.281923
401,14097.685395
402,13905.297157
403,14124.350127
404,14047.862367
405,13891.160204
406,13975.471838
407,13922.212494
408,13674.738809
409,14109.667770
410,13673.277296
411,13871.140670
412,13878.312572
413,14169.015174
414,14066.549620
415,13889.500071
416,13914.563805
417,13896.886984
418,13910.391287
419,13730.278227
420,14077.779090
421,13982.335294
422,13662.579658
423,13737.742984
424,13975.482892
425,13761.934083
426,13657.173510
427,13835.742846
428,13994.685432
429,14031.860658
430,13743.761040
431,13607.703577
432,13833.939757
433,14017.477314
434,13531.794507
435,13757.525413
436,13804.494603
437,13677.981510
438,13655.838166
439,14058.062823
440,13822.074494
441,13889.280801
442,13689.515553
443,13686.057840
444,13683.064501
445,13776.735322
446,14011.261610
447,14086.748423
448,14072.723271
449,13843.938560
450,13700.505810
451,13745.560279
452,13812.611055
453,13642.721749
454,13730.532156
455,13748.271661
456,14159.509269
457,14078.671576
458,13833.486230
459,14007.629631
460,13527.830296
461,13939.941094
462,13683.221787
463,13806.644056
464,13892.895473
465,13709.718434
466,14033.839559
467,13853.605128
468,13748.579650
469,13587.018023
470,13882.506625
471,13725.118311
472,14019.509523
473,13822.494995
474,14151.947639
475,14047.667063
476,13698.272663
477,13695.085195
478,13989.903205
479,13890.228257
480,13665.742433
481,13910.588083
482,14142.428498
483,13987.946658
484,13976.656697
485,13662.130018
486,13881.674974
487,13677.320022
488,13925.982864
489,13777.470768
490,13739.136306
491,13891.632322
492,13892.520962
493,13879.765255
494,13786.525546
495,13990.897758
496,13677.902173
497,13698.784139
498,13559.096636
499,13828.730453
