0,3079.512679
1,6104.969062
2,6533.714463
3,6963.499615
4,7427.115149
5,7654.760101
6,7956.374027
7,8187.120110
8,8525.519078
9,8826.175016
10,9079.109229
11,9388.381949
12,9658.801671
13,9906.439389
14,10211.130129
15,10448.231114
16,10685.205249
17,10734.766633
18,10836.848562
19,11108.010038
20,11408.184306
21,11629.948450
22,11804.558427
23,11885.561076
24,12144.450975
25,12301.252799
26,12460.968670
27,12785.674695
28,12988.417178
29,13006.658283
30,13066.837181
31,13269.869546
32,13436.349720
33,13494.193631
34,13638.754105
35,13654.225256
36,13751.858887
37,13863.843772
38,13944.706790
39,14021.424001
40,13910.842928
41,13858.435626
42,14224.266996
43,14148.962180
44,14134.103967
45,14406.265517
46,14472.633862
47,14446.552014
48,14434.971013
49,14464.040774
50,14626.213425
51,14731.290538
52,14876.564947
53,14918.848685
54,14900.203310
55,14932.609678
56,15085.948404
57,15211.823909
58,15335.105065
59,15355.195852
60,15374.767487
61,15319.554851
62,15238.171613
63,15201.802775
64,15217.155479
65,15374.526384
66,15450.645930
67,15431.356124
68,15462.173270
69,15216.967949
70,15076.689967
71,15324.057631
72,15272.992807
73,15360.042298
74,15334.316032
75,15267.406090
76,15356.886733
77,15255.550470
78,15287.037187
79,15295.733990
80,15230.560176
81,15161.621268
82,15210.361388
83,15259.082246
84,15401.502401
85,15271.153267
86,15235.705915
87,15238.154164
88,15306.488552
89,15372.204254
90,15520.888033
91,15354.263276
92,15336.421991
93,15327.829046
94,15352.878998
95,15303.601108
96,15358.130687
97,15179.710363
98,15012.038289
99,15250.233155
100,15092.139336
101,15162.201094
102,15234.279003
103,15140.821080
104,15268.444759
105,15185.502820
106,15237.728982
107,15357.580407
108,15399.618307
109,15371.575733
110,15402.168405
111,15384.698662
112,15378.489172
113,15192.581071
114,15051.081550
115,15024.088568
116,15356.796663
117,15508.576783
118,15500.910480
119,15273.430491
120,15458.899174
121,15445.566829
122,15367.541257
123,15243.124995
124,15349.246992
125,15442.505110
126,15482.737786
127,15312.904952
128,15497.042656
129,15517.729133
130,15241.395062
131,15260.185756
132,15240.319666
133,15209.893205
134,15231.125162
135,15160.799449
136,15277.012095
137,15437.979549
138,15421.470096
139,15307.703899
140,15467.814644
141,15399.864318
142,15269.371605
143,15207.842406
144,15286.287757
145,15368.119985
146,15251.983511
147,15221.733511
148,15124.726370
149,15213.028278
150,15174.043053
151,15234.966384
152,15458.007701
153,15360.240739
154,15505.395448
155,15418.406170
156,15262.834706
157,15375.387705
158,15481.581199
159,15453.286726
160,15344.751240
161,15295.101479
162,15308.697108
163,15450.125805
164,15384.827286
165,15374.153731
166,15300.263679
167,15251.074870
168,15346.971146
169,15167.090791
170,15383.912442
171,15480.258418
172,15363.290173
173,15491.378370
174,15421.319244
175,15226.846615
176,15408.228807
177,15386.544693
178,15380.523734
179,15403.240898
180,15508.801777
181,15476.815688
182,15424.092895
183,15532.095529
184,15348.275901
185,15439.631114
186,15548.413255
187,15418.913450
188,15300.290823
189,15534.661788
190,15330.497769
191,15222.916757
192,15370.349222
193,15341.280586
194,15282.577421
195,15278.978205
196,15494.348542
197,15469.951435
198,15352.404696
199,15507.071365
200,15437.397453
201,15615.654610
202,15471.142613
203,15472.921061
204,15358.123457
205,15391.213366
206,15338.736101
207,15314.935944
208,15440.462301
209,15606.842598
210,15543.843294
211,15446.283785
212,15370.550922
213,15537.415181
214,15449.621929
215,15355.625668
216,15274.510090
217,15200.497047
218,15223.016610
219,15185.973688
220,15305.607677
221,15386.770130
222,15445.237827
223,15298.412501
224,15340.572599
225,15386.171995
226,15517.199492
227,15216.514018
228,15219.757225
229,15056.935495
230,15372.762410
231,15367.438988
232,15457.573694
233,15309.674975
234,15340.572374
235,15499.481308
236,15559.273618
237,15481.659839
238,15553.572077
239,15557.000356
240,15546.924174
241,15469.197484
242,15448.585464
243,15383.144207
244,15507.425541
245,15388.249503
246,15493.831993
247,15424.433277
248,15495.067934
249,15636.727967
250,15454.928771
251,15449.401008
252,15598.738647
253,15691.316947
254,15691.329000
255,15767.031512
256,15593.495166
257,15697.703473
258,15609.848759
259,15702.817524
260,15714.725314
261,15684.792696
262,15579.260015
263,15529.280238
264,15605.998069
265,15573.330906
266,15717.106431
267,15656.474426
268,15606.832875
269,15804.922879
270,15721.251064
271,15716.765790
272,15898.257699
273,15765.248675
274,15711.110723
275,15876.935108
276,15955.601179
277,15731.303548
278,15769.663379
279,15854.461800
280,15894.413227
281,15849.957848
282,15781.846265
283,15616.413585
284,15678.413963
285,15540.644264
286,15545.294907
287,15578.884666
288,15782.679863
289,15786.676928
290,15849.162210
291,15824.554448
292,15715.354151
293,15812.193550
294,15718.485696
295,15679.212575
296,15832.017093
297,15683.327361
298,15727.193849
299,15876.205465
300,15770.672456
301,15559.281733
302,15490.125399
303,15512.272757
304,15553.731824
305,15767.260335
306,15566.747028
307,15701.159574
308,15616.135092
309,15588.071648
310,15605.216120
311,15514.759516
312,15656.913986
313,15735.642524
314,15794.691053
315,15851.404121
316,15853.785614
317,15895.397985
318,15788.507658
319,15792.145261
320,15749.353795
321,15701.516661
322,15831.961537
323,15949.718597
324,15864.776768
325,15916.641015
326,15751.547053
327,15863.853921
328,15764.851810
329,15855.794068
330,15759.027689
331,15888.099001
332,15818.205595
333,15784.990986
334,15770.391998
335,15704.368693
336,15721.391408
337,15784.147825
338,15835.157416
339,15788.534565
340,15721.592942
341,15749.066068
342,15782.687368
343,15855.660271
344,15635.519673
345,15694.826360
346,15792.778707
347,15768.514703
348,15676.859597
349,15615.862566
350,15798.562405
351,15780.550184
352,15675.724711
353,15814.533814
354,15743.331456
355,15883.966612
356,16023.829714
357,15884.166744
358,15793.384212
359,15909.813743
360,15987.494485
361,16016.510884
362,15938.562087
363,15942.750961
364,15756.693787
365,15818.154480
366,15917.064827
367,15868.226802
368,15969.076627
369,15968.689713
370,15796.968712
371,16010.007256
372,15825.133414
373,15834.549829
374,15936.309782
375,15731.306623
376,15873.401037
377,15867.453015
378,15879.914108
379,15863.271361
380,15902.009086
381,15796.681864
382,15891.248307
383,15835.985479
384,15784.657440
385,15883.010174
386,15898.808655
387,15776.880206
388,15826.451152
389,15812.984509
390,15878.722409
391,15822.554180
392,15623.092219
393,15553.999999
394,15696.853158
395,15666.198133
396,15627.360327
397,15537.299267
398,15619.982728
399,15595.950777
400,15614.723714
401,15793.398967
402,15790.331517
403,15735.693678
404,15829.057033
405,15754.499565
406,15759.722824
407,16037.995724
408,16062.522582
409,15863.138002
410,15838.337983
411,15725.421376
412,15658.074029
413,15823.616692
414,15946.780100
415,15891.293551
416,15865.450654
417,15799.343131
418,15715.945801
419,15770.065759
420,15756.769310
421,15927.023569
422,15745.890255
423,15911.303395
424,15815.041432
425,15918.941016
426,15796.589261
427,15892.013197
428,15917.175579
429,15825.325662
430,15872.564699
431,16007.292072
432,16048.750765
433,16068.245749
434,15863.514716
435,15860.116559
436,15831.205540
437,15747.410553
438,15955.276689
439,15993.183990
440,15968.602479
441,15945.037938
442,15856.420457
443,15883.334705
444,15782.168059
445,15899.576281
446,15946.297881
447,15929.630648
448,15841.290395
449,15854.007948
450,15843.649130
451,15875.130712
452,15890.279887
453,15864.034248
454,15829.685103
455,15969.863266
456,15990.003503
457,15912.876691
458,15997.978202
459,15934.596421
460,16101.794550
461,16049.459214
462,15909.954380
463,15976.801657
464,15901.155681
465,15810.731690
466,16037.471918
467,16068.241403
468,15932.104086
469,15916.889093
470,15940.470946
471,16054.274000
472,16064.551611
473,16054.812353
474,16089.950953
475,16206.408164
476,16212.814743
477,16274.172446
478,16417.619835
479,16614.434482
480,16467.727980
481,16400.425047
482,16451.558002
483,16531.749170
484,16275.311684
485,16336.354651
486,16397.796505
487,16467.269959
488,16569.589852
489,16631.795505
490,16575.402571
491,16313.876791
492,16482.601422
493,16509.506553
494,16607.721891
495,16525.863586
496,16493.751579
497,16568.313834
498,16537.714441
499,16531.408564
