0,3138.276216
1,3287.077302
2,3410.153572
3,3472.245343
4,3482.667583
5,3535.626394
6,3597.106046
7,3636.400792
8,3724.082134
9,3733.964475
10,3688.692542
11,3760.971324
12,3710.393662
13,3668.821542
14,3686.205074
15,3677.204571
16,3698.468176
17,3799.427094
18,3718.808618
19,3699.597889
20,3580.719373
21,3617.233984
22,3662.545175
23,3652.340879
24,3634.015446
25,3627.491236
26,3667.046207
27,3717.032931
28,3730.882224
29,3756.566199
30,3682.340816
31,3731.437436
32,3738.148394
33,3774.975587
34,3837.468424
35,3884.478652
36,3930.891819
37,3848.991205
38,3909.817883
39,3859.966945
40,3868.870487
41,3911.349252
42,4022.103281
43,3987.045203
44,3935.572130
45,3966.815351
46,3964.842310
47,3922.744831
48,3888.885015
49,3880.181261
50,3786.495908
51,3829.631446
52,3814.640027
53,3723.042791
54,3687.519629
55,3626.126236
56,3601.423144
57,3755.419404
58,3802.783884
59,3866.391108
60,3876.563361
61,3788.587233
62,3916.025579
63,3981.620933
64,3879.264828
65,3994.519585
66,3985.936502
67,4081.712902
68,4075.584683
69,4149.482408
70,4126.581561
71,4050.634473
72,4122.264252
73,4043.617823
74,4048.141797
75,4086.795443
76,4167.942409
77,4217.094107
78,4228.421619
79,4281.555480
80,4158.247226
81,4115.159375
82,4182.724735
83,4188.993787
84,4228.964150
85,4145.303731
86,4290.982613
87,4451.882148
88,4379.268733
89,4355.975846
90,4255.916503
91,4269.056964
92,4399.665708
93,4329.977541
94,4338.950673
95,4439.620339
96,4503.771255
97,4578.467315
98,4587.793981
99,4727.289092
100,4775.443522
101,4822.926650
102,4902.477450
103,4876.580241
104,5010.955503
105,5109.035094
106,5055.103466
107,4987.614691
108,4991.148298
109,5043.317055
110,5043.362286
111,5119.014298
112,4991.484519
113,4855.439389
114,5017.405615
115,4908.060337
116,5008.743394
117,5049.085304
118,4926.415960
119,4802.283068
120,4884.435397
121,4974.605327
122,4998.588717
123,5083.952968
124,4920.338521
125,4900.204834
126,4995.010584
127,5017.691388
128,5162.361509
129,5364.983677
130,5501.431184
131,5540.717737
132,5645.120487
133,5693.583096
134,5806.934751
135,5914.621190
136,6003.590608
137,6015.893083
138,6071.501693
139,6113.504287
140,6163.665854
141,6103.001093
142,6127.060349
143,6081.822556
144,6388.570434
145,6464.643102
146,6414.609537
147,6476.303771
148,6577.413006
149,6537.652448
150,6677.624084
151,6733.957621
152,6823.470366
153,7049.470583
154,6980.444409
155,7174.854095
156,7251.180677
157,7353.838254
158,7276.810135
159,7276.243239
160,7462.735990
161,7495.650663
162,7517.578900
163,7422.084333
164,7576.553082
165,7507.285002
166,7693.067384
167,7805.478672
168,7518.913040
169,7655.852507
170,7779.089849
171,7923.640677
172,7909.776857
173,7813.194248
174,7691.666294
175,7797.305071
176,7857.312011
177,7994.818505
178,8028.548167
179,8157.943373
180,8175.103864
181,8246.508368
182,8134.030751
183,8268.812619
184,8231.471160
185,8108.956721
186,8013.883952
187,8170.384398
188,8179.616679
189,8136.557396
190,8136.682438
191,8153.874923
192,8179.057460
193,8337.517661
194,8187.720674
195,8326.602367
196,8325.589891
197,8318.216273
198,8283.731858
199,8370.736039
200,8430.998541
201,8391.764304
202,8433.189423
203,8532.559732
204,8432.098472
205,8490.186520
206,8466.767810
207,8541.307583
208,8474.528932
209,8539.132862
210,8523.485219
211,8597.288829
212,8572.395087
213,8554.398774
214,8546.907277
215,8536.213470
216,8548.082369
217,8559.180162
218,8572.492628
219,8596.336091
220,8607.849801
221,8574.127579
222,8607.946544
223,8630.568081
224,8618.086709
225,8615.018418
226,8541.870509
227,8595.691401
228,8606.472698
229,8623.968613
230,8656.056432
231,8643.103797
232,8625.143389
233,8651.282746
234,8654.783551
235,8636.131972
236,8637.851042
237,8654.624387
238,8622.263461
239,8574.445391
240,8625.542408
241,8618.677998
242,8630.685122
243,8648.882632
244,8631.814038
245,8643.427159
246,8635.185739
247,8630.990042
248,8668.241709
249,8687.549123
250,8654.408059
251,8672.242182
252,8668.366773
253,8649.240699
254,8631.572697
255,8616.814450
256,8604.719223
257,8624.174981
258,8635.778429
259,8614.928000
260,8653.897407
261,8688.698460
262,8684.636605
263,8566.730041
264,8660.323993
265,8746.013845
266,8758.843204
267,8705.380984
268,8744.708532
269,8732.610104
270,8726.717845
271,8713.638247
272,8731.558893
273,8781.769876
274,8767.736997
275,8776.980246
276,8747.437438
277,8757.468896
278,8778.124661
279,8777.896035
280,8732.947696
281,8762.279639
282,8757.241611
283,8780.815118
284,8769.198740
285,8760.249355
286,8726.790234
287,8738.811517
288,8780.744612
289,8778.595729
290,8691.186260
291,8759.755959
292,8765.102047
293,8777.600644
294,8776.130380
295,8782.729484
296,8794.318261
297,8768.811851
298,8788.946288
299,8763.324856
300,8777.185750
301,8715.285034
302,8712.348851
303,8733.609111
304,8700.907461
305,8744.303045
306,8746.764594
307,8724.581365
308,8733.545917
309,8599.420798
310,8661.192798
311,8734.364344
312,8718.510552
313,8725.613866
314,8771.257040
315,8755.341274
316,8740.508056
317,8742.767638
318,8746.863685
319,8768.951110
320,8758.534089
321,8771.154082
322,8743.418933
323,8744.953879
324,8758.637636
325,8756.825669
326,8719.933220
327,8730.999124
328,8745.967615
329,8753.195097
330,8756.735732
331,8778.786475
332,8774.280062
333,8753.467750
334,8749.785710
335,8619.919802
336,8707.418902
337,8725.873167
338,8745.606357
339,8714.196560
340,8670.437221
341,8722.295297
342,8601.814664
343,8658.879302
344,8700.338228
345,8760.575454
346,8762.407705
347,8631.655761
348,8578.644103
349,8608.429639
350,8739.135292
351,8596.763389
352,8686.729538
353,8685.608218
354,8783.026205
355,8769.154977
356,8778.034638
357,8737.356461
358,8748.262871
359,8775.813246
360,8753.562505
361,8760.124156
362,8750.502302
363,8758.231576
364,8758.403317
365,8722.462391
366,8764.493507
367,8767.161405
368,8742.736142
369,8752.043731
370,8782.542535
371,8740.350070
372,8757.318101
373,8760.733149
374,8726.279537
375,8727.737488
376,8715.654001
377,8711.891719
378,8756.112384
379,8765.289764
380,8782.843302
381,8779.829762
382,8778.601152
383,8770.249356
384,8793.557702
385,8769.010219
386,8774.203911
387,8790.780729
388,8765.409476
389,8786.768899
390,8749.067473
391,8752.021860
392,8611.340845
393,8710.966572
394,8714.545068
395,8698.072736
396,8736.682159
397,8781.191731
398,8796.295918
399,8780.479439
400,8745.896172
401,8704.108147
402,8702.414436
403,8685.815799
404,8677.222628
405,8724.932805
406,8758.649374
407,8767.842757
408,8779.733338
409,8764.238312
410,8760.570189
411,8729.051106
412,8731.585041
413,8753.926001
414,8736.529744
415,8732.392629
416,8763.463293
417,8756.426345
418,8771.662157
419,8779.697202
420,8766.202639
421,8758.056715
422,8731.606768
423,8681.386445
424,8751.239193
425,8742.518885
426,8784.787402
427,8758.014526
428,8769.492369
429,8751.240276
430,8778.637721
431,8751.182487
432,8720.433617
433,8759.419966
434,8756.391308
435,8764.363924
436,8777.689549
437,8759.731577
438,8781.276567
439,8763.684890
440,8727.270118
441,8745.440896
442,8755.769563
443,8727.856036
444,8748.553090
445,8742.798824
446,8779.817318
447,8767.535425
448,8742.630421
449,8689.754169
450,8726.539572
451,8747.269933
452,8724.845707
453,8746.005113
454,8782.632708
455,8769.093178
456,8758.969234
457,8736.655667
458,8705.111751
459,8680.865369
460,8662.972675
461,8690.204910
462,8705.929140
463,8749.796638
464,8759.534175
465,8771.726232
466,8736.448526
467,8765.396128
468,8743.200153
469,8747.649465
470,8736.822582
471,8696.462759
472,8731.103613
473,8757.921259
474,8745.320950
475,8761.856440
476,8764.756378
477,8780.780264
478,8739.513925
479,8721.372781
480,8751.672809
481,8736.686946
482,8744.997244
483,8743.872110
484,8726.405577
485,8750.099741
486,8761.144071
487,8752.176376
488,8770.449454
489,8780.063740
490,8776.037295
491,8744.147662
492,8740.047841
493,8654.704560
494,8732.749717
495,8754.583492
496,8747.943549
497,8773.382694
498,8755.927799
499,8745.912394
