0,3115.142440
1,6135.998180
2,6469.077402
3,6822.506137
4,7013.309154
5,7188.263710
6,7451.925818
7,7693.659786
8,7824.449709
9,8013.055931
10,8240.615970
11,8359.737058
12,8458.662954
13,8755.272878
14,8795.549240
15,8931.997088
16,9111.580954
17,9221.916948
18,9292.141878
19,9447.439175
20,9503.849911
21,9711.361021
22,9855.117518
23,9919.787926
24,9914.869814
25,10126.619534
26,10362.147097
27,10359.026794
28,10500.859675
29,10469.482901
30,10591.714449
31,10575.744224
32,10656.822252
33,10746.790679
34,10984.352643
35,10796.677514
36,10956.939253
37,11105.148528
38,11238.655145
39,11393.043916
40,11453.357694
41,11368.277004
42,11370.112825
43,11452.598136
44,11593.181483
45,11762.328887
46,11801.421658
47,11985.558679
48,11811.912507
49,12122.051992
50,11994.283410
51,12079.557191
52,12262.495275
53,12275.107092
54,12204.119775
55,12178.507244
56,12110.405772
57,12247.542128
58,12394.529649
59,12365.753375
60,12456.031160
61,12460.475433
62,12710.899606
63,12474.065240
64,12538.885422
65,12637.554121
66,12721.899525
67,12913.628752
68,12811.969409
69,12975.635769
70,12860.816955
71,12892.674611
72,12861.346681
73,13034.803484
74,12874.878854
75,12962.645030
76,12881.914742
77,13087.031974
78,13089.678478
79,12968.541012
80,13126.878884
81,13126.458083
82,13369.520559
83,13128.782840
84,13343.588782
85,13236.232415
86,13156.042473
87,13361.397289
88,13379.165986
89,13189.652819
90,13380.619460
91,13400.293792
92,13561.972533
93,13492.039067
94,13467.091992
95,13458.300007
96,13577.222236
97,13708.826330
98,13717.524209
99,13449.249550
100,13469.018877
101,13693.048714
102,13681.964832
103,13613.978492
104,13841.003478
105,13664.375440
106,13638.798288
107,13724.383169
108,13597.311754
109,13614.343148
110,13621.202265
111,13547.330266
112,13651.997877
113,13619.778642
114,13456.139397
115,13430.872004
116,13660.593090
117,13511.551346
118,13648.224010
119,13524.455718
120,13602.342819
121,13895.285170
122,13594.877508
123,13516.196878
124,13676.565873
125,13617.042825
126,13655.241700
127,13546.735815
128,13619.396955
129,13495.231702
130,13514.750589
131,13498.281558
132,13803.874951
133,13692.879405
134,13652.360145
135,13804.956729
136,13666.461633
137,13606.480628
138,13625.639036
139,13644.099345
140,13450.125141
141,13587.718343
142,13626.905640
143,13604.798577
144,13660.395001
145,13550.312538
146,13508.451191
147,13718.358534
148,13557.683775
149,13567.668051
150,13461.255658
151,13565.969097
152,13497.777790
153,13691.647860
154,13675.794853
155,13669.579574
156,13557.266534
157,13513.987026
158,13505.641722
159,13512.096635
160,13318.504396
161,13535.520482
162,13529.154142
163,13470.480900
164,13625.972826
165,13578.255866
166,13501.594134
167,13642.696955
168,13408.181655
169,13750.041913
170,13798.375353
171,13745.296347
172,13683.654896
173,13640.557965
174,13585.082981
175,13714.915283
176,13624.411052
177,13643.465915
178,13637.733011
179,13548.102640
180,13548.241243
181,13706.754546
182,13509.567949
183,13454.591567
184,13787.484577
185,13623.150487
186,13339.103013
187,13579.269891
188,13664.101610
189,13405.737111
190,13618.445052
191,13702.438831
192,13516.685503
193,13862.461710
194,13749.291823
195,13744.745314
196,13642.830033
197,13821.388422
198,13648.212132
199,13612.292042
200,13752.359569
201,13555.502655
202,13868.437299
203,13726.383553
204,13811.991260
205,13610.411960
206,13848.051582
207,13959.959373
208,13847.963996
209,13686.767318
210,13577.580985
211,13523.610793
212,13735.464712
213,13674.595428
214,13589.955543
215,13737.422935
216,13987.914308
217,13945.314696
218,13744.947229
219,13793.569132
220,13782.436195
221,13736.698344
222,13789.578506
223,13758.360534
224,13844.671203
225,13800.083498
226,13586.657757
227,13917.796106
228,13539.486285
229,13614.019067
230,13653.459986
231,13588.905962
232,13732.051165
233,13592.363092
234,13700.853568
235,13770.427754
236,13761.720375
237,13849.044734
238,13506.090041
239,13696.943975
240,13659.421359
241,13732.032340
242,13474.687970
243,13819.824732
244,13721.342632
245,13656.280974
246,13531.939573
247,13747.011826
248,13756.342087
249,13582.222350
250,13696.256002
251,13682.165583
252,13778.756828
253,13757.195837
254,13684.196759
255,13783.098369
256,13628.468984
257,13890.195262
258,13923.041148
259,13591.428973
260,13741.555083
261,13697.740279
262,13729.853453
263,13849.494110
264,13821.045939
265,13642.062628
266,13756.958303
267,13702.149774
268,13733.112165
269,13678.709862
270,13933.452239
271,13911.529807
272,13861.935190
273,13848.300958
274,13712.196049
275,13564.242595
276,13546.815388
277,13835.788415
278,13747.077626
279,13681.104022
280,13774.837674
281,13645.745799
282,13619.669243
283,13659.198901
284,13656.810487
285,13665.456029
286,13680.903878
287,13829.271289
288,13900.638511
289,13483.604526
290,13568.801597
291,13650.051524
292,13813.101496
293,13902.783734
294,13564.614393
295,13777.933416
296,14035.400075
297,13870.823137
298,13754.992338
299,13825.798515
300,13875.039927
301,14049.098336
302,13781.595264
303,13707.887851
304,13772.077337
305,13520.283737
306,13589.875429
307,13888.115070
308,13653.212524
309,13910.136258
310,13702.320719
311,13708.206914
312,13815.545855
313,13556.745960
314,13800.828106
315,13920.464785
316,13574.843007
317,13607.364080
318,13600.089915
319,13633.887511
320,13747.493493
321,13606.080551
322,13518.363660
323,13573.111567
324,13537.002079
325,13634.065410
326,13674.101673
327,13649.443761
328,13605.686088
329,13688.457757
330,13555.012121
331,13874.354192
332,13839.878225
333,13567.325907
334,13864.282382
335,13695.197444
336,13737.638426
337,13829.200055
338,13747.629160
339,13601.083241
340,13635.883133
341,13911.476404
342,13644.330742
343,13833.677296
344,13902.591219
345,13717.863447
346,13573.771261
347,13595.866633
348,13673.417125
349,13794.038943
350,13825.062497
351,13799.148754
352,13879.609350
353,13720.888225
354,13766.963662
355,13718.645875
356,13656.215463
357,13446.091959
358,13626.559583
359,13611.617286
360,13680.854741
361,13639.213230
362,13591.785215
363,13874.621037
364,13559.060029
365,13706.561427
366,13465.881001
367,13904.619304
368,13566.480767
369,13441.230557
370,13596.651168
371,13618.781173
372,13681.194817
373,13797.635125
374,13648.321998
375,13928.757949
376,13807.068919
377,13879.599669
378,13850.651532
379,13760.078448
380,13523.648779
381,13764.886162
382,13760.906312
383,14003.768938
384,13801.714681
385,13821.485486
386,13509.356195
387,13723.240602
388,13863.043191
389,13724.503608
390,13726.467922
391,13560.908494
392,13708.953414
393,13665.311811
394,13758.454156
395,13780.819734
396,13705.060717
397,13634.868043
398,13647.210149
399,13870.374423
400,13771.755403
401,13825.926217
402,13791.032067
403,13741.418421
404,13686.516333
405,13691.248592
406,13707.152460
407,13664.903737
408,13711.019002
409,13745.519614
410,13859.502626
411,13698.929859
412,13876.771856
413,13739.949193
414,13779.165077
415,13580.118850
416,13670.633525
417,13640.245901
418,13850.901825
419,13883.692824
420,13716.581564
421,13719.143444
422,13568.256417
423,13679.668175
424,13792.918370
425,13836.975484
426,13714.281032
427,13645.636070
428,13838.033871
429,13712.539881
430,13820.455721
431,13778.923060
432,13780.643981
433,13555.652752
434,13839.474044
435,13793.543784
436,13552.047979
437,13597.447006
438,13667.517545
439,13948.453410
440,13873.024296
441,13560.397645
442,13844.141944
443,13626.147829
444,13507.103022
445,13861.795036
446,13864.745017
447,13993.713682
448,13894.499009
449,13464.815514
450,13887.596124
451,13679.166670
452,13768.166465
453,13821.241948
454,13905.657903
455,13671.700398
456,13627.397409
457,13598.659263
458,13618.171700
459,13628.087644
460,13744.809962
461,13714.284658
462,13682.021012
463,13802.391743
464,13702.497842
465,13748.854327
466,13776.775918
467,13815.068228
468,13887.524715
469,13719.602287
470,13729.013543
471,13819.362431
472,13685.470432
473,13448.430974
474,13511.391805
475,13573.803310
476,13697.773411
477,13687.843189
478,13706.605846
479,13648.441697
480,13784.127785
481,13711.754337
482,13784.634975
483,13877.666195
484,13685.140452
485,13789.787772
486,13825.199040
487,13830.465256
488,13605.098937
489,13752.065776
490,13641.344714
491,13529.958921
492,13736.076331
493,13831.759101
494,13705.596418
495,13692.011895
496,13520.264127
497,13584.528016
498,13711.463014
499,13706.829620
