0,3060.986576
1,3097.252637
2,3107.785325
3,3113.091261
4,3101.343669
5,3099.978337
6,3109.573238
7,3140.871840
8,3142.161741
9,3189.098349
10,3204.184986
11,3205.687243
12,3191.475195
13,3181.967737
14,3206.268623
15,3221.571791
16,3254.223645
17,3262.222497
18,3261.438573
19,3261.374914
20,3238.612678
21,3287.898942
22,3327.459484
23,3339.397685
24,3353.584102
25,3329.344328
26,3308.096229
27,3348.026359
28,3386.839625
29,3413.809835
30,3364.058586
31,3408.254284
32,3455.583441
33,3421.149386
34,3475.027604
35,3449.247099
36,3473.292279
37,3532.515317
38,3537.691888
39,3559.319092
40,3562.602721
41,3548.765054
42,3560.616690
43,3603.539280
44,3632.682833
45,3601.132626
46,3637.636311
47,3676.382240
48,3667.871886
49,3685.867025
50,3714.211973
51,3704.648851
52,3716.758482
53,3772.248563
54,3771.445614
55,3697.623667
56,3761.931985
57,3764.682632
58,3777.968424
59,3782.924723
60,3791.527957
61,3775.484172
62,3810.023872
63,3758.912926
64,3804.252039
65,3850.516495
66,3860.438289
67,3837.209559
68,3866.503113
69,3911.850441
70,3952.676958
71,3948.773995
72,3978.282445
73,3974.107783
74,3956.192489
75,4017.917327
76,4024.121788
77,4023.643959
78,3956.442063
79,3996.092007
80,4027.910736
81,4017.420006
82,4024.623958
83,3972.507927
84,3988.329903
85,4030.135992
86,4091.663654
87,4102.674916
88,4116.124199
89,4138.768851
90,4147.644950
91,4116.270004
92,4039.290634
93,4034.821279
94,4084.633490
95,4080.684956
96,4076.025667
97,4119.700920
98,4093.587543
99,4075.570937
100,4141.637437
101,4174.672854
102,4140.788972
103,4049.562382
104,4057.224008
105,4093.374990
106,4119.335488
107,4094.244163
108,4121.479943
109,4119.727916
110,4118.494377
111,4156.975701
112,4193.221344
113,4164.858240
114,4160.145809
115,4117.729904
116,4096.212274
117,4108.404463
118,4121.080075
119,4112.689672
120,4122.570732
121,4168.656340
122,4160.783067
123,4211.506482
124,4232.635968
125,4200.749841
126,4213.596320
127,4198.002732
128,4170.016003
129,4179.717463
130,4180.733767
131,4182.336882
132,4196.355386
133,4161.835032
134,4157.289633
135,4165.617122
136,4162.773240
137,4182.677032
138,4203.126207
139,4218.251980
140,4228.654288
141,4191.358788
142,4214.738988
143,4186.571139
144,4245.673850
145,4205.516735
146,4193.464560
147,4203.316512
148,4197.904405
149,4223.496719
150,4176.657740
151,4200.540776
152,4137.004959
153,4132.795526
154,4115.551485
155,4143.866371
156,4143.390531
157,4165.915829
158,4140.541033
159,4151.865333
160,4145.769749
161,4184.638358
162,4289.607013
163,4254.653610
164,4218.361920
165,4180.579055
166,4112.267066
167,4107.089511
168,4127.053755
169,4169.814278
170,4190.161367
171,4197.337254
172,4238.932156
173,4236.272995
174,4190.344768
175,4174.918289
176,4172.266576
177,4143.264527
178,4178.931674
179,4152.404554
180,4189.629671
181,4297.528732
182,4348.041400
183,4305.716569
184,4326.853831
185,4327.053007
186,4288.894814
187,4219.180334
188,4233.029475
189,4217.342619
190,4218.920650
191,4263.190801
192,4224.458540
193,4200.026868
194,4179.701893
195,4205.212467
196,4160.427073
197,4157.753395
198,4186.571341
199,4236.965312
200,4290.608346
201,4312.808401
202,4305.596590
203,4321.372016
204,4317.379494
205,4311.170254
206,4310.101620
207,4259.704106
208,4273.161900
209,4238.298841
210,4237.287053
211,4232.204977
212,4292.968154
213,4260.201390
214,4322.142082
215,4280.081082
216,4298.873709
217,4322.569104
218,4305.416141
219,4303.167823
220,4283.240696
221,4256.798854
222,4231.118055
223,4221.853931
224,4204.901593
225,4216.115930
226,4224.252114
227,4189.044664
228,4272.181240
229,4331.058097
230,4340.740849
231,4333.072874
232,4307.980020
233,4277.676341
234,4261.015854
235,4265.343584
236,4314.788151
237,4301.811668
238,4311.421503
239,4312.660041
240,4284.145805
241,4253.848964
242,4291.187341
243,4262.674323
244,4261.588437
245,4333.652681
246,4341.122901
247,4368.754708
248,4317.181102
249,4299.589750
250,4328.151392
251,4301.314868
252,4309.122197
253,4308.511010
254,4308.537704
255,4305.006849
256,4286.311380
257,4313.921206
258,4346.765842
259,4370.842190
260,4325.814475
261,4396.129542
262,4345.041266
263,4347.876869
264,4413.836065
265,4418.132714
266,4430.353376
267,4434.513608
268,4380.769427
269,4370.695836
270,4380.475836
271,4342.057435
272,4315.153742
273,4343.930260
274,4353.937990
275,4354.319427
276,4348.240595
277,4296.446794
278,4315.729305
279,4331.444003
280,4332.456165
281,4306.037583
282,4317.478181
283,4329.207521
284,4370.016564
285,4418.232975
286,4411.751507
287,4375.488613
288,4338.435298
289,4331.053274
290,4336.325591
291,4308.188744
292,4314.349499
293,4349.431799
294,4406.546974
295,4403.543487
296,4449.922888
297,4439.925317
298,4413.544148
299,4399.739776
300,4391.997083
301,4407.919150
302,4387.778874
303,4380.609921
304,4346.734373
305,4314.508201
306,4340.067734
307,4317.077981
308,4321.137594
309,4365.205269
310,4325.148546
311,4328.671632
312,4375.690676
313,4379.406040
314,4370.690680
315,4339.063854
316,4316.931466
317,4288.236697
318,4361.769677
319,4415.961033
320,4454.238907
321,4430.835214
322,4429.219382
323,4442.787382
324,4414.184099
325,4420.466145
326,4414.107006
327,4417.824481
328,4440.672101
329,4379.651226
330,4358.500350
331,4341.793377
332,4300.712638
333,4272.766587
334,4267.183173
335,4271.353407
336,4251.337567
337,4242.962548
338,4253.107828
339,4281.470021
340,4346.039918
341,4346.676508
342,4387.890850
343,4417.143116
344,4364.978375
345,4354.330112
346,4327.921305
347,4319.499806
348,4310.321742
349,4306.900672
350,4322.634392
351,4388.903261
352,4389.062597
353,4323.699562
354,4347.451928
355,4342.012163
356,4289.325828
357,4308.157698
358,4321.313022
359,4342.004868
360,4362.591662
361,4391.577134
362,4407.964767
363,4351.124638
364,4347.132260
365,4402.667891
366,4375.995885
367,4405.280851
368,4449.624939
369,4485.165568
370,4443.389906
371,4428.686890
372,4428.788864
373,4399.702094
374,4465.293082
375,4490.775057
376,4484.362289
377,4501.083324
378,4477.400380
379,4535.552719
380,4459.368512
381,4449.075799
382,4455.380668
383,4431.731379
384,4379.461586
385,4386.682042
386,4398.571020
387,4411.667789
388,4408.335616
389,4375.801416
390,4368.353533
391,4380.321117
392,4411.074297
393,4411.771678
394,4388.654456
395,4409.363844
396,4360.192205
397,4440.844280
398,4419.517753
399,4443.777447
400,4431.428044
401,4476.200853
402,4449.390457
403,4425.488471
404,4405.574812
405,4406.336512
406,4411.339891
407,4435.305568
408,4458.803744
409,4480.391458
410,4493.606369
411,4479.466359
412,4450.681027
413,4388.908574
414,4360.895575
415,4381.141519
416,4341.228571
417,4343.798384
418,4325.894122
419,4335.014633
420,4339.876339
421,4323.782481
422,4308.095325
423,4362.016526
424,4375.357125
425,4370.212385
426,4356.293743
427,4335.363417
428,4297.274683
429,4336.821903
430,4345.760502
431,4352.612273
432,4324.196412
433,4332.420460
434,4334.649169
435,4295.326424
436,4349.447435
437,4282.840939
438,4284.692125
439,4258.053815
440,4300.530159
441,4321.093138
442,4343.856049
443,4353.364274
444,4352.182273
445,4349.110600
446,4378.386153
447,4375.855991
448,4349.716983
449,4360.495890
450,4319.757587
451,4303.295517
452,4330.204850
453,4347.975787
454,4351.672421
455,4335.923666
456,4415.811802
457,4441.543221
458,4424.965671
459,4452.735829
460,4482.139695
461,4473.023369
462,4490.518839
463,4472.204370
464,4469.635536
465,4531.069142
466,4523.671710
467,4522.575484
468,4534.980770
469,4503.407854
470,4473.486071
471,4471.999808
472,4524.465031
473,4540.662195
474,4585.021597
475,4570.633617
476,4506.462925
477,4538.031975
478,4569.617104
479,4573.466811
480,4496.521397
481,4489.465896
482,4493.024761
483,4519.837327
484,4503.342843
485,4485.634919
486,4461.533985
487,4513.583275
488,4525.631705
489,4551.402520
490,4516.881299
491,4525.486045
492,4472.804106
493,4454.868835
494,4448.924992
495,4460.638453
496,4448.193701
497,4468.464201
498,4486.068228
499,4505.437130
