0,3081.553424
1,6456.310462
2,7087.560335
3,7604.581141
4,7970.819106
5,8375.237177
6,8732.599810
7,9141.720560
8,9586.331201
9,10074.822168
10,10550.689741
11,10912.884229
12,11293.257561
13,11587.222595
14,11918.659154
15,12332.280795
16,12662.069466
17,12966.006770
18,13114.295626
19,13362.723869
20,13683.272405
21,13890.995597
22,13988.495682
23,14211.851805
24,14223.234755
25,14452.184168
26,14635.360873
27,14831.369622
28,14831.356003
29,15049.301929
30,15181.411173
31,15211.034355
32,15329.567858
33,15268.543746
34,15378.143407
35,15395.594984
36,15384.726123
37,15393.504453
38,15411.704816
39,15559.923649
40,15651.800034
41,15455.756233
42,15458.294736
43,15359.073276
44,15482.133761
45,15598.718499
46,15530.527118
47,15553.978621
48,15421.559144
49,15446.042159
50,15538.984989
51,15751.238342
52,15572.592218
53,15391.573638
54,15494.165514
55,15706.242123
56,15680.243771
57,15639.574619
58,15479.621064
59,15466.534044
60,15523.417917
61,15313.088262
62,15401.610436
63,15524.861991
64,15622.042961
65,15668.138588
66,15498.581968
67,15563.016633
68,15536.393435
69,15491.022168
70,15607.565561
71,15610.597634
72,15538.322161
73,15602.752021
74,15709.027052
75,15673.240661
76,15600.182034
77,15619.285990
78,15555.182017
79,15565.683755
80,15723.290415
81,15654.194398
82,15725.127793
83,15567.775675
84,15363.464850
85,15549.374310
86,15557.688448
87,15331.459584
88,15465.854874
89,15613.721155
90,15420.884532
91,15557.279185
92,15481.517826
93,15762.474126
94,15509.873541
95,15481.478414
96,15357.899776
97,15484.515370
98,15674.172832
99,15737.914173
100,15515.678957
101,15445.611622
102,15592.429276
103,15721.687597
104,15551.258935
105,15655.971017
106,15674.929041
107,15602.246893
108,15550.973880
109,15455.657499
110,15659.704667
111,15670.605506
112,15583.494902
113,15642.878976
114,15635.480202
115,15679.629198
116,15685.201269
117,15738.553549
118,15678.160769
119,15519.839765
120,15552.434827
121,15412.667542
122,15430.934447
123,15442.768310
124,15493.992368
125,15454.858741
126,15545.874964
127,15507.591549
128,15532.385306
129,15606.680883
130,15586.134895
131,15501.209584
132,15680.629496
133,15632.020444
134,15645.507094
135,15560.610264
136,15465.030731
137,15438.554602
138,15486.181082
139,15445.631213
140,15445.018452
141,15523.446514
142,15589.996436
143,15572.103468
144,15493.164724
145,15648.837144
146,15495.061941
147,15443.693323
148,15577.595732
149,15707.343023
150,15600.910763
151,15492.512808
152,15621.003987
153,15627.567370
154,15650.336088
155,15335.898343
156,15556.465761
157,15632.430401
158,15775.942185
159,15592.679055
160,15586.737660
161,15575.757213
162,15310.167899
163,15370.646549
164,15591.608290
165,15584.420906
166,15622.142737
167,15547.511749
168,15480.987184
169,15665.607559
170,15647.855841
171,15674.951091
172,15605.856716
173,15541.913650
174,15656.767767
175,15615.468698
176,15619.130966
177,15419.114422
178,15525.556912
179,15511.157365
180,15658.608562
181,15635.447145
182,15601.517665
183,15563.696448
184,15557.773536
185,15694.385105
186,15588.584542
187,15548.672596
188,15521.546043
189,15422.187625
190,15557.080987
191,15654.654484
192,15764.508735
193,15744.681340
194,15589.452063
195,15556.700099
196,15633.729909
197,15503.441368
198,15585.037929
199,15565.477259
200,15546.587010
201,15540.497721
202,15590.065826
203,15566.831922
204,15608.057813
205,15724.766270
206,15516.113223
207,15583.360144
208,15541.003726
209,15533.599403
210,15517.134691
211,15499.409215
212,15461.739234
213,15408.303189
214,15666.709710
215,15629.277052
216,15578.751184
217,15479.443424
218,15572.375699
219,15490.279389
220,15430.590422
221,15551.277612
222,15602.793928
223,15541.989698
224,15456.429255
225,15542.712865
226,15498.088690
227,15618.054362
228,15518.119803
229,15462.612053
230,15539.603645
231,15529.384438
232,15550.900612
233,15656.601673
234,15636.786484
235,15618.149584
236,15673.763462
237,15581.276771
238,15632.735681
239,15543.744209
240,15651.721431
241,15555.797137
242,15624.110240
243,15458.476975
244,15452.902304
245,15723.059814
246,15613.949363
247,15418.803233
248,15486.722852
249,15394.791151
250,15397.975854
251,15403.245769
252,15630.034519
253,15592.538904
254,15531.007846
255,15430.989872
256,15309.671575
257,15425.822690
258,15451.908077
259,15543.957078
260,15566.039999
261,15557.603070
262,15474.374679
263,15587.523770
264,15626.107528
265,15434.431604
266,15575.488218
267,15511.888352
268,15475.468249
269,15633.654002
270,15690.554499
271,15386.991496
272,15423.686953
273,15440.598630
274,15539.161621
275,15536.240478
276,15468.384979
277,15589.633626
278,15578.745933
279,15326.193112
280,15512.196549
281,15523.437840
282,15559.251769
283,15417.498478
284,15600.374287
285,15558.528069
286,15546.318159
287,15510.379800
288,15586.596443
289,15593.542156
290,15589.534665
291,15584.189346
292,15511.739181
293,15425.307313
294,15497.497355
295,15595.406581
296,15647.842614
297,15528.602781
298,15553.839484
299,15522.352245
300,15619.664188
301,15596.574198
302,15587.797097
303,15555.576276
304,15594.380505
305,15655.884471
306,15597.031014
307,15651.753839
308,15469.964378
309,15601.972718
310,15523.192958
311,15451.744953
312,15536.634569
313,15586.703259
314,15619.066655
315,15589.529876
316,15300.899261
317,15229.735284
318,15530.384481
319,15637.693359
320,15559.092272
321,15642.623186
322,15501.538499
323,15509.014693
324,15493.299819
325,15450.729467
326,15550.574479
327,15519.178043
328,15578.275617
329,15542.218739
330,15613.051938
331,15607.265673
332,15585.453669
333,15587.714411
334,15539.651085
335,15477.544600
336,15601.539595
337,15635.794913
338,15687.976120
339,15478.418178
340,15525.850699
341,15503.647807
342,15399.720024
343,15487.982627
344,15438.860733
345,15548.030029
346,15507.600596
347,15453.724087
348,15435.408075
349,15572.139452
350,15609.661158
351,15502.439989
352,15501.481428
353,15577.026705
354,15557.338772
355,15445.092143
356,15573.021484
357,15698.274490
358,15640.350417
359,15480.952414
360,15468.181058
361,15459.412556
362,15542.300333
363,15554.545707
364,15615.138437
365,15516.267571
366,15619.240125
367,15626.983741
368,15505.676042
369,15578.426136
370,15466.060664
371,15509.874175
372,15592.011063
373,15595.906894
374,15640.796714
375,15627.774471
376,15613.016914
377,15738.471309
378,15747.675714
379,15690.014366
380,15630.531294
381,15489.422620
382,15557.092684
383,15481.985969
384,15373.119602
385,15397.007341
386,15530.553312
387,15592.553835
388,15556.860227
389,15441.835944
390,15456.591031
391,15612.282537
392,15528.209974
393,15564.613569
394,15672.738537
395,15511.717817
396,15490.906709
397,15536.605900
398,15462.745936
399,15589.782212
400,15631.969929
401,15523.764122
402,15487.456474
403,15532.581356
404,15631.547696
405,15584.614137
406,15550.973654
407,15507.814594
408,15606.469129
409,15497.477410
410,15455.059669
411,15439.781125
412,15502.066382
413,15628.497521
414,15605.120647
415,15578.704268
416,15631.468122
417,15615.753421
418,15509.770807
419,15434.162533
420,15514.884376
421,15504.380158
422,15641.729517
423,15615.247009
424,15555.172856
425,15590.803365
426,15589.996052
427,15607.122197
428,15532.621122
429,15580.255805
430,15601.332077
431,15480.541561
432,15471.631163
433,15617.472764
434,15562.664499
435,15537.694580
436,15462.437296
437,15572.184547
438,15533.873040
439,15559.180402
440,15547.780346
441,15662.587372
442,15416.053041
443,15414.670487
444,15421.122428
445,15640.262658
446,15601.070654
447,15539.627923
448,15661.533243
449,15583.944132
450,15591.254481
451,15474.420291
452,15710.717793
453,15621.290873
454,15726.412704
455,15555.929969
456,15548.370246
457,15630.463067
458,15619.102512
459,15464.833843
460,15483.717257
461,15457.717870
462,15598.921390
463,15516.962349
464,15506.744070
465,15512.298866
466,15693.389917
467,15670.699515
468,15682.232555
469,15558.160475
470,15640.291240
471,15496.771328
472,15601.694408
473,15410.463214
474,15594.258602
475,15491.779852
476,15538.120251
477,15468.987299
478,15587.248042
479,15485.972948
480,15546.171855
481,15530.214342
482,15638.927848
483,15639.245607
484,15503.564773
485,15650.729005
486,15592.982520
487,15611.883995
488,15546.283211
489,15535.102338
490,15576.793837
491,15627.811816
492,15550.193479
493,15612.123372
494,15709.375538
495,15683.091954
496,15605.949459
497,15521.808222
498,15581.185792
499,15607.692779
