0,3052.392798
1,6054.593097
2,6388.407566
3,6656.541059
4,6874.246604
5,7022.402063
6,7255.760792
7,7394.394464
8,7641.363104
9,7840.496515
10,7990.018939
11,8181.457342
12,8326.258052
13,8508.735926
14,8656.398662
15,8824.825711
16,9098.855963
17,9269.134525
18,9447.436021
19,9610.489829
20,9757.273670
21,9928.403120
22,10089.549488
23,10276.249381
24,10455.277401
25,10479.374061
26,10607.634221
27,10758.684233
28,10950.615231
29,11092.546729
30,11206.000770
31,11329.863707
32,11427.077728
33,11650.892258
34,11724.007432
35,11772.365628
36,11973.039792
37,12135.855884
38,12206.380421
39,12278.380518
40,12411.995037
41,12617.626576
42,12863.417510
43,13184.443613
44,12961.847343
45,13055.926775
46,13150.251032
47,13315.857806
48,13437.400642
49,13479.625940
50,13630.700850
51,13424.275667
52,13821.462239
53,13938.268817
54,13781.802248
55,13790.369818
56,13793.010416
57,13903.733427
58,13820.967779
59,14072.967146
60,13928.819068
61,14179.509331
62,14128.881553
63,13978.650169
64,13990.909164
65,14149.761289
66,14123.763210
67,14226.773679
68,14215.366908
69,14088.159484
70,14228.675397
71,13998.276116
72,14160.412099
73,14279.669144
74,14264.675779
75,14210.565761
76,14274.834511
77,14375.369343
78,14342.538812
79,14278.398041
80,14219.953314
81,14341.191812
82,13930.501382
83,14301.751351
84,14242.923037
85,14286.010435
86,14085.769320
87,14262.353771
88,14291.372177
89,14153.021571
90,14180.942407
91,14106.233846
92,14047.712077
93,14225.644427
94,14361.108368
95,14295.066382
96,14249.519313
97,14289.263686
98,14372.182515
99,14224.276713
100,14226.458196
101,14342.370087
102,14286.866185
103,14284.012340
104,14508.874381
105,14440.629717
106,14169.901111
107,14412.388415
108,14350.935254
109,14071.123228
110,14340.158170
111,14355.040119
112,14274.335259
113,14228.009813
114,14202.219854
115,14171.518212
116,14316.867899
117,14326.263723
118,14249.867911
119,14210.688367
120,14206.898503
121,14092.235021
122,14178.412292
123,14131.407034
124,14322.091557
125,14313.317179
126,14631.236924
127,14363.808873
128,14384.847855
129,14263.589665
130,14273.148337
131,14360.458423
132,14175.423636
133,14004.185701
134,14256.991970
135,14461.701996
136,14320.513166
137,14174.147470
138,14434.173410
139,14318.796040
140,14160.333836
141,14491.072621
142,14672.109895
143,14384.890834
144,14281.163712
145,14199.644699
146,14277.912941
147,14339.958528
148,14288.666690
149,14440.421949
150,14370.741777
151,14340.189199
152,14265.073801
153,14368.293110
154,14274.681007
155,14293.771157
156,14223.581665
157,14282.916959
158,14338.932912
159,14206.365154
160,14134.898093
161,14147.461078
162,14475.864213
163,14299.432570
164,14112.633963
165,14392.087896
166,14347.731937
167,14272.779428
168,13976.946441
169,14329.035697
170,14074.761155
171,14424.677165
172,14222.629965
173,14295.053731
174,14326.075678
175,14013.760352
176,14387.808142
177,14304.924733
178,14328.880134
179,14202.863197
180,14419.855902
181,14187.165845
182,14133.416122
183,14151.825655
184,14443.803234
185,14420.780305
186,14304.801607
187,14514.419493
188,14344.531841
189,14093.934639
190,14500.394798
191,14280.502262
192,14420.988401
193,14313.426253
194,14102.111902
195,14311.503817
196,14074.649086
197,14130.190937
198,14316.142812
199,14176.141853
200,14369.103585
201,14058.688526
202,14241.447970
203,14186.498375
204,13998.952933
205,14363.375485
206,14259.102171
207,14277.009212
208,14311.658599
209,14288.391261
210,14298.531405
211,14328.903510
212,14219.550105
213,14205.227761
214,14239.351971
215,14261.650622
216,14172.564790
217,14129.869218
218,14237.957308
219,14327.812909
220,14260.294570
221,14334.564413
222,14241.508933
223,14140.072677
224,14134.858475
225,14051.905746
226,14225.484326
227,14450.628104
228,14452.391946
229,14301.973924
230,14280.876285
231,14360.926003
232,14219.957423
233,14438.240247
234,14364.858341
235,14242.161741
236,14321.092531
237,14284.340693
238,14256.727166
239,14298.730695
240,14546.569515
241,14275.003396
242,14203.604647
243,14119.232600
244,14148.637080
245,14072.506411
246,14299.828614
247,14441.250625
248,14271.309254
249,14214.738157
250,14204.922293
251,14248.078225
252,14333.700590
253,14578.732442
254,14190.438038
255,14245.879781
256,14370.267664
257,14283.151343
258,14368.032904
259,14357.836663
260,14248.928836
261,14270.682656
262,14215.498059
263,14147.202332
264,14004.941443
265,14090.496992
266,14155.541345
267,14214.034631
268,14138.961429
269,14280.069517
270,14213.618022
271,14040.401304
272,14207.802834
273,14126.567493
274,14236.878184
275,14024.500777
276,14098.887239
277,14166.323371
278,14387.061592
279,14387.749871
280,14293.054775
281,14341.935288
282,14412.869547
283,14275.187440
284,14222.272378
285,14187.420968
286,14173.121765
287,14358.315676
288,14395.222514
289,14128.107092
290,14378.410853
291,14100.880016
292,14247.762847
293,14378.651338
294,14364.732741
295,14387.498355
296,14431.395933
297,14181.931339
298,14406.240787
299,14292.639133
300,14175.685883
301,14263.730719
302,14544.275770
303,14207.344161
304,14310.463588
305,14282.942306
306,14331.704128
307,14162.010215
308,14270.180475
309,14384.438641
310,14279.348089
311,14136.377052
312,14269.908279
313,14113.887620
314,14299.351043
315,14093.191279
316,14163.678473
317,14359.230085
318,14155.867618
319,14060.772040
320,14260.762699
321,14268.192878
322,14146.477514
323,14186.539186
324,14189.399397
325,14280.319620
326,14254.148855
327,14228.906159
328,14318.077261
329,14285.642391
330,14336.772590
331,14242.316080
332,14259.984871
333,14362.800951
334,14440.292196
335,14389.926550
336,14219.913836
337,14322.189313
338,14374.888095
339,14177.886795
340,14067.702569
341,14150.195293
342,14001.184431
343,14084.081699
344,14226.610019
345,14248.925652
346,14216.569197
347,14209.211123
348,14310.193770
349,14128.719768
350,14045.248153
351,14223.328410
352,14331.375227
353,14495.367046
354,14289.332024
355,14505.529069
356,14501.651925
357,14145.279909
358,14233.859281
359,14050.057584
360,14408.093971
361,14060.658353
362,14267.039315
363,14232.635570
364,14129.281872
365,14175.394016
366,14286.309678
367,14194.068164
368,14317.780460
369,14287.373258
370,14374.076517
371,14526.920541
372,14220.560254
373,14359.235143
374,14150.951667
375,14204.942039
376,14124.508774
377,14357.668753
378,13999.554901
379,14177.898750
380,14146.219320
381,14259.782330
382,14521.559808
383,14355.051160
384,14440.624653
385,14273.055468
386,14099.991086
387,14382.246099
388,14324.390153
389,14297.387297
390,14260.467818
391,14321.187515
392,14123.138002
393,14169.238456
394,13961.561457
395,14273.947954
396,14256.671133
397,14098.310240
398,14368.210790
399,14273.337077
400,14395.370714
401,14382.232546
402,14100.545113
403,14101.014811
404,14054.648526
405,14214.822046
406,14268.077740
407,14356.962317
408,14225.434489
409,14478.504685
410,14111.896970
411,14127.496912
412,14296.815411
413,14148.798143
414,14233.989911
415,14364.672829
416,14234.122455
417,14327.639201
418,14262.617846
419,14348.164852
420,14350.667710
421,14255.348154
422,14455.187998
423,14311.984816
424,14444.323703
425,13969.154065
426,14092.026541
427,14303.496361
428,14129.910104
429,14298.812021
430,14268.834101
431,14225.613233
432,14150.886579
433,14178.974567
434,14541.042620
435,14267.673312
436,14440.036380
437,14306.708528
438,14204.898584
439,14390.568664
440,14132.350677
441,14557.383391
442,14220.259394
443,14232.443148
444,14143.926333
445,14250.391281
446,14411.826643
447,14456.406107
448,14323.735378
449,14210.702422
450,13936.617565
451,14221.966622
452,14332.818664
453,14178.763644
454,14476.616366
455,14145.199079
456,14350.034493
457,14383.680101
458,14380.948199
459,14197.505855
460,13871.289653
461,14063.120530
462,13892.335038
463,14066.538030
464,14239.316986
465,14254.760514
466,14257.807136
467,14226.034365
468,14236.527771
469,14161.878740
470,14383.894485
471,14455.986236
472,14243.517478
473,14148.644376
474,14135.388880
475,14125.633074
476,14221.209672
477,14083.409535
478,14234.959643
479,14310.433484
480,14197.956923
481,14277.269105
482,14356.764781
483,14425.102485
484,14365.823473
485,14432.595531
486,14340.535948
487,14067.669932
488,14305.756590
489,14337.664608
490,14125.731166
491,14377.541715
492,14449.909437
493,14284.012383
494,14282.054160
495,14287.795619
496,14138.526224
497,14396.324645
498,14218.410736
499,14055.340298
