0,3010.895527
1,6031.947527
2,6432.416967
3,6726.419063
4,6886.056793
5,7008.935360
6,7121.390789
7,7261.128511
8,7385.775374
9,7499.966286
10,7535.323675
11,7656.216470
12,7721.695161
13,7748.939688
14,7750.443083
15,7905.062701
16,7935.580185
17,7982.679337
18,8013.232719
19,8065.080133
20,8168.960965
21,8140.524334
22,8274.026677
23,8333.952573
24,8427.669512
25,8440.603894
26,8514.489946
27,8561.114390
28,8618.979630
29,8626.467563
30,8665.318034
31,8704.612318
32,8774.011133
33,8810.535467
34,8915.695166
35,8944.407577
36,8928.756128
37,9003.257578
38,8988.354940
39,9050.622186
40,9060.876884
41,9025.738604
42,9085.353509
43,9069.862822
44,9209.356293
45,9248.850377
46,9268.593607
47,9244.453069
48,9262.454667
49,9303.840575
50,9283.966973
51,9349.284399
52,9291.570208
53,9325.044601
54,9343.169300
55,9414.473832
56,9516.698449
57,9504.163562
58,9490.571735
59,9574.370912
60,9530.119958
61,9615.435660
62,9659.451343
63,9619.332192
64,9609.038541
65,9664.206905
66,9698.149327
67,9715.259253
68,9815.576614
69,9755.644438
70,9730.892941
71,9858.893522
72,9819.691137
73,9791.432392
74,9792.035300
75,9778.142485
76,9839.535627
77,9867.232585
78,9890.524278
79,9897.158802
80,9813.697762
81,9871.402091
82,9849.543738
83,9879.112986
84,9907.095325
85,10003.103657
86,10045.600940
87,9948.889399
88,10157.555977
89,10170.286727
90,10140.116313
91,10161.544272
92,10145.432868
93,10192.123791
94,10212.780337
95,10220.361841
96,10137.896777
97,10163.950443
98,10171.287153
99,10191.384438
100,10219.412839
101,10224.745511
102,10191.336154
103,10315.381796
104,10361.794647
105,10276.400213
106,10329.003154
107,10228.369810
108,10468.910634
109,10515.402775
110,10461.120433
111,10428.898452
112,10485.257846
113,10560.246907
114,10551.706946
115,10519.378566
116,10471.612409
117,10559.949272
118,10546.057573
119,10499.798475
120,10700.016851
121,10542.050161
122,10567.602599
123,10730.830080
124,10784.385312
125,10715.038420
126,10677.792223
127,10828.385317
128,10750.366796
129,10776.807806
130,10820.364379
131,10810.178383
132,10802.789911
133,10823.067050
134,10881.226810
135,10889.703582
136,10945.245726
137,10926.465347
138,10893.812910
139,10793.339630
140,10952.084450
141,10797.552353
142,10838.616059
143,10881.093608
144,10817.180514
145,10929.550399
146,11100.619648
147,11023.305261
148,11136.302984
149,11049.682686
150,11087.339519
151,11106.725246
152,11035.113809
153,11106.169780
154,11141.615807
155,11087.959600
156,11126.913089
157,11317.894725
158,11168.286045
159,11239.538683
160,11247.783924
161,11240.270446
162,11177.538469
163,11268.390439
164,11236.857870
165,11361.831286
166,11391.458911
167,11300.533037
168,11353.582256
169,11386.698239
170,11379.147195
171,11341.481329
172,11350.040940
173,11396.443958
174,11313.606407
175,11358.853783
176,11341.973916
177,11425.957361
178,11474.826601
179,11445.582746
180,11476.118325
181,11554.889200
182,11511.538210
183,11365.631788
184,11354.266516
185,11463.849541
186,11570.651676
187,11572.848945
188,11710.204074
189,11651.083577
190,11496.812321
191,11623.936369
192,11635.992457
193,11612.908548
194,11634.551605
195,11631.620690
196,11783.933707
197,11693.684808
198,11763.351620
199,11708.978202
200,11612.640481
201,11734.153053
202,11693.971968
203,11749.305257
204,11646.430852
205,11644.144640
206,11724.131516
207,11534.635107
208,11625.875037
209,11690.196884
210,11767.927103
211,11765.595598
212,11730.410437
213,11764.720961
214,11730.818391
215,11825.235301
216,11854.871818
217,11804.954494
218,11793.676455
219,11875.172420
220,11945.616590
221,11878.862846
222,11788.919188
223,11833.088323
224,11813.053522
225,11814.961950
226,11713.011785
227,11796.099496
228,12037.389652
229,11838.613557
230,11903.259155
231,11818.926598
232,11905.205677
233,11876.003200
234,11913.153045
235,12066.383801
236,11956.541106
237,11970.743252
238,12000.517939
239,11896.407959
240,11919.437275
241,12009.777235
242,12029.898570
243,11927.444586
244,12029.188161
245,11926.452829
246,11900.270276
247,12112.086804
248,12051.337416
249,12144.066987
250,12066.023961
251,11976.273184
252,12132.370135
253,12125.409666
254,12209.408508
255,12115.627830
256,12121.921939
257,12066.509091
258,12189.159490
259,11868.965499
260,12075.786439
261,12166.089766
262,12192.078524
263,12178.009533
264,12271.421799
265,12059.786691
266,12220.931760
267,12095.435184
268,12141.315997
269,12198.075950
270,12085.320410
271,12190.816637
272,12248.253658
273,12184.639455
274,12222.177263
275,12041.079807
276,12188.011803
277,12207.178991
278,12236.437654
279,12319.512347
280,12288.946059
281,12243.200131
282,12123.555408
283,12291.943146
284,12340.064925
285,12207.127742
286,12208.662420
287,12441.164810
288,12313.587380
289,12276.866091
290,12279.388976
291,12221.481733
292,12347.116964
293,12340.552664
294,12413.862674
295,12454.463992
296,12359.001511
297,12559.433139
298,12525.877015
299,12434.126027
300,12465.684191
301,12433.658732
302,12392.290673
303,12448.680169
304,12438.939880
305,12430.205799
306,12352.764844
307,12375.515678
308,12384.325530
309,12474.762029
310,12472.461175
311,12467.886270
312,12522.433341
313,12355.329044
314,12463.070407
315,12475.159632
316,12566.275400
317,12529.582193
318,12544.820415
319,12507.336510
320,12424.095066
321,12416.016385
322,12763.413452
323,12598.163261
324,12521.718071
325,12507.479241
326,12434.735484
327,12521.504195
328,12462.347515
329,12431.515623
330,12317.916231
331,12561.230523
332,12435.126370
333,12579.082514
334,12617.015936
335,12466.745124
336,12594.907072
337,12375.640850
338,12500.118627
339,12372.632371
340,12555.137023
341,12553.736050
342,12515.463601
343,12358.378047
344,12483.004309
345,12506.036415
346,12456.616181
347,12527.636196
348,12553.759619
349,12519.789814
350,12562.856150
351,12613.608991
352,12635.150847
353,12522.527888
354,12578.521525
355,12560.898497
356,12460.488436
357,12459.166531
358,12551.751064
359,12706.443996
360,12574.233207
361,12630.417137
362,12402.055082
363,12470.164406
364,12465.681849
365,12636.538314
366,12576.884131
367,12500.191188
368,12553.302087
369,12615.275861
370,12697.889197
371,12591.884500
372,12626.010578
373,12573.440578
374,12576.554269
375,12467.338870
376,12607.927720
377,12611.300885
378,12714.556267
379,12787.078235
380,12676.381266
381,12725.039398
382,12663.692522
383,12761.861244
384,12706.450382
385,12671.688389
386,12634.318312
387,12631.360968
388,12688.941620
389,12623.382039
390,12669.827020
391,12647.448909
392,12625.223492
393,12695.985435
394,12526.506313
395,12734.707043
396,12498.316351
397,12518.408763
398,12778.587504
399,12755.043794
400,12556.120910
401,12658.832171
402,12687.512815
403,12607.027958
404,12616.733679
405,12631.241256
406,12683.215192
407,12665.812665
408,12726.236836
409,12754.678786
410,12707.856624
411,12667.191820
412,12696.352370
413,12720.265551
414,12725.120717
415,12866.143447
416,12540.399032
417,12758.888608
418,12633.632099
419,12552.868877
420,12607.162289
421,12588.160806
422,12758.395889
423,12769.348795
424,12718.947006
425,12785.276969
426,12706.479971
427,12664.636767
428,12692.952161
429,12674.428948
430,12691.232486
431,12784.066849
432,12762.787274
433,12586.163430
434,12722.130494
435,12684.401725
436,12771.838644
437,12718.782842
438,12648.611428
439,12731.802869
440,12736.178980
441,12639.621605
442,12631.890200
443,12722.731873
444,12857.943824
445,12787.789849
446,12776.124232
447,12684.058999
448,12653.643199
449,12564.605495
450,12688.334852
451,12705.665283
452,12799.420752
453,12755.319048
454,12847.427111
455,12745.132726
456,12825.087227
457,12646.901447
458,12714.440790
459,12712.405593
460,12696.314537
461,12731.075572
462,12734.282552
463,12825.340839
464,12798.134739
465,12794.261193
466,12823.483037
467,12752.743124
468,12854.485450
469,12966.491842
470,12760.095929
471,12689.458523
472,12663.878812
473,12747.136780
474,13033.643295
475,12794.466099
476,13032.459144
477,12910.610207
478,12902.234197
479,12773.461040
480,12784.208354
481,12800.929748
482,12819.311891
483,12658.487458
484,12816.509673
485,12950.638402
486,12894.416884
487,12941.129146
488,13057.586727
489,12844.532097
490,12790.885224
491,12857.333503
492,12740.835137
493,12771.576419
494,12839.335845
495,12859.638800
496,12772.223455
497,12931.434053
498,12912.677517
499,12956.549702
