0,3078.477515
1,3386.835665
2,3644.782737
3,3879.375050
4,4102.273074
5,4244.690653
6,4411.429967
7,4521.818236
8,4699.889764
9,4884.378494
10,5014.411034
11,5216.190627
12,5419.407860
13,5639.385730
14,5787.660835
15,5909.958645
16,6114.900540
17,6300.001119
18,6400.625282
19,6509.423391
20,6718.245177
21,6788.025634
22,6809.989061
23,6820.564670
24,6908.131598
25,6914.690803
26,7015.372774
27,7081.334794
28,7044.031436
29,7118.997878
30,7166.149014
31,7232.021736
32,7181.441104
33,7296.802138
34,7306.608703
35,7284.525338
36,7315.561167
37,7302.186542
38,7337.699225
39,7334.603204
40,7332.460301
41,7305.377747
42,7348.494367
43,7320.733573
44,7272.938906
45,7290.692449
46,7278.908968
47,7314.054444
48,7316.210679
49,7281.136459
50,7320.877035
51,7350.131618
52,7380.449675
53,7468.146207
54,7438.727104
55,7549.131952
56,7508.621951
57,7532.654927
58,7570.722205
59,7576.989689
60,7597.394420
61,7564.254047
62,7564.897071
63,7576.870664
64,7640.924410
65,7669.621216
66,7639.039849
67,7624.231748
68,7601.359602
69,7683.155341
70,7581.435964
71,7689.582534
72,7778.471425
73,7717.955806
74,7728.979627
75,7727.342726
76,7667.347047
77,7650.702030
78,7691.651238
79,7615.724870
80,7670.546919
81,7676.542721
82,7657.601295
83,7650.407720
84,7744.543879
85,7735.703029
86,7780.563828
87,7723.806082
88,7789.665366
89,7786.943396
90,7752.810470
91,7796.924163
92,7782.796810
93,7768.429793
94,7765.448834
95,7844.178249
96,7897.955402
97,7841.832812
98,7817.061442
99,7816.579576
100,7777.520129
101,7857.538352
102,7810.177191
103,7833.826024
104,7783.124057
105,7810.450709
106,7842.494785
107,7814.930364
108,7832.564480
109,7833.938080
110,7901.566198
111,7894.174140
112,7861.202499
113,7765.253005
114,7842.999709
115,7801.659817
116,7843.632188
117,7847.378940
118,7855.675773
119,7902.913059
120,7860.569311
121,7854.368058
122,7843.818409
123,7880.799864
124,7835.920997
125,7894.527924
126,7845.965723
127,7830.406638
128,7832.754389
129,7847.481487
130,7855.448596
131,7829.942107
132,7877.694326
133,7858.328159
134,7884.110233
135,7830.564443
136,7845.955658
137,7864.027068
138,7864.252444
139,7846.885211
140,7804.709403
141,7799.373531
142,7862.801352
143,7855.754986
144,7816.482968
145,7803.876820
146,7865.999381
147,7839.789226
148,7847.539073
149,7861.802706
150,7875.981332
151,7862.820616
152,7876.316550
153,7870.305056
154,7849.735333
155,7821.175564
156,7774.009318
157,7871.206046
158,7824.255168
159,7761.137910
160,7859.463581
161,7865.523633
162,7799.167605
163,7862.161830
164,7829.821873
165,7739.948188
166,7729.604371
167,7802.560109
168,7780.648237
169,7831.887902
170,7764.363076
171,7806.185334
172,7866.189744
173,7885.254041
174,7887.927182
175,7918.601074
176,7916.533593
177,7953.850726
178,7978.846386
179,7982.596416
180,8084.199718
181,8089.586843
182,8198.581780
183,8159.413129
184,8125.017726
185,8137.783780
186,8163.970616
187,8184.973254
188,8192.054284
189,8132.869033
190,8111.002635
191,8148.022938
192,8197.203401
193,8175.323662
194,8225.555096
195,8215.555879
196,8126.764140
197,8180.478738
198,8183.132092
199,8025.505330
200,8089.081574
201,8151.973318
202,8184.957852
203,8196.283953
204,8197.026004
205,8219.398172
206,8139.174963
207,8074.367793
208,8126.359999
209,8158.358703
210,8122.710240
211,8180.867645
212,8179.407713
213,8216.686422
214,8216.749254
215,8207.110785
216,8213.487962
217,8284.359558
218,8206.434016
219,8216.121477
220,8171.587293
221,8179.906449
222,8198.289666
223,8178.169900
224,8158.792795
225,8197.614835
226,8162.703133
227,8224.419476
228,8197.055351
229,8148.894923
230,8168.497670
231,8224.981967
232,8220.104641
233,8180.081279
234,8229.684084
235,8149.549020
236,8189.339229
237,8191.722007
238,8195.586101
239,8126.909402
240,8270.870538
241,8233.070925
242,8143.668955
243,8214.787060
244,8239.997013
245,8250.809330
246,8247.418551
247,8225.017586
248,8173.871790
249,8187.972743
250,8228.272808
251,8115.522982
252,8128.151538
253,8151.216539
254,8217.802485
255,8117.751540
256,8132.731468
257,8113.633683
258,8130.126467
259,8167.304639
260,8219.954960
261,8186.609575
262,8240.214909
263,8237.452511
264,8193.869248
265,8178.667100
266,8195.347599
267,8146.726980
268,8120.082989
269,8172.796168
270,8251.433366
271,8142.350099
272,8190.146481
273,8206.608174
274,8137.005070
275,8157.354730
276,8146.128716
277,8124.259794
278,8133.073542
279,8064.513098
280,8193.617212
281,8145.021647
282,8215.047546
283,8109.114369
284,8122.142727
285,8153.126749
286,8181.087880
287,8103.351482
288,8145.782589
289,8187.374980
290,8153.808720
291,8151.965974
292,8170.034686
293,8210.712286
294,8114.896888
295,8117.809362
296,8115.162597
297,8113.113396
298,8223.740400
299,8282.121308
300,8140.695507
301,8186.264252
302,8211.012993
303,8220.493029
304,8140.147094
305,8103.492804
306,8225.492120
307,8225.289080
308,8268.706672
309,8265.295662
310,8180.044449
311,8248.430193
312,8320.139073
313,8316.259800
314,8290.633074
315,8295.792612
316,8187.493203
317,8196.281203
318,8285.918415
319,8287.489770
320,8210.031446
321,8239.873234
322,8196.319966
323,8261.657870
324,8293.187650
325,8334.098734
326,8243.039549
327,8275.861182
328,8315.303203
329,8309.241678
330,8212.834046
331,8304.025654
332,8343.373812
333,8309.663571
334,8218.996659
335,8216.752427
336,8219.495689
337,8323.188776
338,8281.302050
339,8356.461196
340,8350.606698
341,8369.561358
342,8412.221291
343,8467.350699
344,8421.625064
345,8420.376754
346,8382.825001
347,8414.507736
348,8502.570068
349,8548.904481
350,8447.225539
351,8570.682757
352,8472.994232
353,8453.778080
354,8523.123921
355,8464.860376
356,8482.727726
357,8508.986508
358,8424.103412
359,8483.933949
360,8490.976397
361,8436.229631
362,8365.158660
363,8464.418921
364,8465.965602
365,8465.861847
366,8484.659685
367,8440.178574
368,8471.176158
369,8549.585287
370,8520.211101
371,8477.106206
372,8482.161675
373,8344.113124
374,8431.573890
375,8437.322139
376,8464.157005
377,8414.217736
378,8474.596498
379,8491.648273
380,8553.752417
381,8496.228266
382,8480.766571
383,8531.271212
384,8467.178547
385,8434.679209
386,8517.972758
387,8406.612418
388,8408.086327
389,8467.879698
390,8487.647607
391,8495.216321
392,8463.759954
393,8524.947979
394,8468.623026
395,8527.901688
396,8463.258839
397,8422.671170
398,8461.216271
399,8421.866573
400,8522.894192
401,8501.773523
402,8499.047052
403,8437.076012
404,8518.430411
405,8501.573062
406,8528.368979
407,8504.849661
408,8558.661927
409,8433.041200
410,8524.220786
411,8530.524369
412,8433.464840
413,8434.136911
414,8433.187768
415,8500.582032
416,8478.557320
417,8494.129415
418,8439.940493
419,8505.977886
420,8541.565746
421,8564.950721
422,8520.725306
423,8524.451654
424,8511.246374
425,8556.555842
426,8423.670702
427,8458.175574
428,8394.536084
429,8491.149463
430,8418.443852
431,8516.023575
432,8465.597743
433,8454.678649
434,8426.873406
435,8490.031002
436,8471.704607
437,8573.705052
438,8435.616097
439,8449.885478
440,8454.156277
441,8518.882618
442,8516.492556
443,8427.578759
444,8385.674962
445,8507.192613
446,8472.420313
447,8453.325357
448,8469.259693
449,8464.195639
450,8483.807619
451,8518.863075
452,8497.181662
453,8340.054813
454,8426.319822
455,8422.033899
456,8426.899162
457,8456.257737
458,8479.684365
459,8475.326407
460,8488.384777
461,8447.236901
462,8446.328954
463,8422.401195
464,8461.631294
465,8476.627794
466,8515.026388
467,8398.509475
468,8453.011911
469,8489.491411
470,8410.765480
471,8396.437072
472,8356.427883
473,8388.409641
474,8336.139463
475,8394.431234
476,8473.525969
477,8455.672451
478,8534.561422
479,8440.482455
480,8457.850960
481,8477.571458
482,8513.309267
483,8467.036045
484,8443.262646
485,8484.094265
486,8538.856473
487,8493.571717
488,8515.941565
489,8502.394121
490,8514.432449
491,8492.234482
492,8440.465498
493,8437.316449
494,8468.013012
495,8557.221549
496,8523.872487
497,8503.308273
498,8583.136333
499,8534.251306
