0,3063.982378
1,3210.521360
2,3305.560956
3,3349.643222
4,3347.157603
5,3380.676774
6,3441.526204
7,3482.388537
8,3484.890237
9,3516.581332
10,3552.340232
11,3585.907940
12,3612.313153
13,3644.171205
14,3678.929832
15,3769.510341
16,3770.035794
17,3715.655813
18,3754.869775
19,3767.225529
20,3707.159465
21,3676.783281
22,3687.911474
23,3742.621620
24,3709.222976
25,3703.128178
26,3769.790358
27,3775.710435
28,3784.253300
29,3930.036623
30,3948.296086
31,3975.313213
32,3906.882738
33,3889.768374
34,3903.629552
35,3892.334077
36,3837.455740
37,3883.418418
38,3838.764981
39,3852.897558
40,3829.195627
41,3757.875192
42,3796.266083
43,3827.479048
44,3778.226809
45,3821.611385
46,3849.715317
47,3791.353979
48,3807.211176
49,3823.875433
50,3792.321264
51,3761.202224
52,3845.868278
53,3883.923284
54,3820.933193
55,3884.065658
56,3950.664296
57,3897.414514
58,3884.135204
59,3851.384106
60,3789.865665
61,3889.860137
62,3882.715150
63,3915.674267
64,3872.576470
65,3913.922909
66,3924.626679
67,3918.351046
68,3988.111879
69,3923.309348
70,3993.110672
71,4093.171553
72,4065.098830
73,4192.867889
74,4141.080345
75,4180.318335
76,4307.003990
77,4237.807777
78,4268.517986
79,4262.183497
80,4302.629328
81,4289.079865
82,4172.464843
83,4186.358520
84,4025.468358
85,4102.841960
86,4106.747405
87,4196.247020
88,4336.242706
89,4450.924814
90,4410.336643
91,4450.601255
92,4671.757821
93,4787.793600
94,4824.882065
95,4816.708261
96,4750.150423
97,4755.870133
98,4756.405570
99,4760.826511
100,4806.729592
101,4946.827770
102,5006.045503
103,5175.213237
104,5172.353052
105,5234.725267
106,5435.300460
107,5408.586534
108,5474.084121
109,5544.330384
110,5627.712776
111,5707.407540
112,5670.944630
113,5864.111452
114,5718.465499
115,5634.555696
116,5807.646969
117,5757.802534
118,5877.264023
119,5778.938167
120,5815.732270
121,5782.180088
122,5722.126163
123,5702.212678
124,5919.406305
125,5979.150089
126,5990.122635
127,6050.891922
128,6026.677755
129,6197.808673
130,6263.461911
131,6303.466551
132,6393.460490
133,6419.900371
134,6393.924337
135,6357.243160
136,6376.448971
137,6348.798950
138,6415.136288
139,6396.494970
140,6442.171253
141,6539.498533
142,6465.053532
143,6355.485912
144,6587.623628
145,6639.891778
146,6633.771192
147,6637.599573
148,6698.871849
149,6602.966090
150,6719.147187
151,6776.506770
152,6870.762341
153,6903.029671
154,6875.786834
155,6883.061449
156,6930.802281
157,7058.010530
158,7062.576604
159,7010.511252
160,7016.129496
161,7039.476537
162,7120.572237
163,7066.431498
164,7068.887735
165,7065.100365
166,7105.257577
167,7141.396304
168,7162.951602
169,7132.078941
170,7202.600309
171,7165.756738
172,7211.466521
173,7188.877826
174,7190.023141
175,7281.898968
176,7335.935126
177,7314.116128
178,7365.233504
179,7375.435376
180,7405.776116
181,7369.418406
182,7426.753950
183,7441.120649
184,7472.109909
185,7484.749308
186,7538.555984
187,7494.219598
188,7486.710991
189,7511.019927
190,7515.611768
191,7504.878444
192,7516.404607
193,7552.655101
194,7536.180241
195,7560.517644
196,7572.808940
197,7569.390417
198,7580.157599
199,7586.925290
200,7580.354191
201,7594.152375
202,7601.039408
203,7602.861602
204,7651.509322
205,7637.626624
206,7678.939561
207,7697.886176
208,7726.017272
209,7730.008752
210,7764.519341
211,7762.636544
212,7778.761981
213,7774.981776
214,7791.981403
215,7814.283815
216,7825.742065
217,7822.126178
218,7839.924803
219,7857.435586
220,7879.124563
221,7898.123559
222,7921.693830
223,7957.874430
224,7973.376928
225,7975.863941
226,8004.241978
227,8005.294545
228,8002.037830
229,8012.306757
230,8004.389239
231,8008.375773
232,8006.200140
233,8001.368252
234,7994.082959
235,8010.392778
236,8009.444608
237,8006.070663
238,8001.012206
239,8007.788872
240,8004.085756
241,8011.179169
242,8000.374856
243,8005.062719
244,8010.664864
245,8002.119681
246,7999.008576
247,8007.186537
248,8008.993446
249,8013.515484
250,8008.970080
251,8002.598653
252,8010.812247
253,8006.246984
254,8012.710069
255,8006.261176
256,8011.946686
257,8014.622238
258,8009.328167
259,8000.496372
260,8009.626645
261,8007.689797
262,8002.306173
263,8010.093461
264,8010.027266
265,8008.302380
266,8012.746237
267,8012.717752
268,8015.839577
269,8004.392726
270,8006.750835
271,8013.005276
272,8006.498623
273,8008.780894
274,8008.208252
275,8008.156225
276,8006.450432
277,8013.942558
278,8008.867855
279,8008.375534
280,8005.009238
281,8011.209349
282,8009.044406
283,8003.418559
284,8001.568219
285,8003.530570
286,8003.700007
287,7995.619315
288,8011.520735
289,8001.049269
290,8005.338089
291,8001.916709
292,8013.983421
293,8014.593769
294,8006.341175
295,8007.856163
296,8009.375586
297,8013.181674
298,8011.251193
299,8007.955276
300,8014.548123
301,8014.432784
302,8009.713763
303,8005.386635
304,8000.303841
305,7998.948957
306,8004.545821
307,8010.946766
308,8007.662966
309,8013.915577
310,7999.834062
311,8003.272328
312,8004.283693
313,8006.452908
314,8006.092572
315,8000.119258
316,8002.398996
317,8000.745437
318,8009.446315
319,8001.209794
320,8007.200016
321,8008.205758
322,8009.125327
323,8012.315164
324,8011.791092
325,8012.534186
326,7996.782116
327,8004.809123
328,8006.773063
329,8011.487377
330,8012.795846
331,8009.872485
332,8004.942008
333,7995.625744
334,8012.461933
335,8001.453697
336,8007.059737
337,8009.086075
338,8004.726549
339,8008.049218
340,8011.307469
341,8004.297777
342,8005.060411
343,8001.432927
344,8007.297764
345,8006.211480
346,8010.551811
347,8000.658326
348,7997.761484
349,8008.883190
350,8005.209457
351,8011.648309
352,8013.452005
353,8005.885235
354,8004.633976
355,8005.090229
356,8015.070902
357,8010.063102
358,8010.356170
359,8009.979472
360,8011.448200
361,8008.839317
362,7998.885636
363,8003.706208
364,8003.517644
365,8004.697032
366,8012.962466
367,8008.645231
368,8011.265621
369,8011.499444
370,8018.014355
371,8019.394082
372,8026.428450
373,8020.888318
374,8005.555094
375,8025.294484
376,8031.393947
377,8027.779969
378,8025.807635
379,8031.343395
380,8024.635991
381,8029.353911
382,8032.534423
383,8042.628223
384,8031.989674
385,8040.345178
386,8035.967828
387,8042.938234
388,8039.687565
389,8035.257561
390,8044.178939
391,8046.672183
392,8035.290625
393,8045.492572
394,8048.066466
395,8037.244014
396,8047.748331
397,8050.403370
398,8048.733301
399,8052.759771
400,8037.828775
401,8051.387693
402,8053.774243
403,8054.354969
404,8047.379028
405,8047.810986
406,8051.624396
407,8056.105559
408,8063.586245
409,8065.454188
410,8064.328472
411,8068.948886
412,8072.745135
413,8079.535382
414,8085.088047
415,8088.518846
416,8104.970355
417,8119.689813
418,8145.247868
419,8163.756864
420,8175.966246
421,8189.969572
422,8201.221019
423,8203.458950
424,8200.939135
425,8208.039038
426,8206.504880
427,8202.649835
428,8207.288818
429,8205.898890
430,8198.367266
431,8202.577666
432,8206.802320
433,8202.166133
434,8202.653327
435,8200.392556
436,8202.354376
437,8205.364664
438,8202.760096
439,8210.338283
440,8202.556410
441,8200.335741
442,8205.360767
443,8207.671522
444,8204.136850
445,8196.408733
446,8202.985082
447,8206.713672
448,8199.782429
449,8200.604813
450,8201.645689
451,8213.716364
452,8206.342808
453,8213.356782
454,8214.051891
455,8222.717242
456,8222.160922
457,8241.768530
458,8258.391691
459,8268.672561
460,8277.113968
461,8289.424811
462,8300.421937
463,8303.020376
464,8307.475586
465,8308.270798
466,8311.942787
467,8324.128497
468,8306.649725
469,8322.939316
470,8313.534150
471,8316.914415
472,8324.592949
473,8323.210915
474,8326.090787
475,8320.052317
476,8329.357849
477,8325.194248
478,8325.990490
479,8328.942335
480,8324.752908
481,8324.777497
482,8316.868232
483,8323.781058
484,8317.109566
485,8325.827494
486,8327.790600
487,8324.980890
488,8328.614416
489,8323.902222
490,8312.776811
491,8316.191507
492,8319.063120
493,8326.414201
494,8312.109136
495,8327.919478
496,8317.749852
497,8324.070058
498,8324.863603
499,8324.360602
