0,3066.528027
1,3213.678923
2,3276.556171
3,3386.541721
4,3460.997589
5,3449.315272
6,3455.786154
7,3485.946420
8,3611.551213
9,3631.034836
10,3709.883376
11,3714.691217
12,3655.306156
13,3692.185619
14,3702.356823
15,3763.574856
16,3715.955574
17,3702.284578
18,3679.537757
19,3717.383676
20,3665.233932
21,3710.327359
22,3714.124972
23,3665.891824
24,3773.952765
25,3702.596727
26,3783.246140
27,3739.281224
28,3779.755440
29,3806.058012
30,3722.403261
31,3827.901679
32,3813.474699
33,3739.693378
34,3747.837961
35,3734.167336
36,3876.439893
37,3914.357586
38,3860.421115
39,3895.455356
40,3895.028279
41,3916.401919
42,3958.257992
43,3922.629468
44,3989.613594
45,3904.604882
46,3877.954560
47,3781.862439
48,3779.011293
49,3772.875483
50,3719.270215
51,3756.720772
52,3784.616177
53,3830.614236
54,3806.439980
55,3832.144818
56,3786.025030
57,3794.676602
58,3795.537927
59,3813.664182
60,3895.856862
61,3955.855985
62,3914.499062
63,3878.054902
64,3922.366406
65,3842.188813
66,3822.081249
67,3891.711354
68,3923.397862
69,3872.145333
70,3849.776540
71,3886.239830
72,3902.159560
73,3838.468904
74,3871.527760
75,3874.253033
76,3915.006015
77,3895.981141
78,3807.686786
79,3776.540971
80,3731.964975
81,3782.708382
82,3766.604720
83,3816.221617
84,3801.390785
85,3850.234576
86,3846.437908
87,3726.590288
88,3800.385819
89,3843.961395
90,3841.458299
91,3817.934794
92,3816.433344
93,3824.480718
94,3873.346531
95,3832.481972
96,3847.609960
97,3909.279008
98,3926.960749
99,3858.885099
100,3808.366586
101,3818.300256
102,3915.085994
103,3948.266906
104,3960.273231
105,3900.396068
106,3878.041120
107,3857.838440
108,3990.151895
109,3943.425232
110,3886.708860
111,3885.720622
112,3826.225606
113,3808.603227
114,3881.198043
115,3978.360720
116,3967.892827
117,4012.650279
118,3946.043111
119,3884.879616
120,3804.656150
121,3868.159202
122,3801.879886
123,3897.578293
124,3903.132021
125,3994.035314
126,4052.001193
127,3949.856830
128,3898.870184
129,4013.571159
130,4058.077845
131,3997.408053
132,4045.703217
133,4084.691156
134,4035.472214
135,3991.865240
136,4087.241908
137,4041.018249
138,3919.874667
139,3937.533687
140,3953.280690
141,3975.294679
142,3940.667274
143,3787.974777
144,3828.249548
145,3902.264989
146,3888.007852
147,3896.581950
148,3909.903224
149,3835.389082
150,3882.148995
151,3912.826416
152,3924.483955
153,3938.575943
154,4061.891723
155,3961.525683
156,3973.247760
157,4020.015616
158,4021.625281
159,3967.121990
160,3981.106645
161,3809.939343
162,3800.428836
163,3943.202208
164,3968.958360
165,3931.977858
166,3992.619019
167,3966.217806
168,4110.191318
169,4021.366608
170,4075.332675
171,4015.195221
172,4113.862526
173,3954.537953
174,3964.374891
175,3927.099239
176,3899.345528
177,3998.705828
178,3960.385968
179,3945.693772
180,3930.962559
181,4002.553798
182,4008.814384
183,4007.602846
184,3983.336755
185,3881.639348
186,3945.083238
187,3956.531375
188,3936.330839
189,3831.166296
190,3916.415975
191,3820.141072
192,3806.800687
193,3947.870839
194,3967.011032
195,4059.015696
196,4024.804599
197,4046.973345
198,3914.067326
199,3944.125395
200,3951.307234
201,4008.533226
202,3944.120051
203,3997.040653
204,3953.884741
205,4052.095081
206,4095.095748
207,4159.435564
208,4213.434067
209,4201.659355
210,4145.724536
211,4078.127882
212,4056.691710
213,4096.630955
214,4094.129601
215,4020.345443
216,4007.146634
217,4076.765657
218,4134.123813
219,4131.900506
220,4082.070316
221,4156.526185
222,4227.634304
223,4102.561764
224,4037.004110
225,4036.200410
226,4075.136782
227,4021.956394
228,4008.709481
229,4125.373103
230,4306.316940
231,4251.118386
232,4154.131187
233,4087.078212
234,4061.358960
235,4042.461440
236,4110.139519
237,4092.731841
238,3973.376956
239,3938.490346
240,3903.485712
241,3933.746820
242,4013.060122
243,4053.834994
244,4087.892484
245,4091.000482
246,3963.339259
247,3945.320708
248,4000.258139
249,3984.571231
250,3969.062842
251,3819.384954
252,3805.464410
253,3795.353354
254,3798.255934
255,3814.104256
256,3848.864485
257,3842.756503
258,3983.489451
259,3964.508409
260,3892.307568
261,3950.699436
262,3959.904092
263,3939.420162
264,3798.425728
265,3856.897961
266,3924.832161
267,3988.712199
268,3993.481194
269,3959.335756
270,3967.240361
271,4070.963463
272,4118.392022
273,4047.115664
274,3976.767566
275,3897.658991
276,4007.138473
277,3991.248345
278,3917.112232
279,3943.733903
280,3944.271547
281,3931.576653
282,3939.900206
283,3790.097908
284,3871.754202
285,3774.545218
286,3922.333502
287,3832.506467
288,3913.631978
289,3987.469840
290,3998.364381
291,4023.492402
292,4062.688227
293,4187.923670
294,4271.592716
295,4124.844023
296,4136.166745
297,3986.231844
298,3869.100513
299,3872.638122
300,3904.052373
301,4035.149882
302,4069.339479
303,4076.302458
304,3996.229350
305,3897.222199
306,3856.382931
307,4003.363098
308,4035.832119
309,4012.797375
310,3979.071587
311,3976.470224
312,3923.813211
313,3923.260518
314,3861.574679
315,3863.328970
316,3850.198504
317,3820.068892
318,3945.040368
319,3938.985513
320,3943.946044
321,3863.952947
322,3949.045663
323,4033.657797
324,3978.053182
325,4070.980739
326,4052.243163
327,4063.667755
328,3968.209373
329,3892.653115
330,3944.430728
331,3964.816855
332,3944.239503
333,3997.110236
334,4101.257213
335,4081.630488
336,3966.063504
337,4132.060155
338,4297.472271
339,4190.706932
340,4071.448865
341,4165.334514
342,4146.267384
343,4221.060731
344,4138.248677
345,4149.027253
346,4184.685254
347,4218.932544
348,4224.783477
349,4271.700905
350,4235.373214
351,4112.832140
352,4131.518255
353,4242.229409
354,4194.317383
355,4112.002732
356,4131.380010
357,4046.220790
358,3978.190737
359,3965.929505
360,3957.123515
361,3868.084775
362,3954.284754
363,4039.536203
364,4063.334327
365,4163.541908
366,4043.677110
367,4044.513941
368,4070.706853
369,4025.021407
370,4030.510348
371,4096.744359
372,4119.362019
373,4133.997096
374,4102.335053
375,4096.532178
376,4083.114893
377,4115.035522
378,4259.976045
379,4250.289269
380,4160.608560
381,4146.565973
382,4214.416282
383,4270.936803
384,4219.073229
385,4329.884368
386,4388.501311
387,4448.764712
388,4404.730124
389,4397.420298
390,4526.758103
391,4589.637943
392,4647.152358
393,4738.803777
394,4779.130113
395,4701.811780
396,4582.138745
397,4734.489508
398,4617.793659
399,4587.720784
400,4581.878028
401,4526.703795
402,4549.588136
403,4591.230572
404,4462.553819
405,4470.139610
406,4602.590767
407,4437.075895
408,4739.620329
409,4896.674662
410,4639.808482
411,4721.758449
412,4617.531999
413,4802.218797
414,4658.995118
415,4642.380089
416,4681.359548
417,4557.978028
418,4612.258800
419,4577.126408
420,4580.846274
421,4589.104903
422,4574.205572
423,4521.744039
424,4559.869235
425,4344.419064
426,4285.884705
427,4270.162179
428,4215.531868
429,4328.493452
430,4410.187635
431,4596.543755
432,4552.156000
433,4293.932150
434,4271.147428
435,4301.995502
436,4357.106947
437,4470.565012
438,4582.193758
439,4610.675835
440,4568.428694
441,4304.969508
442,4159.809294
443,4316.662077
444,4342.758237
445,4347.472792
446,4354.282027
447,4381.727798
448,4368.993720
449,4317.573730
450,4303.037478
451,4353.169260
452,4369.846306
453,4174.897316
454,4188.744576
455,4288.909956
456,4436.944907
457,4423.403585
458,4360.215381
459,4278.186425
460,4267.858768
461,4290.920599
462,4238.395200
463,4290.400979
464,4039.473694
465,3942.336223
466,4007.668289
467,3989.226049
468,4025.777665
469,4014.065349
470,4027.804825
471,4101.648584
472,4016.598110
473,4090.832764
474,4029.247660
475,4015.653819
476,4110.021759
477,4115.271654
478,4016.287009
479,4083.051751
480,4018.467601
481,4017.754685
482,4109.349865
483,4210.071789
484,4281.630226
485,4387.751283
486,4414.512632
487,4259.615620
488,4135.482724
489,4299.985407
490,4417.118445
491,4477.754272
492,4511.111906
493,4487.337002
494,4449.170580
495,4431.340344
496,4521.611477
497,4438.124547
498,4453.805530
499,4448.673106
