0,3079.339413
1,3186.341462
2,3273.260468
3,3371.113652
4,3387.258875
5,3447.798236
6,3494.532794
7,3571.816999
8,3581.809493
9,3658.897074
10,3676.920512
11,3725.988223
12,3745.727637
13,3778.016581
14,3821.395394
15,3871.781597
16,3920.416214
17,3917.736402
18,3930.703164
19,3955.065181
20,3979.923705
21,4022.889327
22,4058.000875
23,4102.646953
24,4129.094732
25,4151.954837
26,4173.634104
27,4163.298388
28,4221.053934
29,4208.776543
30,4176.060153
31,4282.057811
32,4288.692174
33,4299.803862
34,4359.964825
35,4314.438344
36,4288.718307
37,4355.968725
38,4350.108485
39,4320.476461
40,4320.197679
41,4411.816760
42,4456.362757
43,4414.114282
44,4413.426924
45,4452.355132
46,4471.794263
47,4403.563361
48,4505.902496
49,4561.623040
50,4576.737311
51,4586.507218
52,4587.163766
53,4649.820315
54,4695.251554
55,4716.091762
56,4665.830164
57,4690.970652
58,4677.157872
59,4739.611653
60,4764.294101
61,4770.560298
62,4706.226937
63,4773.329056
64,4758.294266
65,4827.021399
66,4870.789376
67,4853.829098
68,4938.353528
69,4894.765575
70,4957.224460
71,4913.338546
72,4911.973190
73,4931.253375
74,4979.188169
75,4926.548685
76,4918.977524
77,4989.592217
78,4936.947060
79,4985.845521
80,4997.295892
81,4994.970107
82,4964.362358
83,4948.250967
84,5016.479850
85,4965.596635
86,5081.951640
87,5057.548738
88,5063.276988
89,5115.839478
90,5175.172800
91,5118.829322
92,5212.838906
93,5201.392455
94,5179.760068
95,5220.310719
96,5127.038589
97,5077.944719
98,5115.240295
99,5203.415526
100,5217.754362
101,5156.398258
102,5184.077831
103,5136.348766
104,5130.418407
105,5203.109458
106,5221.231307
107,5242.288206
108,5205.123362
109,5141.966335
110,5236.968927
111,5299.907516
112,5283.984253
113,5266.747859
114,5268.648110
115,5188.374786
116,5148.370906
117,5203.843574
118,5142.866379
119,5184.495626
120,5183.311339
121,5109.756120
122,5108.279668
123,5095.157298
124,5104.333194
125,5156.263351
126,5162.061651
127,5253.403391
128,5322.183223
129,5418.184513
130,5372.390794
131,5270.041307
132,5316.346913
133,5298.730943
134,5260.565785
135,5317.945469
136,5332.238671
137,5309.941547
138,5352.919322
139,5334.924321
140,5391.808457
141,5379.983888
142,5503.760968
143,5541.382015
144,5451.191604
145,5426.763546
146,5389.020922
147,5290.108424
148,5225.403160
149,5261.308926
150,5346.142574
151,5336.017091
152,5395.076521
153,5331.276652
154,5426.800125
155,5506.961697
156,5417.252951
157,5375.279632
158,5452.481735
159,5484.125398
160,5494.106685
161,5516.867418
162,5364.485453
163,5302.625067
164,5405.324438
165,5336.681713
166,5362.375554
167,5346.631475
168,5311.450955
169,5305.765719
170,5242.077104
171,5201.857948
172,5303.438610
173,5353.002827
174,5330.640267
175,5331.874633
176,5410.725587
177,5436.721983
178,5444.674909
179,5384.917103
180,5310.309020
181,5328.426443
182,5256.662204
183,5393.102634
184,5491.892146
185,5508.319045
186,5501.590036
187,5558.138047
188,5547.393084
189,5509.822017
190,5439.478513
191,5412.888618
192,5466.797835
193,5463.261748
194,5476.156135
195,5389.861112
196,5412.249512
197,5444.925702
198,5529.884786
199,5550.612491
200,5474.071131
201,5485.991625
202,5409.961689
203,5351.836954
204,5352.393854
205,5297.282887
206,5202.166482
207,5167.524682
208,5194.041496
209,5308.618193
210,5357.083087
211,5363.397280
212,5414.381455
213,5367.797927
214,5393.593855
215,5322.720443
216,5372.229976
217,5309.031285
218,5259.329519
219,5329.178992
220,5483.371700
221,5407.870253
222,5434.616174
223,5374.280121
224,5489.926330
225,5492.548667
226,5353.889598
227,5439.574980
228,5465.553661
229,5334.514486
230,5248.758495
231,5390.810917
232,5308.012615
233,5413.797717
234,5423.006668
235,5348.244366
236,5487.509211
237,5485.584741
238,5557.991502
239,5496.176241
240,5366.268522
241,5399.153736
242,5347.986369
243,5280.762540
244,5305.778604
245,5377.086396
246,5307.262421
247,5359.743095
248,5293.323444
249,5359.403258
250,5318.546853
251,5446.537600
252,5412.804973
253,5314.066754
254,5331.583382
255,5371.796332
256,5327.010577
257,5480.746907
258,5519.569337
259,5517.065582
260,5570.863650
261,5556.874594
262,5466.139185
263,5432.159947
264,5367.320057
265,5366.826330
266,5216.803848
267,5379.508283
268,5304.500905
269,5249.414125
270,5285.864541
271,5197.329152
272,5295.825307
273,5368.717444
274,5425.269177
275,5322.402379
276,5374.083976
277,5434.633632
278,5407.652560
279,5414.330911
280,5409.386595
281,5454.907150
282,5482.819056
283,5528.935743
284,5642.905069
285,5631.283687
286,5559.948846
287,5508.884179
288,5450.883583
289,5502.150204
290,5400.178908
291,5428.343181
292,5436.700923
293,5533.348043
294,5586.438954
295,5502.543681
296,5483.639963
297,5555.849814
298,5545.577752
299,5479.658384
300,5410.690771
301,5457.696206
302,5415.987004
303,5424.542239
304,5495.791344
305,5565.642359
306,5504.137696
307,5446.005477
308,5393.699169
309,5406.968748
310,5375.901281
311,5379.775828
312,5402.720709
313,5381.519856
314,5468.938446
315,5451.242130
316,5421.449553
317,5627.262503
318,5684.018788
319,5675.015361
320,5618.729067
321,5583.424733
322,5527.225214
323,5529.757567
324,5686.273814
325,5703.013125
326,5756.635496
327,5604.004499
328,5699.097945
329,5723.769316
330,5687.266738
331,5717.819435
332,5744.618666
333,5668.769661
334,5656.362675
335,5653.255090
336,5610.787781
337,5559.378146
338,5593.532447
339,5591.997485
340,5542.213012
341,5501.037156
342,5506.948201
343,5611.370879
344,5578.472621
345,5490.500717
346,5399.233408
347,5382.560627
348,5413.219108
349,5481.769839
350,5385.962190
351,5361.205249
352,5388.407660
353,5496.888230
354,5364.506657
355,5525.879304
356,5497.811087
357,5359.200872
358,5292.632857
359,5293.931701
360,5344.147259
361,5434.235113
362,5487.044108
363,5481.875583
364,5492.882807
365,5522.808985
366,5534.267299
367,5648.094179
368,5704.098608
369,5469.812932
370,5592.131064
371,5630.383088
372,5642.952739
373,5486.313880
374,5466.656304
375,5420.887886
376,5487.222416
377,5441.182043
378,5480.505539
379,5466.489469
380,5367.805981
381,5448.921798
382,5434.555589
383,5319.966185
384,5351.366248
385,5342.379113
386,5223.652268
387,5272.795232
388,5366.665152
389,5415.926258
390,5396.785893
391,5370.647989
392,5456.546076
393,5532.804522
394,5520.866611
395,5571.997959
396,5619.549284
397,5563.006162
398,5422.302142
399,5524.734678
400,5512.734826
401,5527.215072
402,5498.526540
403,5534.949198
404,5608.792587
405,5500.298380
406,5441.745070
407,5428.533767
408,5351.642630
409,5527.806250
410,5488.312985
411,5451.262353
412,5404.540163
413,5345.727114
414,5442.415378
415,5453.146170
416,5430.796359
417,5503.906542
418,5569.677525
419,5519.226730
420,5523.886733
421,5514.640184
422,5514.707295
423,5531.306210
424,5621.998002
425,5489.219743
426,5519.866514
427,5438.481185
428,5496.404375
429,5563.326210
430,5520.655784
431,5464.160195
432,5405.031096
433,5513.927776
434,5477.674156
435,5401.603826
436,5586.310826
437,5587.824917
438,5605.164074
439,5542.275365
440,5554.256934
441,5432.377242
442,5467.578745
443,5523.712335
444,5500.902364
445,5577.786892
446,5504.364955
447,5600.231110
448,5588.296056
449,5540.870122
450,5374.244847
451,5328.119905
452,5399.333525
453,5312.742767
454,5327.341950
455,5355.816610
456,5403.116587
457,5378.618412
458,5385.872858
459,5463.759050
460,5496.869735
461,5542.994629
462,5405.607400
463,5419.853687
464,5469.349990
465,5483.376966
466,5438.006106
467,5575.966468
468,5586.877393
469,5511.651043
470,5482.631940
471,5565.572035
472,5595.789086
473,5578.683385
474,5513.739555
475,5480.205468
476,5381.482800
477,5307.836303
478,5399.660347
479,5510.493732
480,5532.784163
481,5636.907149
482,5508.583372
483,5467.894471
484,5456.870775
485,5494.282708
486,5520.912121
487,5424.388224
488,5389.792179
489,5486.491917
490,5429.399661
491,5392.829910
492,5435.145890
493,5417.641142
494,5420.440867
495,5330.896789
496,5409.453368
497,5407.834846
498,5373.439272
499,5401.558356
