0,3066.751467
1,3124.628864
2,3250.730137
3,3322.341388
4,3399.909760
5,3416.701279
6,3503.377757
7,3569.834491
8,3595.558243
9,3566.890206
10,3658.778527
11,3609.855943
12,3619.232569
13,3650.120701
14,3663.971373
15,3700.798740
16,3611.378307
17,3604.554734
18,3683.710814
19,3647.157486
20,3610.882087
21,3659.576394
22,3745.975534
23,3685.213443
24,3683.618346
25,3695.594657
26,3709.801192
27,3635.148146
28,3638.713956
29,3578.343034
30,3717.948001
31,3737.001896
32,3706.938347
33,3629.459097
34,3590.921918
35,3646.366666
36,3648.598377
37,3654.657926
38,3656.076333
39,3749.987151
40,3788.025310
41,3687.958131
42,3715.874804
43,3677.805096
44,3632.388839
45,3753.634179
46,3786.839727
47,3862.708837
48,3857.335861
49,3895.227450
50,3871.784066
51,3715.371367
52,3847.498749
53,3951.507501
54,3904.406342
55,3924.101153
56,3996.217001
57,4127.410510
58,4157.621936
59,4126.075814
60,4220.381167
61,4119.565062
62,4217.482639
63,4181.473006
64,4205.592381
65,4193.646826
66,4270.154690
67,4270.136594
68,4113.745769
69,4014.339829
70,3988.275591
71,3841.939520
72,3756.859692
73,3841.596499
74,3885.356656
75,3997.349536
76,3949.336026
77,3987.348761
78,3958.722500
79,3897.415769
80,3918.839793
81,3928.868781
82,3874.319961
83,3922.684834
84,3949.747477
85,3976.153576
86,4043.316356
87,4105.234386
88,4276.925858
89,4340.193942
90,4421.362277
91,4238.500233
92,4136.078938
93,4142.493859
94,4063.821684
95,4047.072938
96,3955.238042
97,4001.583484
98,4016.347595
99,4137.557272
100,4195.366377
101,4111.956166
102,4156.248057
103,4133.218154
104,4070.116304
105,4054.272723
106,4098.882035
107,4225.770438
108,4204.529790
109,4160.214742
110,4125.037443
111,4179.440070
112,4190.581458
113,4157.070122
114,4190.335919
115,4150.146339
116,4084.306611
117,4012.751904
118,4077.593710
119,4080.195350
120,4110.803422
121,4087.697099
122,4126.250826
123,4105.586150
124,4103.450178
125,4090.262069
126,4098.946397
127,4161.210993
128,4209.325168
129,4173.132091
130,4238.403039
131,4118.512021
132,4046.662229
133,4099.990173
134,4095.891492
135,4197.645283
136,4234.329027
137,4107.986337
138,4229.884168
139,4425.881550
140,4424.331953
141,4647.338701
142,4544.820211
143,4634.643172
144,4750.080647
145,4632.208402
146,4479.329744
147,4446.007694
148,4286.800208
149,4424.038617
150,4525.229484
151,4371.562744
152,4396.722549
153,4460.993066
154,4564.501481
155,4522.627285
156,4522.292256
157,4486.373507
158,4631.162122
159,4482.777575
160,4548.539451
161,4700.727693
162,4702.820134
163,4714.256509
164,4726.550018
165,4815.124272
166,4841.369178
167,4763.873791
168,4702.323306
169,4730.333673
170,4737.903758
171,4700.494534
172,4618.508329
173,4542.287617
174,4655.671999
175,4565.700869
176,4550.237143
177,4641.726814
178,4354.923376
179,4563.951184
180,4463.192082
181,4550.321806
182,4551.739256
183,4600.160940
184,4661.539412
185,4696.396048
186,4672.260971
187,4507.297798
188,4644.458648
189,4522.294377
190,4545.005093
191,4632.350622
192,4579.650772
193,4486.040199
194,4518.470220
195,4612.414995
196,4563.115979
197,4473.157602
198,4369.544331
199,4389.460050
200,4370.285946
201,4382.445747
202,4518.226824
203,4466.850567
204,4457.855899
205,4343.815177
206,4394.286297
207,4297.955515
208,4442.722356
209,4211.209712
210,4492.286918
211,4479.487929
212,4580.964193
213,4592.899581
214,4538.416254
215,4529.856330
216,4715.781280
217,4613.763248
218,4561.210557
219,4681.705337
220,4715.169009
221,5012.703498
222,4889.267664
223,4981.985268
224,4887.624499
225,4647.054429
226,4712.882188
227,4824.037286
228,4770.820909
229,4806.837994
230,4914.918631
231,4815.205823
232,4939.729485
233,4849.380361
234,4803.822011
235,4763.690103
236,4601.032638
237,4520.985944
238,4405.261151
239,4258.330344
240,4054.727318
241,4112.202840
242,4056.082887
243,4145.321280
244,4145.540261
245,4154.933344
246,4165.299374
247,4247.799110
248,4088.015365
249,4109.468144
250,4063.354707
251,4008.215010
252,3982.234463
253,3987.306973
254,4046.441909
255,3920.679962
256,4012.235387
257,3950.656983
258,3977.475254
259,3930.971970
260,4001.902403
261,4048.195789
262,4073.440743
263,4121.643609
264,4144.070880
265,4155.839367
266,4259.924706
267,4177.153295
268,4245.075021
269,4191.636105
270,4332.501106
271,4296.657782
272,4259.509846
273,4179.099537
274,4208.692748
275,4279.710905
276,4233.945549
277,4315.819060
278,4282.301104
279,4408.567148
280,4255.227806
281,4298.440569
282,4441.064582
283,4510.687673
284,4437.262267
285,4317.270146
286,4413.815717
287,4424.506316
288,4304.529679
289,4179.689292
290,4241.390481
291,4176.346436
292,4221.244807
293,4102.749049
294,4139.934905
295,4048.381511
296,4138.869609
297,4224.434887
298,4298.619678
299,4297.823912
300,4422.135017
301,4337.281624
302,4108.643286
303,4109.637539
304,4151.684768
305,4205.826203
306,4216.465330
307,4252.118286
308,4146.552946
309,4231.497839
310,4181.479395
311,4230.170393
312,4182.189649
313,4012.333866
314,4009.467485
315,4090.690491
316,4012.850346
317,4166.215416
318,4191.874508
319,4281.629563
320,4260.720056
321,4404.233329
322,4407.523352
323,4465.248069
324,4553.333852
325,4553.392107
326,4488.628899
327,4574.251211
328,4650.749377
329,4746.858564
330,4780.776868
331,4684.952323
332,4603.049317
333,4597.363244
334,4634.916190
335,4580.555629
336,4411.088808
337,4501.688341
338,4490.869905
339,4384.946075
340,4198.560928
341,4236.087177
342,4203.200173
343,4231.954994
344,4206.282878
345,4105.052917
346,4076.191413
347,4167.955184
348,4202.262027
349,4163.264068
350,4225.024528
351,4305.114496
352,4165.574807
353,4351.305295
354,4319.223215
355,4409.211873
356,4399.934489
357,4412.216736
358,4369.189492
359,4243.741648
360,4300.664104
361,4160.910783
362,4148.095593
363,4229.113013
364,4295.005341
365,4371.539021
366,4353.346412
367,4357.121609
368,4294.233476
369,4226.330255
370,4228.434806
371,4243.895174
372,4285.545060
373,4194.336045
374,4152.453318
375,4079.986383
376,4082.634618
377,4170.494401
378,4193.673872
379,4336.625769
380,4313.090142
381,4262.061704
382,4268.345290
383,4272.365113
384,4214.457235
385,4359.769529
386,4399.327263
387,4294.710238
388,4244.604008
389,4329.998589
390,4468.870938
391,4402.336364
392,4399.204213
393,4435.980563
394,4384.163111
395,4436.158312
396,4503.104681
397,4506.388140
398,4502.939825
399,4337.457046
400,4397.935762
401,4382.763862
402,4538.688098
403,4431.008724
404,4605.922403
405,4668.486621
406,4532.893989
407,4568.813092
408,4579.679232
409,4602.155244
410,4565.062898
411,4480.831475
412,4391.975810
413,4432.567501
414,4360.944640
415,4287.859148
416,4292.062927
417,4251.397831
418,4204.610877
419,4212.815565
420,4184.350834
421,4088.516490
422,4186.294951
423,4230.368022
424,4367.112687
425,4367.983132
426,4370.218815
427,4342.018191
428,4367.204247
429,4453.593985
430,4498.928844
431,4492.313254
432,4408.544425
433,4362.875524
434,4298.281005
435,4320.290659
436,4281.540814
437,4242.511427
438,4245.102351
439,4254.415498
440,4156.037262
441,4201.625459
442,4150.799687
443,4080.321543
444,4135.018721
445,4050.310152
446,4006.689117
447,4110.206617
448,4194.366922
449,4284.702223
450,4263.088727
451,4146.281211
452,4095.629818
453,4212.264462
454,4139.947655
455,4075.112835
456,4033.533301
457,4029.946034
458,4130.853543
459,4118.141165
460,4109.627773
461,4122.942894
462,4188.845473
463,4108.679380
464,4141.591610
465,4114.071401
466,4111.856898
467,4198.561669
468,4077.485608
469,4096.047584
470,4134.411374
471,4155.276637
472,4132.763881
473,4202.640179
474,4203.208160
475,4145.905060
476,4286.533135
477,4201.835550
478,4229.978208
479,4245.552443
480,4218.956543
481,4157.994953
482,4046.888364
483,4137.680180
484,4207.676629
485,4225.393632
486,4208.504283
487,4235.548729
488,4252.079796
489,4345.880728
490,4334.952030
491,4323.074648
492,4448.459144
493,4310.739967
494,4183.652832
495,4162.581542
496,4302.922014
497,4320.659227
498,4382.586116
499,4299.047322
