0,3077.840614
1,6148.523873
2,6595.506771
3,7029.768108
4,7371.413734
5,7656.071673
6,7948.424911
7,8211.833599
8,8429.342839
9,8672.195684
10,8860.622631
11,9038.987128
12,9161.434078
13,9299.986234
14,9443.817646
15,9670.347917
16,9822.637511
17,9901.190373
18,10050.476900
19,10195.876982
20,10419.575489
21,10624.360861
22,10594.330316
23,10810.183913
24,11054.830876
25,11002.165139
26,11052.124239
27,11308.117271
28,11539.359169
29,11646.058916
30,11668.798345
31,11837.531404
32,11892.513500
33,11843.264266
34,12131.341413
35,12312.859631
36,12336.086353
37,12404.903337
38,12495.215072
39,12592.456420
40,12473.109925
41,12537.794458
42,12565.521802
43,12742.820490
44,12850.315098
45,12868.747637
46,12835.023033
47,13012.301955
48,13035.444413
49,12923.199137
50,12967.544870
51,13052.544487
52,13249.574071
53,13300.749366
54,13283.862155
55,13312.176316
56,13407.549107
57,13510.205765
58,13644.202101
59,13760.653340
60,13717.937356
61,13760.528372
62,13919.317077
63,14051.088901
64,14018.120136
65,14187.950798
66,14224.593348
67,14150.902310
68,14132.956547
69,14293.089167
70,14415.566671
71,14431.789225
72,14309.921414
73,14350.500122
74,14397.546740
75,14543.377401
76,14591.056041
77,14790.830790
78,14773.069469
79,14805.496961
80,14841.535716
81,14591.969775
82,14666.461786
83,14706.092857
84,14777.493227
85,14810.109534
86,14875.583326
87,15032.497129
88,14932.957201
89,15066.180876
90,15029.585649
91,15053.656923
92,15267.205234
93,15056.596504
94,15007.999041
95,15189.520576
96,15165.663151
97,15168.571971
98,15122.499378
99,15105.476167
100,15118.773781
101,15103.652934
102,15085.057648
103,15182.556256
104,15231.802437
105,15164.254616
106,15116.527364
107,15069.404973
108,15410.090157
109,15127.656198
110,15253.575029
111,15270.676386
112,15265.188757
113,15308.079377
114,15132.985930
115,15249.881804
116,15257.058188
117,15330.373710
118,15290.968005
119,15394.943876
120,15383.552958
121,15293.899966
122,15353.221766
123,15410.504399
124,15363.292071
125,15346.889107
126,15359.762707
127,15282.292574
128,15261.613441
129,15419.454389
130,15490.234257
131,15404.518593
132,15455.770740
133,15481.944383
134,15429.138021
135,15359.231851
136,15410.814673
137,15611.165967
138,15412.955577
139,15441.118633
140,15558.426178
141,15593.835573
142,15572.644691
143,15670.287152
144,15605.785626
145,15675.226325
146,15574.781893
147,15658.447791
148,15749.130009
149,15715.065664
150,15971.634954
151,15894.383698
152,15948.947067
153,15805.907270
154,15709.321479
155,15887.297777
156,15822.965657
157,15876.002741
158,15821.403627
159,15836.113308
160,15860.773031
161,15888.373159
162,15865.441244
163,15757.011729
164,15748.300428
165,15658.025490
166,15710.845245
167,15748.083138
168,15623.329838
169,15567.736601
170,15862.845870
171,15730.801994
172,15838.658626
173,15733.174492
174,15877.831177
175,15760.842043
176,15637.644929
177,15816.591723
178,15690.853613
179,15577.168014
180,15729.092351
181,15805.214248
182,15883.312856
183,15765.106127
184,15765.567771
185,15692.878327
186,15616.499553
187,15867.551746
188,15758.187606
189,15827.769493
190,15696.292492
191,15900.547969
192,15872.844985
193,15961.388033
194,15784.153537
195,15827.246008
196,15715.967143
197,16026.954760
198,15873.070919
199,15880.802308
200,15771.299691
201,16070.010295
202,16067.453808
203,15929.981842
204,15820.678722
205,15879.927857
206,15739.885166
207,15886.465720
208,15620.190209
209,15828.568965
210,15846.615495
211,15810.813418
212,15856.903584
213,15966.108109
214,15939.593211
215,15829.137029
216,15847.479635
217,15936.325588
218,15650.197950
219,15927.871632
220,16042.028939
221,15889.454273
222,15896.230193
223,15870.723607
224,16006.725059
225,15981.895177
226,16006.514247
227,16024.803807
228,16158.314062
229,16069.106982
230,15874.171484
231,16030.748363
232,16020.429350
233,15908.081116
234,15989.141452
235,15885.471910
236,15903.489720
237,15889.133865
238,15818.680197
239,15828.868906
240,15781.648734
241,15919.007539
242,16053.583489
243,15838.706926
244,15890.700067
245,15862.511993
246,16055.647135
247,16110.465544
248,15855.975251
249,15908.354757
250,15794.994171
251,15749.386952
252,16098.397553
253,15985.936733
254,16103.309865
255,16033.964113
256,16019.470368
257,16059.421441
258,16054.196296
259,16160.131086
260,16028.585778
261,15995.050917
262,15916.315643
263,15995.904976
264,15886.222689
265,15973.830066
266,16210.944929
267,16286.867842
268,16183.371960
269,16123.761373
270,15850.805829
271,16009.513547
272,15986.568350
273,15997.793779
274,15961.974900
275,16140.222167
276,16141.189542
277,16061.395412
278,16203.075372
279,16252.312813
280,16186.959507
281,16278.241167
282,16326.833817
283,16232.919727
284,16257.077972
285,16113.986889
286,16204.135543
287,16162.667845
288,16106.067992
289,16261.091130
290,16091.805775
291,16037.140034
292,16061.279099
293,16162.774486
294,16110.703495
295,16144.535798
296,16239.518255
297,16148.760880
298,16153.102004
299,16211.029978
300,16145.388836
301,16166.281229
302,16076.772727
303,16086.733782
304,16068.417897
305,16171.601244
306,16016.145691
307,16142.287862
308,16164.733729
309,16097.937769
310,16090.336654
311,16239.210371
312,16163.909774
313,16205.109837
314,16179.777563
315,16131.176738
316,16162.446434
317,16216.741328
318,16178.855006
319,16125.765415
320,16164.428250
321,16105.695979
322,16072.390506
323,16158.481670
324,16134.720074
325,16230.531586
326,16151.599763
327,16259.828055
328,16058.481318
329,16297.825980
330,16304.702429
331,16237.620266
332,16208.201271
333,16195.200482
334,16150.487851
335,16081.273555
336,16057.630470
337,16095.387955
338,16222.404244
339,16063.925701
340,16106.622002
341,15986.174637
342,16067.880959
343,16064.684025
344,16148.583620
345,16017.838334
346,16232.650107
347,16417.092377
348,16298.229568
349,16173.081221
350,16239.010492
351,16079.464929
352,16295.261752
353,16421.267388
354,16387.403197
355,16062.678683
356,16079.603678
357,16264.738105
358,16177.491683
359,16227.665347
360,16166.513517
361,16014.289972
362,16124.417415
363,16213.973970
364,16042.639422
365,16364.384224
366,16143.625705
367,16287.172965
368,16483.185336
369,16287.269204
370,16199.591271
371,16313.367741
372,16321.825060
373,16185.096523
374,16358.651896
375,16314.938424
376,16417.939455
377,16283.069314
378,16265.872211
379,16314.355749
380,16215.195300
381,16304.914410
382,15972.281923
383,16154.377939
384,16221.935664
385,16203.090127
386,16286.035666
387,16108.589906
388,16092.012919
389,16046.167433
390,16215.850875
391,16411.927267
392,16284.732406
393,16263.663717
394,16336.604875
395,16229.340431
396,16193.740421
397,16126.853419
398,16161.772827
399,16182.171441
400,15998.057385
401,16283.613398
402,16236.155817
403,16310.345704
404,16292.224081
405,16390.916992
406,16237.776443
407,16426.800489
408,16468.334626
409,16167.492603
410,16195.817074
411,16049.169514
412,16262.372628
413,16372.260483
414,16380.461116
415,16271.609678
416,16223.709773
417,16204.361473
418,16166.931916
419,16197.516388
420,16220.229526
421,16280.058127
422,16099.251442
423,16162.870007
424,16160.964300
425,16265.210628
426,16171.554808
427,16206.316711
428,16277.973941
429,16222.330507
430,16244.513787
431,16285.797670
432,16146.928315
433,16399.798658
434,16233.996509
435,16208.897455
436,16367.922094
437,16189.900429
438,16059.429169
439,16200.215825
440,16113.456446
441,16167.664486
442,16333.088781
443,16304.830855
444,16130.014984
445,16288.140045
446,16192.401761
447,16320.146902
448,16228.029076
449,16453.481541
450,16492.946480
451,16538.964204
452,16414.253844
453,16379.872096
454,16430.254848
455,16287.801364
456,16311.763690
457,16456.184355
458,16366.840255
459,16275.277406
460,16334.076447
461,16208.655694
462,16176.377688
463,16348.270248
464,16483.942465
465,16448.612122
466,16492.143213
467,16468.711807
468,16553.370524
469,16448.745060
470,16341.844549
471,16324.749487
472,16478.831676
473,16349.693775
474,16333.787849
475,16149.366915
476,16334.201810
477,16183.515998
478,16242.948314
479,16340.621485
480,16553.441103
481,16612.275363
482,16435.641850
483,16459.072848
484,16379.086130
485,16459.707032
486,16404.825107
487,16226.931219
488,16397.749855
489,16303.793371
490,16188.215451
491,16320.138911
492,16395.391105
493,16446.369077
494,16456.249187
495,16314.427982
496,16476.913069
497,16267.092720
498,16165.655822
499,16308.587929
