0,3095.511259
1,3103.777056
2,3063.995142
3,3026.235868
4,2931.946492
5,2975.854798
6,2983.670813
7,3056.088311
8,3065.814829
9,3026.739003
10,2991.617290
11,2992.498026
12,3038.076081
13,2986.229490
14,2993.092549
15,2994.521682
16,2962.250470
17,2978.320680
18,2949.452945
19,2966.787132
20,3011.908998
21,2991.831149
22,3010.642019
23,2950.859705
24,2937.134275
25,2884.650947
26,2959.912265
27,3047.368579
28,3018.411580
29,3009.607159
30,3048.009499
31,2984.807176
32,2921.765545
33,2908.715093
34,2909.079926
35,2831.888337
36,2823.133146
37,2761.779672
38,2846.453547
39,2800.828085
40,2840.507112
41,2833.540709
42,2827.794797
43,2865.053154
44,2911.290947
45,2923.061679
46,2902.280737
47,2976.254657
48,2880.685647
49,2936.530965
50,3024.997416
51,2975.504869
52,3000.017242
53,2940.874870
54,2933.444710
55,2924.451827
56,2966.075822
57,2911.505396
58,2926.630157
59,2912.877316
60,2954.230250
61,3001.545168
62,2990.844054
63,2924.528208
64,2905.649265
65,2856.737902
66,2826.715058
67,2872.562856
68,2895.112935
69,2940.634625
70,2914.316582
71,2869.733099
72,2947.596704
73,2977.501692
74,2944.262747
75,2871.389161
76,2913.739576
77,2954.362424
78,2889.865801
79,2862.785052
80,2918.440731
81,2979.144007
82,2962.245320
83,3027.831044
84,3021.352832
85,3059.570113
86,2999.713879
87,2995.254302
88,2939.681549
89,2954.403449
90,3016.707997
91,2953.512942
92,2883.937995
93,2913.715489
94,2965.060929
95,2888.191223
96,2876.961429
97,2956.798743
98,2985.199492
99,3044.638652
100,3075.268282
101,3089.879459
102,3067.966510
103,3042.607194
104,2945.207364
105,3008.138074
106,3012.254985
107,3024.711635
108,2981.820353
109,3006.587984
110,3039.897595
111,3004.867195
112,3007.486737
113,3013.212051
114,3054.943963
115,3162.606303
116,3189.503222
117,3093.775165
118,3041.411684
119,3075.038252
120,3022.836030
121,3009.997189
122,2960.199338
123,3022.677046
124,2922.385839
125,2960.587993
126,2971.698218
127,2965.263400
128,2972.085615
129,2873.981666
130,2909.243246
131,2859.045249
132,2908.730206
133,2945.483353
134,2885.357102
135,2832.912650
136,2753.282028
137,2867.132545
138,2849.466930
139,2869.234958
140,2873.532884
141,2906.970253
142,2946.896182
143,2903.308980
144,2963.732572
145,2907.006083
146,2956.578199
147,2936.027053
148,2889.731743
149,2939.491189
150,2921.251511
151,2888.902164
152,2841.453601
153,2911.012498
154,2934.440426
155,2915.832320
156,2899.955595
157,2906.958831
158,2882.767108
159,2776.275002
160,2823.177143
161,2754.143456
162,2819.089631
163,2830.687742
164,2859.600688
165,2911.653534
166,2924.916695
167,2888.275523
168,2865.218761
169,2906.164252
170,2874.015913
171,2906.853378
172,2861.176159
173,2841.509683
174,2931.147677
175,2913.618552
176,2855.324642
177,2808.359026
178,2829.966400
179,2904.573173
180,2918.498241
181,2998.917895
182,2970.010581
183,2942.198598
184,3004.848167
185,2989.372442
186,2992.336550
187,3002.154457
188,2975.801711
189,2940.081618
190,2908.394382
191,2904.995570
192,2865.243802
193,2902.652783
194,2916.237710
195,2946.927892
196,2996.856716
197,2964.208454
198,3046.736581
199,2987.776660
200,2972.358915
201,2986.510441
202,2932.465023
203,2905.651598
204,2930.182684
205,2919.344325
206,2931.789680
207,2956.050044
208,2876.229463
209,2943.018892
210,2919.097456
211,2870.620773
212,2950.298472
213,2985.582983
214,3002.329057
215,2902.141070
216,2873.363446
217,2919.779168
218,2962.777372
219,3002.127656
220,2985.925494
221,2961.094652
222,3018.442521
223,2957.456970
224,2989.396630
225,3020.752531
226,3026.598181
227,2993.956333
228,2919.061377
229,2991.198264
230,3013.463972
231,3046.699811
232,2995.778183
233,3026.996833
234,3031.771256
235,3021.685597
236,3090.137678
237,3051.769578
238,3026.806166
239,2943.420784
240,2961.626941
241,2963.506723
242,2959.232867
243,2918.169955
244,2908.447730
245,2948.307105
246,2928.361550
247,2945.877480
248,2947.026578
249,2913.109701
250,2979.833181
251,2964.553108
252,3029.731728
253,3034.481924
254,3060.160237
255,2999.716181
256,3011.919497
257,3019.784863
258,3006.463753
259,3032.895169
260,3029.140843
261,3013.545716
262,2941.112894
263,2978.809935
264,2981.894936
265,2970.259885
266,3000.725335
267,2927.434795
268,2853.400138
269,2876.722581
270,2843.823621
271,2849.009762
272,2864.268319
273,2877.946215
274,2930.912757
275,3047.177448
276,2998.129434
277,2988.605594
278,2958.176315
279,2945.290660
280,3021.707614
281,2962.397546
282,2914.977813
283,2971.899970
284,2927.541340
285,2871.953532
286,2888.902292
287,2881.819880
288,2919.505431
289,2839.722322
290,2906.413259
291,2936.533910
292,2921.151866
293,2941.059590
294,2912.961581
295,2893.594303
296,2876.098827
297,2814.255561
298,2767.351235
299,2754.969774
300,2828.359758
301,2824.239903
302,2745.720609
303,2826.490627
304,2839.687872
305,2785.078207
306,2815.330774
307,2915.050624
308,2895.185927
309,2893.860503
310,2810.057264
311,2788.739457
312,2842.679763
313,2745.811046
314,2792.660597
315,2781.370388
316,2697.755277
317,2722.835893
318,2758.839101
319,2763.447214
320,2809.349641
321,2834.339570
322,2859.666332
323,2860.862528
324,2837.339101
325,2911.265301
326,2887.230414
327,2808.809018
328,2817.108200
329,2811.891908
330,2780.045322
331,2872.945921
332,2829.487770
333,2816.162091
334,2716.756163
335,2726.361175
336,2771.570659
337,2829.980490
338,2823.913418
339,2787.955195
340,2788.476749
341,2810.228158
342,2925.284788
343,2922.846986
344,2970.874787
345,2985.365283
346,3102.943485
347,2967.818458
348,2901.381572
349,2938.905619
350,2898.461768
351,2943.117943
352,2895.100196
353,2846.842237
354,2889.447051
355,2879.701149
356,2882.964738
357,2845.479281
358,2769.966616
359,2718.557221
360,2798.299894
361,2836.941938
362,2827.696398
363,2773.137558
364,2795.999963
365,2836.643272
366,2805.817431
367,2852.106360
368,2899.044238
369,2841.640705
370,2805.542909
371,2854.628939
372,2892.369205
373,2856.100012
374,2815.103644
375,2755.902636
376,2759.189241
377,2801.404452
378,2843.269411
379,2869.769186
380,2880.211040
381,2922.705339
382,2857.520504
383,2854.224138
384,2772.893870
385,2823.115477
386,2801.936101
387,2790.428715
388,2830.857994
389,2792.277402
390,2772.415550
391,2716.933443
392,2730.714108
393,2799.201178
394,2878.790435
395,2877.302819
396,2866.929559
397,2751.374595
398,2769.768838
399,2692.562082
400,2727.787104
401,2743.556565
402,2824.583167
403,2821.348796
404,2918.112937
405,2842.733749
406,2829.414075
407,2946.909237
408,2845.970933
409,2761.956975
410,2794.536060
411,2796.518233
412,2873.949755
413,2908.155760
414,2901.558431
415,2952.300095
416,2969.110854
417,2930.449449
418,2859.884194
419,2879.754029
420,2858.478207
421,2850.348864
422,2840.042543
423,2904.432766
424,2961.967016
425,2913.919046
426,2971.603230
427,2952.724422
428,2947.542574
429,3010.073087
430,2983.430050
431,2941.748755
432,2918.479717
433,2974.557165
434,2981.409047
435,3023.082446
436,2946.052948
437,3005.108310
438,2946.365753
439,2977.736008
440,3000.778928
441,3042.881854
442,2983.267565
443,2969.853829
444,2888.580374
445,2933.562654
446,2917.078559
447,2882.669195
448,2921.280925
449,2968.081190
450,2926.961590
451,2980.916314
452,2907.921794
453,2883.179244
454,2859.991002
455,2883.234360
456,2883.333341
457,2909.170758
458,2894.153494
459,2896.093120
460,2854.024853
461,2819.617416
462,2831.339547
463,2902.936462
464,2941.854379
465,2874.044078
466,2923.287613
467,2987.267003
468,2940.885978
469,2932.260043
470,2875.899058
471,2820.158715
472,2862.486636
473,2818.366277
474,2897.602421
475,2912.822629
476,2832.111239
477,2876.676278
478,2871.134489
479,2956.754091
480,2969.967863
481,2980.083159
482,2922.467446
483,2914.332957
484,2856.524283
485,2829.003805
486,2750.594376
487,2756.826450
488,2797.732299
489,2835.295345
490,2849.069209
491,2832.566346
492,2849.111772
493,2906.443659
494,2938.850921
495,2938.215182
496,2871.033793
497,2841.224804
498,2858.655683
499,2821.656938
