0,3067.216091
1,6118.576517
2,6436.769476
3,6702.812625
4,6880.729558
5,7039.963107
6,7240.447511
7,7356.545026
8,7534.334348
9,7627.044229
10,7822.823670
11,7852.399400
12,7917.698098
13,8011.591224
14,8076.271460
15,8170.166503
16,8248.128800
17,8315.541990
18,8318.917787
19,8400.622849
20,8386.841842
21,8508.667073
22,8609.153306
23,8663.395677
24,8733.003731
25,8851.095835
26,8907.588149
27,8885.638775
28,8933.901324
29,8990.175088
30,9063.099323
31,9223.479274
32,9324.806834
33,9238.197928
34,9276.320386
35,9472.932172
36,9546.432416
37,9552.425367
38,9643.410374
39,9726.248083
40,9733.024300
41,9801.283782
42,9639.890755
43,9663.521638
44,9772.782042
45,9738.322308
46,9830.535013
47,9856.168687
48,9892.694963
49,9967.498164
50,10066.732655
51,9952.630605
52,10148.698174
53,10036.535235
54,10128.531452
55,10401.710405
56,10277.107756
57,10227.893525
58,10214.586437
59,10332.257871
60,10321.216776
61,10296.962741
62,10428.048840
63,10370.167309
64,10207.897203
65,10262.421570
66,10357.113416
67,10587.480254
68,10485.230188
69,10529.387146
70,10548.744656
71,10634.222380
72,10655.028607
73,10708.654387
74,10493.020045
75,10520.444591
76,10737.569392
77,10738.954785
78,10699.868777
79,10462.006753
80,10739.426341
81,10873.433821
82,10913.444660
83,10967.082388
84,10791.002268
85,11008.250320
86,10925.201420
87,10924.131182
88,11057.743632
89,11206.606504
90,11309.629338
91,11340.615498
92,11250.327909
93,11334.274063
94,11272.560888
95,11333.649663
96,11582.451798
97,11534.042690
98,11456.582203
99,11587.668615
100,11514.258625
101,11750.865399
102,11835.447189
103,11668.838943
104,11725.238396
105,11946.357855
106,11868.079870
107,11850.908898
108,11870.762846
109,11646.936040
110,11717.710189
111,11890.251438
112,11868.846737
113,12035.192960
114,12001.646150
115,11818.970247
116,12070.827793
117,12104.841092
118,12183.149665
119,12377.759527
120,12144.125544
121,12142.242169
122,12201.966075
123,12516.784927
124,12350.952434
125,12270.439690
126,12309.888359
127,12360.335855
128,12718.632646
129,12669.199199
130,12547.425431
131,12561.615650
132,12829.640176
133,12747.544516
134,12456.005279
135,12561.269710
136,12589.643834
137,12552.703436
138,12502.674357
139,12975.759073
140,12732.512105
141,13013.277688
142,13048.630197
143,12791.516150
144,13000.001161
145,13056.602369
146,13107.842594
147,13546.518985
148,13036.979609
149,13663.908650
150,13370.495491
151,13076.924371
152,13282.065901
153,13515.833286
154,13647.663771
155,13667.142133
156,13639.518877
157,13480.850186
158,13777.474654
159,13430.092654
160,13837.302492
161,13907.477902
162,13956.208771
163,14111.284812
164,13811.938170
165,14049.446306
166,13875.471345
167,14167.095245
168,14513.051746
169,14034.171715
170,13884.379917
171,14563.053782
172,14080.724928
173,14639.644004
174,14474.467047
175,14602.885174
176,14675.429996
177,14789.152840
178,14715.752251
179,14521.895244
180,14742.122575
181,14827.103277
182,14769.510775
183,14699.233870
184,14715.778483
185,14878.604460
186,14873.934601
187,14797.573679
188,15029.887857
189,14911.734787
190,15054.300358
191,14811.003709
192,14884.335284
193,15261.087854
194,15346.587330
195,15290.645425
196,15349.807638
197,15377.186563
198,15512.626067
199,15463.044731
200,15327.393070
201,15492.514321
202,15524.183222
203,15647.785397
204,15596.083256
205,15673.832436
206,15809.363639
207,15928.283333
208,15831.476968
209,16097.200594
210,16037.209529
211,15951.057222
212,15971.799301
213,16027.862189
214,16113.124815
215,16176.039558
216,16158.814801
217,16085.521361
218,16107.251033
219,16156.190454
220,16245.829854
221,16173.202086
222,16255.350755
223,16146.201843
224,16221.338534
225,16177.239654
226,16113.557376
227,16062.453971
228,16301.274025
229,16312.508071
230,16344.011297
231,16472.874858
232,16392.070126
233,16405.072743
234,16477.851968
235,16514.396020
236,16491.442187
237,16476.080464
238,16504.592080
239,16356.023646
240,16511.843260
241,16507.540372
242,16519.641304
243,16427.317622
244,16378.214026
245,16421.890125
246,16574.882594
247,16501.213767
248,16581.851970
249,16361.026572
250,16593.498371
251,16461.904730
252,16538.320196
253,16498.242953
254,16601.543767
255,16617.663749
256,16578.063715
257,16596.081123
258,16651.391000
259,16527.079795
260,16417.458318
261,16523.107532
262,16625.611522
263,16649.713228
264,16569.899700
265,16515.133283
266,16579.039963
267,16472.024401
268,16570.070564
269,16536.474553
270,16644.037682
271,16581.858162
272,16620.613484
273,16576.130721
274,16537.105365
275,16499.943965
276,16475.646482
277,16572.053299
278,16208.669812
279,16340.636386
280,16493.293766
281,16545.014003
282,16604.538933
283,16513.651551
284,16467.340791
285,16559.534211
286,16616.637432
287,16518.119844
288,16617.455703
289,16576.324585
290,16593.806471
291,16534.756040
292,16504.912492
293,16365.070309
294,16597.287608
295,16553.507252
296,16572.332020
297,16423.072419
298,16509.828275
299,16476.053852
300,16634.170677
301,16428.651536
302,16530.043145
303,16499.700070
304,16482.958951
305,16657.966980
306,16589.970913
307,16624.150390
308,16568.463972
309,16224.057054
310,16586.327039
311,16676.343758
312,16609.037154
313,16574.849462
314,16529.329978
315,16545.135556
316,16549.384599
317,16097.858866
318,16609.982055
319,16549.759659
320,16579.828978
321,16532.501462
322,16461.890745
323,16624.764326
324,16469.410084
325,16577.838526
326,16613.691995
327,16570.131903
328,16566.858688
329,16650.901781
330,16629.813405
331,16514.982752
332,16459.565663
333,16584.539455
334,16737.554127
335,16607.708220
336,16539.635201
337,16695.052624
338,16619.465258
339,16728.770237
340,16662.783628
341,16633.928206
342,16592.083121
343,16579.230114
344,16680.518581
345,16645.662992
346,16675.133960
347,16591.388418
348,16594.629891
349,16552.719544
350,16575.856303
351,16671.848138
352,16581.879016
353,16700.019641
354,16639.470298
355,16703.613365
356,16606.556218
357,16674.578313
358,16378.123730
359,16645.240949
360,16553.546946
361,16545.096764
362,16463.043337
363,16602.780696
364,16668.028241
365,16625.432976
366,16680.512140
367,16659.970289
368,16657.641754
369,16656.144652
370,16684.405557
371,16652.068862
372,16550.573061
373,16676.408929
374,16534.923452
375,16729.530612
376,16539.268134
377,16494.154460
378,16663.501633
379,16632.092486
380,16607.356074
381,16599.238436
382,16640.592775
383,16700.225898
384,16574.164461
385,16631.261648
386,16726.945348
387,16687.289374
388,16540.347264
389,16545.749365
390,16689.592064
391,16625.044782
392,16653.392184
393,16340.374307
394,16661.754141
395,16500.368559
396,16555.126363
397,16620.413289
398,16313.167347
399,16547.334452
400,16705.510905
401,16693.598962
402,16629.554276
403,16622.524757
404,16624.231663
405,16627.727383
406,16716.590947
407,16637.361293
408,16564.102522
409,16522.610758
410,16672.307622
411,16649.734222
412,16525.549644
413,16657.947476
414,16723.827816
415,16628.475209
416,16652.014723
417,16681.944280
418,16568.246210
419,16657.801494
420,16678.382958
421,16509.638393
422,16545.775831
423,16672.284713
424,16534.993883
425,16496.970113
426,16143.795200
427,16603.923701
428,16717.531559
429,16712.428785
430,16635.227137
431,16631.063712
432,16663.988593
433,16657.160831
434,16723.825972
435,16652.244281
436,16654.763621
437,16632.075578
438,16698.822312
439,16683.705820
440,16703.923095
441,16672.288590
442,16530.749819
443,16527.603718
444,16565.964910
445,16561.383592
446,16664.471962
447,16570.630900
448,16615.609668
449,16689.229998
450,16689.391005
451,16664.412536
452,16565.949778
453,16538.751324
454,16260.468321
455,16659.085328
456,16679.772992
457,16609.286132
458,16631.626714
459,16638.784965
460,16666.720974
461,16723.949356
462,16681.556317
463,16624.250243
464,16640.640700
465,16644.683548
466,16611.687481
467,16654.508607
468,16603.586587
469,16526.412436
470,16642.505593
471,16550.072158
472,16521.119345
473,16510.827209
474,16665.492507
475,16606.076586
476,16666.066571
477,16632.880367
478,16681.032868
479,16464.431608
480,16545.536568
481,16691.776554
482,16617.208634
483,16728.001522
484,16591.985754
485,16677.312698
486,16516.686599
487,16689.891575
488,16719.276171
489,16582.486178
490,16514.278939
491,16668.311031
492,16520.009125
493,16578.070972
494,16582.989247
495,16611.426441
496,16574.425437
497,16585.528856
498,16675.256158
499,16475.118304
