0,3033.293327
1,6077.182687
2,6523.496821
3,6836.522101
4,7163.961006
5,7496.570970
6,7731.640946
7,8050.977076
8,8351.094496
9,8598.548613
10,8795.682629
11,9089.889093
12,9330.032854
13,9650.928132
14,9890.989202
15,10182.119005
16,10385.094200
17,10487.947941
18,10740.891160
19,11003.309912
20,11134.912109
21,11331.528802
22,11519.359338
23,11726.939050
24,11828.442474
25,11978.296754
26,12160.258670
27,12340.712753
28,12545.180098
29,12656.443652
30,12804.555923
31,13027.885970
32,13183.326681
33,13304.059076
34,13390.254638
35,13445.903794
36,13596.757911
37,13699.408607
38,13742.632480
39,13857.794654
40,13866.734431
41,13946.739591
42,14023.438124
43,14039.846176
44,14238.422160
45,14256.514236
46,14252.414183
47,14350.587375
48,14465.430910
49,14581.565225
50,14526.202827
51,14542.364291
52,14575.714788
53,14586.778226
54,14706.210614
55,14785.362202
56,14757.426953
57,14851.061167
58,14826.620324
59,14955.456707
60,14904.928339
61,14698.067473
62,14703.986138
63,14827.861731
64,14900.127878
65,14874.079372
66,14888.499966
67,15103.524100
68,14983.226402
69,14892.980220
70,14969.115540
71,14998.843249
72,15015.313888
73,14986.939844
74,15026.968801
75,14895.479356
76,14974.584652
77,15098.370014
78,14984.846814
79,14984.323746
80,14990.322647
81,15038.932893
82,15057.817441
83,14939.169624
84,15059.551171
85,15125.392642
86,15225.185849
87,15196.560432
88,15225.425911
89,15185.860963
90,15148.905846
91,15139.212808
92,15083.293711
93,15123.572616
94,15112.256361
95,15273.584148
96,15199.406389
97,15256.843142
98,15360.818510
99,15262.705891
100,15237.431245
101,15242.141180
102,15220.058447
103,15211.190523
104,15199.553915
105,15171.706581
106,15116.446905
107,15136.203353
108,15098.948814
109,15204.054371
110,15158.473224
111,15159.040217
112,15118.785188
113,15123.246449
114,15132.842147
115,15224.150497
116,15211.003902
117,15175.954611
118,15162.778437
119,15153.098075
120,15089.705644
121,15046.395631
122,15160.606640
123,15186.205232
124,15074.621859
125,15153.651852
126,15127.101322
127,15124.521741
128,15090.439698
129,15147.685819
130,15183.553822
131,15157.185698
132,15241.646341
133,15145.562413
134,15161.833186
135,15307.947885
136,15149.636637
137,15212.837860
138,15143.787835
139,15046.868731
140,15103.320734
141,15228.713994
142,15226.500645
143,15229.333869
144,15246.312368
145,15180.655457
146,15199.617574
147,15132.139101
148,15044.764903
149,15202.609479
150,15175.234478
151,15188.858496
152,15182.527513
153,15244.983980
154,15171.086746
155,15209.551918
156,15253.282700
157,15310.823253
158,15170.647634
159,15182.695239
160,15296.273925
161,15212.779002
162,15212.580608
163,15292.015601
164,15370.858669
165,15305.838266
166,15382.697838
167,15429.462958
168,15457.176072
169,15464.186550
170,15513.460538
171,15477.628585
172,15553.483292
173,15569.087551
174,15612.115119
175,15683.218499
176,15683.636080
177,15786.739739
178,15810.951492
179,15755.620512
180,15631.587150
181,15621.080985
182,15765.666172
183,15682.777077
184,15646.632939
185,15720.148084
186,15728.472305
187,15825.500364
188,15784.059389
189,15720.462101
190,15804.393196
191,15771.867693
192,15799.318896
193,15796.662206
194,15857.388634
195,15870.486563
196,15959.031335
197,15947.590246
198,15960.553311
199,15925.907341
200,16015.561533
201,16001.746982
202,15986.371795
203,16083.973579
204,16145.715095
205,16250.720642
206,16080.744235
207,16146.823711
208,16150.243740
209,16060.394361
210,16048.721725
211,16114.616609
212,16244.405973
213,16155.151653
214,16170.386954
215,16118.808369
216,16061.578297
217,16190.153924
218,16119.728988
219,16159.567876
220,16081.042363
221,16032.174629
222,16191.806864
223,16205.075281
224,16149.355028
225,16110.272359
226,16095.450131
227,16252.078442
228,16283.646086
229,16232.010889
230,16133.267351
231,16226.085419
232,16215.872931
233,16233.881502
234,16179.540694
235,16151.527819
236,16266.973461
237,16268.202601
238,16223.208969
239,16197.986408
240,16161.050436
241,16323.310876
242,16270.559973
243,16233.400605
244,16278.586813
245,16329.556447
246,16412.993990
247,16358.938830
248,16439.849693
249,16376.454636
250,16371.144467
251,16354.197428
252,16474.269416
253,16437.778094
254,16465.078162
255,16397.006205
256,16317.893177
257,16398.594025
258,16326.827355
259,16450.286830
260,16397.105309
261,16373.660853
262,16403.719816
263,16515.629012
264,16478.938284
265,16468.188532
266,16432.569157
267,16431.624435
268,16445.813751
269,16389.360910
270,16335.219308
271,16337.363362
272,16325.942415
273,16425.208908
274,16505.098703
275,16470.138235
276,16554.363481
277,16615.863059
278,16551.374595
279,16666.167538
280,16640.333799
281,16768.024721
282,16610.568392
283,16761.680894
284,16714.591373
285,16713.118325
286,16720.795167
287,16741.777971
288,16642.921873
289,16571.717967
290,16613.056751
291,16616.436293
292,16757.354220
293,16670.066812
294,16771.652662
295,16702.590574
296,16682.256623
297,16643.236833
298,16604.288704
299,16592.901927
300,16631.213654
301,16589.194176
302,16622.575166
303,16632.990427
304,16650.816009
305,16546.972952
306,16632.938946
307,16626.145934
308,16704.807100
309,16682.811805
310,16785.840854
311,16769.839676
312,16646.662567
313,16661.409012
314,16702.795052
315,16797.766420
316,16832.417436
317,16736.649597
318,16757.695024
319,16715.898119
320,16767.406659
321,16701.922160
322,16766.511738
323,16657.280136
324,16651.885263
325,16696.644739
326,16658.452757
327,16774.996105
328,16773.316067
329,16677.109312
330,16637.850460
331,16635.789131
332,16738.173078
333,16819.339450
334,16738.592485
335,16681.747635
336,16764.830955
337,16688.696699
338,16679.825307
339,16659.824458
340,16741.636303
341,16794.444700
342,16647.887841
343,16712.655282
344,16521.547135
345,16689.551566
346,16743.766359
347,16771.761631
348,16745.622939
349,16647.038068
350,16706.455281
351,16630.882914
352,16595.299265
353,16653.981417
354,16731.223725
355,16749.421898
356,16666.882347
357,16703.028606
358,16725.351085
359,16690.538401
360,16744.941875
361,16653.248961
362,16569.527599
363,16614.561030
364,16713.474494
365,16794.182424
366,16668.983686
367,16679.107652
368,16622.769046
369,16722.469867
370,16711.063010
371,16731.023589
372,16725.959279
373,16818.343687
374,16763.591501
375,16734.916944
376,16658.603976
377,16685.461450
378,16594.083814
379,16559.741854
380,16597.760488
381,16705.668735
382,16597.338108
383,16617.797449
384,16666.097000
385,16734.270739
386,16664.681597
387,16652.922283
388,16750.426591
389,16707.015179
390,16706.897036
391,16755.901118
392,16726.010291
393,16905.898136
394,16824.336199
395,16810.242484
396,16651.583424
397,16573.827499
398,16767.083055
399,16913.305656
400,16875.363264
401,16686.427173
402,16781.627184
403,16716.317905
404,16833.115911
405,16746.101771
406,16771.399826
407,16758.724331
408,16688.634585
409,16720.675656
410,16808.710609
411,16688.675245
412,16789.649776
413,16827.537759
414,16878.723114
415,16782.527938
416,16714.249676
417,16733.972201
418,16692.362823
419,16713.436207
420,16680.001654
421,16793.138412
422,16648.873805
423,16783.341582
424,16707.655575
425,16761.782666
426,16754.404514
427,16734.920303
428,16743.910355
429,16809.973179
430,16706.788368
431,16714.473281
432,16787.648959
433,16780.967700
434,16875.405769
435,16919.198050
436,16839.698539
437,16844.215429
438,16802.800508
439,16761.488412
440,16751.425542
441,16730.243581
442,16767.362311
443,16738.353271
444,16800.047338
445,16740.418301
446,16805.080132
447,16835.676667
448,16718.974772
449,16720.077496
450,16702.402987
451,16724.580676
452,16704.488627
453,16769.701269
454,16848.458058
455,16821.920096
456,16778.975305
457,16625.581258
458,16716.601724
459,16763.752012
460,16761.892573
461,16877.448548
462,16716.936972
463,16805.320221
464,16840.843537
465,16756.023179
466,16816.617378
467,16834.972641
468,16857.640871
469,16840.519626
470,16754.023618
471,16809.188589
472,16752.535848
473,16770.332089
474,16721.116177
475,16871.267949
476,16947.192483
477,16853.063672
478,16880.240660
479,16765.009941
480,16822.424490
481,16777.081095
482,16752.340426
483,16837.896243
484,16863.705947
485,16803.037816
486,16699.908885
487,16847.997627
488,16917.267621
489,17066.845521
490,16908.308117
491,16905.888856
492,16881.256523
493,16913.104437
494,16884.905675
495,16777.066750
496,16777.504083
497,16863.584653
498,16832.222761
499,16927.157763
