0,3095.730653
1,3457.155100
2,3719.683304
3,3954.844314
4,4175.860055
5,4410.930985
6,4618.265597
7,4836.524416
8,5038.797624
9,5218.643111
10,5420.889949
11,5611.740591
12,5806.857413
13,6041.202251
14,6253.940833
15,6431.766390
16,6579.420358
17,6695.849544
18,6821.426719
19,6956.051105
20,7055.828573
21,7133.399366
22,7197.431446
23,7250.288016
24,7311.446196
25,7375.766720
26,7422.182675
27,7477.751533
28,7533.736717
29,7592.937600
30,7632.427420
31,7675.837095
32,7721.529502
33,7757.654342
34,7795.039827
35,7838.068427
36,7879.378155
37,7913.869906
38,7932.849142
39,7955.472352
40,7972.449010
41,7993.726427
42,8016.891149
43,8044.937414
44,8063.520293
45,8075.389050
46,8085.693710
47,8091.370350
48,8099.287536
49,8107.063502
50,8107.088154
51,8107.137458
52,8107.207470
53,8107.260719
54,8107.260719
55,8107.260719
56,8107.260719
57,8107.260719
58,8107.260719
59,8107.260719
60,8107.260719
61,8107.260719
62,8107.260719
63,8107.260719
64,8107.260719
65,8107.260719
66,8107.260719
67,8107.260719
68,8107.260719
69,8107.260719
70,8107.260719
71,8107.260719
72,8107.260719
73,8107.260719
74,8107.260719
75,8107.260719
76,8107.260719
77,8107.260719
78,8107.260719
79,8107.260719
80,8107.260719
81,8107.260719
82,8107.260719
83,8107.260719
84,8107.260719
85,8107.260719
86,8107.260719
87,8107.260719
88,8107.260719
89,8107.260719
90,8107.260719
91,8107.260719
92,8107.260719
93,8107.260719
94,8107.260719
95,8107.260719
96,8107.260719
97,8107.260719
98,8107.260719
99,8107.260719
100,8107.260719
101,8107.260719
102,8107.260719
103,8107.260719
104,8107.260719
105,8107.260719
106,8107.260719
107,8107.260719
108,8107.260719
109,8107.260719
110,8107.260719
111,8107.260719
112,8107.260719
113,8107.260719
114,8107.260719
115,8107.260719
116,8107.260719
117,8107.260719
118,8107.260719
119,8107.429660
120,8107.517529
121,8107.774340
122,8107.862209
123,8108.031150
124,8108.456901
125,8109.139462
126,8110.247774
127,8112.295458
128,8115.356787
129,8119.627893
130,8126.534578
131,8137.448760
132,8146.106100
133,8149.495908
134,8149.495908
135,8149.495908
136,8149.495908
137,8149.495908
138,8149.495908
139,8149.495908
140,8149.495908
141,8149.495908
142,8149.495908
143,8149.495908
144,8149.495908
145,8149.495908
146,8149.495908
147,8149.495908
148,8149.495908
149,8149.495908
150,8149.495908
151,8149.495908
152,8149.495908
153,8149.495908
154,8149.495908
155,8149.495908
156,8149.495908
157,8149.495908
158,8149.495908
159,8149.495908
160,8149.495908
161,8149.495908
162,8149.495908
163,8149.495908
164,8149.819457
165,8150.143007
166,8150.466557
167,8150.790106
168,8151.113656
169,8152.084305
170,8153.378504
171,8155.966901
172,8161.143696
173,8168.908887
174,8182.821523
175,8202.234503
176,8230.383323
177,8230.383323
178,8230.383323
179,8230.383323
180,8230.383323
181,8230.383323
182,8230.383323
183,8230.383323
184,8230.383323
185,8230.383323
186,8230.383323
187,8230.383323
188,8230.383323
189,8230.383323
190,8230.383323
191,8230.383323
192,8230.383323
193,8230.383323
194,8230.383323
195,8230.383323
196,8230.383323
197,8230.383323
198,8230.383323
199,8230.383323
200,8230.383323
201,8230.383323
202,8230.383323
203,8230.383323
204,8230.383323
205,8230.383323
206,8230.383323
207,8230.383323
208,8230.383323
209,8230.383323
210,8230.383323
211,8230.383323
212,8230.383323
213,8230.383323
214,8230.383323
215,8230.383323
216,8230.383323
217,8230.383323
218,8230.383323
219,8230.383323
220,8230.470446
221,8230.557568
222,8230.644690
223,8230.731812
224,8230.818934
225,8230.906056
226,8231.080300
227,8231.515910
228,8232.038642
229,8232.561375
230,8233.868205
231,8236.046256
232,8239.095528
233,8244.497095
234,8252.163835
235,8252.163835
236,8252.163835
237,8252.163835
238,8252.163835
239,8252.163835
240,8252.163835
241,8252.163835
242,8252.163835
243,8252.163835
244,8252.163835
245,8252.163835
246,8252.163835
247,8252.163835
248,8252.163835
249,8252.163835
250,8252.163835
251,8252.163835
252,8252.163835
253,8252.163835
254,8252.163835
255,8252.163835
256,8252.163835
257,8252.163835
258,8252.163835
259,8252.163835
260,8252.163835
261,8252.163835
262,8252.163835
263,8252.163835
264,8252.163835
265,8252.163835
266,8252.163835
267,8252.163835
268,8252.163835
269,8252.163835
270,8252.163835
271,8252.163835
272,8252.163835
273,8252.163835
274,8252.163835
275,8252.163835
276,8252.163835
277,8252.163835
278,8252.163835
279,8252.163835
280,8252.163835
281,8252.163835
282,8252.163835
283,8252.163835
284,8252.163835
285,8252.163835
286,8252.163835
287,8252.163835
288,8252.163835
289,8252.163835
290,8252.163835
291,8252.163835
292,8252.163835
293,8252.163835
294,8252.163835
295,8252.163835
296,8252.163835
297,8252.163835
298,8252.163835
299,8252.163835
300,8252.163835
301,8252.163835
302,8252.163835
303,8252.163835
304,8252.163835
305,8252.163835
306,8252.163835
307,8252.163835
308,8252.163835
309,8252.163835
310,8252.163835
311,8252.163835
312,8252.163835
313,8252.163835
314,8252.163835
315,8252.163835
316,8252.163835
317,8252.163835
318,8252.163835
319,8252.163835
320,8252.163835
321,8252.302468
322,8252.302468
323,8252.302468
324,8252.441100
325,8252.441100
326,8252.718366
327,8252.995632
328,8253.272898
329,8253.688797
330,8254.520595
331,8256.322824
332,8258.956850
333,8262.699940
334,8268.661158
335,8277.256402
336,8286.822076
337,8286.822076
338,8286.822076
339,8286.822076
340,8286.822076
341,8286.822076
342,8286.822076
343,8286.822076
344,8286.822076
345,8286.822076
346,8286.822076
347,8286.822076
348,8286.822076
349,8286.822076
350,8286.822076
351,8286.822076
352,8286.822076
353,8286.822076
354,8286.822076
355,8286.822076
356,8286.822076
357,8286.822076
358,8286.822076
359,8286.822076
360,8286.822076
361,8286.822076
362,8286.822076
363,8286.822076
364,8286.822076
365,8286.822076
366,8286.822076
367,8286.822076
368,8286.822076
369,8286.822076
370,8286.822076
371,8286.822076
372,8286.822076
373,8287.023498
374,8287.224920
375,8287.426341
376,8287.829184
377,8288.836292
378,8290.246244
379,8292.663303
380,8296.288892
381,8302.532962
382,8312.989704
383,8326.484952
384,8337.177478
385,8337.177478
386,8337.177478
387,8337.177478
388,8337.177478
389,8337.177478
390,8337.177478
391,8337.177478
392,8337.177478
393,8337.177478
394,8337.177478
395,8337.177478
396,8337.177478
397,8337.177478
398,8337.177478
399,8337.177478
400,8337.177478
401,8337.463656
402,8337.463656
403,8337.749835
404,8338.322191
405,8339.180727
406,8340.039262
407,8341.756333
408,8344.331939
409,8348.338437
410,8354.062007
411,8361.788825
412,8373.522142
413,8395.271704
414,8408.722092
415,8408.722092
416,8408.722092
417,8408.722092
418,8408.722092
419,8408.722092
420,8408.722092
421,8408.722092
422,8408.722092
423,8408.722092
424,8408.722092
425,8408.722092
426,8408.722092
427,8408.722092
428,8408.722092
429,8408.722092
430,8408.722092
431,8408.722092
432,8408.722092
433,8408.722092
434,8408.722092
435,8408.722092
436,8408.722092
437,8408.722092
438,8408.722092
439,8408.722092
440,8408.722092
441,8408.722092
442,8408.722092
443,8408.722092
444,8408.722092
445,8408.722092
446,8408.722092
447,8408.722092
448,8408.722092
449,8408.722092
450,8408.722092
451,8408.722092
452,8408.722092
453,8408.722092
454,8408.722092
455,8408.722092
456,8408.722092
457,8408.722092
458,8408.722092
459,8408.988040
460,8408.988040
461,8408.988040
462,8409.253989
463,8409.253989
464,8409.519937
465,8410.317783
466,8411.381577
467,8412.445372
468,8414.572960
469,8418.030292
470,8422.822052
471,8430.002664
472,8443.034145
473,8464.044083
474,8475.218609
475,8475.223295
476,8475.223295
477,8475.227981
478,8475.237353
479,8475.251411
480,8475.270154
481,8475.307642
482,8475.368560
483,8475.476337
484,8475.616915
485,8475.813726
486,8476.132371
487,8476.380727
488,8476.380727
489,8476.475496
490,8476.570266
491,8476.759805
492,8476.854575
493,8477.138884
494,8477.707501
495,8478.465658
496,8479.508124
497,8481.213977
498,8484.151835
499,8488.890316
