0,3138.838969
1,3587.868057
2,3915.056866
3,4218.388263
4,4572.416354
5,4959.093039
6,5288.169964
7,5663.396997
8,6050.513041
9,6404.861862
10,6677.813740
11,6857.622608
12,6963.699791
13,7063.597330
14,7175.027436
15,7274.356220
16,7367.982554
17,7484.124126
18,7572.928269
19,7608.139011
20,7635.889258
21,7660.768964
22,7683.990935
23,7700.258224
24,7714.949606
25,7726.058302
26,7748.866923
27,7761.505250
28,7771.290345
29,7790.532269
30,7806.925799
31,7818.130449
32,7812.352818
33,7876.410839
34,7916.764532
35,7969.252366
36,7996.279190
37,8018.640606
38,8042.351827
39,8038.926509
40,8058.255392
41,8064.478367
42,8055.160920
43,8070.247754
44,8082.900987
45,8085.955158
46,8096.428482
47,8121.319676
48,8132.298970
49,8145.331177
50,8172.589487
51,8184.150507
52,8177.440311
53,8197.205747
54,8203.103188
55,8198.251373
56,8205.741579
57,8200.804841
58,8205.038561
59,8219.566638
60,8208.567021
61,8209.987916
62,8213.471197
63,8204.199952
64,8213.197215
65,8212.919481
66,8219.218731
67,8214.689863
68,8218.524737
69,8226.940687
70,8238.752657
71,8234.179915
72,8232.564142
73,8231.635031
74,8255.400437
75,8246.676987
76,8245.726728
77,8260.026916
78,8254.074523
79,8268.631697
80,8278.786299
81,8280.271271
82,8273.968495
83,8289.373908
84,8292.836619
85,8275.326456
86,8291.418790
87,8285.811516
88,8287.144492
89,8290.316091
90,8272.377407
91,8292.160151
92,8294.749994
93,8280.702895
94,8291.342417
95,8281.004659
96,8292.666698
97,8294.549714
98,8289.546665
99,8292.818531
100,8275.797396
101,8287.469234
102,8292.901530
103,8269.747751
104,8280.816165
105,8287.194657
106,8294.903868
107,8295.888348
108,8291.734630
109,8287.254862
110,8301.225755
111,8297.229973
112,8300.740349
113,8284.662057
114,8328.967277
115,8322.754174
116,8317.164433
117,8314.900135
118,8338.545371
119,8329.690403
120,8329.623087
121,8331.809778
122,8324.300089
123,8339.871289
124,8360.681313
125,8365.344698
126,8371.017139
127,8370.978058
128,8377.244211
129,8366.444512
130,8371.167053
131,8374.296899
132,8381.132285
133,8380.654161
134,8404.607759
135,8402.095054
136,8424.163634
137,8436.812869
138,8426.453387
139,8446.362781
140,8442.016704
141,8446.371547
142,8448.142780
143,8460.176365
144,8460.240001
145,8469.015287
146,8469.868697
147,8497.492547
148,8499.845070
149,8565.170104
150,8573.680045
151,8572.216039
152,8574.451591
153,8568.281537
154,8591.223231
155,8561.653568
156,8566.479653
157,8570.339960
158,8575.716826
159,8582.761771
160,8581.700925
161,8596.438582
162,8581.101072
163,8581.153799
164,8567.068775
165,8598.010192
166,8609.180681
167,8618.744255
168,8639.722640
169,8657.561902
170,8701.151934
171,8714.253638
172,8714.725376
173,8704.235009
174,8723.046016
175,8732.676940
176,8739.843741
177,8722.243429
178,8733.322774
179,8723.042891
180,8726.867821
181,8745.731325
182,8749.151652
183,8744.090170
184,8736.656489
185,8745.600878
186,8735.307993
187,8726.583972
188,8738.007140
189,8738.093716
190,8729.288130
191,8762.202773
192,8780.522923
193,8792.807075
194,8803.084891
195,8809.468987
196,8820.529448
197,8847.760247
198,8852.567719
199,8878.196741
200,8885.229167
201,8874.745339
202,8864.177776
203,8869.822726
204,8886.576411
205,8895.279523
206,8892.591653
207,8891.398337
208,8880.780015
209,8888.999330
210,8897.697735
211,8905.354230
212,8907.407302
213,8911.970939
214,8941.066974
215,8932.146833
216,8940.364613
217,8934.467185
218,8935.273827
219,8937.681428
220,8917.029822
221,8919.885932
222,8913.833944
223,8927.445578
224,8943.378689
225,8930.270634
226,8925.915613
227,8936.836738
228,8941.079663
229,8915.006195
230,8928.410086
231,8921.644936
232,8939.905466
233,8927.277888
234,8932.945964
235,8919.569261
236,8937.426698
237,8919.817443
238,8910.169214
239,8916.762380
240,8932.324459
241,8913.183932
242,8924.224570
243,8924.936126
244,8946.186896
245,8928.395902
246,8932.061394
247,8923.245161
248,8929.459941
249,8921.816632
250,8933.027361
251,8927.168826
252,8910.178747
253,8930.201870
254,8943.007973
255,8950.212276
256,8952.348431
257,8929.498178
258,8989.294036
259,8987.540596
260,9015.254075
261,9023.100774
262,9034.142745
263,9007.381871
264,8998.229131
265,9020.060482
266,9022.726176
267,9015.891594
268,9018.512194
269,9020.236303
270,9022.546176
271,9011.910048
272,9032.835266
273,9025.071778
274,9006.766827
275,9022.915730
276,9033.878152
277,9039.137415
278,9055.917118
279,9052.346520
280,9071.934434
281,9070.157806
282,9065.782439
283,9056.711509
284,9068.013053
285,9062.594740
286,9063.397928
287,9060.011950
288,9020.975989
289,9023.539965
290,9049.259766
291,9065.298199
292,9063.517213
293,9069.894372
294,9068.291231
295,9062.306174
296,9041.896610
297,9064.286342
298,9068.214712
299,9047.431211
300,9057.539340
301,9041.440630
302,9053.272180
303,9061.989214
304,9067.837029
305,9069.718625
306,9062.027669
307,9063.901335
308,9047.145328
309,9053.133380
310,9057.653912
311,9070.309200
312,9068.860363
313,9042.172645
314,9036.820907
315,9051.298785
316,9038.164153
317,9045.550551
318,9057.589237
319,9043.017324
320,9063.114891
321,9070.959679
322,9070.166712
323,9085.411244
324,9113.849150
325,9120.657281
326,9163.685049
327,9181.310526
328,9174.080774
329,9172.008692
330,9182.650970
331,9174.136260
332,9182.311209
333,9189.374434
334,9172.069698
335,9170.462348
336,9161.770007
337,9164.090806
338,9182.963928
339,9187.674432
340,9181.519558
341,9190.133893
342,9183.917899
343,9181.389796
344,9184.601232
345,9168.583658
346,9178.409310
347,9191.581768
348,9180.679754
349,9186.057418
350,9179.330901
351,9187.022852
352,9201.690867
353,9194.430467
354,9200.834325
355,9207.035571
356,9227.435426
357,9211.203933
358,9235.805087
359,9233.928937
360,9225.094883
361,9231.508702
362,9218.847983
363,9222.012160
364,9227.152036
365,9222.998214
366,9231.822981
367,9229.807004
368,9228.711258
369,9237.292934
370,9229.545945
371,9230.306067
372,9238.722350
373,9215.963827
374,9226.614535
375,9228.274537
376,9225.971633
377,9216.731576
378,9233.022123
379,9223.801922
380,9234.115033
381,9224.576158
382,9215.261686
383,9232.458595
384,9235.398251
385,9229.859212
386,9235.371591
387,9226.041589
388,9235.817137
389,9212.897478
390,9223.604737
391,9216.467358
392,9232.820817
393,9195.642254
394,9230.040523
395,9229.523712
396,9231.057728
397,9226.514610
398,9220.731925
399,9209.143996
400,9195.635134
401,9225.892538
402,9230.178399
403,9224.462199
404,9236.096562
405,9225.588049
406,9217.412190
407,9231.350968
408,9229.984535
409,9209.687828
410,9227.437910
411,9225.534527
412,9230.153518
413,9226.290972
414,9200.338814
415,9227.330363
416,9227.845394
417,9238.244081
418,9226.591712
419,9221.886432
420,9232.956088
421,9205.822152
422,9229.573158
423,9233.426870
424,9217.711684
425,9211.641779
426,9225.452474
427,9208.714207
428,9224.058981
429,9214.499355
430,9221.872094
431,9233.225081
432,9218.643692
433,9228.549551
434,9225.893783
435,9217.835407
436,9208.348248
437,9207.465058
438,9228.990577
439,9206.334560
440,9211.293634
441,9224.061345
442,9219.405999
443,9210.681548
444,9221.994637
445,9204.408473
446,9229.247556
447,9206.470499
448,9201.376833
449,9219.071769
450,9204.258085
451,9215.070260
452,9230.143683
453,9217.446891
454,9241.137653
455,9212.441502
456,9219.905427
457,9209.731210
458,9216.062279
459,9215.057164
460,9232.777737
461,9221.361654
462,9234.574753
463,9221.796817
464,9214.642340
465,9219.239191
466,9231.231452
467,9230.510962
468,9226.272258
469,9226.414179
470,9215.564100
471,9212.144134
472,9221.920008
473,9241.570401
474,9237.371942
475,9230.783879
476,9226.179910
477,9216.479970
478,9207.901255
479,9214.910189
480,9216.325733
481,9206.004394
482,9225.555098
483,9208.706342
484,9217.655746
485,9224.147141
486,9226.419127
487,9237.797004
488,9229.211539
489,9217.495463
490,9233.599596
491,9222.382636
492,9221.242691
493,9218.476965
494,9209.192998
495,9198.537455
496,9211.395385
497,9232.310221
498,9219.537515
499,9229.706456
