0,3025.284809
1,6001.024860
2,6371.228346
3,6679.828756
4,7012.297838
5,7273.698296
6,7601.721931
7,7810.137052
8,8028.491495
9,8260.606084
10,8472.526957
11,8662.851618
12,8936.577412
13,9099.141439
14,9327.868871
15,9522.326239
16,9653.634215
17,9847.651566
18,10103.742601
19,10355.185992
20,10498.925497
21,10800.079116
22,10949.901415
23,11121.143017
24,11343.993579
25,11513.860464
26,11697.873834
27,11819.692028
28,11991.166946
29,12191.506906
30,12421.792618
31,12486.990670
32,12611.488255
33,12915.045352
34,12982.529635
35,13097.245700
36,13118.813673
37,13232.610183
38,13322.283545
39,13438.323236
40,13404.040386
41,13463.520830
42,13680.611665
43,13581.713127
44,13678.102048
45,13632.450149
46,13711.403661
47,13803.667724
48,13933.706535
49,13974.192605
50,14087.565011
51,14138.130450
52,14140.509630
53,14167.215382
54,14154.744077
55,14200.745584
56,14315.311103
57,14378.479067
58,14388.441140
59,14401.866543
60,14511.651653
61,14554.909819
62,14558.101970
63,14517.341726
64,14602.634232
65,14662.055346
66,14638.414744
67,14643.066863
68,14750.525270
69,14819.160376
70,14883.084461
71,14857.684453
72,14870.885050
73,15050.743293
74,14993.861570
75,14967.789579
76,14884.772118
77,14880.788056
78,14918.328129
79,14879.666759
80,14903.446111
81,15061.659239
82,15002.345797
83,15083.284617
84,15079.062153
85,14989.961550
86,15043.612136
87,15033.493452
88,15065.950042
89,15151.485759
90,15173.113073
91,15227.688854
92,15204.072318
93,15190.387032
94,15366.639771
95,15442.169549
96,15585.009116
97,15706.950310
98,15859.423634
99,15816.988651
100,15739.023034
101,15726.745149
102,15722.058580
103,15742.392995
104,15900.820425
105,15847.715443
106,15875.724983
107,15928.650727
108,16050.905711
109,16075.159309
110,16102.377987
111,16357.083034
112,16137.087418
113,16279.144849
114,16288.700694
115,16228.912609
116,16291.996807
117,16357.577813
118,16272.866910
119,16353.345480
120,16467.577231
121,16464.034094
122,16561.695890
123,16562.220265
124,16524.396066
125,16622.318137
126,16523.483698
127,16501.349216
128,16528.125142
129,16477.441673
130,16486.758199
131,16566.517513
132,16599.508337
133,16565.128584
134,16536.182285
135,16546.544229
136,16493.267925
137,16618.613665
138,16539.326383
139,16550.374907
140,16584.335224
141,16521.346019
142,16586.981085
143,16518.242222
144,16583.444230
145,16351.624118
146,16375.193578
147,16502.853407
148,16405.675119
149,16483.939208
150,16413.838415
151,16613.309846
152,16676.246561
153,16481.617453
154,16616.394799
155,16561.592537
156,16564.754292
157,16506.680102
158,16700.830102
159,16670.973977
160,16586.521389
161,16643.550004
162,16841.895316
163,16725.325605
164,16658.504643
165,16650.104223
166,16555.794349
167,16447.234880
168,16497.927813
169,16541.690212
170,16729.865773
171,16763.851807
172,16680.186543
173,16732.236340
174,16643.714816
175,16659.881521
176,16567.979059
177,16510.041998
178,16658.731070
179,16544.400462
180,16589.855544
181,16679.652289
182,16753.051496
183,16679.184125
184,16643.589026
185,16327.746459
186,16512.283557
187,16433.717194
188,16584.961567
189,16606.661504
190,16675.528366
191,16627.785679
192,16740.782425
193,16755.759230
194,16772.931053
195,16845.052666
196,16872.580005
197,16788.267774
198,16845.270050
199,16694.322219
200,16569.369763
201,16761.389359
202,16734.778304
203,16791.289435
204,16770.297973
205,16786.587603
206,16591.157488
207,16545.584340
208,16606.379395
209,16625.542357
210,16649.101871
211,16713.568454
212,16755.937126
213,16683.740185
214,16687.354661
215,16637.281099
216,16596.768100
217,16719.755665
218,16586.106860
219,16494.631387
220,16718.079926
221,16712.846680
222,16642.575693
223,16775.885968
224,16680.478363
225,16743.342850
226,16730.444851
227,16722.112938
228,16679.424686
229,16736.051546
230,16816.545304
231,16721.985849
232,16796.528757
233,16898.118855
234,16885.005825
235,16809.236226
236,16876.613152
237,16656.750849
238,16739.123004
239,16757.092587
240,16616.099461
241,16528.100157
242,16508.160483
243,16615.441348
244,16636.152411
245,16620.512768
246,16622.039697
247,16741.407795
248,16832.202679
249,16857.387526
250,16738.569778
251,16743.587473
252,16693.200120
253,16663.440191
254,16559.093351
255,16675.713081
256,16675.396706
257,16696.969927
258,16765.977922
259,16825.437331
260,16727.137750
261,16750.515744
262,16834.478767
263,16740.241518
264,16668.652359
265,16769.848035
266,16590.170191
267,16593.861040
268,16701.827877
269,16788.568541
270,16761.288434
271,16745.506530
272,16779.606866
273,16796.406160
274,16766.879953
275,16802.733689
276,16816.355346
277,16810.424689
278,16763.388590
279,16736.892536
280,16954.630420
281,16797.943068
282,16812.578745
283,16843.741545
284,16827.223250
285,16847.104036
286,16743.363213
287,16819.455527
288,16837.541071
289,16760.156215
290,16713.234514
291,16812.474782
292,16823.337548
293,17006.117084
294,16982.543829
295,16840.925091
296,16861.777227
297,16798.963976
298,16660.215829
299,16776.563500
300,16853.887432
301,16760.221848
302,16637.953924
303,16596.852879
304,16788.102254
305,16818.129713
306,16899.452979
307,16786.408858
308,16829.049642
309,16789.714576
310,16689.252526
311,16746.228582
312,16701.527869
313,16683.931012
314,16641.477062
315,16657.188914
316,16727.209730
317,16726.273201
318,16666.442184
319,16650.193455
320,16832.174521
321,16734.515804
322,16777.601332
323,16829.661917
324,16786.993094
325,16782.623166
326,16738.072919
327,16775.561939
328,16702.648754
329,16895.436095
330,16773.617575
331,16517.738966
332,16806.517921
333,16527.115326
334,16653.474699
335,16752.691470
336,16779.972817
337,16618.816298
338,16615.314674
339,16773.838744
340,16782.608292
341,16668.539965
342,16667.185335
343,16727.332743
344,16689.016002
345,16755.043539
346,16728.574614
347,16818.639604
348,16807.496699
349,16903.158346
350,16828.835625
351,16779.978384
352,16801.883125
353,16824.425773
354,16828.370941
355,16776.140554
356,16837.497451
357,16741.476984
358,16880.973253
359,16719.858947
360,16960.291594
361,16917.945960
362,16818.849172
363,16689.809057
364,16735.822262
365,16649.136899
366,16641.477784
367,16679.319091
368,16733.011933
369,16620.558770
370,16711.921093
371,16783.230445
372,16715.255697
373,16728.143284
374,16776.933214
375,16774.029826
376,16817.584849
377,16796.826643
378,16658.484497
379,16655.790500
380,16726.425091
381,16611.335606
382,16780.904135
383,16823.377030
384,16888.695247
385,16764.452355
386,16708.789445
387,16731.187775
388,16702.061639
389,16810.428644
390,16721.994834
391,16702.708024
392,16932.960561
393,16819.229856
394,16673.859155
395,16759.058466
396,16761.799792
397,16842.243186
398,16799.152177
399,16837.991578
400,16727.632306
401,16767.024802
402,16839.018814
403,16781.222543
404,16766.429401
405,16843.923224
406,16859.594261
407,16895.060405
408,16816.339708
409,16842.517873
410,16768.782967
411,16916.570054
412,17040.297925
413,17031.824708
414,17052.363431
415,16799.178677
416,16777.352325
417,16898.284313
418,16952.095290
419,16956.860545
420,16948.695166
421,16969.380253
422,16945.342826
423,16816.259315
424,16674.662527
425,16674.999695
426,16684.449795
427,16803.430301
428,16855.520880
429,17025.358705
430,16809.661717
431,17140.720085
432,16954.187778
433,16961.239365
434,16913.657721
435,16995.667121
436,17069.714049
437,17008.773931
438,16941.193065
439,16980.441760
440,16867.374538
441,16874.789427
442,16771.736198
443,16889.319830
444,16974.980183
445,16913.935319
446,16944.903615
447,16842.298609
448,17062.163447
449,17070.534625
450,17020.174345
451,16987.611646
452,16994.535377
453,16824.880179
454,16813.735357
455,16748.352949
456,16951.890443
457,16891.024681
458,16929.416066
459,16916.963234
460,16991.597835
461,16981.405915
462,16970.973975
463,16974.709155
464,16978.447332
465,16874.734203
466,16855.313760
467,16810.736853
468,17013.940959
469,16834.161096
470,16861.280048
471,16983.967199
472,16982.750821
473,17124.620218
474,17072.849126
475,16984.657374
476,16858.835304
477,16806.828026
478,16983.606362
479,17071.180651
480,17066.759897
481,16995.758289
482,17169.664375
483,17074.404758
484,16995.927097
485,17099.469725
486,17011.932617
487,16869.121096
488,16933.355369
489,17109.574876
490,17113.168647
491,16988.188144
492,17094.543337
493,17150.264848
494,16917.675846
495,16941.722159
496,16962.033576
497,16975.520839
498,16840.501108
499,16870.542268
