0,3003.343768
1,2922.886992
2,2963.487891
3,2984.221164
4,2977.823623
5,2959.937427
6,2960.934295
7,3014.143001
8,3031.625227
9,3038.786227
10,3001.219614
11,3020.798788
12,3025.405696
13,2973.909278
14,2996.917983
15,2971.508798
16,2947.310604
17,2920.802956
18,2880.180602
19,2898.303012
20,2924.195059
21,2937.915054
22,2941.682100
23,2963.983817
24,2977.050091
25,3019.361305
26,3035.869094
27,3024.826339
28,2975.405978
29,3025.637178
30,3031.757007
31,3019.477774
32,2985.303447
33,3003.249764
34,3020.957084
35,2996.709482
36,2997.296950
37,2994.329205
38,2976.859938
39,2983.299000
40,2974.004915
41,2993.764891
42,2971.135783
43,2969.300786
44,2946.078645
45,2990.034127
46,3010.026843
47,2977.626008
48,3013.820989
49,2971.938571
50,2975.234962
51,3026.471060
52,3110.459582
53,3125.007718
54,3169.694161
55,3153.876567
56,3123.314108
57,3128.938124
58,3097.866072
59,3057.159439
60,3039.319367
61,3027.245937
62,3055.269617
63,3050.392617
64,3055.896242
65,3020.074653
66,3029.747541
67,2989.472812
68,2998.442679
69,2919.596894
70,2992.265663
71,2976.008185
72,2975.547587
73,2952.545969
74,2937.009092
75,2965.157110
76,3010.089106
77,3039.178878
78,3074.738032
79,3027.053383
80,3030.883883
81,3052.673197
82,3025.843107
83,2986.521843
84,2971.163415
85,3010.232348
86,2941.767473
87,2953.512877
88,2956.391516
89,2978.909901
90,2947.644788
91,2966.406869
92,2951.640905
93,2929.221173
94,2921.840756
95,2930.609634
96,2952.335410
97,2979.062738
98,2996.670234
99,3042.845696
100,3037.953526
101,3005.062724
102,2994.886897
103,2968.552916
104,3023.623221
105,3032.480257
106,3000.393994
107,2990.331504
108,2992.476522
109,2905.766351
110,2917.085219
111,2957.779477
112,2960.859522
113,2961.560731
114,2967.689811
115,2974.031218
116,2934.703939
117,2877.135173
118,2884.040338
119,2884.252571
120,2966.984489
121,3064.449677
122,3134.999529
123,3087.601103
124,3027.762805
125,3011.662230
126,2969.300118
127,2967.127732
128,2937.078843
129,2914.666550
130,2935.969199
131,2965.260394
132,3000.617475
133,2975.800577
134,2948.214764
135,2980.339795
136,2998.076040
137,2960.926794
138,2916.500298
139,2935.604971
140,2951.072012
141,2896.061937
142,2868.056677
143,2894.186286
144,2902.441395
145,2872.739811
146,2861.738369
147,2863.598243
148,2899.743963
149,2890.117418
150,2902.292635
151,2846.681723
152,2869.592788
153,2879.135123
154,2842.749065
155,2876.552188
156,2837.023639
157,2842.109400
158,2807.962435
159,2860.547139
160,2886.409335
161,2835.278140
162,2858.032093
163,2928.675214
164,2959.940474
165,2953.928807
166,2971.171283
167,2964.648411
168,2996.496293
169,2915.635145
170,2904.004066
171,2882.835092
172,2939.693036
173,2921.381197
174,2917.558943
175,2914.633061
176,2894.923225
177,2844.344079
178,2944.334817
179,2919.307432
180,2920.797280
181,2931.117478
182,2908.539671
183,2927.653859
184,2960.075413
185,2957.779409
186,2983.572283
187,2966.972268
188,2948.715454
189,3016.913482
190,3002.007826
191,2930.286598
192,2903.039359
193,2950.770320
194,2929.456400
195,2916.259672
196,2901.883383
197,2884.189831
198,2904.897490
199,2908.757658
200,2896.612409
201,2878.749883
202,2854.176242
203,2830.920534
204,2851.128911
205,2912.335007
206,2880.241953
207,2829.780448
208,2843.505648
209,2835.906000
210,2889.446028
211,2887.578917
212,2948.519579
213,2939.446001
214,2881.661953
215,2917.835528
216,2955.587749
217,2934.137388
218,2958.741053
219,2963.791515
220,2978.198728
221,2965.142466
222,2966.510136
223,2952.827600
224,2958.252629
225,2916.195278
226,2918.110349
227,2958.901819
228,2940.802410
229,3012.330914
230,3036.599471
231,3042.181286
232,3061.608334
233,3014.842725
234,2996.998106
235,2933.099766
236,2945.745629
237,3025.407843
238,2974.343375
239,2927.677419
240,2952.414636
241,3025.061564
242,3026.319758
243,3009.652829
244,2938.887157
245,2892.553685
246,2941.094141
247,2881.125627
248,2878.480206
249,2916.130862
250,3016.452612
251,2958.161285
252,2948.809206
253,2966.414719
254,2942.895614
255,2960.232543
256,2949.884694
257,3003.128727
258,2950.832477
259,2934.440905
260,2917.407765
261,2969.812627
262,3006.492003
263,3015.288575
264,2977.258299
265,2965.373913
266,2957.259794
267,2951.785239
268,2970.416158
269,2927.768483
270,2936.522524
271,2951.407113
272,2987.904010
273,2949.363043
274,2999.651090
275,2986.719735
276,2928.591032
277,2920.405256
278,2901.892426
279,2953.950507
280,2956.734129
281,2932.828976
282,2973.175202
283,2995.306114
284,2951.986038
285,2906.303904
286,2952.524833
287,2954.891463
288,2972.159304
289,3020.741187
290,2990.329814
291,2980.396898
292,2907.542544
293,2965.248861
294,2978.435501
295,2977.218896
296,2987.592145
297,2955.186308
298,2969.919954
299,2923.262789
300,2915.719967
301,2947.332042
302,2910.767041
303,2976.871562
304,2996.636612
305,2995.517289
306,2974.387297
307,2929.665168
308,2924.310023
309,2919.075321
310,2946.037426
311,2967.622807
312,2973.413701
313,2956.957991
314,2912.051509
315,2947.094957
316,2934.692646
317,2941.172360
318,2975.810591
319,2969.451950
320,2895.465432
321,2920.585634
322,2910.977790
323,2899.364858
324,2914.756228
325,2984.005486
326,3010.896844
327,3073.532178
328,3079.694752
329,3025.319674
330,2999.421362
331,2979.441095
332,3016.442211
333,3033.756838
334,3045.542607
335,3053.021289
336,3015.162453
337,3026.883195
338,2969.414934
339,3002.551067
340,2949.947539
341,2990.554119
342,2981.334240
343,2970.143651
344,3000.470621
345,2974.392693
346,2923.223598
347,2931.866864
348,2969.957648
349,2992.632746
350,2989.274659
351,2976.051286
352,2944.490442
353,2943.957215
354,2978.717381
355,2968.111865
356,2957.911198
357,2962.807154
358,2973.546754
359,3046.545418
360,2997.997936
361,2964.438498
362,2915.691918
363,2972.244725
364,2979.660637
365,2962.113460
366,2963.583413
367,2904.093816
368,2908.211768
369,3017.566409
370,2986.684191
371,2950.249361
372,2964.006109
373,2949.983404
374,2959.807926
375,2995.755516
376,2972.060925
377,2964.418909
378,2912.472865
379,2917.405322
380,2894.142045
381,2847.020535
382,2818.791699
383,2811.707785
384,2842.824937
385,2831.723797
386,2884.273812
387,2912.369886
388,2933.590748
389,2941.680481
390,2980.334984
391,3014.690055
392,2989.775310
393,3067.844618
394,3055.073793
395,2994.919671
396,2986.280596
397,3012.954001
398,2980.432121
399,2964.573433
400,2985.508982
401,2945.266076
402,2965.465299
403,2979.421542
404,2986.120493
405,3032.275422
406,2985.352226
407,2963.559786
408,2991.876955
409,3045.408619
410,2981.507111
411,2933.000472
412,2965.543074
413,3004.280197
414,2961.330294
415,2991.913192
416,2987.531202
417,2999.991884
418,2973.589393
419,2937.244057
420,2934.208673
421,2935.360308
422,2892.036064
423,2944.599350
424,2944.046155
425,2957.419550
426,2991.130736
427,3015.771328
428,3035.048736
429,3061.697110
430,2948.212626
431,2941.079109
432,2938.235829
433,2928.851550
434,2951.896353
435,2931.111822
436,2936.108532
437,2883.017590
438,2865.967571
439,2957.061379
440,2897.636714
441,2988.170461
442,3037.221868
443,2992.398474
444,2957.598642
445,2967.971749
446,2935.872327
447,2940.996021
448,2922.370242
449,2956.440392
450,2970.184907
451,2996.950884
452,3027.679935
453,3017.145712
454,3009.008519
455,2981.395792
456,2941.371573
457,2974.684614
458,2981.687786
459,2943.841496
460,2987.926565
461,2987.418957
462,2993.309861
463,2976.332234
464,3005.855477
465,2966.693783
466,2982.270808
467,3022.104302
468,2970.204601
469,2969.792122
470,3015.729545
471,3021.441527
472,3018.656547
473,2978.107818
474,3015.325509
475,3036.234806
476,2999.839322
477,2944.258938
478,2968.656668
479,2915.022959
480,2951.364507
481,3037.179649
482,3055.582946
483,2982.449832
484,2930.867442
485,2973.446647
486,3030.582927
487,3026.986001
488,2996.183291
489,2989.955866
490,2946.619193
491,2944.092803
492,3009.691826
493,2958.750759
494,2960.817564
495,2980.084408
496,3018.721851
497,2954.459775
498,2968.467497
499,2978.688201
