0,3084.632299
1,6189.984519
2,6636.507518
3,6963.058567
4,7223.822436
5,7565.733306
6,7825.324030
7,8108.869549
8,8341.851865
9,8646.433527
10,8830.074542
11,9117.209323
12,9298.715956
13,9504.120388
14,9731.610685
15,9877.924855
16,10133.809226
17,10342.469617
18,10424.060373
19,10642.757440
20,10682.722359
21,10816.215619
22,10828.911417
23,11005.787805
24,11203.645886
25,11290.197293
26,11427.347028
27,11753.536491
28,11844.235036
29,11932.753050
30,12129.044663
31,12251.780463
32,12362.013548
33,12395.559446
34,12599.080616
35,12703.355493
36,12907.435394
37,12967.780030
38,12965.843996
39,13148.761640
40,13061.090412
41,13066.615228
42,13213.556523
43,13276.771997
44,13412.631048
45,13499.041399
46,13323.568890
47,13483.499388
48,13593.412763
49,13500.616481
50,13648.425616
51,13897.242869
52,13903.007591
53,13779.474129
54,13979.417399
55,14110.719288
56,14116.036552
57,14085.750761
58,14441.121124
59,14287.535702
60,14482.589379
61,14522.156087
62,14279.887694
63,14200.774912
64,14478.449652
65,14306.611409
66,14608.437021
67,14803.432114
68,14783.808434
69,14717.292250
70,14990.859775
71,14966.869500
72,15000.157468
73,14850.158781
74,14983.745437
75,15067.939557
76,15010.329901
77,14963.070465
78,14991.745768
79,15120.690748
80,15098.441205
81,15128.812814
82,15078.353875
83,14788.999446
84,15001.204457
85,15178.438977
86,15175.468627
87,15046.647508
88,15183.493059
89,15175.700422
90,15122.015638
91,15379.637345
92,15248.282478
93,15206.142461
94,15060.710449
95,15263.288526
96,15382.580339
97,15153.783201
98,15067.310442
99,15246.076807
100,15352.891630
101,15277.874147
102,15222.409257
103,15230.671685
104,15257.817056
105,15363.490495
106,15394.835302
107,15392.785516
108,15438.258504
109,15207.764296
110,15306.229850
111,15349.836611
112,15450.490682
113,15337.297141
114,15402.939047
115,15480.534607
116,15523.980104
117,15512.223461
118,15611.107640
119,15617.592466
120,15756.344711
121,15748.071980
122,15592.947745
123,15663.311647
124,15718.861835
125,15573.000314
126,15664.013977
127,15792.977392
128,15773.371739
129,15754.004046
130,15929.769076
131,15740.308296
132,15815.330078
133,15723.462572
134,15839.799837
135,15687.127937
136,15806.066192
137,15854.057558
138,15826.826375
139,15822.347328
140,15948.027486
141,15853.088645
142,15929.290078
143,15936.357383
144,15797.857896
145,15845.807605
146,15932.164968
147,15888.829001
148,15927.881922
149,15919.627420
150,15974.007798
151,15940.138556
152,15942.913026
153,15945.799715
154,15975.620464
155,16030.689540
156,15934.776473
157,15977.252665
158,16045.935257
159,16054.017663
160,16013.241425
161,16036.481997
162,15982.037917
163,16007.669489
164,16055.206188
165,16071.158331
166,16064.473888
167,16000.492062
168,16076.656822
169,16039.918424
170,16032.610630
171,16038.697317
172,16041.172357
173,16074.714676
174,16094.623294
175,16076.411737
176,16087.990218
177,16095.500730
178,16105.290810
179,16118.253294
180,16042.991249
181,16102.041117
182,16125.462114
183,16114.698360
184,16113.421029
185,16126.305589
186,16143.845254
187,16112.455644
188,16110.686301
189,16095.085004
190,16136.984964
191,16131.538420
192,16121.847989
193,16116.002609
194,16120.853716
195,16120.739627
196,16136.868708
197,16135.860831
198,16134.417842
199,16125.761985
200,16120.662434
201,16128.869220
202,16139.583513
203,16129.814075
204,16126.340674
205,16139.522177
206,16146.306582
207,16140.037377
208,16149.513241
209,16151.400156
210,16142.771988
211,16142.868064
212,16154.102892
213,16146.659199
214,16151.302064
215,16144.511615
216,16136.862804
217,16135.680932
218,16149.571732
219,16154.145775
220,16144.521485
221,16156.331006
222,16142.218855
223,16151.034402
224,16146.047430
225,16150.436551
226,16149.623494
227,16149.306640
228,16153.701516
229,16150.929817
230,16156.331006
231,16147.213528
232,16147.895738
233,16150.278041
234,16151.782294
235,16149.707338
236,16154.024433
237,16144.758220
238,16151.695443
239,16144.212306
240,16153.870267
241,16154.406184
242,16156.331006
243,16156.331006
244,16148.845058
245,16156.331006
246,16147.991233
247,16153.761905
248,16153.406291
249,16151.693701
250,16153.344100
251,16154.893303
252,16155.612154
253,16155.629928
254,16149.554889
255,16148.020551
256,16155.158661
257,16151.738595
258,16153.541630
259,16154.943516
260,16156.331006
261,16153.540075
262,16156.331006
263,16150.282104
264,16155.636047
265,16153.194001
266,16154.528795
267,16150.205719
268,16154.217608
269,16148.847738
270,16155.081639
271,16154.219285
272,16153.932651
273,16147.513795
274,16154.124820
275,16151.976255
276,16150.394314
277,16146.159720
278,16149.879507
279,16153.054624
280,16149.600642
281,16154.626696
282,16152.665411
283,16156.331006
284,16153.414306
285,16153.330942
286,16153.959869
287,16151.725688
288,16156.331006
289,16151.889751
290,16146.592478
291,16154.571772
292,16154.721592
293,16153.920178
294,16156.331006
295,16153.177947
296,16156.331006
297,16153.016667
298,16143.862493
299,16146.892074
300,16155.952812
301,16155.438513
302,16152.119145
303,16151.468507
304,16148.177691
305,16143.032231
306,16154.855461
307,16151.792034
308,16149.070972
309,16156.331006
310,16150.451103
311,16144.649313
312,16142.343014
313,16143.290220
314,16151.661897
315,16143.642283
316,16149.942051
317,16152.880057
318,16154.619234
319,16152.004686
320,16147.316455
321,16152.034894
322,16149.647827
323,16152.983421
324,16153.236180
325,16148.535782
326,16155.733780
327,16161.846943
328,16181.998550
329,16235.801382
330,16335.449180
331,16482.531462
332,16609.377486
333,16644.956918
334,16649.871949
335,16651.702717
336,16644.046377
337,16652.695446
338,16646.051941
339,16645.218009
340,16651.613801
341,16648.619145
342,16651.062143
343,16642.261948
344,16641.935582
345,16650.447290
346,16651.918846
347,16643.355497
348,16650.439124
349,16644.707333
350,16644.127361
351,16644.468254
352,16650.847307
353,16650.085369
354,16689.291427
355,16777.663222
356,16977.330478
357,17322.546696
358,17518.780342
359,17550.096279
360,17551.894678
361,17551.894678
362,17544.335877
363,17551.894678
364,17546.984510
365,17547.004112
366,17550.851428
367,17551.894678
368,17546.833469
369,17550.276897
370,17542.764654
371,17549.105291
372,17548.087336
373,17550.276866
374,17546.224198
375,17545.491714
376,17537.709167
377,17550.136658
378,17541.085229
379,17547.926983
380,17547.383209
381,17551.894678
382,17551.894678
383,17547.143763
384,17546.347115
385,17542.175401
386,17546.179032
387,17548.942159
388,17542.870103
389,17545.521430
390,17551.318434
391,17550.055079
392,17549.236987
393,17550.712453
394,17555.091314
395,17557.642362
396,17567.124689
397,17578.255610
398,17591.049312
399,17593.266567
400,17598.824236
401,17605.210485
402,17605.640451
403,17601.973348
404,17600.123788
405,17605.640451
406,17605.640451
407,17603.308998
408,17593.752316
409,17603.970727
410,17599.875084
411,17603.600682
412,17605.640451
413,17605.640451
414,17604.657692
415,17602.365862
416,17601.542289
417,17600.584416
418,17605.640451
419,17604.195384
420,17603.677879
421,17602.613549
422,17603.968230
423,17605.640451
424,17601.276065
425,17602.151128
426,17602.606774
427,17601.857173
428,17601.738440
429,17594.679068
430,17597.170969
431,17589.983116
432,17600.247849
433,17605.640451
434,17602.080835
435,17600.397157
436,17603.721132
437,17604.458287
438,17601.729749
439,17598.240970
440,17598.002772
441,17601.705708
442,17602.354511
443,17604.258927
444,17603.954753
445,17597.237313
446,17605.640451
447,17599.565211
448,17606.357625
449,17605.334899
450,17608.876995
451,17608.270656
452,17613.683552
453,17618.457048
454,17617.755227
455,17639.038233
456,17671.938983
457,17700.068293
458,17712.167615
459,17719.520667
460,17718.764429
461,17721.149667
462,17721.735346
463,17721.182138
464,17718.689278
465,17722.721031
466,17713.385460
467,17719.830022
468,17724.077463
469,17724.740513
470,17722.374726
471,17719.960739
472,17723.422484
473,17718.784635
474,17723.971472
475,17724.769463
476,17722.935556
477,17722.749906
478,17716.685992
479,17720.834672
480,17723.587608
481,17723.756210
482,17725.169365
483,17719.818635
484,17725.169365
485,17725.169365
486,17725.169365
487,17711.557563
488,17722.231500
489,17717.347431
490,17725.169365
491,17715.207572
492,17723.927689
493,17723.342317
494,17723.295828
495,17721.574252
496,17722.425645
497,17725.169365
498,17720.769183
499,17724.613393
