0,3119.490103
1,6337.353195
2,6869.420808
3,7217.169361
4,7431.199816
5,7629.416695
6,7948.645755
7,8161.885660
8,8466.299546
9,8593.129544
10,8867.149396
11,8976.372706
12,9205.099153
13,9369.972721
14,9409.616428
15,9691.247451
16,9665.382587
17,9731.772434
18,9960.623503
19,10098.115439
20,10161.451597
21,10316.325224
22,10262.645938
23,10361.977579
24,10406.375392
25,10597.388639
26,10673.501499
27,10713.737884
28,10883.558725
29,10821.712955
30,10810.507774
31,10776.983899
32,10915.255411
33,10772.959540
34,11086.410513
35,11134.218807
36,11141.990581
37,11186.024670
38,11158.858314
39,11122.200259
40,11215.564585
41,11244.125346
42,11379.945812
43,11307.977650
44,11489.594795
45,11459.910834
46,11533.884691
47,11647.574035
48,11637.247136
49,11885.764482
50,11662.575912
51,11743.914935
52,11791.522475
53,11910.664770
54,11795.213622
55,11812.118967
56,11842.280342
57,11893.280650
58,11828.644491
59,11862.185958
60,11890.958567
61,11926.662115
62,11861.582151
63,12105.153417
64,12030.139531
65,12032.217072
66,12096.961950
67,11939.592307
68,12133.743990
69,12098.259503
70,12226.623051
71,12162.211020
72,11969.099432
73,12061.535393
74,12302.764960
75,12256.854346
76,12222.786674
77,12143.950583
78,12284.478596
79,12242.011124
80,12290.451168
81,12195.674325
82,12358.038640
83,12336.770530
84,12182.252197
85,12161.410271
86,12303.428979
87,12385.024435
88,12326.352324
89,12264.367690
90,12288.996468
91,12443.936217
92,12433.266403
93,12364.741529
94,12407.737135
95,12454.961143
96,12512.126338
97,12483.952591
98,12502.914447
99,12425.849675
100,12466.302690
101,12506.619538
102,12460.365744
103,12473.536575
104,12620.355942
105,12470.317662
106,12393.544800
107,12259.222745
108,12471.037021
109,12485.629289
110,12442.684552
111,12671.504555
112,12587.025061
113,12595.791174
114,12435.995232
115,12642.425263
116,12534.004728
117,12500.386577
118,12506.996938
119,12474.044995
120,12740.910754
121,12481.594346
122,12496.744767
123,12588.020935
124,12380.686209
125,12635.875081
126,12650.132724
127,12688.565819
128,12662.211745
129,12738.158299
130,12804.123792
131,12910.425701
132,12805.578837
133,12936.015535
134,12809.586365
135,12946.275818
136,12685.157075
137,12627.163890
138,12750.858871
139,12597.339527
140,12675.350437
141,12778.748737
142,12638.329997
143,12708.255322
144,12582.377342
145,12661.671347
146,12598.986970
147,12725.125186
148,12660.527775
149,12745.515920
150,12767.179036
151,12625.407384
152,12817.400475
153,12880.451841
154,12944.185845
155,12822.416961
156,12861.516275
157,12856.992067
158,12769.300305
159,12755.640486
160,12871.844178
161,12869.297673
162,12611.686442
163,12641.856012
164,12721.513872
165,12653.920368
166,12696.056204
167,12926.171881
168,12775.087982
169,12930.894189
170,12710.824016
171,12816.678010
172,12733.750368
173,12928.352968
174,12830.722159
175,12799.561018
176,12916.165268
177,12839.861880
178,12803.963994
179,12681.089216
180,12754.893200
181,12693.489341
182,12804.586603
183,12874.401298
184,12880.124475
185,12826.324380
186,12902.148790
187,12891.426616
188,12801.980688
189,12884.039873
190,12747.480917
191,12900.313847
192,12643.649261
193,12895.566503
194,12783.710543
195,12822.572926
196,12790.650624
197,12937.419765
198,12825.599700
199,12831.754894
200,12801.063867
201,12924.300068
202,12872.826844
203,12746.158795
204,12796.686939
205,12798.796087
206,12871.065135
207,12651.091178
208,12756.458112
209,12935.352277
210,12968.549757
211,12927.526087
212,12783.855280
213,12930.917341
214,12784.511439
215,12873.018965
216,12837.920425
217,12825.228768
218,12765.050818
219,12808.602062
220,12775.387662
221,12800.558055
222,12905.363822
223,12945.694673
224,12871.500441
225,12879.830950
226,12765.681471
227,12828.576555
228,12853.049055
229,12846.726900
230,12706.565829
231,12739.498638
232,12732.276118
233,12989.926154
234,12907.407291
235,12930.456539
236,12761.162431
237,12901.847115
238,12764.319420
239,12824.491585
240,12772.809504
241,12731.958647
242,12811.023189
243,12824.670984
244,12878.347536
245,12779.429104
246,13092.361631
247,12763.497669
248,12753.236820
249,12805.671902
250,12986.571954
251,12857.661079
252,12930.229670
253,12971.508034
254,13073.240442
255,12731.173712
256,12822.047179
257,12950.633685
258,13029.420943
259,12838.232544
260,12877.826298
261,12930.416921
262,13004.898723
263,13108.447364
264,12813.693581
265,12947.589465
266,13030.943931
267,12890.156820
268,12871.593995
269,12887.478111
270,12879.730437
271,12687.826191
272,12942.152752
273,12889.204952
274,12767.712596
275,12750.463426
276,12923.958636
277,12707.453657
278,12619.896919
279,12839.151607
280,12935.288764
281,12928.586971
282,12739.803570
283,12798.624770
284,12880.305644
285,13039.790340
286,13020.248972
287,12985.793846
288,12935.476855
289,12753.820029
290,13001.387263
291,12600.343187
292,12939.994087
293,12996.064960
294,12787.053185
295,12814.283543
296,12971.224454
297,13007.244827
298,12817.015203
299,12883.993024
300,12972.097211
301,12840.353571
302,12851.128221
303,12758.476755
304,12776.234530
305,12887.791011
306,12938.746120
307,13041.922631
308,12943.926219
309,12968.107642
310,12742.436178
311,12931.427894
312,12893.247760
313,12640.208977
314,12891.483844
315,12882.206120
316,12705.890195
317,12753.773740
318,12848.873410
319,12906.699716
320,12968.862903
321,12684.603582
322,12962.659362
323,12868.337232
324,12931.199512
325,12717.417905
326,12929.081233
327,12848.737443
328,12763.605177
329,12884.660056
330,13034.802067
331,12821.263552
332,12723.588919
333,12895.761148
334,12920.485318
335,12939.650145
336,12758.566012
337,12803.102156
338,12724.709322
339,12843.067061
340,12813.859366
341,12914.735481
342,12852.076329
343,12696.634426
344,12893.722486
345,12871.387964
346,12896.395639
347,12818.189697
348,12848.226635
349,12606.989347
350,12792.235605
351,12836.772582
352,12828.546169
353,12896.871871
354,12774.114174
355,12852.354518
356,12890.184344
357,12952.136865
358,12863.677151
359,12996.488940
360,12844.779219
361,12593.127804
362,12779.797615
363,12930.937816
364,12897.296944
365,12816.330710
366,13110.015695
367,12729.327897
368,12608.639258
369,12947.597313
370,12865.999057
371,12701.904933
372,12816.466809
373,12863.400070
374,12967.700075
375,12968.114952
376,12875.967501
377,12592.366379
378,12903.696351
379,12991.843727
380,12862.818618
381,12930.719109
382,13019.599433
383,12810.321105
384,12629.476018
385,12817.377037
386,12814.798434
387,12846.053906
388,12884.348953
389,12805.901063
390,12714.286138
391,12909.708190
392,12777.545319
393,12799.857365
394,12844.397825
395,13066.310260
396,12777.790804
397,12962.179044
398,12978.593315
399,13038.219515
400,12760.501575
401,12765.908331
402,12987.519081
403,13044.655732
404,12999.841157
405,12900.142370
406,12795.295974
407,12748.623696
408,12865.895408
409,12691.872403
410,12732.047778
411,12781.861498
412,13029.436643
413,12876.256831
414,12948.373202
415,12862.346615
416,12727.125227
417,12860.304721
418,12910.800111
419,12847.968797
420,12783.945161
421,12977.544920
422,12982.093590
423,12894.698282
424,12916.634124
425,12992.703889
426,12872.071087
427,12857.919472
428,12923.104228
429,12827.770301
430,12957.027623
431,12829.233796
432,12990.894996
433,12897.020879
434,12902.413184
435,12924.141466
436,12706.233910
437,12890.231122
438,12939.737100
439,12990.987866
440,12890.479513
441,12993.938786
442,12988.966239
443,12928.530128
444,12852.874079
445,12981.503322
446,12915.257114
447,12802.163649
448,12814.092026
449,12891.605218
450,12777.867757
451,12894.602776
452,13006.810557
453,12788.450483
454,12857.045379
455,12756.362013
456,12696.434897
457,12714.973739
458,12867.914481
459,12876.904285
460,12977.360230
461,13054.885106
462,12950.689066
463,13018.394649
464,12939.401827
465,12862.125285
466,13035.610954
467,12993.521740
468,13058.193557
469,12948.420849
470,12789.447567
471,12837.598525
472,12878.913635
473,12928.395231
474,12791.118417
475,12870.565473
476,12875.920718
477,12949.079831
478,12930.427983
479,13030.985789
480,12908.665552
481,12648.664145
482,12849.258789
483,12847.464002
484,13024.647482
485,13039.793886
486,12759.751864
487,12900.587720
488,12957.317601
489,12894.576593
490,12958.142698
491,12793.420321
492,12918.624782
493,13021.547708
494,12874.442695
495,12810.249844
496,13063.350100
497,12967.876735
498,12907.990204
499,13059.381687
