0,3049.823682
1,6029.279748
2,6488.375965
3,6735.159008
4,6952.269463
5,7066.062176
6,7246.272004
7,7367.646492
8,7449.153486
9,7626.635159
10,7714.410804
11,7802.627549
12,7897.980814
13,7993.975271
14,8153.766888
15,8271.216114
16,8318.286063
17,8438.493583
18,8486.299383
19,8571.278615
20,8781.619319
21,8894.904750
22,8903.988883
23,9061.293780
24,8972.868108
25,9129.910778
26,9380.098874
27,9323.617755
28,9540.748905
29,9726.576832
30,9694.373511
31,9822.782345
32,9856.144825
33,9883.023857
34,9990.851544
35,10113.682640
36,10106.508114
37,10280.072711
38,10401.690256
39,10624.180873
40,10463.499672
41,10512.920681
42,10662.438081
43,10803.792710
44,10837.169073
45,10905.497862
46,10805.838695
47,11039.285802
48,10897.866702
49,11032.773316
50,11238.807644
51,11178.606686
52,11152.627940
53,11292.199155
54,11356.381038
55,11495.446372
56,11760.306881
57,11682.597914
58,11660.835652
59,11525.346413
60,11586.900419
61,11818.639117
62,12000.036323
63,12077.348962
64,11844.238484
65,11941.700548
66,11750.552047
67,11812.108955
68,11929.785110
69,11891.107612
70,11977.083403
71,11986.456423
72,12282.239530
73,12111.901143
74,12250.335562
75,12180.423768
76,12206.332405
77,12306.101701
78,12395.753782
79,12169.445810
80,12074.146950
81,12181.713114
82,12342.772600
83,12360.069337
84,12358.261609
85,12260.487599
86,12098.904624
87,12421.617142
88,12433.452381
89,12350.576576
90,12530.066190
91,12455.766616
92,12655.314866
93,12572.173410
94,12602.041368
95,12417.072560
96,12363.408987
97,12369.994735
98,12674.489150
99,12459.526146
100,12469.243275
101,12641.344204
102,12493.033045
103,12488.652967
104,12278.815379
105,12336.599932
106,12549.852230
107,12471.622205
108,12493.187440
109,12308.646427
110,12502.986371
111,12401.066256
112,12617.659531
113,12544.989587
114,12396.999293
115,12560.128948
116,12310.472670
117,12427.914602
118,12388.071001
119,12569.631628
120,12462.880580
121,12912.096767
122,12874.042400
123,12686.597330
124,12592.513812
125,12485.829402
126,12758.127271
127,12573.291564
128,12551.143207
129,12671.779334
130,12650.234567
131,12733.024573
132,12634.160806
133,12854.884573
134,12742.305745
135,12907.847720
136,12624.881682
137,12914.906833
138,12925.590158
139,13047.090993
140,12910.419821
141,12816.555684
142,12785.283118
143,12743.550864
144,12858.520178
145,12819.426505
146,12693.739855
147,12668.953771
148,12744.625382
149,12879.829637
150,12840.468554
151,12840.066889
152,12581.051254
153,12719.861458
154,12630.693856
155,12637.834426
156,12702.209686
157,12857.886947
158,12890.393981
159,12650.067737
160,12754.798574
161,12970.411963
162,13141.965060
163,12776.860085
164,12704.121179
165,12634.961082
166,12743.617956
167,12961.997585
168,12763.042248
169,12746.242172
170,12851.978123
171,12669.658550
172,12613.882172
173,12771.084594
174,12811.429858
175,12849.924152
176,12742.733467
177,12739.678666
178,12913.475732
179,12794.755654
180,12528.532668
181,12843.829046
182,12591.235249
183,12639.375706
184,12935.270271
185,12648.611009
186,12878.251752
187,12667.167892
188,12815.443646
189,12675.584972
190,12742.060560
191,12670.784011
192,12695.358348
193,12722.548640
194,12715.713080
195,12529.600199
196,12656.456196
197,12696.851082
198,12825.650422
199,12895.032187
200,12641.645079
201,12800.401932
202,12613.860771
203,12589.680313
204,12680.545201
205,12881.573644
206,12766.583728
207,12526.719446
208,12498.039211
209,12371.976914
210,12700.501161
211,12782.120191
212,12931.926942
213,12672.083879
214,12784.328951
215,12540.179693
216,12672.120588
217,12958.191860
218,12728.713016
219,12588.798233
220,12551.417657
221,12684.993298
222,12905.393905
223,12663.010348
224,12733.044980
225,12827.259644
226,12695.419121
227,12628.563537
228,12670.713842
229,12853.949890
230,12679.910841
231,12790.739334
232,12583.841247
233,12501.676552
234,12641.174902
235,12844.096469
236,13068.424941
237,12614.378252
238,12749.184494
239,12793.515566
240,12830.286721
241,12894.462799
242,12797.310554
243,12872.026684
244,12771.757793
245,12576.557599
246,12687.553564
247,12628.754692
248,12752.996230
249,12853.388446
250,13010.548763
251,12763.229806
252,12669.376293
253,12555.416630
254,12689.785945
255,12797.959845
256,12754.143392
257,12823.984216
258,12858.905554
259,12543.795922
260,12680.631848
261,12609.037803
262,12864.164904
263,12761.932348
264,12836.970928
265,12953.062686
266,12812.624686
267,12478.426681
268,12668.539631
269,12722.668917
270,12763.907980
271,12562.599809
272,12628.478698
273,13010.829657
274,12813.106204
275,12732.531678
276,12602.302351
277,12970.702146
278,12624.969060
279,12590.980955
280,12832.012852
281,12964.087367
282,12893.960959
283,13106.951152
284,12798.639152
285,12428.503510
286,12765.288796
287,12648.327447
288,12877.466749
289,12879.342785
290,12783.361640
291,12654.731381
292,12619.533924
293,12495.727596
294,12814.163324
295,12737.756241
296,12733.411399
297,12742.966998
298,12907.318220
299,12869.246971
300,12764.566077
301,12779.273478
302,12693.814688
303,12532.847960
304,12803.579730
305,12614.075639
306,12600.826634
307,12822.442437
308,12751.835717
309,12753.514827
310,12764.873809
311,12944.985321
312,12877.004609
313,12776.640869
314,12960.102459
315,12745.336480
316,12872.085579
317,12743.423151
318,12710.369547
319,12974.589184
320,13101.485186
321,12845.240181
322,12725.257242
323,12435.844013
324,12710.798744
325,12569.024969
326,12621.283829
327,12707.464649
328,12685.075663
329,12691.381112
330,12832.184906
331,13024.670159
332,12971.637919
333,12826.788453
334,13044.418404
335,12691.295742
336,12800.732659
337,12615.432279
338,12996.331365
339,12822.899050
340,12834.324887
341,12727.248362
342,12865.836925
343,12723.473864
344,12799.492575
345,12818.388447
346,12809.322891
347,12923.498607
348,13008.017938
349,12843.820296
350,12881.944069
351,12633.899260
352,12740.632986
353,12783.865913
354,12737.767133
355,12826.311897
356,12742.330926
357,12469.803271
358,12672.444907
359,12686.353459
360,12616.495734
361,12470.276432
362,12669.992570
363,12726.990815
364,12647.533301
365,12643.185541
366,12894.108148
367,12711.086591
368,12828.174990
369,12638.165651
370,12545.754949
371,12436.253765
372,12589.626351
373,13009.121028
374,12656.380111
375,13016.926050
376,12637.863646
377,12709.799886
378,12528.000722
379,12597.368913
380,12480.278381
381,12751.439519
382,12982.656385
383,12682.804690
384,12803.073549
385,12622.882351
386,13000.929749
387,12844.233523
388,12662.422473
389,12720.637976
390,12737.523796
391,12793.604049
392,12645.091857
393,12894.025884
394,12685.198949
395,12704.545987
396,12751.576898
397,12852.081793
398,12571.239889
399,12854.278281
400,12700.635851
401,12919.098568
402,12978.141163
403,12685.459803
404,12712.743507
405,12820.394920
406,12700.338685
407,12676.174918
408,12875.383255
409,12771.827331
410,12594.354815
411,12765.185853
412,12849.810509
413,12662.638229
414,12865.306583
415,12648.283643
416,12686.177544
417,12763.005155
418,12945.892752
419,12967.338049
420,12818.396718
421,12810.825123
422,12902.252852
423,12687.131398
424,12879.758909
425,12760.457262
426,12980.805199
427,13158.015465
428,12886.356825
429,12680.110560
430,12391.689002
431,12746.804065
432,12727.071808
433,12684.189942
434,12690.206871
435,12791.277114
436,12815.826179
437,12826.632020
438,12715.930131
439,12831.727821
440,12696.985929
441,12628.334055
442,12594.909832
443,12696.270399
444,12348.845439
445,12595.825455
446,12746.314088
447,12672.404944
448,12671.193109
449,12744.277943
450,12924.131610
451,12633.876638
452,12649.207720
453,12403.268626
454,12486.821606
455,12738.927729
456,12804.379276
457,12847.858348
458,12959.671289
459,12840.266142
460,12973.742868
461,12643.062426
462,12669.880639
463,12644.859423
464,12808.527277
465,12844.918017
466,12707.967563
467,12727.770468
468,12932.458100
469,12787.717305
470,12823.186476
471,12654.122578
472,12839.811500
473,12440.422705
474,12543.900426
475,12416.125624
476,12612.307182
477,12860.717687
478,12650.397221
479,12901.467652
480,12902.662659
481,12802.366412
482,12707.988577
483,12845.528273
484,12426.103024
485,12690.721651
486,12909.482281
487,12709.600651
488,12935.913068
489,12555.000076
490,12521.962279
491,12496.619068
492,12711.329706
493,12614.760063
494,12710.407819
495,12805.870429
496,12770.685741
497,12786.303247
498,12760.918159
499,12836.613769
