0,3030.308817
1,6005.413598
2,6407.987194
3,6671.347323
4,6875.345769
5,6964.192827
6,7145.030638
7,7180.309562
8,7264.108404
9,7442.654715
10,7529.867097
11,7527.116369
12,7546.430838
13,7721.750519
14,7855.782140
15,7750.434529
16,7846.125698
17,7903.156190
18,7970.135235
19,7998.300618
20,8121.154741
21,8243.787992
22,8246.580493
23,8389.432320
24,8439.962992
25,8466.416411
26,8405.673383
27,8552.637611
28,8441.109052
29,8549.735910
30,8651.009393
31,8796.571647
32,8783.235862
33,8800.782722
34,8819.538872
35,8759.021764
36,8896.424690
37,8873.797888
38,8929.093085
39,8889.069205
40,8870.136197
41,8876.614974
42,8877.906333
43,9004.405846
44,9000.129814
45,9141.880192
46,9136.232030
47,9156.293987
48,9189.252822
49,9230.956175
50,9237.518221
51,9221.041189
52,9260.765030
53,9193.024860
54,9267.845093
55,9375.199260
56,9372.423322
57,9365.635651
58,9410.103779
59,9460.854147
60,9445.104298
61,9383.023864
62,9442.549324
63,9448.410816
64,9471.880154
65,9514.315199
66,9536.247438
67,9650.746378
68,9518.182095
69,9572.034447
70,9629.923503
71,9709.001493
72,9685.844997
73,9628.055052
74,9645.121493
75,9757.934246
76,9789.581960
77,9874.975139
78,9801.738183
79,9877.486418
80,9857.989745
81,9880.574110
82,10008.736147
83,10145.953329
84,9999.460616
85,9859.638902
86,9812.192359
87,9944.211641
88,9979.765859
89,10090.763625
90,10131.878513
91,10156.996025
92,10137.270252
93,10157.762496
94,10090.062273
95,10151.678796
96,10205.112142
97,10164.479307
98,10185.281847
99,10117.106697
100,10218.430950
101,10315.875947
102,10274.074576
103,10277.338502
104,10159.897479
105,10301.074416
106,10420.251319
107,10370.637564
108,10393.680650
109,10365.099800
110,10301.893804
111,10379.346508
112,10585.061439
113,10398.117633
114,10483.541966
115,10483.978364
116,10466.449396
117,10522.306595
118,10570.509513
119,10668.967662
120,10628.411101
121,10636.353153
122,10747.841758
123,10722.653664
124,10656.994066
125,10758.950018
126,10590.307646
127,10756.354847
128,10885.695713
129,10925.503335
130,10797.177782
131,10851.894211
132,10807.323312
133,10974.293448
134,10747.174382
135,10899.716542
136,10882.197578
137,10861.381348
138,10896.599891
139,10989.666180
140,10884.836634
141,10931.490765
142,11129.025065
143,10796.800589
144,10812.669217
145,10906.628133
146,10841.507473
147,11100.140391
148,11072.186566
149,10984.670247
150,10958.654770
151,11140.660495
152,11199.598303
153,11220.511671
154,11135.051266
155,11201.830546
156,11155.563857
157,11088.256239
158,11089.462026
159,10993.509880
160,11154.899262
161,11238.347792
162,11105.075919
163,11251.951221
164,11216.203281
165,11162.150000
166,11077.586694
167,11226.312597
168,11066.978168
169,11250.302740
170,11280.030041
171,11515.824481
172,11427.590636
173,11377.346484
174,11239.425621
175,11367.810688
176,11405.512400
177,11419.241961
178,11482.336164
179,11617.182152
180,11537.632422
181,11522.826218
182,11552.413284
183,11620.006025
184,11556.477544
185,11389.940507
186,11379.016933
187,11401.297742
188,11446.677376
189,11520.248754
190,11600.667293
191,11500.612681
192,11327.063158
193,11689.892672
194,11777.515592
195,11650.463705
196,11688.599207
197,11512.055423
198,11538.680860
199,11579.801693
200,11712.232853
201,11736.627643
202,11797.170522
203,11594.853529
204,11517.394300
205,11488.120963
206,11760.149165
207,11850.496695
208,11660.864692
209,11662.023042
210,11727.242565
211,11891.712494
212,11733.519170
213,11746.538296
214,11822.513774
215,11747.565205
216,11923.077894
217,11934.341787
218,11732.994826
219,11656.685606
220,11718.207776
221,11954.213366
222,11836.245227
223,12056.786687
224,12013.422196
225,11948.345345
226,11880.760295
227,11770.920633
228,11898.899433
229,11965.251687
230,12140.510711
231,12181.895791
232,12072.108258
233,11903.189395
234,11968.761919
235,11944.975644
236,11974.460744
237,11876.791232
238,12110.185614
239,11940.135237
240,12063.051888
241,11895.109960
242,12040.079201
243,12072.595205
244,12057.928524
245,12075.105171
246,12135.406989
247,12041.997679
248,12077.096708
249,12062.206223
250,12008.351488
251,12086.716522
252,11981.967638
253,12027.329324
254,12225.358595
255,12176.158765
256,12140.971416
257,12161.313615
258,12215.237884
259,12116.774102
260,12091.188289
261,12138.005847
262,12109.809137
263,12245.443362
264,12139.834463
265,12053.908316
266,12126.685770
267,12193.438904
268,12248.524833
269,12098.680681
270,12014.575166
271,12244.958213
272,12235.428830
273,12130.946291
274,12150.554129
275,12089.325852
276,12335.051058
277,12113.379418
278,12209.780741
279,12145.998462
280,12042.655852
281,12188.865383
282,12255.065476
283,12201.893908
284,12109.130360
285,12167.592215
286,12320.006955
287,12372.378647
288,12224.804754
289,12221.612640
290,12525.023496
291,12224.148558
292,12310.338681
293,12196.080607
294,12230.442264
295,12387.901025
296,12175.824317
297,12250.823160
298,12186.965061
299,12360.457760
300,12203.935764
301,12009.809089
302,12235.744870
303,12144.163873
304,12058.635585
305,12219.103608
306,12255.022354
307,12273.340040
308,12339.679303
309,12230.869512
310,12500.899886
311,12457.080695
312,12501.546933
313,12369.411877
314,12288.881578
315,12313.123933
316,12318.400211
317,12326.682921
318,12246.885551
319,12225.588656
320,12228.214783
321,12253.850719
322,12268.863906
323,12469.847674
324,12245.143209
325,12195.180019
326,12357.570824
327,12171.236580
328,12122.954556
329,12357.148299
330,12300.217636
331,12396.342369
332,12214.597400
333,12244.401822
334,12140.888941
335,12272.162384
336,12326.394809
337,12301.560794
338,12364.833652
339,12320.523687
340,12279.085367
341,12364.467813
342,12382.563277
343,12393.669021
344,12312.357541
345,12374.989325
346,12478.085348
347,12286.487347
348,12288.951239
349,12163.128976
350,12333.446549
351,12239.921713
352,12222.733186
353,12314.383067
354,12198.813537
355,12339.079090
356,12395.641759
357,12421.658657
358,12346.842122
359,12287.736359
360,12397.817751
361,12381.982939
362,12431.813376
363,12310.896185
364,12383.905535
365,12276.880094
366,12308.074624
367,12313.093208
368,12365.092555
369,12344.403537
370,12480.697233
371,12479.687123
372,12424.058393
373,12504.191150
374,12449.961989
375,12340.485304
376,12309.259903
377,12446.610051
378,12340.201718
379,12295.004101
380,12367.310576
381,12363.507871
382,12516.920672
383,12434.924202
384,12450.755765
385,12378.629127
386,12351.450859
387,12400.257743
388,12296.979217
389,12346.664104
390,12384.648488
391,12371.922596
392,12466.120458
393,12299.975359
394,12319.203839
395,12416.519799
396,12322.510550
397,12360.567316
398,12354.669146
399,12616.145491
400,12386.942519
401,12504.692473
402,12501.928045
403,12511.068059
404,12364.918837
405,12434.732551
406,12438.833204
407,12586.514303
408,12518.014016
409,12567.637544
410,12470.533552
411,12430.245488
412,12324.661275
413,12496.479806
414,12353.234808
415,12340.425447
416,12405.784870
417,12525.552825
418,12628.395973
419,12543.674236
420,12489.982127
421,12596.067828
422,12432.383815
423,12419.273099
424,12597.139542
425,12499.697560
426,12519.847740
427,12433.832870
428,12429.896595
429,12610.883828
430,12524.490548
431,12477.053742
432,12577.019609
433,12469.375367
434,12445.525858
435,12485.211265
436,12357.091008
437,12414.250546
438,12342.618879
439,12351.725586
440,12569.631798
441,12697.671885
442,12509.599589
443,12637.341583
444,12409.726730
445,12628.551974
446,12469.404361
447,12630.190958
448,12547.244298
449,12444.286234
450,12415.786886
451,12452.030666
452,12429.776492
453,12503.117121
454,12436.976643
455,12346.544551
456,12603.477872
457,12616.658362
458,12603.888968
459,12452.658877
460,12571.982676
461,12573.115690
462,12587.332133
463,12610.676807
464,12551.033953
465,12711.480449
466,12528.356898
467,12654.880226
468,12605.579164
469,12524.978136
470,12518.233643
471,12587.059792
472,12653.919190
473,12545.024275
474,12466.874769
475,12610.910025
476,12647.943731
477,12466.760736
478,12416.639035
479,12487.064160
480,12334.069367
481,12432.521995
482,12599.161122
483,12738.928426
484,12639.826664
485,12511.849691
486,12677.610899
487,12580.675366
488,12480.224453
489,12576.313446
490,12445.719938
491,12481.298120
492,12510.387267
493,12626.550183
494,12466.021644
495,12540.470121
496,12586.307845
497,12602.275549
498,12558.749887
499,12476.273360
