0,3077.373680
1,3364.337768
2,3612.363458
3,3768.755729
4,3968.534599
5,4133.717642
6,4302.771285
7,4518.448831
8,4770.427518
9,4980.824636
10,5118.172646
11,5262.799172
12,5450.627866
13,5660.103487
14,5837.126699
15,6039.339266
16,6190.659392
17,6290.121491
18,6464.185950
19,6565.368375
20,6721.649697
21,6812.561408
22,6948.063777
23,7022.916643
24,7068.335225
25,7120.138380
26,7147.642576
27,7228.289471
28,7299.222341
29,7384.777116
30,7438.132674
31,7491.550196
32,7501.127004
33,7515.063477
34,7518.914865
35,7560.436136
36,7595.128211
37,7599.170263
38,7658.309722
39,7676.329506
40,7708.787726
41,7687.823007
42,7713.108956
43,7733.375533
44,7753.138147
45,7739.101751
46,7705.526513
47,7759.131907
48,7732.422136
49,7745.262347
50,7736.266901
51,7770.713081
52,7753.928226
53,7736.874064
54,7740.566821
55,7747.260963
56,7763.238319
57,7750.181800
58,7753.900004
59,7778.739113
60,7810.507646
61,7791.635091
62,7781.357766
63,7772.820785
64,7818.219990
65,7828.315995
66,7880.233058
67,7859.879445
68,7875.243302
69,7877.620101
70,7947.219532
71,7933.619715
72,7954.166822
73,7992.847147
74,7986.601364
75,7987.423582
76,8009.421022
77,7960.929168
78,8013.915315
79,7988.640484
80,8002.227620
81,8000.115911
82,8043.022502
83,8027.719882
84,8007.594294
85,7985.531585
86,8030.943600
87,8019.869995
88,7979.656397
89,7999.143639
90,7967.794525
91,7999.050628
92,8005.852211
93,8024.688784
94,8043.328941
95,8017.515078
96,8009.631534
97,7984.620901
98,8024.608563
99,8015.160535
100,8019.823122
101,7990.624496
102,8032.386186
103,8021.088676
104,8043.872785
105,8063.194975
106,8042.043763
107,8068.698959
108,8062.899610
109,8068.022620
110,8020.628349
111,8105.987148
112,8107.883144
113,8094.748779
114,8089.477276
115,8102.937131
116,8073.971639
117,8068.772091
118,8052.217194
119,8068.872548
120,8077.360935
121,8045.637417
122,8046.004383
123,8033.369977
124,8033.369159
125,8062.894921
126,8092.961206
127,8097.906957
128,8071.883828
129,8081.419836
130,8059.640197
131,8074.156349
132,8112.568215
133,8109.519295
134,8090.431786
135,8077.161860
136,8066.441150
137,8066.032314
138,8054.161263
139,8070.105318
140,8074.085830
141,8025.602331
142,8051.126183
143,8109.336358
144,8068.128241
145,8067.241989
146,8070.895734
147,8056.908592
148,8067.822662
149,8072.994724
150,8095.186104
151,8075.340183
152,8078.043713
153,8105.950107
154,8076.509288
155,8105.489945
156,8112.789850
157,8109.562420
158,8092.032548
159,8094.675113
160,8074.760225
161,8062.623949
162,8079.364262
163,8096.161457
164,8087.746936
165,8052.260407
166,8079.763318
167,8074.985561
168,8047.687394
169,8125.639976
170,8096.990419
171,8082.366044
172,8078.944858
173,8086.178602
174,8090.677805
175,8078.700427
176,8113.937842
177,8077.455881
178,8096.503802
179,8036.991841
180,8060.049042
181,8062.852626
182,8101.088750
183,8096.111919
184,8119.308868
185,8097.151430
186,8084.990318
187,8088.506751
188,8052.053797
189,8096.128309
190,8080.293513
191,8060.548800
192,8061.514999
193,8056.868201
194,8008.493437
195,8034.437395
196,8092.885174
197,8052.961394
198,8106.245973
199,8082.796541
200,8056.581449
201,8050.725224
202,8093.475369
203,8071.278148
204,8085.155311
205,8079.875304
206,8123.696166
207,8080.625498
208,8068.474408
209,8067.969946
210,8072.210810
211,8032.281289
212,8026.293393
213,8042.716399
214,8094.721141
215,8065.198938
216,8057.207942
217,8079.948972
218,8051.195007
219,8034.449626
220,8091.705651
221,8068.498924
222,8095.916082
223,8103.529781
224,8090.720983
225,8101.929904
226,8086.482099
227,8074.420165
228,8083.700714
229,8070.063902
230,8114.642809
231,8105.211497
232,8126.958977
233,8096.118785
234,8101.039265
235,8103.038415
236,8109.936890
237,8109.225225
238,8093.026662
239,8097.980983
240,8098.160032
241,8111.678383
242,8124.626800
243,8082.489775
244,8104.191655
245,8101.180043
246,8130.627819
247,8094.590811
248,8122.166712
249,8114.948404
250,8110.657109
251,8128.882801
252,8151.034845
253,8104.214082
254,8065.067653
255,8074.196539
256,8105.133336
257,8131.519230
258,8098.826983
259,8120.214673
260,8135.882769
261,8119.917083
262,8105.996738
263,8125.880550
264,8126.658448
265,8102.802363
266,8092.737892
267,8122.743660
268,8145.986650
269,8180.546394
270,8200.281237
271,8211.666011
272,8234.117280
273,8264.032887
274,8239.069337
275,8266.485864
276,8262.089539
277,8297.669237
278,8291.148050
279,8262.282865
280,8271.044046
281,8284.476201
282,8229.558988
283,8268.366147
284,8294.834099
285,8278.407932
286,8297.746312
287,8304.921332
288,8278.642834
289,8284.581718
290,8297.354907
291,8272.227807
292,8287.708422
293,8299.953343
294,8265.994635
295,8275.673126
296,8289.828742
297,8253.639140
298,8286.357027
299,8294.566623
300,8291.990641
301,8249.199728
302,8232.440763
303,8251.595439
304,8298.523506
305,8228.022897
306,8249.049085
307,8264.838488
308,8229.739992
309,8258.804583
310,8297.644077
311,8280.007076
312,8249.485285
313,8252.767599
314,8245.067357
315,8244.370224
316,8273.580129
317,8260.621438
318,8305.144504
319,8272.680781
320,8223.626625
321,8207.621321
322,8275.936590
323,8297.695354
324,8222.877977
325,8243.971903
326,8271.536801
327,8314.158686
328,8306.836412
329,8337.002212
330,8319.514429
331,8303.100867
332,8343.660405
333,8371.540311
334,8393.147232
335,8378.449702
336,8371.724009
337,8401.192692
338,8413.788208
339,8365.255458
340,8440.719049
341,8424.747862
342,8453.644510
343,8439.811783
344,8395.674433
345,8407.254369
346,8416.642790
347,8455.503253
348,8450.715916
349,8452.092908
350,8435.325184
351,8441.447953
352,8410.980107
353,8425.982278
354,8435.894182
355,8443.639841
356,8432.890736
357,8458.159966
358,8377.394795
359,8394.168444
360,8403.897472
361,8369.886036
362,8422.575683
363,8431.794184
364,8442.423332
365,8459.797826
366,8457.511429
367,8408.031471
368,8400.059517
369,8409.947896
370,8434.484325
371,8472.683209
372,8408.192041
373,8417.004790
374,8450.809342
375,8401.313675
376,8379.975851
377,8320.418140
378,8378.050366
379,8465.569002
380,8456.850415
381,8478.232168
382,8470.247592
383,8468.114788
384,8413.230992
385,8426.369529
386,8436.157270
387,8447.214804
388,8430.431003
389,8457.646821
390,8420.576644
391,8414.627152
392,8417.904987
393,8429.808245
394,8432.335678
395,8434.795729
396,8369.341048
397,8401.686224
398,8445.737900
399,8427.644876
400,8422.171569
401,8438.705728
402,8411.129095
403,8414.474228
404,8395.966851
405,8439.220184
406,8439.834858
407,8438.794023
408,8438.592134
409,8417.002840
410,8421.589760
411,8434.277562
412,8437.022832
413,8424.486739
414,8389.220230
415,8402.017978
416,8410.177098
417,8424.307290
418,8432.232197
419,8381.101043
420,8385.185832
421,8420.430678
422,8462.965085
423,8424.495336
424,8387.542480
425,8365.808292
426,8407.360737
427,8411.551894
428,8421.015947
429,8430.515680
430,8427.024344
431,8439.254519
432,8454.829936
433,8412.773390
434,8410.432090
435,8424.361884
436,8431.983375
437,8400.547069
438,8397.760516
439,8388.438894
440,8405.798059
441,8461.277642
442,8455.889253
443,8470.120301
444,8453.309247
445,8438.195114
446,8426.588823
447,8431.682477
448,8439.367966
449,8431.328506
450,8462.443188
451,8430.006931
452,8398.046914
453,8402.310070
454,8435.196896
455,8434.778771
456,8429.686794
457,8445.247833
458,8401.137616
459,8431.030186
460,8411.611406
461,8400.870329
462,8449.109179
463,8437.503648
464,8457.036720
465,8471.562563
466,8434.833358
467,8432.171953
468,8446.594027
469,8447.220362
470,8442.464726
471,8420.996821
472,8418.300780
473,8427.596432
474,8476.374656
475,8493.019611
476,8445.358996
477,8438.268515
478,8446.298668
479,8433.564024
480,8443.179732
481,8391.861003
482,8479.305245
483,8473.156986
484,8413.401379
485,8473.997316
486,8452.677150
487,8402.189607
488,8437.333405
489,8481.956740
490,8485.002664
491,8481.521890
492,8455.703171
493,8437.346144
494,8441.226511
495,8426.712024
496,8422.397541
497,8443.984529
498,8454.619143
499,8447.248113
