0,3090.212151
1,3476.499829
2,3788.352981
3,4006.613470
4,4270.718695
5,4508.492684
6,4769.809033
7,4988.012735
8,5159.864608
9,5415.457028
10,5615.163669
11,5802.427244
12,5958.239297
13,6113.134531
14,6258.678385
15,6342.527643
16,6404.265236
17,6478.311847
18,6519.417952
19,6555.960043
20,6607.868057
21,6644.943036
22,6695.281240
23,6765.715358
24,6835.582636
25,6877.494740
26,6925.661073
27,6950.777333
28,7002.310328
29,7062.684349
30,7095.108730
31,7095.317039
32,7110.217148
33,7087.231836
34,7104.083211
35,7106.272193
36,7140.725069
37,7124.035126
38,7129.486050
39,7120.000970
40,7162.001774
41,7163.736628
42,7149.677041
43,7151.496568
44,7164.424401
45,7167.441349
46,7189.862539
47,7215.922073
48,7231.993308
49,7249.666453
50,7239.400224
51,7244.920116
52,7245.924587
53,7276.631681
54,7281.791384
55,7276.816388
56,7345.923089
57,7363.378264
58,7393.908748
59,7421.470192
60,7408.229573
61,7473.497460
62,7463.881662
63,7482.452595
64,7494.585966
65,7489.773921
66,7501.373679
67,7505.236981
68,7528.047116
69,7544.300865
70,7561.881011
71,7631.286986
72,7664.551627
73,7672.801717
74,7672.873928
75,7701.668324
76,7731.693172
77,7740.310411
78,7747.210562
79,7755.796164
80,7778.419722
81,7777.339492
82,7769.802178
83,7792.677464
84,7787.420201
85,7779.827674
86,7777.344409
87,7778.333732
88,7777.341420
89,7761.079592
90,7775.280559
91,7772.237868
92,7775.832405
93,7744.809460
94,7760.485539
95,7759.545490
96,7784.583492
97,7789.625196
98,7779.230551
99,7789.209085
100,7778.023348
101,7767.243609
102,7767.524662
103,7764.077072
104,7789.282601
105,7786.068632
106,7773.421156
107,7774.087488
108,7756.314571
109,7771.842501
110,7776.532401
111,7772.460636
112,7769.204156
113,7794.352766
114,7774.356200
115,7779.794205
116,7782.915913
117,7731.798464
118,7780.835764
119,7777.591426
120,7759.587875
121,7763.825964
122,7788.618785
123,7789.712800
124,7781.207212
125,7792.156131
126,7780.507333
127,7775.820334
128,7779.045986
129,7795.808796
130,7797.253987
131,7821.743684
132,7860.682876
133,7929.953347
134,8024.267573
135,8089.164576
136,8226.270552
137,8262.542862
138,8300.799267
139,8325.598706
140,8327.761130
141,8344.758766
142,8333.726083
143,8349.130857
144,8322.293112
145,8334.872862
146,8329.479019
147,8307.905371
148,8323.470578
149,8322.767928
150,8353.264124
151,8328.421300
152,8320.774238
153,8321.842270
154,8345.366741
155,8357.537650
156,8358.118714
157,8348.197181
158,8360.075251
159,8357.231986
160,8387.426093
161,8384.074524
162,8392.333989
163,8396.871439
164,8413.429240
165,8398.368846
166,8413.521470
167,8399.915476
168,8407.347992
169,8411.723365
170,8400.369079
171,8399.792748
172,8383.945998
173,8402.958352
174,8415.230399
175,8414.642916
176,8418.071747
177,8421.185298
178,8406.353056
179,8409.645388
180,8401.396087
181,8403.813390
182,8415.286369
183,8397.717755
184,8401.527279
185,8399.414488
186,8422.303338
187,8429.917565
188,8419.004725
189,8417.135708
190,8438.761569
191,8439.094644
192,8471.610798
193,8503.863528
194,8543.181601
195,8543.231097
196,8529.627212
197,8559.235587
198,8553.725296
199,8574.768309
200,8580.870292
201,8563.087198
202,8591.914157
203,8572.093260
204,8579.766211
205,8570.189933
206,8572.080185
207,8555.358113
208,8567.178103
209,8583.245088
210,8578.998933
211,8582.536829
212,8569.852104
213,8551.085871
214,8549.440228
215,8556.141036
216,8557.286818
217,8559.476865
218,8534.658749
219,8577.177694
220,8555.200653
221,8562.810640
222,8553.184441
223,8545.553824
224,8556.947631
225,8536.559914
226,8589.152418
227,8580.389106
228,8574.350895
229,8575.341903
230,8536.150959
231,8587.791468
232,8590.599968
233,8569.374428
234,8574.155149
235,8577.732710
236,8555.077490
237,8566.019639
238,8581.853486
239,8549.416401
240,8573.251984
241,8504.218636
242,8546.496112
243,8552.388893
244,8590.777310
245,8568.399532
246,8586.123993
247,8570.855406
248,8582.242041
249,8579.007664
250,8577.294743
251,8566.226584
252,8568.689678
253,8525.611929
254,8588.422576
255,8541.990292
256,8543.225450
257,8593.006292
258,8566.673209
259,8579.961469
260,8588.813156
261,8578.141684
262,8565.108798
263,8587.652974
264,8583.870733
265,8566.889453
266,8559.781189
267,8563.530602
268,8572.289756
269,8575.345424
270,8554.299756
271,8564.711577
272,8582.375949
273,8574.493803
274,8589.847462
275,8576.744720
276,8549.780432
277,8576.794836
278,8580.146182
279,8581.992356
280,8599.402511
281,8608.178061
282,8675.153677
283,8676.096490
284,8773.656810
285,8815.898912
286,8856.636651
287,8877.703933
288,8888.828634
289,8906.248297
290,8947.602893
291,8983.953891
292,8988.186797
293,9005.998968
294,9015.731735
295,9030.217485
296,9025.106509
297,9036.799895
298,9031.451269
299,9011.044544
300,9018.356021
301,8994.389443
302,9017.366432
303,9024.420632
304,9029.485674
305,9024.608026
306,9011.069799
307,9013.223990
308,9015.884351
309,9013.522669
310,9031.568510
311,9030.658347
312,9007.629569
313,9038.270059
314,8989.005424
315,8971.620971
316,8984.480865
317,8994.338815
318,8988.640139
319,8982.154573
320,8997.527800
321,9012.691031
322,9016.246589
323,8993.246860
324,9025.741346
325,9008.301135
326,9015.850885
327,9014.723567
328,8987.818551
329,9005.686552
330,9019.143408
331,9024.626749
332,9003.675760
333,9001.754273
334,9004.143764
335,9014.362726
336,9017.123216
337,9027.089413
338,9043.815075
339,9016.402497
340,9039.522631
341,9014.902267
342,9001.345639
343,8970.489077
344,9012.031376
345,9038.389592
346,9028.816664
347,8996.595535
348,8993.813465
349,9015.010945
350,8993.195553
351,8995.308552
352,8982.548052
353,8999.507639
354,9022.889428
355,9037.040544
356,9002.956614
357,9016.670210
358,9028.661601
359,9030.279666
360,9007.985871
361,8985.111876
362,9020.246104
363,9027.116961
364,9040.207117
365,9011.655473
366,9010.254304
367,9036.182515
368,9027.646892
369,9029.516954
370,9026.530883
371,9026.456230
372,9023.096917
373,9015.697321
374,9017.553637
375,9013.855869
376,9025.495230
377,9038.846026
378,9018.744342
379,9006.433518
380,9034.851460
381,9035.251961
382,8987.064345
383,9019.046898
384,9037.567418
385,8990.740206
386,9012.354956
387,9022.647029
388,9011.417818
389,8992.498303
390,8981.420076
391,8989.884884
392,9014.601905
393,9026.063808
394,8986.014733
395,9034.559200
396,8989.074471
397,9041.445674
398,9004.063930
399,9010.189800
400,8998.815121
401,9003.496142
402,9019.594372
403,9012.119711
404,9006.801707
405,9020.849658
406,9002.667925
407,9002.479390
408,8997.712790
409,9025.077455
410,9028.948512
411,9028.047230
412,9006.756725
413,9024.041707
414,9039.244253
415,9018.182361
416,9020.044495
417,9016.870082
418,9004.661986
419,9012.071747
420,9012.447105
421,9032.807109
422,9035.224528
423,9033.958556
424,9028.016558
425,8993.011767
426,9025.987550
427,9034.614830
428,9024.742805
429,9039.953121
430,9028.172443
431,9025.197405
432,9042.655719
433,9034.027912
434,9013.512924
435,9030.217780
436,9035.309895
437,9011.294889
438,9007.787060
439,8994.265037
440,9019.594248
441,9010.644475
442,9025.033716
443,9038.794953
444,9039.405962
445,9029.332823
446,9034.910891
447,9029.468738
448,9018.745562
449,9022.207551
450,9012.647901
451,9020.000867
452,9018.917172
453,9025.315785
454,9004.769362
455,8992.862833
456,9000.762637
457,9039.370230
458,9020.362554
459,9021.714309
460,9012.242133
461,9016.706634
462,9038.510221
463,9037.593951
464,9022.568668
465,9024.230170
466,9048.287754
467,9031.971601
468,9030.210818
469,9014.387057
470,9003.145651
471,9026.547655
472,9018.229420
473,8975.617363
474,9007.773503
475,9023.842869
476,9039.611879
477,8986.547128
478,9004.204833
479,9002.683956
480,9027.602076
481,9037.450381
482,9030.079655
483,9034.154283
484,9038.863706
485,9020.386682
486,9023.633282
487,8998.320472
488,9008.801513
489,9013.337699
490,8988.570585
491,9005.920297
492,9023.603223
493,9046.211505
494,9032.987387
495,8983.464961
496,8993.067322
497,8972.185717
498,9021.043336
499,9026.558439
