0,3060.405378
1,6099.616953
2,6510.958998
3,6825.435806
4,7180.467208
5,7460.979074
6,7755.410031
7,7972.928605
8,8256.917081
9,8597.325923
10,8823.156993
11,9012.001314
12,9207.628048
13,9396.458098
14,9685.714465
15,9914.496885
16,10365.949281
17,10456.451629
18,10585.700831
19,10752.374581
20,11075.127483
21,11210.602215
22,11421.229968
23,11495.589822
24,11698.707944
25,11795.464870
26,12078.452436
27,12243.663815
28,12308.093626
29,12533.874250
30,12652.788804
31,12699.362458
32,12945.916063
33,12974.633627
34,13090.265826
35,13050.672734
36,13062.565479
37,13296.196825
38,13338.894464
39,13339.236202
40,13383.552769
41,13363.019349
42,13391.284952
43,13594.523390
44,13553.489339
45,13625.143496
46,13851.238339
47,13807.372090
48,13865.783632
49,13950.183742
50,13979.009870
51,13934.825117
52,13991.523946
53,14000.780829
54,13951.074162
55,14023.929926
56,14158.082696
57,14234.511752
58,14272.776594
59,14163.883915
60,14217.632020
61,14348.713564
62,14319.449395
63,14320.763250
64,14245.865651
65,14332.685720
66,14367.935095
67,14392.598849
68,14281.513801
69,14438.204942
70,14440.315339
71,14521.856696
72,14360.811679
73,14494.294400
74,14451.023594
75,14597.472918
76,14585.868624
77,14541.273762
78,14513.040354
79,14708.392675
80,14635.799091
81,14574.839292
82,14538.150266
83,14530.424073
84,14625.547794
85,14490.649011
86,14527.680368
87,14518.935676
88,14604.712790
89,14725.054452
90,14763.946496
91,14691.472015
92,14678.226525
93,14557.132781
94,14873.964968
95,14832.173888
96,14802.893565
97,14847.083650
98,14887.094642
99,14752.250738
100,14923.752378
101,14816.892976
102,14829.921698
103,14785.293656
104,14854.997623
105,14834.213968
106,15090.355780
107,15086.061420
108,14991.214827
109,14984.673869
110,14801.791655
111,14730.788166
112,14794.967052
113,15003.653677
114,14982.817464
115,14681.592814
116,14693.710914
117,14793.132327
118,14844.241669
119,14869.071333
120,14885.564985
121,14965.823998
122,14988.834675
123,15067.468108
124,14866.866396
125,14842.810846
126,14862.910652
127,14761.161193
128,14786.111213
129,14816.434274
130,14949.569987
131,14832.588654
132,14825.643774
133,14720.397994
134,14605.729434
135,14704.174269
136,14927.703339
137,14900.628323
138,14954.112309
139,14619.188583
140,14684.684260
141,14831.679735
142,14772.609550
143,15005.950111
144,14986.001043
145,15058.606281
146,14913.718027
147,14959.380807
148,15012.925291
149,14884.254149
150,15006.377401
151,15088.667614
152,15024.942812
153,14971.932539
154,14851.136837
155,14901.818918
156,14846.570525
157,14879.935776
158,14944.054423
159,14938.508625
160,14875.130073
161,14797.120539
162,14789.977960
163,14784.570655
164,14701.593619
165,14782.792338
166,14761.674561
167,14926.398544
168,14859.175496
169,14913.690304
170,14753.337569
171,14762.512493
172,14768.706317
173,14790.108332
174,14977.666465
175,14970.049116
176,14860.191917
177,14670.537516
178,14908.072306
179,14822.458676
180,14827.460723
181,14812.300913
182,14939.144338
183,14990.277260
184,14934.773281
185,14940.242880
186,14641.893060
187,15071.050186
188,14928.123001
189,15116.999209
190,14971.160469
191,14926.833454
192,15001.857895
193,15014.981070
194,15000.804480
195,14970.507121
196,14935.338836
197,14920.106958
198,14840.829496
199,14789.303970
200,14700.266940
201,14988.207850
202,14818.359628
203,14887.498069
204,14784.199320
205,14740.824427
206,15056.536053
207,15021.049134
208,14938.557270
209,14990.830626
210,14896.324236
211,15090.126619
212,14997.325431
213,15001.058190
214,14983.892661
215,14809.347766
216,14779.743487
217,14970.786887
218,14855.340788
219,14723.237080
220,14804.337906
221,14892.021608
222,14875.736144
223,15007.645695
224,15101.826308
225,14845.869552
226,14800.246268
227,14860.080080
228,14991.999220
229,14871.118286
230,14743.711603
231,14788.109707
232,15093.822856
233,14964.651386
234,14752.066688
235,14667.200653
236,14658.589260
237,14862.952865
238,14912.694658
239,14685.576276
240,14799.956899
241,14755.304450
242,14761.300042
243,14756.892476
244,14806.123798
245,14842.595020
246,14816.634046
247,14973.818573
248,15000.302521
249,14788.716211
250,14764.824476
251,14821.533248
252,14898.905637
253,14838.778634
254,14847.301397
255,14989.043225
256,15087.531822
257,15084.893016
258,14915.529669
259,14832.542805
260,14823.712148
261,14897.786984
262,14787.262780
263,14901.233458
264,14667.824072
265,14857.328761
266,14876.316275
267,14998.434847
268,14911.092245
269,14908.089431
270,14881.662105
271,14997.366566
272,15048.363778
273,14862.886857
274,15019.551275
275,14896.211499
276,14763.063523
277,14958.781721
278,15004.660065
279,14819.111471
280,14897.612994
281,14937.572600
282,14607.659735
283,14984.923200
284,14920.465656
285,14841.873829
286,14809.435928
287,14759.455219
288,14776.502232
289,15045.493296
290,14977.472481
291,14837.775405
292,14898.209878
293,14891.407645
294,14772.680942
295,14791.291367
296,14760.955035
297,15011.482609
298,15096.371872
299,14954.543201
300,14721.348569
301,14955.985894
302,15049.310299
303,14864.026101
304,14701.778137
305,14956.292444
306,14913.692826
307,14838.571755
308,14907.233413
309,14989.003240
310,14909.554152
311,14785.075233
312,14915.959040
313,14803.295851
314,14930.478165
315,14888.471656
316,15000.135068
317,15146.677748
318,14911.510183
319,14796.333727
320,14728.019277
321,14773.698891
322,14782.337123
323,14605.283660
324,14660.216269
325,14671.697869
326,14733.392164
327,14959.327628
328,15126.120660
329,14878.229065
330,14778.336992
331,14957.155227
332,14811.106991
333,14875.523209
334,15005.424517
335,14914.764898
336,15022.010084
337,14975.903847
338,14949.606695
339,14856.378388
340,14986.314087
341,14983.586196
342,14839.212507
343,14865.844726
344,14888.414670
345,14932.748129
346,14885.281581
347,15030.360888
348,14999.930444
349,15086.673034
350,14799.498408
351,14918.226735
352,14836.640698
353,14820.885848
354,14830.738299
355,14812.460593
356,14882.083027
357,14906.801754
358,15076.659185
359,15073.000113
360,15037.592786
361,15093.409029
362,14892.360672
363,14956.137376
364,14967.147855
365,15045.696504
366,15185.715028
367,15000.729504
368,14927.013935
369,14952.381680
370,15078.579571
371,15080.941373
372,14761.514143
373,14903.517103
374,14959.568879
375,14794.057091
376,14808.946997
377,14801.542059
378,14857.266762
379,14974.777286
380,14802.445085
381,14947.589219
382,14683.743344
383,14935.167738
384,14743.368225
385,14706.240544
386,14771.475242
387,14903.579236
388,14948.531704
389,14947.532966
390,14814.105749
391,14869.625004
392,14923.513393
393,14763.327392
394,14897.927434
395,14988.777002
396,14881.683299
397,14732.475369
398,14735.501538
399,14760.842628
400,14948.301617
401,14824.613935
402,14900.391752
403,14934.822969
404,14781.136247
405,14895.042010
406,15025.585705
407,14992.437354
408,15075.941636
409,14853.104738
410,15133.341084
411,14885.910596
412,14837.785428
413,14868.138752
414,14897.832741
415,14642.915247
416,14850.932048
417,14836.187876
418,14888.658499
419,14781.091326
420,14622.321698
421,14978.496598
422,14683.681309
423,14951.706169
424,15051.908868
425,14896.547469
426,14886.283863
427,14836.338528
428,14785.115225
429,14835.006709
430,14793.828766
431,14931.381601
432,14798.872562
433,14701.742692
434,14743.306598
435,14710.299068
436,14911.253119
437,14859.890005
438,14867.046081
439,15114.946699
440,15006.726344
441,15024.526046
442,14994.239620
443,14899.714193
444,14667.597580
445,14777.557771
446,14965.074357
447,14919.556089
448,14871.963113
449,14661.679084
450,14932.890038
451,14890.544491
452,14870.231897
453,14653.908613
454,14828.046463
455,14784.343678
456,14950.255827
457,15044.606177
458,14893.725158
459,14856.703187
460,14577.103230
461,14823.937766
462,14840.845104
463,14919.710360
464,14979.373271
465,14914.110110
466,14852.861452
467,15039.633372
468,14739.203635
469,14869.502167
470,14951.417334
471,14881.702440
472,15020.291113
473,14987.478809
474,15123.627572
475,14825.747723
476,14824.308712
477,14878.137584
478,14943.113702
479,14792.710102
480,14619.174264
481,14729.591934
482,14802.628996
483,14771.054207
484,14937.059952
485,14951.865303
486,14837.766176
487,15058.369483
488,14963.662583
489,14917.738021
490,14940.017664
491,14903.254168
492,14852.627354
493,14749.222568
494,14823.114789
495,14774.903128
496,14910.026285
497,14941.662584
498,14882.441723
499,14874.743927
