0,3035.339078
1,6043.951041
2,6384.246503
3,6648.426519
4,6949.100193
5,7193.218826
6,7403.728242
7,7565.979283
8,7807.798029
9,8030.142113
10,8231.473493
11,8383.894736
12,8625.412308
13,8686.134575
14,8907.702152
15,9053.213550
16,9226.987792
17,9358.105367
18,9627.358026
19,9788.144769
20,9845.392085
21,10009.095053
22,10074.795769
23,10251.964756
24,10266.624096
25,10483.117550
26,10584.149688
27,10770.300756
28,10796.483210
29,10829.916135
30,10982.869700
31,11117.485732
32,11248.691049
33,11476.037654
34,11570.612367
35,11828.743575
36,11737.433202
37,11778.886967
38,12071.765813
39,11994.922529
40,12167.585720
41,12448.624765
42,12578.913724
43,12704.565495
44,12788.306047
45,12973.821161
46,13192.447682
47,13242.790789
48,13402.717993
49,13472.600190
50,13665.753808
51,13912.023450
52,13904.569714
53,14151.187230
54,14180.882777
55,14208.879340
56,14495.426623
57,14537.082170
58,14647.996153
59,14803.022870
60,14715.618583
61,14738.516997
62,14683.683044
63,14739.597228
64,14786.289381
65,14758.485014
66,14856.290825
67,14899.311141
68,14802.729656
69,15152.925861
70,15070.707087
71,15013.699766
72,14855.398972
73,14845.702183
74,14881.267123
75,14924.534562
76,15046.445796
77,14733.557673
78,14933.722608
79,14894.533224
80,14841.902347
81,14954.169724
82,14984.301335
83,15098.450629
84,14995.455492
85,15111.111758
86,15031.212633
87,14959.809535
88,15007.274756
89,15024.630637
90,15334.828248
91,15351.043110
92,15396.620872
93,15522.111204
94,15263.765565
95,15298.678541
96,15191.459549
97,15206.789679
98,15212.145793
99,15254.099231
100,15317.219585
101,15166.791234
102,15137.615498
103,15333.844505
104,15290.353122
105,15348.164755
106,15168.684272
107,15199.195236
108,15249.404306
109,15107.361356
110,15042.323208
111,15035.690167
112,15063.506621
113,15007.175842
114,15019.619506
115,15203.382920
116,15154.706563
117,14938.365555
118,15296.426123
119,15246.107157
120,15278.169473
121,15389.075794
122,15301.616751
123,15307.970773
124,15282.133987
125,15205.011388
126,15233.385737
127,15198.673184
128,15168.334262
129,15115.120809
130,15214.255229
131,15374.241307
132,15302.998922
133,15226.517330
134,15410.302667
135,15354.703891
136,15268.772767
137,15399.442306
138,15209.265870
139,14979.314856
140,15372.707096
141,15032.692168
142,15216.399019
143,15207.488347
144,15320.832286
145,15333.716452
146,15403.719811
147,15224.831802
148,15164.355641
149,15298.694080
150,15279.769599
151,15312.269699
152,15165.427036
153,15066.237337
154,15279.334014
155,15336.250825
156,15324.513803
157,15321.732125
158,15352.962343
159,15376.055623
160,15488.033229
161,15425.132526
162,15172.803896
163,15277.709637
164,15343.088935
165,15431.197521
166,15368.279461
167,15357.002228
168,15122.402306
169,15110.482205
170,15323.966589
171,15151.906340
172,14864.960826
173,15128.012144
174,15273.865819
175,14916.776501
176,15160.664975
177,15360.109034
178,15081.361982
179,15249.260255
180,15302.969760
181,15175.563436
182,15155.925245
183,15409.097321
184,15326.688320
185,15117.043362
186,15032.235182
187,15193.072324
188,15041.704821
189,15066.307019
190,15032.628320
191,15128.013041
192,15159.673449
193,15337.757750
194,15297.333934
195,15351.135840
196,15334.326638
197,15237.199893
198,15267.490161
199,15249.014180
200,15413.519121
201,15168.989661
202,15097.774964
203,15002.807451
204,15247.517670
205,15351.206776
206,15308.268976
207,15133.844830
208,15187.717745
209,15255.176523
210,15149.727988
211,15441.830281
212,15339.231527
213,15539.907401
214,15246.366531
215,15247.874830
216,15123.290382
217,15320.073455
218,15368.118575
219,15515.539870
220,15258.689903
221,15307.192679
222,15255.933685
223,15267.037144
224,15539.696797
225,15566.809436
226,15582.534716
227,15221.222250
228,15321.732029
229,15325.474638
230,15219.540474
231,15186.752012
232,15296.611004
233,15480.640726
234,15412.732975
235,15495.583124
236,15440.406371
237,15624.344582
238,15339.314878
239,15328.561583
240,15673.591772
241,15678.144261
242,15614.040235
243,15447.392592
244,15345.597576
245,15581.817534
246,15371.148978
247,15319.008854
248,15609.325331
249,15486.149450
250,15454.687619
251,15416.141661
252,15362.529121
253,15386.653255
254,15327.560356
255,15391.086337
256,15354.286679
257,15599.050213
258,15509.520389
259,15652.978936
260,15144.673002
261,15306.318687
262,15350.222762
263,15398.142700
264,15257.070095
265,15480.812136
266,15383.133876
267,15424.863676
268,15336.375147
269,15339.893913
270,15440.038925
271,15336.114666
272,15383.828436
273,15335.839332
274,15358.828697
275,15392.795881
276,15484.732073
277,15286.514848
278,15194.931371
279,15502.243987
280,15284.797282
281,15254.593850
282,15427.473623
283,15208.807082
284,15563.197078
285,15585.446815
286,15358.418976
287,15464.662873
288,15347.004933
289,15343.080723
290,15345.564177
291,15417.480720
292,15482.444705
293,15370.481271
294,15444.629924
295,15086.755719
296,15192.376460
297,15476.652459
298,15388.567654
299,15393.848745
300,15440.810226
301,15244.651099
302,15259.867281
303,15386.836414
304,15412.111785
305,15296.578680
306,15355.683922
307,15094.445235
308,15579.384981
309,15420.356795
310,15430.583970
311,15437.167113
312,15432.930823
313,15392.507264
314,15252.198193
315,15489.661237
316,15327.427942
317,15378.345431
318,15431.546232
319,15376.876053
320,15325.799760
321,15381.072908
322,15386.823036
323,15400.453105
324,15612.714214
325,15606.301307
326,15361.061303
327,15517.571536
328,15614.117054
329,15635.833472
330,15891.242387
331,15695.536286
332,15621.292952
333,15414.809779
334,15546.781776
335,15576.635221
336,15851.680486
337,15794.928265
338,15712.185776
339,15484.347705
340,15889.130821
341,16037.507026
342,15638.839245
343,15733.165862
344,15580.674721
345,15545.768112
346,15573.941086
347,15550.314559
348,15596.065551
349,15484.780620
350,15676.358122
351,15601.493800
352,15461.559551
353,15558.303026
354,15697.309530
355,15828.683797
356,15786.838565
357,15909.211606
358,15849.470927
359,15962.333658
360,15882.640237
361,15886.999895
362,16022.162902
363,16084.222985
364,15947.136705
365,15804.917275
366,15761.523392
367,15814.967656
368,15902.422381
369,15981.873400
370,15893.323897
371,15892.269697
372,15899.363457
373,15990.795076
374,15937.650178
375,16115.168580
376,16116.791558
377,16186.032873
378,16005.962860
379,16033.274176
380,15971.328678
381,16051.607554
382,15964.713052
383,15721.276638
384,15845.898784
385,16043.163859
386,15878.781256
387,15881.534024
388,16105.177913
389,15912.373785
390,15989.261451
391,15967.834210
392,16222.569196
393,16208.826168
394,16066.578736
395,15935.296308
396,16164.249542
397,16077.176586
398,16046.846203
399,15846.575357
400,15889.148050
401,15900.715774
402,15937.427827
403,15870.638907
404,15816.034864
405,15994.606226
406,15940.575135
407,16008.566588
408,15859.969013
409,16144.898550
410,16023.740841
411,16077.444068
412,15987.541049
413,16104.359096
414,15928.254966
415,15662.998170
416,15672.147660
417,15758.508053
418,15858.630070
419,15746.006705
420,15847.390143
421,15968.371576
422,15736.987268
423,16007.559315
424,16022.173182
425,15882.943951
426,15866.936476
427,15975.243539
428,15954.491172
429,16087.979688
430,16159.787926
431,15964.099105
432,16037.441337
433,15952.317069
434,16016.465997
435,16007.927071
436,16129.920810
437,16152.387500
438,15915.477623
439,16013.650671
440,16019.591792
441,16001.778875
442,15986.866806
443,16143.698810
444,16323.906016
445,16034.591027
446,15998.356922
447,15962.785451
448,16097.229000
449,16179.773169
450,15930.765738
451,16138.049459
452,16061.803707
453,15727.079469
454,15796.355800
455,15814.037147
456,15971.946762
457,15935.909263
458,15960.385284
459,16007.062885
460,16131.814534
461,16075.125524
462,16004.721554
463,16174.879388
464,16232.510101
465,16174.339439
466,15837.223435
467,16125.113633
468,15742.817866
469,15983.418610
470,15940.286606
471,15987.378454
472,15878.960467
473,15953.219459
474,15822.387484
475,15854.052152
476,16082.282577
477,15888.230795
478,15864.014331
479,16138.232153
480,16045.591814
481,15960.827182
482,16110.034088
483,16079.856457
484,15987.315160
485,16008.564781
486,15972.633091
487,15972.877531
488,16100.281402
489,16056.313353
490,15744.679525
491,15674.753743
492,15925.538740
493,15987.685792
494,15898.165428
495,15887.567738
496,15936.912360
497,16162.250784
498,16198.822377
499,16175.152843
