0,3006.783123
1,3251.490456
2,3514.342755
3,3709.618369
4,3836.602225
5,4090.816121
6,4242.961636
7,4359.269751
8,4487.534776
9,4708.484793
10,4901.670310
11,5042.750969
12,5223.750464
13,5358.418909
14,5529.732350
15,5622.145236
16,5800.171734
17,5963.355344
18,6101.699345
19,6280.254459
20,6459.897391
21,6561.830304
22,6669.326702
23,6683.416939
24,6739.287092
25,6777.888660
26,6854.174212
27,6913.406067
28,6886.704836
29,6935.681321
30,6953.968186
31,7003.697231
32,6960.411405
33,6985.128729
34,7044.371173
35,7102.608704
36,7159.384604
37,7124.352600
38,7098.700967
39,7156.591118
40,7158.335490
41,7190.032960
42,7234.984805
43,7166.547395
44,7242.584376
45,7119.395166
46,7083.796789
47,7164.666633
48,7143.541614
49,7203.968108
50,7176.317439
51,7200.595573
52,7249.717943
53,7311.793134
54,7306.399986
55,7303.773409
56,7338.372573
57,7262.831833
58,7286.139801
59,7288.417880
60,7301.195653
61,7265.321413
62,7328.515753
63,7336.169747
64,7319.269262
65,7339.400543
66,7318.436091
67,7338.145948
68,7344.810702
69,7337.401958
70,7258.503927
71,7305.879667
72,7342.394639
73,7335.843351
74,7381.857702
75,7365.911834
76,7337.219961
77,7304.600362
78,7333.638128
79,7393.316709
80,7375.578949
81,7368.246995
82,7353.094529
83,7329.301861
84,7343.503592
85,7323.183819
86,7351.002077
87,7379.531973
88,7385.494887
89,7368.179160
90,7345.157488
91,7277.241717
92,7339.604970
93,7319.561459
94,7366.844538
95,7361.734036
96,7385.399315
97,7335.786926
98,7319.461819
99,7304.726028
100,7281.637678
101,7329.452702
102,7337.175216
103,7366.596521
104,7302.446063
105,7335.880443
106,7340.961240
107,7329.003635
108,7367.055056
109,7362.384254
110,7332.654695
111,7165.965836
112,7314.893020
113,7273.021900
114,7278.972188
115,7284.428853
116,7215.934228
117,7264.850619
118,7328.497945
119,7326.981886
120,7329.182862
121,7324.817768
122,7271.918583
123,7323.116042
124,7308.051185
125,7353.087812
126,7266.168854
127,7405.453906
128,7444.210827
129,7448.295484
130,7462.644659
131,7449.070482
132,7433.360915
133,7400.767249
134,7426.624468
135,7449.225397
136,7464.307671
137,7532.730773
138,7556.538473
139,7538.984699
140,7570.313754
141,7615.985056
142,7618.674195
143,7636.271585
144,7616.237941
145,7435.810458
146,7520.266271
147,7634.603366
148,7607.671796
149,7622.581505
150,7661.916178
151,7605.114044
152,7635.017568
153,7554.801989
154,7607.824717
155,7580.954870
156,7656.030687
157,7721.035696
158,7725.956469
159,7647.538495
160,7675.545627
161,7567.561830
162,7589.438196
163,7635.638363
164,7603.629633
165,7479.166004
166,7551.629151
167,7671.758999
168,7703.163555
169,7710.041883
170,7665.850478
171,7625.995281
172,7661.965851
173,7619.799963
174,7599.729145
175,7563.865656
176,7487.678152
177,7562.118052
178,7632.028325
179,7708.184676
180,7581.977164
181,7633.467373
182,7576.886733
183,7678.218913
184,7599.975526
185,7626.026340
186,7687.286319
187,7756.522941
188,7660.407797
189,7643.904946
190,7665.210137
191,7614.374731
192,7686.439864
193,7652.159685
194,7632.586055
195,7673.883053
196,7552.428331
197,7520.167124
198,7611.381046
199,7685.699204
200,7723.925757
201,7751.177809
202,7713.061900
203,7665.204805
204,7719.379425
205,7700.574737
206,7712.542007
207,7740.637707
208,7700.930658
209,7725.347114
210,7744.861651
211,7677.861146
212,7675.378257
213,7667.956833
214,7678.854983
215,7671.901779
216,7712.582171
217,7681.504318
218,7620.935423
219,7652.031473
220,7697.729113
221,7696.038660
222,7698.059577
223,7639.590468
224,7652.737918
225,7714.415895
226,7679.694986
227,7643.557235
228,7613.054494
229,7645.928220
230,7636.624104
231,7573.524797
232,7612.235615
233,7669.715579
234,7642.150777
235,7682.443918
236,7749.766057
237,7673.180845
238,7587.361409
239,7668.097709
240,7640.829937
241,7619.526111
242,7610.882736
243,7614.594773
244,7618.653853
245,7687.693602
246,7690.691911
247,7656.276195
248,7590.712672
249,7551.767881
250,7646.351399
251,7702.708502
252,7739.785147
253,7710.058684
254,7647.636063
255,7681.145891
256,7648.464546
257,7530.990180
258,7533.261208
259,7636.921831
260,7699.303589
261,7659.313071
262,7639.976648
263,7585.647016
264,7622.488995
265,7621.540293
266,7723.641417
267,7726.456968
268,7681.348922
269,7655.752384
270,7708.791793
271,7684.034956
272,7664.326001
273,7652.164250
274,7732.087461
275,7704.512886
276,7660.111307
277,7668.807379
278,7671.238559
279,7680.489367
280,7718.577583
281,7719.140061
282,7676.631032
283,7628.515714
284,7677.183703
285,7712.871906
286,7698.879037
287,7663.657733
288,7701.181132
289,7608.099366
290,7649.770402
291,7705.824235
292,7642.685164
293,7663.637808
294,7617.303010
295,7641.523897
296,7494.866714
297,7455.192880
298,7517.930132
299,7591.555172
300,7649.476941
301,7656.319171
302,7606.351656
303,7625.166999
304,7682.040916
305,7723.973734
306,7653.408749
307,7742.485870
308,7675.099975
309,7645.793215
310,7602.997416
311,7665.412806
312,7722.551200
313,7672.488350
314,7527.853256
315,7541.228626
316,7663.375057
317,7700.549410
318,7663.203173
319,7663.315980
320,7583.824174
321,7635.557694
322,7611.776110
323,7516.723623
324,7608.366598
325,7642.398170
326,7655.150057
327,7610.527692
328,7586.996548
329,7637.260957
330,7666.940044
331,7743.112999
332,7724.275825
333,7696.034119
334,7689.163845
335,7679.187824
336,7704.144233
337,7700.062460
338,7703.845908
339,7595.182100
340,7658.869654
341,7678.031865
342,7698.533687
343,7730.695530
344,7704.358043
345,7716.486987
346,7662.450504
347,7622.736910
348,7645.422961
349,7635.149751
350,7634.633003
351,7611.819113
352,7697.705306
353,7633.299909
354,7655.051099
355,7686.241014
356,7680.869852
357,7602.126595
358,7660.534615
359,7645.981418
360,7649.722012
361,7649.450847
362,7674.116845
363,7590.727230
364,7611.089769
365,7654.322997
366,7581.659040
367,7634.280818
368,7687.785758
369,7707.217467
370,7668.389092
371,7659.326599
372,7668.955350
373,7726.387327
374,7758.850793
375,7761.053231
376,7732.299831
377,7703.304913
378,7708.245145
379,7749.491027
380,7592.787879
381,7523.679558
382,7607.319703
383,7662.926767
384,7575.510071
385,7721.651275
386,7703.042030
387,7705.261174
388,7614.842598
389,7756.061552
390,7731.966813
391,7835.960780
392,7880.618826
393,7853.109809
394,7881.301919
395,7867.822668
396,7849.159919
397,7829.481638
398,7885.169232
399,7876.780985
400,7894.574234
401,7865.426593
402,7857.645187
403,7811.306517
404,7762.777499
405,7767.333773
406,7872.394844
407,7805.999009
408,7802.261443
409,7879.866547
410,7887.306277
411,7831.313680
412,7830.350752
413,7871.118385
414,7839.077878
415,7889.578383
416,7812.394484
417,7857.282104
418,7876.843592
419,7840.768219
420,7871.004747
421,7920.753505
422,7894.534638
423,7842.800986
424,7835.632475
425,7819.048646
426,7907.579215
427,7810.676233
428,7814.455650
429,7866.965229
430,7849.748938
431,7853.422286
432,7827.896600
433,7844.107533
434,7843.303966
435,7825.519105
436,7761.916545
437,7873.275907
438,7904.972774
439,7928.567098
440,7854.573052
441,7883.849427
442,7805.183091
443,7819.313120
444,7779.892387
445,7798.374497
446,7785.151450
447,7810.061297
448,7864.286530
449,7820.906333
450,7840.370932
451,7815.867773
452,7827.218744
453,7823.955823
454,7826.378848
455,7846.362939
456,7847.872777
457,7877.404002
458,7811.252736
459,7841.726943
460,7740.797188
461,7826.666694
462,7794.846208
463,7746.151450
464,7826.542063
465,7850.814414
466,7866.153222
467,7891.938560
468,7870.659277
469,7898.773588
470,7810.892328
471,7888.752740
472,7829.882889
473,7732.193188
474,7820.126790
475,7676.323719
476,7733.644497
477,7699.159532
478,7709.089559
479,7796.919850
480,7791.627866
481,7773.360191
482,7893.809736
483,7920.618859
484,7867.951217
485,7811.904304
486,7862.697605
487,7829.858468
488,7788.851402
489,7879.899315
490,7927.853319
491,7884.412450
492,7834.254840
493,7851.843611
494,7794.300216
495,7775.468662
496,7698.965563
497,7747.590548
498,7790.683306
499,7784.045177
