0,3114.078169
1,6243.297285
2,6658.012236
3,7052.785146
4,7379.993545
5,7640.335664
6,7886.707009
7,8119.073492
8,8341.609534
9,8575.829968
10,8844.010943
11,9046.965914
12,9228.234444
13,9401.334488
14,9596.083944
15,9784.611130
16,10003.658125
17,10191.506572
18,10435.775867
19,10647.088825
20,10885.639056
21,11011.659128
22,11139.429454
23,11350.928827
24,11527.908366
25,11663.214110
26,11845.430457
27,11869.500009
28,12063.221947
29,12226.737927
30,12286.151809
31,12392.175397
32,12531.861831
33,12675.978794
34,12712.693763
35,12768.221706
36,12875.772949
37,13058.257880
38,13163.546083
39,13106.137879
40,13157.772899
41,13343.690178
42,13287.789285
43,13386.295153
44,13507.550400
45,13536.563697
46,13494.044866
47,13641.379650
48,13821.987454
49,13834.821324
50,13845.511046
51,13997.838316
52,14010.207444
53,14151.131740
54,14183.517905
55,14441.764920
56,14494.958837
57,14736.436554
58,14775.234038
59,14780.943325
60,14947.557138
61,15038.883114
62,15148.920168
63,15116.780008
64,15111.685196
65,15217.101564
66,15253.123955
67,15232.390622
68,15361.945622
69,15371.695476
70,15507.191616
71,15444.618791
72,15509.320543
73,15574.660517
74,15446.895487
75,15443.249014
76,15510.279609
77,15522.922715
78,15684.243530
79,15673.185673
80,15629.716158
81,15662.563853
82,15605.808077
83,15536.328141
84,15579.752238
85,15739.270074
86,15705.755831
87,15729.983717
88,15678.764353
89,15602.196255
90,15736.523323
91,15777.559113
92,15757.689050
93,15837.430448
94,15752.324871
95,15657.132173
96,15671.886684
97,15708.444045
98,15843.980341
99,15801.048612
100,15741.794174
101,15775.628984
102,15766.273950
103,15705.791222
104,15907.839849
105,15798.986485
106,15789.831162
107,15753.736804
108,15807.635552
109,15906.300163
110,15989.161682
111,15935.431273
112,15881.821295
113,15870.964593
114,15918.108564
115,16071.215569
116,15953.589164
117,15921.758883
118,15919.538948
119,16057.636314
120,16237.130549
121,16069.144465
122,15890.374919
123,15855.554321
124,15987.527786
125,15816.940682
126,15897.184314
127,16072.281523
128,16036.988419
129,16104.485518
130,15984.040426
131,15903.038422
132,15938.029857
133,15928.363437
134,16016.102149
135,16029.773303
136,15913.079262
137,16015.175570
138,16119.027809
139,16199.182876
140,16248.303592
141,16365.917001
142,16153.708004
143,16447.467728
144,16445.254602
145,16508.084182
146,16304.181914
147,16270.829976
148,16293.106912
149,16278.923437
150,16461.365724
151,16365.310507
152,16305.468145
153,16381.435748
154,16276.806381
155,16264.637673
156,16253.181940
157,16383.917437
158,16345.255732
159,16340.628709
160,16404.429144
161,16422.804291
162,16253.354434
163,16214.475203
164,16360.581852
165,16273.754422
166,16365.685655
167,16220.061970
168,16130.197275
169,16267.979446
170,16393.926555
171,16451.043674
172,16424.037313
173,16322.332274
174,16368.292093
175,16170.308042
176,16199.404850
177,16288.231051
178,16190.862043
179,16228.061664
180,16311.871884
181,16328.011146
182,16424.847071
183,16345.766469
184,16330.629974
185,16314.639638
186,16342.634484
187,16374.844272
188,16353.840625
189,16487.630202
190,16348.632797
191,16432.770668
192,16510.747356
193,16458.968895
194,16351.519265
195,16420.434337
196,16384.852857
197,16261.707037
198,16198.235469
199,16284.864431
200,16295.658567
201,16279.166336
202,16272.705012
203,16451.645599
204,16219.799536
205,16393.229263
206,16429.686437
207,16447.112346
208,16450.723171
209,16414.253925
210,16455.030110
211,16472.401739
212,16477.178494
213,16512.998899
214,16501.870515
215,16514.879439
216,16532.599102
217,16545.935548
218,16608.500788
219,16623.730578
220,16732.771491
221,16688.586412
222,16610.261941
223,16596.344033
224,16690.446604
225,16559.216525
226,16446.364101
227,16603.288507
228,16729.672236
229,16682.346311
230,16614.790344
231,16594.686667
232,16551.202365
233,16550.233855
234,16545.637572
235,16552.971690
236,16531.001772
237,16438.369877
238,16561.332937
239,16641.779864
240,16726.224220
241,16807.099413
242,16626.035243
243,16672.549701
244,16732.660341
245,16738.673787
246,16712.725181
247,16687.065134
248,16762.605194
249,16825.420321
250,16944.896277
251,16929.496111
252,16813.027821
253,16671.471459
254,16598.479879
255,16705.202853
256,16815.826402
257,16676.208404
258,16726.432285
259,16772.833069
260,16678.294971
261,16691.721574
262,16759.443821
263,16740.319588
264,16801.041238
265,16761.895457
266,16811.034923
267,16768.293639
268,16921.404942
269,16850.524243
270,16866.249160
271,16765.457673
272,16709.557645
273,16701.142688
274,16749.637575
275,16703.478254
276,16681.101416
277,16666.520940
278,16886.574887
279,16789.141873
280,16714.410785
281,16497.844782
282,16708.188279
283,16708.037845
284,16584.164698
285,16722.556725
286,16590.782126
287,16708.868323
288,16709.373700
289,16721.408622
290,16828.436003
291,16791.997802
292,16658.378773
293,16617.883522
294,16807.481568
295,16860.609615
296,16899.357007
297,16751.649487
298,16877.375864
299,16818.249698
300,16835.168851
301,16964.999280
302,16790.465436
303,16764.356017
304,16650.501528
305,16662.597788
306,16821.467473
307,16811.733896
308,16874.917664
309,16787.552010
310,16898.496703
311,16929.150403
312,16880.336928
313,16910.888205
314,16854.710492
315,17099.422363
316,17049.751975
317,17017.464711
318,17096.455610
319,17095.437988
320,16991.439986
321,16898.395220
322,17001.718758
323,17003.690325
324,16977.180838
325,16956.930032
326,16943.032363
327,16958.929951
328,16960.923203
329,16958.835934
330,16958.938587
331,17106.255544
332,17038.365141
333,17148.503161
334,17016.668566
335,16971.753124
336,17002.870953
337,16996.358040
338,16887.718228
339,17032.387940
340,16978.523494
341,17226.922785
342,17123.563137
343,17097.324987
344,17025.289381
345,17114.243587
346,17092.106601
347,17027.972345
348,16942.078513
349,17043.402929
350,16932.315995
351,16985.120364
352,16904.564064
353,16890.602633
354,17001.835999
355,16902.111459
356,16997.702563
357,16895.589207
358,16964.530016
359,16998.693745
360,17065.481573
361,17073.425417
362,17045.418720
363,17183.864786
364,16993.138576
365,17132.217583
366,17020.747447
367,17122.083048
368,16892.173632
369,17045.393560
370,16949.989074
371,17034.736165
372,16987.777670
373,17031.926789
374,17042.895320
375,17055.911294
376,17042.597830
377,17040.505238
378,17018.842916
379,16971.580775
380,17115.208538
381,17026.779343
382,16865.424390
383,17050.407911
384,16955.698780
385,16954.985411
386,17002.337183
387,17002.484288
388,16979.645377
389,16962.158755
390,16845.724682
391,17052.017653
392,16977.969010
393,16775.368436
394,17016.768411
395,17023.754862
396,16897.089510
397,16950.881110
398,16994.693640
399,16901.834640
400,16892.516648
401,16860.211996
402,16910.639045
403,16914.258974
404,16743.696339
405,16835.547079
406,16872.481330
407,16903.680678
408,16983.097128
409,17059.318137
410,17119.796251
411,16979.991867
412,17199.135087
413,17069.032529
414,17047.059826
415,17098.795226
416,17013.213753
417,16876.058007
418,16834.780978
419,16789.373442
420,16931.524949
421,16920.581803
422,16956.968383
423,16919.179794
424,17005.558899
425,16806.090464
426,16947.563062
427,16916.819511
428,17033.368117
429,17062.607865
430,17159.946920
431,17007.000890
432,16929.697128
433,16887.472387
434,17052.053327
435,16987.420048
436,17080.351343
437,17059.013703
438,17049.263515
439,17173.023143
440,17046.007113
441,17060.719160
442,16978.512041
443,16921.051502
444,16954.129379
445,16905.621144
446,16900.995159
447,16948.244607
448,16991.638958
449,17054.655506
450,17030.439380
451,16992.219006
452,16985.332366
453,17020.434484
454,17003.430651
455,17014.895797
456,16993.813971
457,16905.313862
458,16927.261870
459,16947.659083
460,17024.999827
461,16987.019101
462,16990.550209
463,16936.445070
464,16840.583697
465,16878.663983
466,17015.664862
467,16972.177932
468,16949.310402
469,17092.027254
470,16958.918577
471,17124.877867
472,16897.431898
473,16950.191147
474,16963.035730
475,17020.457813
476,16997.171377
477,17135.585297
478,16962.525417
479,16804.985726
480,16850.380713
481,16884.420112
482,17079.582008
483,16912.748620
484,16918.904396
485,16836.290738
486,16880.603284
487,16992.415925
488,17087.518344
489,17105.592312
490,17083.859918
491,17186.314900
492,17046.791961
493,16918.626821
494,17076.644585
495,16936.406804
496,16911.795703
497,17018.092487
498,17004.635203
499,16955.875201
