0,3044.045183
1,3370.037988
2,3563.319711
3,3733.003597
4,3922.378418
5,4049.325949
6,4149.543243
7,4265.348941
8,4359.990038
9,4473.230509
10,4477.875310
11,4523.448258
12,4620.884587
13,4617.481695
14,4644.154494
15,4648.122500
16,4676.424936
17,4731.402317
18,4706.008892
19,4716.292644
20,4691.029207
21,4746.106782
22,4854.318075
23,4902.954002
24,5001.846908
25,4980.281879
26,4952.618598
27,4967.741295
28,5038.745495
29,5052.113159
30,5125.393452
31,5182.800984
32,5192.587916
33,5186.908842
34,5258.625758
35,5269.997202
36,5238.138967
37,5340.674759
38,5286.638545
39,5219.708460
40,5237.777613
41,5263.441626
42,5362.587986
43,5398.161071
44,5299.914085
45,5319.663242
46,5307.721218
47,5315.334826
48,5367.688339
49,5398.380340
50,5416.259957
51,5466.229705
52,5463.643155
53,5454.217471
54,5457.724353
55,5445.544886
56,5515.570193
57,5546.892958
58,5572.446449
59,5517.771464
60,5523.188378
61,5499.383652
62,5492.113860
63,5518.255195
64,5535.253164
65,5449.606822
66,5555.916713
67,5602.067601
68,5623.944722
69,5583.645550
70,5508.601068
71,5498.526675
72,5515.317961
73,5516.631832
74,5529.390345
75,5508.291429
76,5575.444799
77,5621.541809
78,5572.889994
79,5571.848991
80,5578.432484
81,5623.572031
82,5682.842393
83,5735.259012
84,5603.217185
85,5619.828757
86,5600.685244
87,5745.349170
88,5718.191644
89,5663.022681
90,5654.242679
91,5657.859010
92,5623.531837
93,5567.733110
94,5721.094515
95,5710.681033
96,5744.402269
97,5702.923644
98,5801.866783
99,5781.975774
100,5866.681742
101,5761.496659
102,5780.505178
103,5842.281605
104,5798.404110
105,5702.383862
106,5686.824236
107,5706.618297
108,5729.550612
109,5693.374063
110,5832.271605
111,5947.034559
112,5943.406633
113,5967.071509
114,5995.354036
115,5996.875094
116,5894.829053
117,5843.794917
118,5779.471320
119,5785.342340
120,5803.801299
121,5838.788273
122,5853.794740
123,5809.750590
124,5711.618067
125,5820.364287
126,5802.499613
127,5725.823544
128,5682.717658
129,5800.812702
130,5732.374817
131,5583.142261
132,5595.097392
133,5559.978315
134,5573.492397
135,5570.337637
136,5477.708822
137,5609.343867
138,5570.727551
139,5590.585826
140,5582.167054
141,5663.544937
142,5718.937207
143,5667.352291
144,5729.076892
145,5741.163751
146,5709.648389
147,5630.443757
148,5700.128561
149,5793.794595
150,5647.815912
151,5636.246473
152,5656.061472
153,5553.291237
154,5551.424806
155,5570.202469
156,5591.142446
157,5654.202108
158,5680.186909
159,5539.776539
160,5595.416697
161,5531.276315
162,5535.184733
163,5512.857701
164,5518.399593
165,5659.118944
166,5664.837331
167,5759.560356
168,5737.776234
169,5747.822831
170,5739.445025
171,5760.966190
172,5785.191137
173,5789.508774
174,5801.985399
175,5745.335525
176,5676.706019
177,5660.488398
178,5744.771730
179,5751.701270
180,5691.594045
181,5695.113370
182,5642.270142
183,5642.485895
184,5763.145310
185,5798.416158
186,5581.645806
187,5563.837239
188,5641.911350
189,5679.681613
190,5729.698126
191,5740.641397
192,5815.982216
193,5852.463158
194,5771.132834
195,5725.158111
196,5767.309720
197,5687.678650
198,5738.308110
199,5683.543323
200,5740.149394
201,5685.674229
202,5559.207719
203,5697.178688
204,5729.649183
205,5665.014039
206,5662.791133
207,5650.415313
208,5736.822178
209,5716.453313
210,5823.961994
211,5787.701250
212,5805.984670
213,5796.645809
214,5882.738441
215,5962.953205
216,5993.455790
217,5866.737503
218,5740.944366
219,5806.411078
220,5916.903471
221,5855.111372
222,5782.409275
223,5820.013789
224,5767.701343
225,5828.078857
226,5894.715044
227,5976.855869
228,5827.878129
229,5752.173779
230,5827.954191
231,5943.215632
232,5770.818703
233,5786.583162
234,5739.444524
235,5697.112849
236,5811.904777
237,5855.374702
238,5837.976748
239,5878.239655
240,5825.696599
241,5850.321361
242,5883.042188
243,5823.264287
244,5926.475667
245,5950.901362
246,5797.441253
247,5821.379072
248,5745.884127
249,5666.328504
250,5678.380227
251,5696.543460
252,5751.658550
253,5816.439799
254,5853.754083
255,5931.954737
256,6004.045447
257,5851.964958
258,5819.746266
259,5878.698932
260,5777.639154
261,5762.770802
262,5849.352131
263,5876.263694
264,5811.674528
265,5803.510584
266,5855.200143
267,5773.727715
268,5798.005286
269,5648.086698
270,5608.868488
271,5731.329131
272,5635.239339
273,5714.606835
274,5593.370709
275,5662.331691
276,5708.167318
277,5682.093438
278,5688.403627
279,5651.905608
280,5775.188746
281,5808.755004
282,5782.455540
283,5794.017130
284,5816.474254
285,5817.325177
286,5785.597284
287,5757.122702
288,5639.563451
289,5631.982809
290,5673.270538
291,5700.176396
292,5825.337955
293,5784.337228
294,5710.233388
295,5779.121110
296,5851.603279
297,5761.144711
298,5753.896680
299,5817.550753
300,5832.157622
301,5905.285314
302,5802.427778
303,5953.130890
304,5900.179908
305,5863.024520
306,5950.598324
307,5947.511859
308,5962.126445
309,5955.806523
310,5832.654083
311,5984.808160
312,5891.853487
313,5884.917230
314,6058.781745
315,6076.174536
316,5971.371173
317,5902.687682
318,5866.660058
319,5904.735998
320,5960.571484
321,5993.860894
322,5912.323139
323,5891.345655
324,5974.668719
325,6031.964854
326,5925.806433
327,5933.299598
328,5914.515530
329,5917.625010
330,5962.508460
331,6026.140781
332,5985.454148
333,6010.851774
334,6091.696333
335,6072.549120
336,6013.463195
337,5961.927492
338,5946.729934
339,6078.934121
340,5961.344863
341,5942.515967
342,5962.646591
343,6026.757882
344,5928.802184
345,5951.746707
346,6013.611933
347,5876.202091
348,5984.799158
349,5904.221993
350,5735.153847
351,5795.445663
352,5886.534142
353,5838.533321
354,5805.354674
355,5780.882323
356,5962.849884
357,5922.497944
358,5839.751902
359,5826.981813
360,5890.895730
361,5935.777332
362,6008.207015
363,5955.716777
364,5841.915604
365,5872.737683
366,5936.938997
367,5899.792482
368,5865.781805
369,5840.263013
370,5790.569068
371,5843.629249
372,5907.237517
373,5870.010940
374,5929.692671
375,5844.976478
376,5933.827869
377,5887.631606
378,5945.233496
379,6046.745477
380,5998.639796
381,6033.203082
382,6123.219976
383,5999.419393
384,5978.623293
385,5987.864617
386,6029.506286
387,6165.023475
388,6220.930056
389,6117.771042
390,6179.553264
391,6062.987560
392,6116.123551
393,6072.358155
394,6088.267577
395,6187.026664
396,6119.449717
397,6195.924367
398,6250.598192
399,6252.646316
400,6219.458053
401,6164.366667
402,6135.454486
403,6168.632774
404,6275.582471
405,6375.904625
406,6155.785581
407,6077.469461
408,6181.231747
409,6098.272071
410,6174.996765
411,6003.183955
412,6028.276544
413,6065.264675
414,5967.244152
415,5969.805084
416,6069.093351
417,6045.242222
418,6237.082857
419,6128.374603
420,6108.683921
421,6185.431400
422,6140.796690
423,6083.733415
424,6007.800184
425,6086.074842
426,6223.517552
427,6170.095132
428,5915.499811
429,6045.526995
430,6133.957050
431,6026.473175
432,6056.028930
433,6166.352084
434,6112.737440
435,5998.349756
436,5963.651535
437,6021.530131
438,5936.568549
439,5971.687721
440,6059.218448
441,6081.799526
442,6068.655791
443,6011.488609
444,6007.665669
445,6004.865768
446,6210.829016
447,6177.342108
448,6117.035403
449,6022.255284
450,5961.203351
451,6099.042300
452,6214.493616
453,6187.162977
454,6137.059282
455,6246.382852
456,6114.301626
457,6049.604669
458,6038.357739
459,6009.318276
460,6099.420195
461,6159.748049
462,6254.004041
463,6175.829391
464,6186.281485
465,6147.904653
466,6221.379482
467,6087.429364
468,6033.231482
469,5985.166036
470,6033.931699
471,6048.694547
472,6088.884329
473,6058.892096
474,6042.163007
475,6051.748071
476,5919.439321
477,5975.308805
478,6088.196912
479,6091.325460
480,6205.113473
481,6067.838428
482,6272.545134
483,6304.083531
484,6236.149429
485,6206.925991
486,6144.573058
487,6090.924003
488,5981.536900
489,6023.534058
490,6019.571779
491,5996.243662
492,6042.028598
493,5958.882432
494,6044.722066
495,6107.812224
496,6150.443746
497,6091.378618
498,6084.054229
499,6161.280622
