0,3088.684436
1,3269.140263
2,3365.749688
3,3583.865587
4,3656.681637
5,3834.631006
6,3947.135989
7,4043.138889
8,4156.401155
9,4350.584932
10,4491.522365
11,4594.456330
12,4810.000314
13,5040.240673
14,5232.335515
15,5362.768290
16,5601.961788
17,5798.799187
18,5958.731488
19,6047.584115
20,6098.067289
21,6259.736687
22,6324.606616
23,6388.137446
24,6420.391059
25,6422.585546
26,6514.123969
27,6456.169663
28,6516.184239
29,6565.853563
30,6673.432360
31,6668.500915
32,6653.411131
33,6643.919570
34,6693.417590
35,6691.607827
36,6733.952476
37,6790.144970
38,6791.133018
39,6794.111702
40,6760.639151
41,6829.820696
42,6873.208934
43,6874.353606
44,6880.390544
45,6921.268370
46,6936.941350
47,6943.738830
48,6910.384983
49,6942.352919
50,6967.504053
51,7001.861485
52,7003.069551
53,7013.265210
54,7000.279483
55,7021.558132
56,7010.637801
57,7063.140464
58,7060.325008
59,7074.045233
60,7060.210050
61,7076.209462
62,7049.796533
63,7070.098337
64,7081.888386
65,7122.965642
66,7169.733177
67,7203.304250
68,7209.446392
69,7193.582645
70,7187.923691
71,7252.648093
72,7277.560696
73,7354.811355
74,7329.936641
75,7323.155458
76,7391.211721
77,7421.564827
78,7364.002281
79,7418.008072
80,7432.925815
81,7457.953572
82,7508.458163
83,7525.583069
84,7465.469094
85,7491.008214
86,7470.641569
87,7564.785162
88,7599.866156
89,7583.322745
90,7562.738176
91,7588.670537
92,7559.770864
93,7628.888014
94,7608.623811
95,7644.707810
96,7651.828430
97,7668.474127
98,7678.896902
99,7709.427688
100,7684.989306
101,7753.851558
102,7723.523180
103,7725.963216
104,7738.317800
105,7768.843207
106,7817.208602
107,7853.025764
108,7834.819282
109,7819.834014
110,7902.224697
111,7858.342756
112,7873.074440
113,7953.442237
114,7944.133643
115,7976.475211
116,7980.523989
117,7968.901966
118,8009.604836
119,7967.130864
120,7982.799250
121,8085.802378
122,8087.682422
123,8066.154855
124,8106.572105
125,8119.644810
126,8152.885483
127,8115.641438
128,8151.629266
129,8150.342686
130,8213.781740
131,8197.132651
132,8182.381120
133,8193.663787
134,8205.993689
135,8238.302009
136,8237.928503
137,8198.724422
138,8196.254459
139,8220.110249
140,8235.847570
141,8294.447640
142,8294.751617
143,8290.743260
144,8288.894203
145,8255.544530
146,8282.053292
147,8282.770525
148,8323.529086
149,8361.393714
150,8374.102783
151,8354.833609
152,8335.200549
153,8356.780461
154,8381.924856
155,8421.047480
156,8401.025498
157,8430.453734
158,8425.781701
159,8418.103292
160,8414.233933
161,8419.090307
162,8419.395385
163,8431.133218
164,8444.116430
165,8438.446180
166,8453.015100
167,8424.710576
168,8444.290534
169,8431.477966
170,8446.250742
171,8427.714476
172,8468.324158
173,8475.083683
174,8492.757721
175,8488.552300
176,8477.159075
177,8472.118368
178,8491.678724
179,8487.268840
180,8493.655752
181,8501.456759
182,8490.635200
183,8523.533268
184,8525.376107
185,8513.325765
186,8506.012138
187,8521.108706
188,8540.941742
189,8537.928296
190,8534.223107
191,8525.398562
192,8529.730411
193,8548.411979
194,8536.090568
195,8545.239944
196,8546.852653
197,8556.191464
198,8536.242114
199,8537.102270
200,8546.849008
201,8556.272161
202,8553.052361
203,8541.681488
204,8547.142454
205,8545.795079
206,8547.374290
207,8544.615350
208,8555.618333
209,8544.917652
210,8553.557039
211,8550.542869
212,8549.439913
213,8560.582088
214,8553.404877
215,8552.729020
216,8554.598613
217,8559.057109
218,8558.236434
219,8557.146500
220,8543.147340
221,8561.121048
222,8557.927021
223,8553.721178
224,8558.915575
225,8547.322013
226,8559.585231
227,8550.320414
228,8557.786137
229,8555.583724
230,8558.370906
231,8561.784360
232,8552.201696
233,8559.057135
234,8561.323599
235,8563.060880
236,8562.388251
237,8563.438678
238,8562.174404
239,8558.872516
240,8560.865497
241,8558.023128
242,8553.182734
243,8555.740480
244,8557.577712
245,8563.234547
246,8560.298596
247,8556.314723
248,8560.183796
249,8552.198694
250,8546.705999
251,8556.238711
252,8559.433949
253,8566.074810
254,8561.337174
255,8566.217356
256,8554.846909
257,8563.029419
258,8564.280842
259,8562.233536
260,8557.327362
261,8558.806943
262,8558.614584
263,8564.806211
264,8566.484852
265,8566.084502
266,8559.937805
267,8557.562524
268,8549.741547
269,8552.229972
270,8558.548606
271,8563.513410
272,8559.784406
273,8557.945402
274,8562.247510
275,8557.761935
276,8554.196373
277,8548.037479
278,8563.121484
279,8556.469868
280,8560.878818
281,8550.994264
282,8558.076772
283,8562.885959
284,8563.881324
285,8560.196218
286,8561.252614
287,8553.967088
288,8559.459032
289,8559.973182
290,8563.748593
291,8566.232130
292,8564.889710
293,8561.466409
294,8559.511902
295,8569.205829
296,8566.194094
297,8570.492781
298,8563.946305
299,8560.451346
300,8565.525682
301,8565.085358
302,8570.401646
303,8568.798849
304,8570.948932
305,8566.481272
306,8567.603949
307,8572.565828
308,8574.558359
309,8566.730436
310,8575.496792
311,8577.344113
312,8573.564019
313,8581.415876
314,8586.513925
315,8577.137762
316,8580.400222
317,8586.419049
318,8593.973289
319,8579.773914
320,8598.105981
321,8601.492745
322,8601.172520
323,8603.585806
324,8611.262145
325,8615.304351
326,8613.808424
327,8617.220428
328,8625.045168
329,8626.156132
330,8638.914270
331,8662.692370
332,8682.920779
333,8715.670894
334,8727.694114
335,8738.170492
336,8739.464458
337,8744.609936
338,8750.384142
339,8741.652778
340,8733.417939
341,8744.607321
342,8752.320740
343,8748.306546
344,8736.935222
345,8743.701319
346,8749.360160
347,8754.681417
348,8749.850969
349,8748.643359
350,8749.056139
351,8748.811669
352,8752.669968
353,8747.966838
354,8734.870148
355,8735.956784
356,8754.270304
357,8748.667355
358,8749.027676
359,8748.770643
360,8750.800843
361,8751.001862
362,8748.541048
363,8745.126825
364,8746.831058
365,8744.863395
366,8747.749515
367,8749.971544
368,8752.923712
369,8750.472401
370,8751.346770
371,8750.571887
372,8748.708721
373,8753.768444
374,8754.065625
375,8751.983556
376,8743.217383
377,8752.214163
378,8752.081889
379,8756.673603
380,8758.248299
381,8756.444057
382,8755.890909
383,8751.909076
384,8751.407696
385,8755.746079
386,8757.244388
387,8753.987860
388,8757.414889
389,8751.786967
390,8761.222183
391,8756.799910
392,8761.622296
393,8751.839935
394,8757.825509
395,8755.798608
396,8756.742681
397,8762.406432
398,8756.538371
399,8757.918818
400,8760.890124
401,8758.164028
402,8756.274611
403,8761.017083
404,8755.735704
405,8753.220667
406,8758.448496
407,8758.431077
408,8759.316212
409,8755.291686
410,8754.265751
411,8757.137284
412,8759.874764
413,8759.477434
414,8750.722624
415,8759.266148
416,8762.535173
417,8748.429737
418,8754.784529
419,8753.955892
420,8756.926574
421,8758.119076
422,8755.470029
423,8750.571326
424,8757.280130
425,8752.347874
426,8754.110307
427,8754.360523
428,8762.478199
429,8762.182891
430,8760.844988
431,8752.180463
432,8760.834298
433,8762.377477
434,8758.261204
435,8761.512112
436,8754.440699
437,8754.266055
438,8756.011851
439,8760.105175
440,8758.614672
441,8753.879799
442,8757.444382
443,8760.604555
444,8759.629862
445,8759.070079
446,8752.513996
447,8758.125390
448,8755.053772
449,8761.408740
450,8756.279799
451,8756.524408
452,8761.418127
453,8751.469220
454,8752.355906
455,8760.421181
456,8754.924986
457,8760.393093
458,8754.176434
459,8749.114784
460,8754.737185
461,8758.867637
462,8758.686533
463,8756.411118
464,8753.655075
465,8757.887593
466,8760.926923
467,8756.033192
468,8757.023435
469,8760.335094
470,8757.628570
471,8760.961416
472,8763.098323
473,8759.661510
474,8757.879099
475,8755.121765
476,8759.939755
477,8759.447578
478,8758.432043
479,8758.940379
480,8761.269298
481,8756.927318
482,8758.975298
483,8763.079804
484,8750.608219
485,8758.210896
486,8753.951282
487,8757.900175
488,8756.400494
489,8760.683181
490,8764.493879
491,8761.008496
492,8756.441023
493,8756.412225
494,8753.561280
495,8754.705137
496,8757.275777
497,8746.385777
498,8760.193746
499,8749.730090
