0,3128.564999
1,3609.600557
2,3889.647662
3,4144.158127
4,4458.467609
5,4792.560117
6,5092.588741
7,5347.764935
8,5597.345665
9,5859.203886
10,6205.579559
11,6449.191593
12,6709.611301
13,7011.169664
14,7219.234440
15,7357.087067
16,7481.481318
17,7609.608462
18,7712.079739
19,7780.081728
20,7858.749035
21,7901.717746
22,7945.554301
23,8003.083649
24,8044.810235
25,8054.880259
26,8071.994244
27,8074.432421
28,8074.432421
29,8074.432421
30,8074.432421
31,8074.432421
32,8074.432421
33,8074.432421
34,8074.432421
35,8074.432421
36,8074.432421
37,8074.432421
38,8074.432421
39,8074.432421
40,8074.432421
41,8074.432421
42,8074.432421
43,8074.432421
44,8074.432421
45,8074.432421
46,8074.432421
47,8074.432421
48,8074.432421
49,8074.432421
50,8074.432421
51,8074.432421
52,8074.432421
53,8074.432421
54,8074.432421
55,8074.432421
56,8074.432421
57,8074.432421
58,8074.432421
59,8074.432421
60,8074.432421
61,8074.432421
62,8074.432421
63,8074.432421
64,8074.432421
65,8074.432421
66,8074.432421
67,8074.432421
68,8074.432421
69,8074.432421
70,8074.432421
71,8074.432421
72,8074.432421
73,8074.432421
74,8074.432421
75,8074.432421
76,8074.432421
77,8074.432421
78,8074.432421
79,8074.432421
80,8074.432421
81,8074.432421
82,8074.432421
83,8074.432421
84,8074.432421
85,8074.432421
86,8074.432421
87,8074.432421
88,8074.432421
89,8074.432421
90,8074.432421
91,8074.432421
92,8074.432421
93,8074.432421
94,8074.432421
95,8074.432421
96,8074.432421
97,8074.432421
98,8074.432421
99,8074.432421
100,8074.432421
101,8074.432421
102,8074.432421
103,8074.432421
104,8074.432421
105,8074.432421
106,8074.432421
107,8074.432421
108,8074.432421
109,8074.432421
110,8074.432421
111,8074.432421
112,8074.432421
113,8074.432421
114,8074.432421
115,8074.432421
116,8074.432421
117,8074.432421
118,8074.432421
119,8074.432421
120,8074.432421
121,8074.432421
122,8074.432421
123,8074.432421
124,8074.432421
125,8074.432421
126,8074.432421
127,8074.432421
128,8074.432421
129,8074.432421
130,8074.432421
131,8074.432421
132,8074.432421
133,8074.432421
134,8074.432421
135,8074.432421
136,8074.432421
137,8074.432421
138,8074.432421
139,8074.432421
140,8074.432421
141,8074.432421
142,8074.432421
143,8074.432421
144,8074.432421
145,8074.432421
146,8074.432421
147,8074.432421
148,8074.432421
149,8074.432421
150,8074.432421
151,8074.432421
152,8074.432421
153,8074.432421
154,8074.432421
155,8074.432421
156,8074.432421
157,8074.432421
158,8074.432421
159,8074.432421
160,8074.432421
161,8074.432421
162,8074.432421
163,8074.432421
164,8074.432421
165,8074.432421
166,8074.432421
167,8074.432421
168,8074.432421
169,8074.432421
170,8074.432421
171,8074.432421
172,8074.432421
173,8074.432421
174,8074.432421
175,8074.432421
176,8074.432421
177,8074.432421
178,8074.432421
179,8074.432421
180,8074.432421
181,8074.432421
182,8074.432421
183,8074.432421
184,8074.432421
185,8074.432421
186,8074.432421
187,8074.432421
188,8074.432421
189,8074.432421
190,8074.432421
191,8074.432421
192,8074.432421
193,8074.432421
194,8074.432421
195,8074.432421
196,8074.432421
197,8074.432421
198,8074.432421
199,8074.432421
200,8074.432421
201,8074.432421
202,8074.432421
203,8074.432421
204,8074.432421
205,8074.432421
206,8074.432421
207,8074.432421
208,8074.432421
209,8074.432421
210,8074.432421
211,8074.432421
212,8074.432421
213,8074.432421
214,8074.432421
215,8074.432421
216,8074.432421
217,8074.432421
218,8074.432421
219,8074.432421
220,8074.432421
221,8074.432421
222,8074.432421
223,8074.432421
224,8074.432421
225,8074.432421
226,8074.432421
227,8074.432421
228,8074.432421
229,8074.432421
230,8074.432421
231,8074.432421
232,8074.432421
233,8074.432421
234,8074.432421
235,8074.432421
236,8074.432421
237,8074.432421
238,8074.432421
239,8074.432421
240,8074.432421
241,8074.432421
242,8074.432421
243,8074.432421
244,8074.432421
245,8074.432421
246,8074.432421
247,8074.432421
248,8074.432421
249,8074.432421
250,8074.432421
251,8074.432421
252,8074.432421
253,8074.432421
254,8074.432421
255,8074.432421
256,8074.432421
257,8074.432421
258,8074.432421
259,8074.432421
260,8074.432421
261,8074.432421
262,8074.432421
263,8074.432421
264,8074.432421
265,8074.432421
266,8074.432421
267,8074.432421
268,8074.432421
269,8074.432421
270,8074.432421
271,8074.432421
272,8074.432421
273,8074.432421
274,8074.432421
275,8074.432421
276,8074.432421
277,8074.432421
278,8074.432421
279,8074.432421
280,8074.432421
281,8074.432421
282,8074.432421
283,8074.432421
284,8074.432421
285,8074.432421
286,8074.432421
287,8074.432421
288,8074.432421
289,8074.432421
290,8074.432421
291,8074.432421
292,8074.432421
293,8074.432421
294,8074.432421
295,8074.432421
296,8074.432421
297,8074.432421
298,8074.432421
299,8074.432421
300,8074.432421
301,8074.432421
302,8074.432421
303,8074.432421
304,8074.432421
305,8074.432421
306,8074.432421
307,8074.432421
308,8074.432421
309,8074.432421
310,8074.432421
311,8074.432421
312,8074.432421
313,8074.432421
314,8074.432421
315,8074.432421
316,8074.432421
317,8074.432421
318,8074.432421
319,8074.432421
320,8074.432421
321,8074.432421
322,8074.432421
323,8074.432421
324,8074.432421
325,8074.432421
326,8074.432421
327,8074.432421
328,8074.432421
329,8074.432421
330,8074.432421
331,8074.432421
332,8074.432421
333,8074.432421
334,8074.432421
335,8074.432421
336,8074.432421
337,8074.432421
338,8074.432421
339,8074.432421
340,8074.432421
341,8074.432421
342,8074.432421
343,8074.432421
344,8074.432421
345,8074.432421
346,8074.432421
347,8074.432421
348,8074.432421
349,8074.432421
350,8074.432421
351,8074.432421
352,8074.432421
353,8074.432421
354,8074.432421
355,8074.432421
356,8074.432421
357,8074.432421
358,8074.432421
359,8074.432421
360,8074.432421
361,8074.432421
362,8074.432421
363,8074.432421
364,8074.432421
365,8074.432421
366,8074.432421
367,8074.432421
368,8074.432421
369,8074.432421
370,8074.432421
371,8074.432421
372,8074.432421
373,8074.432421
374,8074.432421
375,8074.432421
376,8074.432421
377,8074.432421
378,8074.432421
379,8074.432421
380,8074.432421
381,8074.432421
382,8074.432421
383,8074.432421
384,8074.432421
385,8074.432421
386,8074.432421
387,8074.432421
388,8074.432421
389,8074.432421
390,8074.432421
391,8074.432421
392,8074.432421
393,8074.432421
394,8074.432421
395,8074.432421
396,8074.432421
397,8074.432421
398,8074.432421
399,8074.432421
400,8074.432421
401,8074.432421
402,8074.432421
403,8074.432421
404,8074.432421
405,8074.432421
406,8074.432421
407,8074.432421
408,8074.432421
409,8074.432421
410,8074.432421
411,8074.432421
412,8074.432421
413,8074.432421
414,8074.432421
415,8074.432421
416,8074.432421
417,8074.432421
418,8074.432421
419,8074.432421
420,8074.432421
421,8074.432421
422,8074.432421
423,8074.432421
424,8074.432421
425,8074.432421
426,8074.432421
427,8074.432421
428,8074.432421
429,8074.432421
430,8074.432421
431,8074.432421
432,8074.432421
433,8074.432421
434,8074.432421
435,8074.432421
436,8074.432421
437,8074.432421
438,8074.432421
439,8074.432421
440,8074.432421
441,8074.432421
442,8074.432421
443,8074.432421
444,8074.432421
445,8074.432421
446,8074.432421
447,8074.432421
448,8074.432421
449,8074.432421
450,8074.432421
451,8074.432421
452,8074.432421
453,8074.432421
454,8074.432421
455,8074.432421
456,8074.432421
457,8074.432421
458,8074.432421
459,8074.432421
460,8074.432421
461,8074.432421
462,8074.432421
463,8074.432421
464,8074.432421
465,8074.432421
466,8074.432421
467,8074.432421
468,8074.432421
469,8074.432421
470,8074.432421
471,8074.432421
472,8074.432421
473,8074.432421
474,8074.432421
475,8074.432421
476,8074.432421
477,8074.432421
478,8074.432421
479,8074.432421
480,8074.432421
481,8074.432421
482,8074.432421
483,8074.432421
484,8074.432421
485,8074.432421
486,8074.432421
487,8074.432421
488,8074.432421
489,8074.432421
490,8074.432421
491,8074.432421
492,8074.432421
493,8074.432421
494,8074.432421
495,8074.432421
496,8074.432421
497,8074.432421
498,8074.432421
499,8074.432421
