0,3083.095632
1,6151.464975
2,6623.150606
3,6908.630309
4,7328.412585
5,7655.570272
6,7887.306532
7,8148.364769
8,8402.795205
9,8684.643615
10,8860.365544
11,9105.858820
12,9299.814657
13,9586.686939
14,9796.102009
15,10013.077537
16,10309.443732
17,10554.453294
18,10698.497333
19,10965.862115
20,11169.665435
21,11305.967498
22,11701.014017
23,11800.156277
24,12102.643010
25,12379.647119
26,12566.396789
27,12677.880799
28,12892.037514
29,12933.752828
30,13232.944300
31,13375.256821
32,13394.316395
33,13672.133410
34,13557.773441
35,13797.430048
36,13751.873679
37,13810.825259
38,13923.451897
39,13955.228270
40,14114.622820
41,14241.943251
42,14399.904919
43,14264.287625
44,14293.551884
45,14417.674379
46,14517.916176
47,14499.285850
48,14627.011700
49,14755.005477
50,14943.055516
51,14806.100254
52,14757.959221
53,14812.247767
54,14907.891006
55,15011.578804
56,14926.022316
57,15044.288102
58,15026.473929
59,15089.214126
60,15134.989608
61,15144.389553
62,15078.687271
63,15290.863375
64,15154.914089
65,15069.658048
66,15052.968126
67,15118.998298
68,14921.262594
69,14935.010129
70,14917.107773
71,14998.957458
72,15046.370972
73,15177.595675
74,15195.178397
75,15110.227252
76,15142.064019
77,15154.329260
78,15013.875613
79,15085.518287
80,15112.611120
81,15162.967871
82,15151.109345
83,15175.484433
84,15015.833775
85,15033.404325
86,14971.842752
87,14787.216640
88,15016.462116
89,15030.975345
90,15189.838247
91,15250.685658
92,15038.119808
93,15214.501778
94,15210.451917
95,15321.705314
96,15241.033334
97,15270.684282
98,15199.116758
99,15181.224409
100,15206.880286
101,15328.280699
102,15152.776032
103,15108.107894
104,15179.608701
105,15245.906483
106,15231.155914
107,15184.660313
108,15136.789881
109,15188.690722
110,15312.979103
111,15337.930692
112,15156.960090
113,15290.919910
114,15228.779509
115,15263.262425
116,15200.814686
117,14975.219831
118,15140.658352
119,15335.427589
120,15404.511417
121,15271.858694
122,15387.773023
123,15447.866105
124,15447.861116
125,15504.823233
126,15464.987625
127,15486.939890
128,15540.080051
129,15563.815347
130,15714.693827
131,15790.829693
132,15821.856287
133,15854.522637
134,15915.102390
135,15876.755099
136,16015.759860
137,15940.504498
138,16155.157463
139,15978.434009
140,15900.730436
141,15977.212922
142,15998.393285
143,16002.910004
144,16070.033124
145,16082.805655
146,16200.978171
147,16151.369196
148,16031.507761
149,15999.481123
150,16073.569943
151,16116.553093
152,16250.719174
153,16327.278537
154,16309.488834
155,16217.303905
156,16121.780169
157,16051.893379
158,16131.700581
159,16057.379596
160,16040.116907
161,16228.460323
162,16415.005803
163,16169.842979
164,16047.943911
165,16183.511910
166,16210.340263
167,16257.360860
168,16144.840648
169,16033.318902
170,15967.233158
171,16017.661499
172,15932.024521
173,15942.917253
174,16021.488264
175,16278.421310
176,16168.976741
177,16271.779227
178,16256.302414
179,16183.508655
180,16275.092531
181,16303.448534
182,16045.428835
183,16141.805088
184,16197.812496
185,16268.258604
186,16183.062417
187,16304.450973
188,16231.430896
189,16151.976329
190,16113.343109
191,15983.027813
192,16030.350890
193,16014.887989
194,16044.759953
195,16073.054867
196,16102.910709
197,16522.567628
198,16365.108810
199,16141.436438
200,16234.556613
201,16257.488517
202,16292.138249
203,16206.184890
204,16383.667491
205,16172.621435
206,16346.658141
207,16146.076812
208,16012.848638
209,16265.415677
210,16220.866589
211,16267.177902
212,16252.729298
213,16251.995804
214,16319.584550
215,16404.277499
216,16323.718991
217,16362.210315
218,16334.256258
219,16348.338233
220,16526.605596
221,16258.705455
222,16245.264347
223,16226.661066
224,16245.094552
225,16096.706157
226,16093.958511
227,16138.936392
228,16356.444503
229,16446.548000
230,16317.691488
231,16392.736722
232,16201.924122
233,16224.091908
234,16320.014320
235,16399.321433
236,16321.702271
237,16239.846468
238,16316.510234
239,16161.144657
240,16111.407388
241,16089.897842
242,16144.341175
243,16106.580847
244,16229.040719
245,16203.846360
246,16158.742853
247,16257.888702
248,16273.893970
249,16335.526353
250,16383.953079
251,16439.389504
252,16235.848548
253,16335.766369
254,16251.672961
255,16269.928617
256,16273.545384
257,16225.622201
258,16131.020184
259,16209.972481
260,16129.747813
261,16369.083969
262,16377.436588
263,16430.892444
264,16477.286154
265,16357.524867
266,16364.262928
267,16270.113303
268,16326.523392
269,16366.633541
270,16241.122693
271,16339.118647
272,16514.484184
273,16577.488794
274,16641.868633
275,16506.953097
276,16480.863133
277,16210.560045
278,16398.805557
279,16409.414809
280,16568.335796
281,16597.273578
282,16680.302564
283,16577.669299
284,16662.885859
285,16475.627236
286,16609.653982
287,16468.772829
288,16645.900517
289,16460.898473
290,16430.398134
291,16617.821342
292,16529.485170
293,16580.733555
294,16627.091118
295,16650.614415
296,16666.190281
297,16658.438185
298,16616.442142
299,16442.832902
300,16509.449474
301,16641.125285
302,16552.041441
303,16646.719116
304,16861.607745
305,16907.344061
306,16896.432594
307,16736.675979
308,16760.125602
309,16876.143096
310,16962.741823
311,16781.703343
312,16792.859864
313,16926.532459
314,16781.648325
315,16759.260091
316,16732.775033
317,16710.978345
318,16693.429968
319,16810.330821
320,16685.065834
321,16882.487502
322,16727.341866
323,16910.700662
324,16827.915614
325,16844.339906
326,16903.800569
327,16768.600947
328,16846.027917
329,16907.377480
330,16765.694328
331,16862.996645
332,16903.605593
333,16828.047748
334,16964.668044
335,16773.417717
336,16814.586650
337,16894.830447
338,17045.504517
339,16975.807912
340,16973.933108
341,16937.020144
342,16866.890843
343,16955.129732
344,17059.856982
345,16814.837961
346,16771.461041
347,16843.875527
348,16783.687827
349,16862.393504
350,16661.773646
351,16814.908841
352,16628.027914
353,16804.629041
354,16874.504596
355,16753.627314
356,16753.526264
357,16667.959078
358,16679.664302
359,16805.849957
360,16677.099979
361,16778.142988
362,16834.325357
363,16711.468566
364,17007.146928
365,16927.802375
366,16820.096352
367,16957.858963
368,16875.066221
369,16876.282725
370,16795.104046
371,16874.780494
372,16791.538788
373,16688.998339
374,16976.305191
375,16994.316648
376,17004.386041
377,17027.106093
378,16990.434947
379,17028.307250
380,16964.033451
381,16984.277661
382,16881.846973
383,16781.678033
384,16990.389949
385,17037.380886
386,17125.499822
387,17091.819160
388,17074.947075
389,17181.812548
390,17034.985293
391,16953.989690
392,16999.349619
393,17200.835362
394,17141.075752
395,17186.900146
396,17140.342853
397,17192.320538
398,17227.316736
399,17267.053035
400,17051.880198
401,17144.934068
402,17158.043977
403,17128.568462
404,17042.053533
405,17022.949330
406,17025.018810
407,16898.530089
408,17104.026241
409,17184.468566
410,17248.279519
411,17001.376999
412,17059.352509
413,16982.417714
414,17087.735954
415,16894.412127
416,16976.513865
417,17058.437975
418,16944.818463
419,17053.002193
420,17190.217797
421,17104.242137
422,17047.026893
423,17133.767601
424,17234.223398
425,17192.249108
426,17051.818135
427,17251.810894
428,17222.401805
429,17009.531708
430,17074.917751
431,17108.006665
432,16913.270935
433,16943.314541
434,17195.937283
435,17063.068747
436,17342.965969
437,17214.741157
438,17122.650589
439,17022.211379
440,17061.167418
441,17034.450623
442,17229.603803
443,17072.808615
444,17069.924161
445,17210.060216
446,17197.272097
447,17084.610161
448,16998.045356
449,17013.962747
450,17050.954280
451,16979.340586
452,17009.379892
453,16845.180032
454,17076.935070
455,17114.411632
456,16934.319200
457,17060.526914
458,17234.438072
459,17159.194966
460,16940.799599
461,17028.668145
462,17287.259330
463,17225.689368
464,17220.146047
465,17233.844674
466,17050.997795
467,17114.455328
468,17072.930618
469,17242.702927
470,17236.068797
471,17296.375179
472,17276.318781
473,17147.053778
474,16959.890271
475,16966.300985
476,16864.269127
477,16761.345900
478,17054.430412
479,17107.428749
480,17199.058737
481,17228.134711
482,16992.425373
483,17044.055584
484,17138.368394
485,17102.111995
486,17084.494446
487,17132.920808
488,17071.701982
489,17154.444071
490,17005.194170
491,16986.883829
492,16967.026469
493,17172.142783
494,17247.297594
495,17046.050169
496,17018.390223
497,16945.422096
498,16945.311817
499,17036.333758
