0,3132.153409
1,3123.044859
2,3087.889581
3,3067.893219
4,3054.815233
5,3081.363854
6,3056.911188
7,3044.923441
8,3050.173792
9,3019.809092
10,3052.066661
11,3063.879313
12,3059.115132
13,3083.870042
14,3084.847581
15,3067.590433
16,3037.534241
17,2976.076432
18,2943.124994
19,2944.162798
20,2971.442622
21,2997.482316
22,2962.930781
23,2933.191078
24,2940.969948
25,2966.433001
26,2979.906024
27,2962.974188
28,2945.702856
29,3026.667176
30,3021.536478
31,3053.275449
32,3034.667473
33,3025.400024
34,3051.937299
35,3028.463691
36,3079.875066
37,3088.961381
38,3107.438496
39,3125.949562
40,3085.452966
41,3103.758352
42,3140.846821
43,3120.075048
44,3122.768877
45,3147.118815
46,3164.813575
47,3197.400926
48,3268.328287
49,3304.457129
50,3273.727212
51,3228.475071
52,3228.352927
53,3272.819002
54,3332.966395
55,3353.254959
56,3317.735043
57,3365.916194
58,3398.845856
59,3392.718431
60,3384.153718
61,3443.844283
62,3463.880475
63,3457.464655
64,3402.886418
65,3446.959556
66,3477.625200
67,3494.540383
68,3511.743633
69,3499.405569
70,3508.770840
71,3511.513569
72,3544.296122
73,3535.853950
74,3566.533842
75,3579.543819
76,3587.138755
77,3497.498049
78,3536.899926
79,3566.588178
80,3565.232034
81,3521.672059
82,3528.908967
83,3526.684881
84,3516.141351
85,3519.749895
86,3529.628295
87,3484.800314
88,3516.952624
89,3514.798085
90,3520.004557
91,3530.893623
92,3509.929054
93,3499.684480
94,3505.325083
95,3488.519762
96,3570.882497
97,3501.491771
98,3564.931604
99,3536.344783
100,3569.148391
101,3605.932626
102,3646.360320
103,3635.703727
104,3601.035559
105,3655.238005
106,3599.100368
107,3600.691483
108,3581.982214
109,3553.426764
110,3567.556918
111,3527.934031
112,3495.516669
113,3537.229864
114,3596.022605
115,3624.618687
116,3634.135185
117,3591.769145
118,3639.446528
119,3614.174848
120,3597.745737
121,3609.402817
122,3589.014923
123,3613.555382
124,3596.878863
125,3592.016481
126,3600.473699
127,3604.782802
128,3554.399563
129,3602.908363
130,3593.526298
131,3621.350068
132,3577.147370
133,3562.217186
134,3545.418143
135,3536.827517
136,3506.412834
137,3540.060079
138,3521.306012
139,3528.560170
140,3556.599938
141,3564.212195
142,3592.320447
143,3637.822388
144,3681.753905
145,3608.658120
146,3593.048904
147,3580.074190
148,3555.489568
149,3564.894019
150,3523.515001
151,3551.881318
152,3630.156175
153,3609.004443
154,3599.819872
155,3577.424530
156,3579.805383
157,3578.573064
158,3644.290790
159,3652.429931
160,3604.717901
161,3690.902088
162,3748.593226
163,3754.978437
164,3734.566882
165,3783.106103
166,3745.691994
167,3778.675168
168,3736.250291
169,3737.044644
170,3757.229801
171,3763.753851
172,3680.226573
173,3734.943126
174,3722.081008
175,3721.119284
176,3732.150065
177,3724.335962
178,3691.381217
179,3760.046655
180,3785.415328
181,3791.648455
182,3809.846865
183,3785.325412
184,3783.449329
185,3792.263343
186,3821.288281
187,3810.030048
188,3813.976032
189,3768.809888
190,3831.479214
191,3857.871234
192,3895.504050
193,3877.410771
194,3973.421587
195,3958.707210
196,3951.231422
197,3942.611758
198,3932.865549
199,3896.701064
200,3849.795971
201,3827.864090
202,3848.546170
203,3840.539422
204,3842.089037
205,3886.942953
206,3848.754652
207,3805.371409
208,3850.054079
209,3816.405586
210,3920.549811
211,3924.034016
212,3870.389475
213,3879.501279
214,3929.965653
215,3972.700692
216,3956.739971
217,3936.441951
218,3899.710056
219,3844.900306
220,3794.783322
221,3739.283798
222,3709.401543
223,3707.084256
224,3782.034539
225,3783.088706
226,3767.039513
227,3795.582901
228,3820.692548
229,3826.154926
230,3824.319855
231,3845.701991
232,3844.005326
233,3811.395142
234,3888.923290
235,3862.063027
236,3823.965176
237,3795.663976
238,3816.989913
239,3829.782297
240,3848.934783
241,3817.375302
242,3861.080460
243,3894.914504
244,3967.790841
245,3951.764489
246,3925.439202
247,3919.554464
248,3950.685600
249,3998.341691
250,3997.505311
251,3897.623080
252,3929.215278
253,3952.443658
254,3937.436989
255,3946.791794
256,4017.780234
257,3999.763292
258,4059.833107
259,4064.715088
260,4004.879476
261,3981.118053
262,4056.309257
263,4041.474008
264,4050.170352
265,4048.852928
266,4094.728270
267,4043.490809
268,4018.184169
269,4004.088550
270,3949.564039
271,3919.845625
272,3978.672618
273,3984.327808
274,4040.703045
275,3979.963097
276,3985.928706
277,4053.400015
278,4085.355550
279,4029.961184
280,4000.279668
281,4002.383662
282,3974.453010
283,3939.497606
284,3915.423870
285,3918.467264
286,3903.860036
287,3935.686963
288,3946.073889
289,3984.265800
290,3962.953771
291,3932.207518
292,3965.779194
293,3949.820503
294,4014.437037
295,4057.815628
296,4101.461876
297,4089.853904
298,4097.855877
299,4073.430656
300,4049.498000
301,4033.213647
302,4035.625420
303,4064.108128
304,4082.925301
305,4099.809455
306,4111.159481
307,4087.196120
308,4068.050411
309,4063.778681
310,4072.746121
311,4068.309296
312,4013.654224
313,4025.728642
314,4078.208567
315,4099.344146
316,4116.794779
317,4159.681208
318,4186.932446
319,4179.507144
320,4180.152821
321,4164.043677
322,4196.987251
323,4165.492143
324,4074.517726
325,4030.210135
326,4049.215522
327,4006.350516
328,4012.315141
329,4048.384693
330,4053.358850
331,4038.927538
332,3994.370714
333,4030.080146
334,4044.196232
335,4051.574679
336,4098.657342
337,4054.102829
338,4028.611597
339,4044.526886
340,4041.491093
341,4002.157463
342,4070.622075
343,4056.506068
344,3986.235892
345,3956.183729
346,3988.263250
347,4035.912498
348,4093.973606
349,4032.899655
350,4003.319184
351,3965.532461
352,3914.799505
353,3829.317648
354,3857.695135
355,3794.725752
356,3782.539023
357,3789.663351
358,3808.005013
359,3761.381644
360,3762.553105
361,3828.068086
362,3868.195347
363,3864.606660
364,3859.870225
365,3857.930347
366,3838.367885
367,3879.656728
368,3932.147988
369,3961.338914
370,3948.586490
371,3978.169397
372,3990.885167
373,3982.746844
374,3936.464798
375,3980.324142
376,4029.834230
377,4032.831479
378,4070.150462
379,4055.106802
380,4095.001717
381,4025.407693
382,3992.136418
383,3964.138143
384,3958.682623
385,3935.316942
386,3942.141647
387,3958.392923
388,3968.434472
389,3961.258715
390,3946.286001
391,3959.104979
392,3936.549514
393,3951.840499
394,3940.432930
395,3885.393410
396,3915.325685
397,3945.073089
398,3920.470492
399,3984.140516
400,3915.862932
401,3940.644560
402,3936.257450
403,3997.866049
404,3969.841426
405,3938.803628
406,3959.101025
407,3955.735075
408,3948.398049
409,3959.954065
410,3943.507655
411,3879.738432
412,3914.344311
413,3980.913617
414,3952.592772
415,3959.948593
416,3927.928651
417,3892.100553
418,3921.389566
419,3956.914925
420,3916.837021
421,3959.846904
422,3938.852240
423,3922.277041
424,3921.243300
425,3924.042942
426,3874.558006
427,3862.526867
428,3911.178005
429,3828.016733
430,3824.566589
431,3832.773137
432,3837.924106
433,3822.133969
434,3866.748476
435,3899.305847
436,3921.264264
437,3926.647815
438,3948.182112
439,3942.852463
440,3956.197369
441,3926.366201
442,3959.349072
443,4004.031260
444,4001.564287
445,3974.271419
446,3948.263034
447,4003.198434
448,3973.750844
449,3969.916684
450,3935.231990
451,3958.265797
452,3923.841343
453,3956.442789
454,3941.239562
455,3870.826119
456,3873.060436
457,3912.480850
458,3883.797726
459,3944.502100
460,3939.890767
461,3962.079454
462,3951.569384
463,3987.412181
464,3977.552949
465,3913.482021
466,3967.890559
467,3991.735296
468,4012.439202
469,4051.376883
470,4099.340345
471,4098.981257
472,4066.142231
473,4080.487213
474,4054.165716
475,4047.120405
476,4021.316667
477,4018.998282
478,4005.283647
479,4024.875660
480,4008.140784
481,3988.686287
482,4023.249954
483,4058.366843
484,4072.437912
485,4048.551992
486,4005.349782
487,4015.483963
488,4065.700448
489,4045.253314
490,4030.745525
491,4057.920553
492,4056.077772
493,4006.908739
494,3991.077167
495,3982.315368
496,3974.234052
497,4016.740987
498,4063.086415
499,4087.255945
