0,3087.784736
1,3239.716526
2,3311.963461
3,3371.210803
4,3366.871827
5,3458.734717
6,3417.622171
7,3455.348031
8,3500.537456
9,3541.202990
10,3477.179602
11,3494.217267
12,3529.379946
13,3551.762327
14,3572.562500
15,3599.869965
16,3607.393216
17,3643.319531
18,3590.723270
19,3636.058128
20,3650.867223
21,3651.158285
22,3688.451630
23,3682.658986
24,3643.391065
25,3594.009146
26,3594.374201
27,3622.127068
28,3583.464385
29,3607.944042
30,3638.093871
31,3663.977509
32,3657.011807
33,3716.200568
34,3697.981099
35,3667.249312
36,3662.895703
37,3643.586517
38,3770.433214
39,3695.993292
40,3645.847278
41,3648.076796
42,3672.644817
43,3689.885008
44,3727.306881
45,3752.108666
46,3796.317723
47,3845.556139
48,3752.345728
49,3778.674882
50,3738.386430
51,3713.983079
52,3667.548969
53,3702.412329
54,3652.791941
55,3684.302303
56,3702.480957
57,3823.887762
58,3756.792001
59,3778.027849
60,3871.626266
61,3851.393327
62,3843.917314
63,3845.122633
64,3762.345426
65,3778.941157
66,3761.259488
67,3811.098882
68,3762.948781
69,3706.476391
70,3686.578394
71,3666.735860
72,3705.372452
73,3752.496718
74,3679.976442
75,3700.049764
76,3825.403686
77,3837.761091
78,3864.884871
79,3902.425007
80,3914.383789
81,3889.443136
82,3893.427279
83,3841.320156
84,3891.201122
85,3856.070641
86,3768.205462
87,3785.640741
88,3796.440003
89,3819.406358
90,3750.311032
91,3781.904782
92,3691.501343
93,3680.762734
94,3716.902507
95,3636.537320
96,3609.373100
97,3734.577686
98,3716.437085
99,3728.981221
100,3754.720615
101,3845.228246
102,3862.486281
103,3896.227023
104,3949.981917
105,3935.940984
106,3942.643579
107,3937.132556
108,3857.937521
109,3862.601628
110,3823.959449
111,3909.901626
112,3939.714211
113,3988.947113
114,3986.248452
115,3938.834445
116,3992.386274
117,3910.343296
118,3879.872906
119,3825.316525
120,3947.205638
121,3873.973236
122,3832.861020
123,3872.908595
124,3878.946334
125,3916.411917
126,3885.570771
127,3921.196908
128,3956.441055
129,3939.687808
130,3982.614945
131,4037.983858
132,3934.826669
133,3789.215969
134,3778.613527
135,3820.974078
136,3955.963339
137,3962.997843
138,3904.826042
139,3923.335101
140,3886.367519
141,3835.673626
142,3643.954518
143,3646.334205
144,3700.452387
145,3617.973909
146,3684.717003
147,3636.644510
148,3693.934834
149,3717.174085
150,3640.169110
151,3654.550837
152,3687.197698
153,3657.366586
154,3680.060562
155,3770.484150
156,3711.873457
157,3727.470699
158,3677.703523
159,3750.335386
160,3792.460215
161,3818.450669
162,3814.193336
163,3819.513350
164,3809.560926
165,3811.351612
166,3837.144780
167,3723.236797
168,3729.779199
169,3708.536893
170,3719.491158
171,3800.444986
172,3826.417089
173,3860.773410
174,3796.054520
175,3888.957065
176,3799.726339
177,3748.172386
178,3828.639543
179,3906.373739
180,3955.421651
181,3920.907561
182,3880.412062
183,3850.333115
184,3909.853245
185,3897.419239
186,3893.848422
187,3848.062144
188,3868.624724
189,3854.114640
190,3942.296875
191,4023.687124
192,4061.676319
193,4049.521588
194,3982.876679
195,3972.952763
196,3957.300067
197,3994.527267
198,3962.755258
199,3962.226111
200,3900.275017
201,3933.613245
202,3992.281982
203,3994.019116
204,3953.339455
205,3940.797991
206,3974.661458
207,3941.220120
208,3936.993281
209,3930.280508
210,3909.378877
211,3881.777688
212,3992.935678
213,3947.370697
214,4072.557352
215,3979.156152
216,3904.829600
217,3822.384716
218,3857.123430
219,3723.965693
220,3745.990948
221,3788.148299
222,3703.962641
223,3775.180613
224,3678.561430
225,3705.185406
226,3691.924953
227,3681.388599
228,3751.026264
229,3755.195336
230,3694.832399
231,3744.502809
232,3786.911264
233,3810.017554
234,3827.697890
235,3845.817682
236,3856.419001
237,3737.687502
238,3738.213438
239,3596.432886
240,3670.061333
241,3662.985107
242,3651.297326
243,3598.938556
244,3602.397855
245,3664.536344
246,3699.552818
247,3674.988749
248,3744.059625
249,3720.150857
250,3767.303845
251,3787.113880
252,3748.503525
253,3749.761480
254,3700.712534
255,3692.830305
256,3563.291360
257,3685.382463
258,3638.723247
259,3574.317381
260,3616.952300
261,3625.845069
262,3676.570534
263,3688.176256
264,3676.801862
265,3704.008672
266,3660.214484
267,3664.913427
268,3653.651088
269,3714.641822
270,3825.718146
271,3844.112650
272,3826.470410
273,3795.715510
274,3796.991526
275,3751.774198
276,3717.794217
277,3677.916970
278,3745.523711
279,3710.914748
280,3760.252729
281,3795.987408
282,3760.440313
283,3750.654198
284,3700.822635
285,3715.918825
286,3742.451210
287,3746.390252
288,3764.724176
289,3884.763474
290,3925.349389
291,3900.502224
292,3886.155919
293,3930.452689
294,3979.279192
295,3839.766306
296,3881.860901
297,3879.273069
298,3859.937952
299,3937.535170
300,3790.034724
301,3836.413945
302,3808.051572
303,3775.851972
304,3782.200696
305,3830.355029
306,3885.375379
307,3946.961983
308,3917.945017
309,3907.122161
310,3930.575503
311,4103.979117
312,4104.869704
313,4051.363669
314,4040.996167
315,3969.126412
316,3992.438333
317,3951.252980
318,3937.177077
319,4014.953233
320,4020.538555
321,4012.298210
322,3999.955829
323,4034.698007
324,4027.646265
325,4011.068412
326,3902.780193
327,3970.797787
328,4013.179837
329,4023.519951
330,4000.156011
331,4124.425526
332,3951.514861
333,3886.599798
334,3919.846723
335,3922.616635
336,3937.948248
337,3844.744361
338,3860.895931
339,3903.881682
340,3824.857044
341,3784.265027
342,3748.247447
343,3751.443193
344,3780.177672
345,3790.733806
346,3709.447187
347,3681.809746
348,3679.096439
349,3680.800649
350,3808.707577
351,3788.183837
352,3777.719063
353,3767.560459
354,3834.623959
355,3848.056890
356,3744.101527
357,3660.649561
358,3691.829369
359,3732.787625
360,3687.635719
361,3791.716153
362,3800.960683
363,3898.985781
364,3966.544258
365,4015.674582
366,4075.780374
367,4054.400131
368,3936.528712
369,3871.100576
370,3871.438375
371,3916.356436
372,3863.249162
373,3872.392894
374,3928.130737
375,4011.557777
376,3885.170297
377,3846.271466
378,3878.607792
379,3736.778405
380,3773.401661
381,3785.997551
382,3827.647681
383,3635.276257
384,3608.693178
385,3566.996241
386,3649.867607
387,3641.035475
388,3707.263896
389,3710.260418
390,3748.808399
391,3758.942460
392,3771.841617
393,3872.693915
394,3922.130657
395,3944.756892
396,4069.225457
397,3999.034641
398,4024.007396
399,3986.265251
400,4032.124022
401,3969.475581
402,3968.793749
403,3941.179144
404,3893.453456
405,4007.113323
406,4001.830630
407,3960.877169
408,3940.264080
409,3894.368747
410,3909.773473
411,3820.275580
412,3795.215679
413,3837.540785
414,3907.191345
415,3969.275516
416,3962.583537
417,3964.839256
418,3856.079802
419,3784.693587
420,3749.805332
421,3711.870567
422,3791.176947
423,3808.917162
424,3868.946210
425,3855.537560
426,3825.052756
427,3878.197266
428,3907.722198
429,3832.479120
430,3821.439783
431,3849.609815
432,3719.683712
433,3620.326670
434,3527.287039
435,3635.973512
436,3751.365197
437,3791.194801
438,3796.148707
439,3776.474856
440,3759.036804
441,3790.711979
442,3857.813753
443,3858.673968
444,3843.663532
445,3826.870032
446,3877.838903
447,3906.296190
448,3959.954017
449,3881.664745
450,3818.229337
451,3846.678796
452,3847.500620
453,3793.034920
454,3759.340922
455,3835.357141
456,3844.466956
457,3842.915851
458,3862.148757
459,3835.315659
460,3819.065849
461,3812.628212
462,3858.972225
463,3966.928274
464,3936.893931
465,3995.314462
466,3841.318839
467,3871.219806
468,3819.483061
469,3917.924212
470,3926.580160
471,3973.001331
472,3971.536672
473,4024.902456
474,4086.330425
475,4006.579168
476,4030.206777
477,4022.955426
478,3988.038004
479,3980.972985
480,3922.577214
481,3912.242763
482,3842.863733
483,3820.208409
484,3793.716095
485,3840.832099
486,3882.358645
487,3900.472309
488,3829.491998
489,3820.959734
490,3707.988340
491,3715.958578
492,3774.355959
493,3764.960765
494,3862.690302
495,3830.823760
496,3760.065638
497,3832.785584
498,3763.941452
499,3734.028051
