0,3035.195805
1,6193.166769
2,6704.905078
3,7151.878873
4,7381.113042
5,7758.016741
6,7946.861652
7,8152.108088
8,8485.417751
9,8720.929249
10,9094.797471
11,9267.516464
12,9410.788692
13,9613.933270
14,9696.201612
15,10121.362720
16,10307.091490
17,10452.407529
18,10535.120552
19,10616.935151
20,10859.322384
21,10920.418356
22,11217.505722
23,11617.738434
24,11684.638683
25,11685.670370
26,11957.149325
27,12048.018970
28,12242.164522
29,12158.851184
30,12432.628232
31,12546.967862
32,12549.873354
33,12872.591808
34,13054.859300
35,12996.432888
36,13274.649932
37,12786.591283
38,13262.872247
39,13400.395404
40,13395.236267
41,13616.595099
42,13517.008818
43,13532.281343
44,13760.364814
45,13583.488001
46,13575.737107
47,13586.021545
48,13332.917593
49,13460.350240
50,13746.745874
51,13535.625477
52,13881.960044
53,13929.675725
54,13814.213987
55,13995.786548
56,13757.594667
57,13865.913451
58,14257.584279
59,13771.961707
60,13787.133647
61,13657.779677
62,13729.472920
63,13542.622985
64,14091.490319
65,13760.755596
66,14069.834133
67,14017.100919
68,13727.269538
69,14124.349115
70,13992.379157
71,14088.947557
72,14099.023209
73,13796.514463
74,13810.706538
75,14061.674911
76,14012.975432
77,13931.082004
78,13888.959551
79,14528.614468
80,13763.145211
81,13974.107520
82,13708.660929
83,13875.603713
84,13962.629413
85,14093.398699
86,14030.839554
87,13877.703812
88,13749.604458
89,14124.163909
90,13852.922894
91,14193.413521
92,14152.383470
93,13891.437724
94,14068.654144
95,14148.159124
96,13905.842229
97,13909.776880
98,13482.986650
99,13759.446505
100,13572.405613
101,13747.471332
102,13979.360657
103,13948.071251
104,13867.998293
105,13596.261680
106,13935.163162
107,13787.719967
108,13999.650381
109,13941.267003
110,13961.824904
111,13975.775009
112,13893.098367
113,14043.565561
114,13640.914943
115,13928.260557
116,14129.938030
117,14197.077119
118,14119.636072
119,14068.339231
120,14004.986376
121,13726.750417
122,14021.088206
123,14448.640718
124,14054.772297
125,13826.737065
126,13944.504410
127,13903.257431
128,13861.472507
129,13821.738857
130,14123.329931
131,13828.324562
132,14305.340058
133,13912.697653
134,14242.348283
135,13981.074239
136,14014.794126
137,13575.208313
138,14073.033778
139,13944.601260
140,14078.587454
141,14266.338713
142,13948.914043
143,14034.637928
144,14138.882254
145,14202.226954
146,14318.679941
147,14073.063169
148,14509.888845
149,14075.834524
150,14206.092694
151,13978.153200
152,13874.337183
153,13796.028633
154,14034.037539
155,13784.240328
156,13922.063055
157,13709.334015
158,13927.242762
159,14024.971994
160,13910.772136
161,14027.606079
162,14216.536553
163,13909.230892
164,13772.092165
165,13968.103429
166,14129.344892
167,14093.463848
168,14103.221993
169,14043.214602
170,13943.295518
171,14325.266972
172,14014.065622
173,14045.142868
174,13649.202499
175,13847.475826
176,13961.341407
177,13861.748390
178,14098.775200
179,13921.922539
180,14033.567953
181,13957.241060
182,14107.818569
183,14046.779174
184,14112.335525
185,14362.782006
186,13931.100003
187,14119.213969
188,14290.567278
189,14177.937650
190,14129.764576
191,14070.511227
192,13912.911143
193,14057.448933
194,14070.485867
195,14137.623203
196,14356.293962
197,14070.917988
198,14210.950261
199,14321.115559
200,14005.303935
201,13969.611123
202,13977.256357
203,14218.185187
204,14287.776388
205,14376.914483
206,13972.940956
207,14260.647157
208,14043.942313
209,13977.541895
210,13870.791503
211,14109.566190
212,14389.673422
213,14262.214990
214,14078.297395
215,13669.343156
216,14061.763509
217,14455.753564
218,14246.958659
219,14017.109453
220,13888.205794
221,13828.127473
222,14102.387661
223,14004.748928
224,14112.424503
225,13831.277465
226,14033.906007
227,14513.292066
228,14375.321268
229,14057.242271
230,13953.205199
231,14117.645414
232,14288.738880
233,13757.388770
234,14063.636381
235,14128.518325
236,13843.524868
237,14005.211539
238,13973.797968
239,14176.938556
240,14247.879499
241,13944.020609
242,14349.953784
243,14357.333515
244,14367.773839
245,14446.211956
246,13768.276787
247,13765.052621
248,14058.158530
249,14055.797280
250,13825.579911
251,13884.914520
252,13875.837163
253,14163.866283
254,14078.361257
255,14278.046316
256,14125.166726
257,13841.599212
258,13902.088929
259,14152.804713
260,13586.972248
261,13710.627565
262,13868.041879
263,14140.053677
264,14236.019912
265,14368.782323
266,14306.913254
267,13979.921073
268,14167.975738
269,14003.081178
270,13934.447156
271,14073.132100
272,13945.054580
273,14201.156253
274,13818.469925
275,13804.823772
276,14016.104772
277,14057.548433
278,13864.831070
279,14099.739814
280,13928.405670
281,13951.251313
282,14032.697086
283,14472.731832
284,14174.229673
285,14088.020178
286,13914.695793
287,14232.568619
288,13788.148633
289,14027.304575
290,13953.940449
291,13946.565633
292,13808.059667
293,13974.801636
294,13707.676391
295,13761.716142
296,13994.073307
297,14171.793699
298,14105.773827
299,14313.467987
300,13826.718976
301,14025.823746
302,14114.689431
303,14262.403389
304,14241.461419
305,14656.554557
306,14155.947401
307,13768.922392
308,13995.111940
309,14189.149076
310,14003.938932
311,14177.752259
312,13902.449165
313,13823.104132
314,14102.814633
315,14082.982425
316,14020.300965
317,13982.456876
318,14159.318414
319,13894.186953
320,13993.852388
321,13990.808345
322,14174.439588
323,14057.615595
324,13861.510291
325,14206.317176
326,14309.310206
327,14062.587774
328,14194.909290
329,13802.276440
330,14149.028316
331,14004.716210
332,14036.359761
333,13996.667077
334,13934.133497
335,13880.824219
336,13940.363131
337,13877.978560
338,13937.886803
339,14204.396045
340,14145.502059
341,13914.375622
342,14337.748467
343,13919.781039
344,14118.614514
345,13944.371597
346,13934.512174
347,14322.266224
348,14386.454913
349,13954.269645
350,13780.157708
351,13833.425380
352,14067.491876
353,14187.397157
354,13873.288447
355,13761.307508
356,13826.974677
357,14115.892471
358,14180.102890
359,14336.969596
360,13909.108687
361,13815.876822
362,13965.082184
363,14040.818971
364,14289.009196
365,13804.338898
366,14111.133014
367,14205.699952
368,13714.496868
369,14027.428089
370,14029.801311
371,14092.024780
372,14247.261809
373,14197.560921
374,14394.317466
375,14204.616865
376,14021.275556
377,13944.951257
378,14007.748928
379,14025.419228
380,14068.935213
381,13987.356732
382,14172.326748
383,14479.528981
384,14034.392962
385,13886.529924
386,13826.109922
387,14170.416902
388,13923.942208
389,13999.332698
390,14042.718836
391,14218.862251
392,14050.469423
393,13997.776957
394,14321.074301
395,14030.485875
396,13859.125769
397,13813.893232
398,14054.510253
399,13959.524162
400,13761.073784
401,13622.289098
402,13928.379995
403,14375.629446
404,13940.921743
405,13699.778033
406,13939.103286
407,13960.492585
408,14441.663894
409,14134.998819
410,14289.125515
411,14142.224627
412,13970.609480
413,14412.201341
414,14017.742301
415,14140.329251
416,14394.011610
417,14034.597014
418,14126.459399
419,14181.649341
420,13774.903703
421,13893.579255
422,14018.031916
423,14207.490384
424,14095.184399
425,13716.605097
426,13956.238973
427,13891.355646
428,14274.949009
429,14157.528462
430,14101.345755
431,14361.167615
432,14111.336883
433,13756.069187
434,13958.856844
435,14109.377797
436,14147.970578
437,14368.566301
438,13966.646963
439,14051.210719
440,14467.616021
441,14505.107058
442,13962.319953
443,14057.855549
444,14014.383344
445,14101.590995
446,14159.451804
447,14171.332287
448,13855.929441
449,14011.146306
450,13607.424878
451,13933.707756
452,13909.601701
453,14064.093730
454,14204.498290
455,13780.814287
456,13738.012244
457,13942.754747
458,14237.709974
459,14131.757372
460,13777.035904
461,14145.319135
462,14110.241119
463,13964.177904
464,14237.499819
465,14473.379537
466,14227.548651
467,13780.172268
468,14098.468840
469,14087.037296
470,14208.735746
471,13982.246770
472,14059.070488
473,13965.184256
474,13709.005560
475,13472.267157
476,13887.896996
477,13929.706668
478,13993.662602
479,14389.614941
480,14152.817723
481,14230.863444
482,14564.758484
483,14215.308834
484,13969.649854
485,14151.430278
486,14368.844830
487,14023.788552
488,13967.198204
489,14346.677610
490,14100.805763
491,14124.565641
492,13875.323095
493,14073.806268
494,14088.923210
495,13904.626327
496,14046.448866
497,13985.151646
498,13975.583873
499,14014.156880
