0,3077.715421
1,6061.152713
2,6428.808582
3,6652.449679
4,6861.736542
5,7038.142659
6,7164.704446
7,7232.910252
8,7390.568129
9,7429.048110
10,7575.011002
11,7636.787979
12,7747.012089
13,7766.515182
14,7815.748630
15,7903.590023
16,7924.726385
17,7988.160862
18,8063.493266
19,8106.724817
20,8120.885061
21,8248.689944
22,8243.376282
23,8284.523963
24,8348.882755
25,8398.123637
26,8345.966226
27,8418.446594
28,8429.712032
29,8491.178641
30,8595.952093
31,8573.400127
32,8607.918033
33,8667.902557
34,8740.729534
35,8758.628219
36,8763.186072
37,8836.102560
38,8939.727249
39,8941.264503
40,8949.949382
41,8986.407030
42,9012.115965
43,9045.024472
44,9074.590864
45,9040.318890
46,9146.498756
47,9168.689084
48,9129.434935
49,9147.105177
50,9258.577365
51,9304.562409
52,9306.915832
53,9258.645257
54,9318.667129
55,9299.296975
56,9301.588588
57,9348.909848
58,9372.036604
59,9345.904399
60,9461.955778
61,9531.220176
62,9452.356055
63,9523.234798
64,9587.702142
65,9573.288231
66,9569.462394
67,9683.396564
68,9634.368682
69,9749.343425
70,9712.676665
71,9789.754573
72,9799.771105
73,9812.660692
74,9813.978029
75,9807.917547
76,9739.019526
77,9859.025657
78,9879.981832
79,9898.606619
80,9879.240184
81,10057.920222
82,10038.936473
83,9979.845644
84,10035.471588
85,10058.179497
86,10012.776144
87,10100.079426
88,10053.666078
89,10132.216655
90,10147.281457
91,10231.729848
92,10144.290930
93,10020.433139
94,10182.311381
95,10213.449656
96,10221.189122
97,10272.855336
98,10327.999721
99,10148.055252
100,10282.030290
101,10347.130622
102,10293.329403
103,10281.620116
104,10220.136819
105,10248.268759
106,10272.343432
107,10264.979652
108,10365.424872
109,10384.414042
110,10358.203764
111,10321.265580
112,10471.767317
113,10397.645726
114,10534.210301
115,10482.358859
116,10484.988048
117,10296.012239
118,10388.847170
119,10427.401465
120,10512.140867
121,10506.010640
122,10502.698557
123,10566.837840
124,10528.791208
125,10497.737852
126,10601.052634
127,10641.687873
128,10597.156464
129,10637.311518
130,10585.047592
131,10630.897383
132,10747.222060
133,10637.878496
134,10530.255745
135,10611.105370
136,10663.256763
137,10668.006338
138,10714.736365
139,10654.826705
140,10793.366114
141,10847.871719
142,10893.723153
143,10818.511040
144,10767.725662
145,10772.343829
146,10738.620228
147,10865.788653
148,10886.817858
149,10809.145152
150,10848.204735
151,10731.354972
152,10859.872196
153,10836.227280
154,10839.317783
155,10916.328369
156,10904.570497
157,10817.762272
158,10961.017061
159,10979.539821
160,11012.082875
161,10895.931070
162,10953.093103
163,11101.238009
164,10966.891638
165,11001.136601
166,11140.065940
167,11023.736172
168,10907.823951
169,10908.165561
170,10955.501736
171,10935.891499
172,11131.547347
173,11050.939396
174,11126.857382
175,11084.480546
176,10944.688722
177,11064.736460
178,11125.757890
179,11128.257276
180,11076.245545
181,11036.686918
182,11160.538774
183,11113.753161
184,11065.012248
185,11185.622496
186,11123.137904
187,11207.054546
188,11123.258557
189,11316.778057
190,11209.062326
191,11188.102206
192,11075.899845
193,11124.534916
194,11111.553865
195,11063.300893
196,11217.459614
197,11149.360965
198,11242.648816
199,11143.981575
200,11273.509206
201,11274.418907
202,11321.473495
203,11315.728151
204,11265.504775
205,11264.934445
206,11235.071741
207,11253.055192
208,11181.662849
209,11283.543893
210,11352.306983
211,11246.648052
212,11211.199369
213,11160.080087
214,11339.320463
215,11234.009491
216,11275.733956
217,11218.131417
218,11232.508859
219,11264.385262
220,11216.647033
221,11237.062223
222,11299.220091
223,11358.622733
224,11354.462955
225,11338.242358
226,11379.617232
227,11379.610642
228,11499.310457
229,11398.992169
230,11291.268880
231,11393.528387
232,11315.407147
233,11494.063121
234,11392.010400
235,11255.019331
236,11376.344561
237,11255.286370
238,11217.271948
239,11303.967931
240,11451.946286
241,11486.678664
242,11421.077033
243,11422.778431
244,11650.327929
245,11557.583062
246,11476.600119
247,11369.500571
248,11441.715437
249,11400.257769
250,11416.908554
251,11468.811418
252,11353.371905
253,11494.345832
254,11420.872166
255,11434.982425
256,11355.263458
257,11357.121095
258,11431.663288
259,11433.942782
260,11341.645503
261,11353.399573
262,11559.817123
263,11568.621011
264,11461.824603
265,11465.716834
266,11342.158088
267,11409.480078
268,11547.234905
269,11387.362283
270,11562.248450
271,11549.619921
272,11536.359578
273,11372.520093
274,11456.947568
275,11608.701501
276,11447.263837
277,11541.096211
278,11456.057594
279,11523.861766
280,11665.367169
281,11632.418881
282,11575.916025
283,11561.210762
284,11539.158662
285,11588.937703
286,11523.332524
287,11395.113881
288,11498.713256
289,11506.875116
290,11642.728120
291,11549.399801
292,11481.633543
293,11566.543267
294,11596.857107
295,11535.086088
296,11469.447304
297,11476.694311
298,11529.745566
299,11509.601685
300,11443.142896
301,11615.282946
302,11538.566027
303,11733.134090
304,11668.082513
305,11629.920879
306,11644.733686
307,11641.974146
308,11550.772349
309,11559.252255
310,11499.631040
311,11691.081015
312,11648.672043
313,11695.099803
314,11723.720684
315,11663.954659
316,11581.607834
317,11473.369137
318,11498.353281
319,11711.785698
320,11566.711025
321,11573.523312
322,11682.337937
323,11788.246601
324,11703.876288
325,11759.061211
326,11659.949608
327,11621.701701
328,11657.656073
329,11547.384455
330,11790.568745
331,11677.001487
332,11685.465107
333,11619.477902
334,11704.740365
335,11741.031428
336,11762.941706
337,11557.527346
338,11679.387024
339,11698.892223
340,11622.621285
341,11803.553998
342,11825.761508
343,11785.993283
344,11734.282055
345,11766.772395
346,11675.092461
347,11705.822285
348,11696.095182
349,11642.921613
350,11732.051846
351,11742.492967
352,11647.187701
353,11739.880836
354,11744.857768
355,11792.319112
356,11951.357590
357,11740.190222
358,11854.243562
359,11599.260516
360,11678.797495
361,11751.477508
362,11705.198482
363,11676.116098
364,11656.689957
365,11837.656658
366,11757.225545
367,11661.325215
368,11813.481324
369,11696.499242
370,11631.824544
371,11654.429418
372,11733.945305
373,11726.934691
374,11835.896785
375,11765.462639
376,11805.017265
377,11715.937644
378,11650.044505
379,11684.655735
380,11800.621076
381,11799.446318
382,11877.643205
383,11893.896949
384,11781.195804
385,11757.010507
386,11751.648644
387,11655.641669
388,11766.887026
389,11736.497196
390,11811.615626
391,11739.436024
392,11809.699977
393,11840.816265
394,11861.970968
395,11702.896363
396,11646.503286
397,11847.918635
398,11828.421712
399,11775.012542
400,11759.076573
401,11802.671029
402,11821.505445
403,11883.012012
404,11741.377554
405,11719.633734
406,11759.186058
407,11757.054839
408,11845.631846
409,11945.468420
410,11699.643939
411,11803.350617
412,11777.607298
413,11808.012228
414,11749.036891
415,11826.227265
416,11878.437660
417,11794.547379
418,11905.218000
419,11948.122465
420,11770.461189
421,11885.201460
422,11873.607656
423,11852.252431
424,11826.509056
425,11830.150393
426,11887.195503
427,11928.078828
428,11836.770258
429,11778.461201
430,11861.879695
431,11869.550953
432,11879.592266
433,11898.370117
434,11881.604675
435,11879.072416
436,12074.279587
437,11968.306474
438,11797.427981
439,11807.819216
440,11770.043015
441,11915.164934
442,11890.752287
443,11867.307143
444,11827.579277
445,11858.987724
446,11906.954965
447,11889.941575
448,11948.974538
449,12000.651789
450,12052.218084
451,11995.419023
452,11945.147321
453,12016.550429
454,12020.610886
455,12013.931099
456,11913.519143
457,11927.010531
458,12086.304095
459,11947.164025
460,11911.347727
461,11924.955143
462,12046.812942
463,11830.827572
464,11961.221302
465,12010.812366
466,12049.639271
467,12092.968960
468,11980.761524
469,11915.230787
470,11804.947376
471,11918.397817
472,11853.770200
473,11979.452660
474,11998.649010
475,11868.306307
476,11973.545598
477,11903.470720
478,12127.889670
479,12056.249153
480,11909.653474
481,12090.808275
482,12054.037983
483,11968.776182
484,12009.418842
485,12036.605697
486,11963.622386
487,12135.897579
488,11860.130378
489,12008.262054
490,11864.397760
491,11869.380295
492,12059.440322
493,12122.874597
494,12070.257167
495,11952.877671
496,12159.942252
497,12164.717101
498,12111.663007
499,12163.972930
