0,3070.865686
1,6097.175958
2,6464.289124
3,6812.596490
4,7078.424631
5,7374.341219
6,7606.144593
7,7951.631314
8,8200.231648
9,8539.508447
10,8740.263886
11,8955.178102
12,9267.279762
13,9542.760068
14,9999.138376
15,10172.130728
16,10469.826648
17,10679.597461
18,10878.040393
19,11083.686394
20,11310.074675
21,11531.033191
22,11631.930733
23,11764.837868
24,12071.312921
25,12225.796402
26,12277.247555
27,12465.266966
28,12613.173287
29,12717.811665
30,12745.998550
31,12966.313306
32,13113.124144
33,13164.014482
34,13454.111997
35,13448.073630
36,13665.027270
37,13804.350222
38,13824.988926
39,13850.999884
40,13881.700374
41,13875.571487
42,13832.304676
43,14037.724733
44,14052.091099
45,14167.410586
46,14194.005215
47,14221.628697
48,14328.857596
49,14313.946081
50,14392.612918
51,14485.933162
52,14578.371676
53,14462.906399
54,14500.168702
55,14539.910682
56,14687.670254
57,14666.449716
58,14592.366033
59,14502.083556
60,14462.334140
61,14608.881988
62,14800.450112
63,14652.691445
64,14706.397848
65,14759.527259
66,14589.937267
67,14607.013173
68,14678.240162
69,14730.091996
70,14716.754731
71,14710.561002
72,14867.402131
73,14913.220951
74,15020.124436
75,15092.086864
76,15112.467342
77,15256.284323
78,15463.965827
79,15433.713298
80,15361.825270
81,15293.882699
82,15352.592256
83,15348.917922
84,15429.445832
85,15536.887641
86,15498.247548
87,15489.427744
88,15447.559323
89,15551.059050
90,15603.132918
91,15747.169050
92,15660.795141
93,15631.980877
94,15742.936149
95,15813.573222
96,15725.536022
97,15630.994719
98,15818.947250
99,15839.622330
100,15899.258905
101,15941.452165
102,15994.952056
103,15815.033678
104,15809.396425
105,15994.650997
106,16044.486557
107,16015.176990
108,16231.593151
109,16023.853701
110,15987.980907
111,16060.452960
112,15885.362304
113,15988.448530
114,16045.593799
115,15980.207563
116,16111.010697
117,15978.659243
118,15944.373884
119,16136.771420
120,16189.654319
121,16067.085097
122,16041.564880
123,15885.799433
124,15989.849678
125,16015.263385
126,16039.172727
127,15950.384291
128,16007.292685
129,16001.397170
130,15923.982283
131,15966.638343
132,15809.842922
133,15709.748817
134,15862.745919
135,15946.542113
136,15858.173131
137,15988.017691
138,15966.295041
139,16036.876265
140,16130.066693
141,16141.642734
142,16021.440853
143,16044.370107
144,15870.598129
145,16064.227410
146,16125.621142
147,16097.108763
148,16032.510212
149,16179.075191
150,16009.862605
151,15928.868820
152,15961.747268
153,16055.590492
154,15959.347466
155,15921.203179
156,16200.914354
157,16115.551667
158,15988.992702
159,15887.167369
160,16003.807867
161,16052.862588
162,16159.352074
163,16123.222906
164,16300.665678
165,16327.674374
166,16142.010280
167,16471.781989
168,16410.299866
169,16516.402927
170,16435.100588
171,16493.157095
172,16444.806085
173,16414.759438
174,16524.096075
175,16413.094712
176,16437.945453
177,16510.888415
178,16377.452007
179,16223.041936
180,16526.872717
181,16532.727845
182,16560.607512
183,16343.466330
184,16409.414906
185,16574.525400
186,16628.834383
187,16432.167754
188,16534.420042
189,16431.359815
190,16397.973008
191,16417.788080
192,16574.083756
193,16483.764759
194,16439.975409
195,16490.573821
196,16475.728967
197,16399.614480
198,16441.626427
199,16384.640535
200,16577.021841
201,16490.971618
202,16415.707946
203,16346.466016
204,16343.385563
205,16390.113686
206,16413.697536
207,16371.904611
208,16428.953004
209,16398.555239
210,16338.258063
211,16516.919511
212,16535.946400
213,16476.615140
214,16513.769947
215,16676.522450
216,16477.855097
217,16655.936398
218,16524.791883
219,16542.717337
220,16517.002541
221,16442.009934
222,16466.161732
223,16674.379780
224,16613.372179
225,16546.984909
226,16675.874800
227,16499.402597
228,16526.514983
229,16555.910818
230,16625.525290
231,16690.497491
232,16724.318325
233,16611.480016
234,16544.642487
235,16634.862399
236,16555.269519
237,16449.205495
238,16583.370372
239,16697.286804
240,16637.746257
241,16666.167757
242,17021.468598
243,16804.542493
244,16843.015867
245,16608.213529
246,16845.985793
247,16904.974707
248,17026.074132
249,17028.636187
250,17045.836156
251,17081.488872
252,16874.785012
253,16985.968289
254,16874.146740
255,17020.194492
256,17098.076826
257,17020.987237
258,17167.359832
259,17177.696868
260,17136.990001
261,17112.593931
262,17176.112123
263,16922.459998
264,17223.200551
265,17013.508996
266,17035.778165
267,16895.028850
268,17062.065884
269,16972.165098
270,16937.868465
271,16915.571526
272,17115.565862
273,16882.621554
274,17011.823912
275,17161.806037
276,17076.774572
277,17136.417259
278,16983.066627
279,17049.401240
280,17162.552203
281,17071.638797
282,17183.386626
283,17531.590741
284,17218.994436
285,17213.992797
286,17127.161067
287,17399.943995
288,17542.785053
289,17605.648694
290,17482.341804
291,17511.300059
292,17309.658231
293,17443.484219
294,17338.045944
295,17356.528157
296,17447.542851
297,17578.968659
298,17581.931818
299,17358.466078
300,17190.608464
301,17386.550930
302,17474.660656
303,17419.063796
304,17598.796335
305,17451.028239
306,17520.008985
307,17481.459939
308,17631.828677
309,17515.851889
310,17374.012411
311,17106.251497
312,17496.092645
313,17198.562634
314,17359.008446
315,17421.579891
316,17508.141303
317,17419.516766
318,17357.623579
319,17392.772495
320,17340.606008
321,17139.216780
322,17112.159880
323,17259.335886
324,17349.882559
325,17137.371707
326,17239.322736
327,17074.431671
328,17353.668913
329,17339.871510
330,17687.133824
331,17801.284056
332,17565.389050
333,17452.464635
334,17511.426049
335,17547.895206
336,17526.113415
337,17630.648890
338,17528.572120
339,17410.928105
340,17683.539760
341,17694.996319
342,17415.035031
343,17469.569992
344,17608.220540
345,17474.775035
346,17556.563076
347,17357.356522
348,17307.632105
349,17638.916066
350,17418.587051
351,17554.371052
352,17496.927518
353,17736.867422
354,17633.731256
355,17627.560084
356,17514.454617
357,17457.542088
358,17567.696413
359,17485.688128
360,17516.207383
361,17533.661424
362,17430.962062
363,17627.896813
364,17573.034406
365,17725.441304
366,17376.005772
367,17362.493545
368,17333.759147
369,17473.828154
370,17374.543054
371,17536.939242
372,17600.179216
373,17510.972478
374,17383.743177
375,17638.096473
376,17604.848122
377,17491.750660
378,17625.949474
379,17451.487286
380,17519.203940
381,17458.390289
382,17469.247753
383,17376.551404
384,17553.564855
385,17384.214864
386,17616.884910
387,17461.307331
388,17569.998409
389,17642.474210
390,17753.661354
391,17760.710513
392,17808.825177
393,17430.469287
394,17461.687167
395,17677.982868
396,17676.118711
397,17711.576941
398,17483.782631
399,17422.524660
400,17458.079509
401,17642.127884
402,17500.823751
403,17509.541642
404,17591.866741
405,17550.323019
406,17815.433357
407,17660.963929
408,17429.194497
409,17396.332548
410,17352.998739
411,17456.562944
412,17623.421538
413,17732.260713
414,17652.369097
415,17514.753901
416,17373.629354
417,17340.867484
418,17328.578144
419,17379.808653
420,17460.202017
421,17432.799736
422,17591.745633
423,17609.585795
424,17625.109168
425,17555.363557
426,17546.227184
427,17563.826910
428,17482.696169
429,17562.172196
430,17541.444125
431,17621.374739
432,17675.700766
433,17713.523071
434,17508.464841
435,17265.407980
436,17523.282509
437,17614.167199
438,17671.241165
439,17780.516235
440,17581.746237
441,17460.706636
442,17497.912124
443,17499.785388
444,17524.341812
445,17590.156646
446,17503.917822
447,17523.178176
448,17579.709847
449,17530.216184
450,17481.836317
451,17452.382389
452,17496.936236
453,17513.742426
454,17548.089750
455,17522.423909
456,17543.577588
457,17436.566510
458,17419.952545
459,17551.147971
460,17537.029414
461,17824.394252
462,17386.720337
463,17464.696850
464,17197.269656
465,17207.262916
466,17503.698499
467,17205.097926
468,17279.866734
469,17591.972714
470,17486.716554
471,17570.827206
472,17503.141596
473,17542.089808
474,17619.176183
475,17541.232231
476,17599.643367
477,17747.170558
478,17623.186081
479,17694.257302
480,17501.769845
481,17574.369973
482,17425.905112
483,17631.602807
484,17725.313920
485,17570.727016
486,17569.703260
487,17630.245743
488,17552.213986
489,17547.984115
490,17557.969418
491,17446.363234
492,17410.061069
493,17446.882397
494,17492.487677
495,17541.276091
496,17404.269759
497,17439.923984
498,17509.319927
499,17484.721928
