0,3087.280984
1,3339.220555
2,3571.742394
3,3710.809623
4,3828.230974
5,3904.298858
6,3993.756593
7,4122.409788
8,4200.736776
9,4311.623732
10,4487.295372
11,4554.504662
12,4712.720987
13,4828.081020
14,4940.542140
15,5012.302199
16,5148.195966
17,5197.386659
18,5413.549725
19,5581.038560
20,5696.265951
21,5739.804162
22,5662.687465
23,5738.443190
24,5845.429925
25,5961.633170
26,6077.201523
27,6023.201379
28,6005.953000
29,6137.806931
30,6209.697743
31,6100.633603
32,6247.309903
33,6357.184034
34,6438.800632
35,6498.276484
36,6553.456734
37,6534.338530
38,6588.026989
39,6589.450042
40,6716.611624
41,6678.153864
42,6608.503738
43,6681.625448
44,6823.868384
45,6818.342762
46,6923.128873
47,7021.532316
48,7156.779937
49,7011.948514
50,6923.699547
51,6951.858989
52,6926.172835
53,6902.043688
54,7093.925805
55,6976.444013
56,6886.757088
57,6753.164934
58,6922.229502
59,6971.388682
60,6976.197698
61,7117.180244
62,6972.823453
63,7043.480261
64,6981.332678
65,6978.152772
66,6794.554145
67,6945.936473
68,6884.499067
69,6938.434306
70,6857.118548
71,6791.874381
72,6841.819037
73,6785.187958
74,6874.280222
75,6955.489126
76,6965.046797
77,7043.426412
78,6970.053075
79,6845.902331
80,6743.716364
81,6828.257362
82,7097.893342
83,7058.905365
84,6972.575042
85,6818.551310
86,6966.129114
87,7000.621925
88,7020.290939
89,6967.064068
90,6906.802756
91,6984.147992
92,7023.364190
93,6882.716586
94,6757.317479
95,6837.072065
96,6665.645067
97,6776.626085
98,6733.550922
99,6683.972831
100,6894.321763
101,6967.817843
102,7022.762169
103,7177.204522
104,6986.504442
105,7146.277469
106,7062.710910
107,7102.267392
108,7077.821767
109,7201.006766
110,7081.132029
111,6889.696288
112,6967.083490
113,7033.114853
114,7057.848798
115,6929.486856
116,7072.147207
117,6731.477475
118,6836.345015
119,6936.515623
120,6981.372426
121,6968.596340
122,7017.173537
123,6990.033014
124,6965.144857
125,6987.629606
126,6936.265628
127,6949.930066
128,7090.213338
129,6954.296532
130,6996.697558
131,6977.515130
132,6845.086592
133,6901.156937
134,6869.608432
135,6950.431622
136,7002.848711
137,6966.540312
138,6933.655317
139,7026.490354
140,6992.922930
141,6963.220759
142,6990.686697
143,6786.737839
144,6917.204721
145,6787.563271
146,6888.581664
147,6952.361628
148,7118.113983
149,6944.839762
150,7081.327223
151,6986.552762
152,7057.144615
153,7026.858230
154,7113.058812
155,6890.852855
156,7005.520957
157,6958.743902
158,7059.046503
159,7211.706267
160,7034.405703
161,7018.770049
162,7018.646787
163,6918.162448
164,7017.797550
165,7080.350186
166,7023.725084
167,6920.350171
168,6799.029414
169,6835.451244
170,6820.140483
171,6998.042869
172,6908.757038
173,6894.224291
174,6930.522760
175,6999.702667
176,6896.347743
177,6961.060957
178,6933.379009
179,7000.742214
180,6939.937860
181,7000.383811
182,6980.320638
183,6910.625053
184,6904.284084
185,6801.647597
186,7013.593639
187,7039.616318
188,7051.551434
189,7104.349744
190,7031.075442
191,7097.207587
192,7093.610663
193,7095.148786
194,6870.065197
195,6867.163698
196,7141.666597
197,7110.403215
198,7155.013481
199,7061.948403
200,7088.075488
201,6959.667255
202,7064.153123
203,7151.190736
204,7041.514473
205,7016.529124
206,6995.895021
207,6898.762424
208,6991.037501
209,7012.584713
210,6973.667347
211,6933.181756
212,6875.769235
213,6876.070383
214,6772.464655
215,6905.504333
216,6953.391880
217,7021.276845
218,6995.953500
219,6939.495871
220,6898.801409
221,7053.138600
222,7119.925047
223,7007.084536
224,7062.688353
225,6990.650299
226,6960.040808
227,7017.431146
228,6962.996561
229,6841.177742
230,6880.961461
231,7024.185725
232,7004.363862
233,6820.398054
234,6880.128806
235,6777.807532
236,6973.284975
237,7006.775252
238,6952.600169
239,6741.266225
240,6796.773010
241,6891.699560
242,6851.868367
243,6817.546321
244,6858.293225
245,6844.637318
246,6934.200450
247,6861.992395
248,6959.403309
249,7057.502416
250,7180.007775
251,6998.252167
252,6969.231899
253,6959.690246
254,7066.859560
255,6950.137099
256,7138.270832
257,7048.821410
258,6918.617845
259,7132.949752
260,7066.338314
261,7010.338604
262,7073.061608
263,7142.548655
264,7152.345852
265,6968.076350
266,7107.216975
267,7121.505335
268,7118.182163
269,7105.112793
270,7062.256829
271,7107.173523
272,7098.146075
273,6998.069801
274,7043.194492
275,7105.825203
276,6938.838942
277,6908.568405
278,7074.105691
279,7029.979772
280,6920.692831
281,6996.030441
282,6955.365260
283,6833.341066
284,6813.994260
285,6975.100715
286,6950.519647
287,7009.965761
288,6996.934253
289,7033.475195
290,7081.860033
291,6949.060334
292,6930.858676
293,6972.563262
294,7082.015433
295,7063.291979
296,6979.675273
297,7077.937313
298,7145.083309
299,7043.966774
300,6883.875372
301,6990.584749
302,7039.277378
303,6991.418178
304,7003.802553
305,6960.295725
306,6919.113719
307,6879.162566
308,6979.406813
309,6919.378601
310,7091.103252
311,7054.665265
312,7122.017346
313,6939.456851
314,6907.242897
315,6741.431344
316,6690.926584
317,6961.872729
318,7059.408550
319,7052.534548
320,7001.274678
321,6967.965123
322,7099.318224
323,7035.247924
324,6990.286120
325,7029.634797
326,7140.196588
327,6998.027170
328,6945.453709
329,6913.792162
330,7085.757111
331,6929.316501
332,6921.357344
333,6995.605860
334,6855.144396
335,7042.277102
336,7087.882269
337,7071.484151
338,7033.927269
339,6863.407900
340,6962.020552
341,7160.094080
342,7052.076889
343,7143.931579
344,7119.408726
345,7085.709819
346,7034.263885
347,7082.704413
348,7073.606646
349,7067.979344
350,6963.081733
351,6949.631324
352,6840.679614
353,7011.265585
354,6932.674740
355,6944.382183
356,6912.607016
357,6963.984056
358,6966.635348
359,7027.552565
360,7129.353009
361,7127.980446
362,6921.645907
363,6908.122364
364,6932.273790
365,7027.458579
366,6939.932814
367,6774.736012
368,6698.493619
369,6854.080702
370,6906.359199
371,6889.212874
372,6884.395604
373,7057.697554
374,7043.894243
375,7011.278362
376,7163.847646
377,7116.326447
378,7209.860436
379,7047.553879
380,6822.234531
381,7086.568445
382,6945.446936
383,6958.689413
384,6916.682225
385,7191.875429
386,7028.802148
387,6991.486216
388,7078.990623
389,7132.258147
390,7057.553029
391,6933.461051
392,7024.120744
393,7124.296215
394,6982.123503
395,7027.193306
396,7119.131870
397,6934.050187
398,6878.330483
399,6906.607678
400,6831.053008
401,6974.490719
402,6963.602333
403,7072.467319
404,7130.334033
405,7068.419264
406,7062.481806
407,7041.560596
408,7085.575028
409,7273.015582
410,7181.327062
411,7044.413609
412,6937.974378
413,6837.080712
414,6959.035229
415,6880.125606
416,7001.823692
417,6934.121672
418,6911.412416
419,6988.422296
420,7117.435750
421,6983.373412
422,7040.288968
423,7115.201540
424,7103.435784
425,6960.661865
426,6972.272131
427,7127.971352
428,7175.471337
429,6970.084156
430,6984.927642
431,7090.255719
432,7177.614496
433,7174.378871
434,7075.984720
435,7024.699910
436,6903.884904
437,7018.819823
438,7086.688413
439,7208.424576
440,7240.841921
441,7057.179015
442,7210.030445
443,6993.921500
444,6997.158974
445,7037.066456
446,6935.905059
447,6692.004323
448,6793.827088
449,6915.949859
450,6858.283647
451,6939.818037
452,7205.307645
453,7131.746926
454,7177.149057
455,7167.101322
456,7190.469652
457,7131.474100
458,6928.448472
459,7024.101500
460,7165.463533
461,6985.248674
462,7221.356838
463,7066.466486
464,7055.584402
465,7142.152814
466,7112.794494
467,7206.819707
468,7157.766011
469,7064.218718
470,7184.395350
471,7122.687837
472,7034.769703
473,7028.910069
474,7044.599218
475,7127.015727
476,7023.993994
477,6944.943632
478,7172.454918
479,7113.971586
480,7208.487500
481,7002.793754
482,7068.563315
483,7046.343782
484,7031.788548
485,6988.024694
486,6989.197416
487,6968.615693
488,7094.775369
489,6988.152986
490,6900.127670
491,7167.715665
492,7255.390413
493,7296.856860
494,7131.441089
495,7148.104310
496,7134.673498
497,7057.252499
498,7174.925106
499,7118.041879
