0,3052.876311
1,3370.692953
2,3699.130425
3,3950.081326
4,4186.425836
5,4393.947273
6,4618.798392
7,4789.243649
8,4927.727092
9,5120.753516
10,5314.688014
11,5483.097751
12,5562.788979
13,5720.267178
14,5836.955550
15,6010.830274
16,6124.951866
17,6280.872763
18,6441.642582
19,6527.317281
20,6614.260395
21,6666.782823
22,6729.440531
23,6751.436351
24,6745.636565
25,6809.735242
26,6779.851608
27,6809.588875
28,6855.592153
29,6881.140257
30,6879.649987
31,6900.390453
32,6946.811204
33,6924.848862
34,6978.761393
35,6992.381685
36,6987.392167
37,6986.746311
38,6985.234812
39,7011.798790
40,7041.015680
41,7020.160296
42,7054.182630
43,7064.790142
44,7073.312230
45,7110.637851
46,7134.320151
47,7118.052937
48,7126.014455
49,7158.133030
50,7155.444599
51,7118.715923
52,7170.623810
53,7195.994650
54,7186.488288
55,7178.638879
56,7227.628040
57,7177.569236
58,7189.139728
59,7210.018116
60,7248.754338
61,7243.118340
62,7242.766322
63,7275.898871
64,7258.736554
65,7259.942004
66,7251.331746
67,7255.417568
68,7280.759045
69,7281.074420
70,7290.069952
71,7289.749775
72,7303.348752
73,7300.597606
74,7289.192520
75,7327.927463
76,7363.460908
77,7392.965355
78,7405.380427
79,7420.815037
80,7437.536393
81,7445.278245
82,7433.627548
83,7420.780158
84,7402.251791
85,7404.335366
86,7431.614954
87,7428.192073
88,7423.317550
89,7441.062200
90,7433.511537
91,7425.260271
92,7434.423050
93,7438.894511
94,7453.172797
95,7443.059630
96,7474.124123
97,7480.657405
98,7466.736222
99,7483.135771
100,7504.581328
101,7470.502035
102,7478.291398
103,7534.540862
104,7568.872694
105,7566.560211
106,7561.309233
107,7616.256474
108,7683.117978
109,7697.411321
110,7719.789006
111,7770.301437
112,7788.644216
113,7817.329185
114,7841.643769
115,7833.464532
116,7846.420494
117,7790.208138
118,7862.515887
119,7858.624936
120,7872.997364
121,7856.763374
122,7874.722103
123,7848.609667
124,7832.412518
125,7858.051444
126,7909.574239
127,7915.745684
128,7889.192553
129,7880.429134
130,7894.153999
131,7894.536223
132,7894.827990
133,7877.875141
134,7840.158318
135,7813.971719
136,7862.051019
137,7869.836391
138,7856.204674
139,7873.930650
140,7905.984603
141,7887.231840
142,7899.090402
143,7904.785251
144,7899.110904
145,7892.379589
146,7916.247632
147,7851.957903
148,7912.511522
149,7929.473248
150,7914.703432
151,7900.912340
152,7881.856293
153,7894.926065
154,7872.374171
155,7912.677924
156,7919.416341
157,7882.289732
158,7900.183628
159,7860.654843
160,7880.284664
161,7882.841474
162,7857.521716
163,7830.432104
164,7883.804278
165,7890.529672
166,7886.796945
167,7889.340501
168,7893.519291
169,7903.981692
170,7889.594919
171,7915.851097
172,7899.542955
173,7847.342955
174,7862.546093
175,7897.512339
176,7862.380075
177,7900.111961
178,7887.741328
179,7884.684693
180,7891.746989
181,7885.922773
182,7901.458532
183,7873.348858
184,7892.140516
185,7849.975992
186,7886.198858
187,7913.863965
188,7899.202713
189,7895.256987
190,7912.331654
191,7895.254160
192,7917.537040
193,7883.298536
194,7842.631816
195,7883.586221
196,7861.757043
197,7885.530135
198,7873.023944
199,7888.705247
200,7863.859955
201,7898.324664
202,7873.979184
203,7878.312593
204,7909.958929
205,7908.486700
206,7884.646895
207,7919.048496
208,7922.171091
209,7822.802937
210,7855.037616
211,7893.280668
212,7889.004534
213,7887.720259
214,7863.051164
215,7867.018490
216,7868.633570
217,7841.582993
218,7844.920740
219,7852.945914
220,7872.081935
221,7859.263958
222,7838.525842
223,7857.761314
224,7893.600831
225,7896.246916
226,7887.801622
227,7867.491739
228,7853.441840
229,7852.806061
230,7820.234452
231,7885.359265
232,7862.143299
233,7832.229625
234,7856.399350
235,7878.790224
236,7877.416776
237,7877.286469
238,7911.947123
239,7915.554549
240,7926.456183
241,7895.711297
242,7865.653490
243,7879.852357
244,7864.461386
245,7857.576130
246,7899.139570
247,7868.038561
248,7883.541114
249,7887.043560
250,7865.135531
251,7876.447103
252,7875.369127
253,7870.648252
254,7855.397269
255,7907.025742
256,7920.645782
257,7917.736565
258,7910.969704
259,7865.397581
260,7854.894789
261,7882.556871
262,7889.059990
263,7887.225906
264,7882.036612
265,7899.261905
266,7900.858171
267,7917.218173
268,7885.266354
269,7925.392649
270,7956.377628
271,7992.066659
272,7980.131935
273,7969.433391
274,7998.076996
275,8044.911891
276,8032.994425
277,8069.898582
278,8082.990618
279,8074.732850
280,8102.311542
281,8115.511665
282,8130.192564
283,8094.477876
284,8098.870418
285,8097.667251
286,8149.488065
287,8121.765339
288,8159.908621
289,8126.830779
290,8110.955581
291,8134.473650
292,8125.811478
293,8123.118910
294,8130.074465
295,8091.388167
296,8086.956470
297,8090.111285
298,8118.247536
299,8123.965892
300,8148.242655
301,8123.653570
302,8105.366469
303,8108.672472
304,8126.937715
305,8101.858606
306,8096.180550
307,8119.770794
308,8085.328461
309,8094.552226
310,8064.519672
311,8148.288326
312,8075.658161
313,8090.515015
314,8137.196292
315,8138.458385
316,8123.281041
317,8140.171845
318,8142.966336
319,8154.681310
320,8186.335851
321,8170.169663
322,8193.105352
323,8231.527469
324,8264.284525
325,8269.843955
326,8274.503732
327,8271.709409
328,8285.975037
329,8265.632270
330,8264.619231
331,8264.412454
332,8258.165612
333,8253.369707
334,8296.460752
335,8312.299518
336,8292.017224
337,8278.517219
338,8310.371442
339,8283.879213
340,8313.028496
341,8268.847723
342,8282.467326
343,8308.692858
344,8308.230505
345,8301.205006
346,8295.588436
347,8300.085595
348,8300.684799
349,8298.730748
350,8322.989611
351,8303.610636
352,8327.715775
353,8291.467126
354,8319.880139
355,8289.979069
356,8274.435271
357,8269.550211
358,8254.834082
359,8288.384314
360,8289.893260
361,8307.957476
362,8309.853035
363,8313.031912
364,8313.576616
365,8303.474900
366,8321.668803
367,8312.195200
368,8305.068842
369,8293.241944
370,8320.983797
371,8297.008392
372,8323.705538
373,8293.404344
374,8277.282769
375,8266.893038
376,8296.063120
377,8303.136086
378,8324.448662
379,8317.428889
380,8298.722673
381,8259.668962
382,8257.487109
383,8273.716569
384,8268.462483
385,8254.163583
386,8305.088535
387,8326.070948
388,8330.569409
389,8345.503654
390,8371.105583
391,8373.513883
392,8393.129433
393,8419.288742
394,8436.466478
395,8488.855664
396,8472.787817
397,8495.719070
398,8495.381256
399,8517.205565
400,8541.735150
401,8520.028858
402,8542.311972
403,8514.495149
404,8507.481766
405,8510.556409
406,8519.871972
407,8503.583436
408,8514.768158
409,8479.068717
410,8503.555649
411,8503.391387
412,8523.135540
413,8532.510858
414,8521.560756
415,8510.885220
416,8529.190146
417,8505.737190
418,8494.239101
419,8496.283433
420,8458.262787
421,8490.625570
422,8519.169049
423,8538.355368
424,8499.490821
425,8534.098428
426,8505.953297
427,8505.547368
428,8512.440581
429,8532.145594
430,8454.583199
431,8488.479061
432,8422.837952
433,8457.361771
434,8434.186608
435,8497.169259
436,8528.309772
437,8506.738124
438,8529.053719
439,8530.558756
440,8532.116362
441,8475.943986
442,8474.530201
443,8433.639994
444,8437.425480
445,8484.599508
446,8523.573064
447,8510.748615
448,8517.760434
449,8521.114258
450,8513.235614
451,8486.615407
452,8517.987941
453,8516.356306
454,8526.252460
455,8521.726123
456,8511.615575
457,8533.483334
458,8536.398852
459,8478.341605
460,8505.527781
461,8510.176444
462,8517.519151
463,8514.865643
464,8501.221147
465,8505.023411
466,8514.022479
467,8512.989553
468,8545.392312
469,8530.091831
470,8511.101472
471,8522.045565
472,8501.829339
473,8515.418709
474,8512.544340
475,8493.819043
476,8527.805909
477,8506.225514
478,8505.987459
479,8549.958198
480,8476.229700
481,8488.756945
482,8509.563926
483,8535.899187
484,8511.844937
485,8491.745117
486,8527.063829
487,8487.526024
488,8504.554213
489,8502.848735
490,8498.917024
491,8504.043648
492,8499.285014
493,8522.031111
494,8495.835111
495,8525.726844
496,8529.793970
497,8504.831430
498,8497.658596
499,8530.609089
