0,3093.189326
1,6178.936993
2,6581.702637
3,6932.209048
4,7215.701965
5,7472.784023
6,7804.290869
7,8083.004892
8,8387.194063
9,8662.944780
10,8930.396423
11,9141.813270
12,9402.748068
13,9685.531006
14,9885.306798
15,10112.821666
16,10292.332371
17,10552.402097
18,10781.519394
19,11041.180467
20,11278.861815
21,11462.456950
22,11634.714049
23,11740.488658
24,12029.157157
25,12233.903266
26,12397.529716
27,12552.328807
28,12740.392243
29,12824.142193
30,13012.542359
31,13096.456351
32,13319.697764
33,13390.226302
34,13528.812318
35,13653.979410
36,13805.829770
37,13891.859186
38,13916.780432
39,13967.495356
40,13993.600947
41,14197.246945
42,14191.788366
43,14265.141488
44,14374.938591
45,14458.516568
46,14514.622152
47,14646.225813
48,14757.909664
49,14711.646023
50,14748.894258
51,14858.861716
52,14870.917056
53,14938.547501
54,14912.126637
55,14867.167183
56,14973.515121
57,15149.501399
58,15139.338635
59,15139.576418
60,15147.063210
61,15157.122359
62,15211.850979
63,15163.245770
64,15190.895136
65,15197.337687
66,15318.344273
67,15332.242999
68,15331.883657
69,15417.669829
70,15457.290779
71,15424.441264
72,15504.489156
73,15488.872640
74,15471.544567
75,15495.457313
76,15606.452598
77,15589.690892
78,15629.290080
79,15592.776870
80,15546.891320
81,15581.436357
82,15757.573350
83,15669.224424
84,15658.908564
85,15743.205748
86,15727.022528
87,15820.733629
88,15767.563332
89,15669.814601
90,15683.427533
91,15646.222559
92,15661.258037
93,15653.237886
94,15649.270049
95,15715.566837
96,15647.338619
97,15666.809280
98,15634.676395
99,15680.905801
100,15589.185988
101,15615.689753
102,15707.994211
103,15684.734422
104,15659.620905
105,15681.558864
106,15645.732699
107,15783.681915
108,15742.381404
109,15870.897006
110,15823.803869
111,15921.847345
112,15913.336552
113,15879.970491
114,15889.004532
115,15804.758735
116,15841.468422
117,15784.919999
118,15949.193722
119,15868.309354
120,15966.462215
121,15957.327307
122,16076.237373
123,15907.884975
124,15970.919002
125,16078.584575
126,15992.434978
127,15998.382287
128,16218.600338
129,16265.114623
130,16301.434871
131,16284.555015
132,16367.026094
133,16426.546224
134,16410.813305
135,16428.910212
136,16479.289837
137,16555.274996
138,16544.067253
139,16614.148786
140,16742.486818
141,16782.926666
142,16735.194271
143,16747.698444
144,16745.040444
145,16814.118743
146,16887.703294
147,16716.640481
148,16817.932025
149,16716.470654
150,16700.419209
151,16647.866306
152,16681.326128
153,16859.619383
154,16840.505436
155,16652.879504
156,16673.542308
157,16815.495990
158,16969.862910
159,16777.362459
160,16721.222360
161,16698.967323
162,16784.560106
163,16842.229964
164,16863.076949
165,16886.063578
166,16915.681832
167,16840.753281
168,16903.495123
169,16915.729886
170,16823.435374
171,16899.891886
172,16840.338704
173,16893.572170
174,16812.774050
175,16841.410935
176,16899.862086
177,16872.239821
178,16942.273083
179,16922.870485
180,16814.569242
181,16917.693082
182,16955.640163
183,16995.118860
184,16890.573969
185,16950.908790
186,17012.077415
187,16935.495499
188,16877.886112
189,17083.710848
190,16891.996860
191,16850.974739
192,16930.218484
193,16923.406958
194,17040.287624
195,16968.682092
196,16996.513804
197,17060.166240
198,17078.136876
199,17163.180548
200,17246.461833
201,17168.960216
202,17202.147192
203,17134.685159
204,17102.129156
205,17213.102250
206,17271.283996
207,17262.522473
208,17020.135874
209,17037.678274
210,17078.131478
211,17198.527605
212,17182.054262
213,17056.900728
214,17055.724685
215,17027.801957
216,17068.172105
217,17122.872196
218,17179.061658
219,17112.392931
220,17077.668662
221,17136.608677
222,17163.759428
223,17064.604835
224,17188.533873
225,17284.614935
226,17138.957277
227,17151.513730
228,17146.438116
229,17237.211586
230,17064.577877
231,17195.451976
232,17361.599117
233,17148.469361
234,17162.160020
235,17213.722864
236,17107.387918
237,17174.419597
238,17320.976011
239,17271.776039
240,17192.154658
241,17112.294817
242,17212.524599
243,17129.342067
244,17095.822890
245,17202.075233
246,17179.116720
247,17121.243894
248,17087.086118
249,17109.057959
250,17077.033104
251,17161.574977
252,17173.932842
253,17173.639731
254,17001.892539
255,17148.406646
256,17090.777029
257,17114.250886
258,17131.219515
259,17154.251849
260,17130.913003
261,17013.849849
262,16982.691464
263,17064.841388
264,17261.567437
265,17180.008422
266,17169.497194
267,17069.688476
268,17163.459240
269,17057.492349
270,17081.991520
271,17166.271115
272,17202.163996
273,17215.379742
274,17284.825191
275,17359.826711
276,17268.342277
277,17385.245622
278,17188.281855
279,17243.753021
280,17217.821254
281,17268.912542
282,17194.590048
283,17267.275964
284,17246.582126
285,17205.030895
286,17166.820081
287,17087.669191
288,17154.849497
289,17254.955174
290,17397.083705
291,17303.029423
292,17223.667709
293,17247.850207
294,17266.418490
295,17198.367747
296,17368.410434
297,17404.157003
298,17212.283430
299,17331.841233
300,17263.218666
301,17225.249920
302,17176.785892
303,17254.506132
304,17258.028970
305,17378.532667
306,17432.371298
307,17278.714273
308,17223.883146
309,17134.009957
310,17145.196864
311,17135.947978
312,17253.698862
313,17223.681693
314,17243.063578
315,17088.457881
316,17219.189753
317,17231.973314
318,17174.055664
319,17161.411879
320,17102.230729
321,17140.258718
322,17267.168293
323,17145.301343
324,17232.742714
325,17300.691009
326,17227.989169
327,17218.557235
328,17174.844949
329,17315.476042
330,17179.078625
331,17381.886985
332,17243.671492
333,17266.490619
334,17309.146939
335,17248.567878
336,17240.819146
337,17213.497694
338,17275.674267
339,17339.933110
340,17264.519467
341,17368.269376
342,17282.384283
343,17315.900720
344,17410.818994
345,17349.560067
346,17268.985801
347,17312.269192
348,17424.212943
349,17359.425311
350,17333.975685
351,17295.310881
352,17379.096936
353,17439.168042
354,17408.490943
355,17432.047818
356,17462.717278
357,17495.511944
358,17494.138180
359,17479.429436
360,17558.392975
361,17513.289185
362,17438.122807
363,17537.407074
364,17591.398231
365,17617.578472
366,17501.478785
367,17458.794557
368,17511.193039
369,17542.136936
370,17408.432369
371,17354.902856
372,17499.509374
373,17550.381989
374,17593.133927
375,17591.753639
376,17426.146509
377,17425.367247
378,17482.696454
379,17400.761278
380,17436.031335
381,17407.174271
382,17442.530113
383,17469.433840
384,17413.991184
385,17439.246910
386,17491.235165
387,17492.836190
388,17574.810305
389,17541.017068
390,17552.133284
391,17359.421140
392,17405.888662
393,17485.514452
394,17421.375461
395,17335.179973
396,17471.875388
397,17497.729169
398,17466.698774
399,17358.407561
400,17412.169474
401,17463.395789
402,17501.347178
403,17547.355075
404,17541.827285
405,17503.279638
406,17510.051019
407,17485.754421
408,17496.754083
409,17499.305560
410,17414.989705
411,17521.927728
412,17521.082603
413,17406.912123
414,17402.034345
415,17489.557415
416,17543.043025
417,17524.567877
418,17411.874569
419,17598.443260
420,17587.173302
421,17524.914787
422,17596.346442
423,17431.620029
424,17520.123743
425,17524.649187
426,17418.798069
427,17418.420242
428,17447.928522
429,17529.805698
430,17534.807351
431,17399.838348
432,17584.408449
433,17504.297524
434,17477.451611
435,17528.874887
436,17487.445750
437,17435.365772
438,17523.597687
439,17539.987149
440,17462.747669
441,17463.967433
442,17529.399396
443,17434.438920
444,17448.789925
445,17528.146035
446,17594.288077
447,17466.004870
448,17492.369388
449,17446.317002
450,17446.106664
451,17505.641535
452,17553.001592
453,17529.197652
454,17575.729706
455,17535.896720
456,17549.891422
457,17492.455272
458,17452.168279
459,17444.317591
460,17462.698456
461,17460.279705
462,17363.437857
463,17376.639713
464,17444.890031
465,17350.623238
466,17457.574504
467,17434.071155
468,17577.470306
469,17484.399915
470,17468.328456
471,17412.360396
472,17438.060059
473,17543.526345
474,17531.149654
475,17552.186465
476,17413.782744
477,17493.891814
478,17453.251238
479,17475.043441
480,17462.981851
481,17580.172907
482,17574.252042
483,17581.815184
484,17509.362879
485,17571.555189
486,17537.707072
487,17559.683384
488,17582.787708
489,17491.926186
490,17472.270395
491,17571.920133
492,17451.828139
493,17480.938360
494,17448.462400
495,17400.297101
496,17369.662629
497,17494.649504
498,17499.978812
499,17556.102375
