0,3101.232363
1,6177.066039
2,6487.442870
3,6771.168741
4,6975.867990
5,7219.625882
6,7311.103049
7,7616.671845
8,7686.286739
9,7830.361219
10,7905.278520
11,8144.715803
12,8187.375247
13,8261.236440
14,8479.398312
15,8512.385643
16,8568.272364
17,8599.021646
18,8693.811046
19,8737.716834
20,8810.014832
21,8730.471431
22,8938.514960
23,9054.812670
24,8873.805811
25,9008.735794
26,9087.535183
27,9111.735077
28,9064.141140
29,9278.054373
30,9302.217826
31,9312.158315
32,9368.175994
33,9324.061941
34,9468.415362
35,9445.961619
36,9527.656275
37,9450.530723
38,9501.447752
39,9668.703539
40,9608.135475
41,9698.456935
42,9719.963606
43,9812.005458
44,9867.135079
45,9921.455531
46,10079.311756
47,10076.298193
48,10059.258308
49,10170.815717
50,10219.937378
51,10202.068128
52,10400.299425
53,10356.798591
54,10305.617984
55,10650.924274
56,10615.321838
57,10678.311063
58,10567.310986
59,10586.223798
60,10459.738125
61,10621.531700
62,10696.074524
63,10842.961861
64,10673.699969
65,10687.633146
66,10845.118385
67,10612.299231
68,10753.620790
69,10789.633537
70,10935.721129
71,11067.634757
72,11205.962865
73,11052.554281
74,11018.105500
75,11056.787764
76,10993.772847
77,11317.653498
78,11419.353333
79,11456.866490
80,11509.180107
81,11292.423313
82,11284.607601
83,11489.877398
84,11390.841832
85,11611.831889
86,11563.098432
87,11699.760222
88,11887.642506
89,11943.862034
90,11727.718931
91,11708.544740
92,11688.164623
93,11816.775926
94,11912.167492
95,11907.968058
96,12308.269772
97,12253.217082
98,12158.728752
99,12062.167438
100,12116.565844
101,12248.489200
102,12520.190578
103,12249.155170
104,12251.450465
105,12212.417910
106,12353.497471
107,12420.299293
108,12441.433891
109,12615.368958
110,12547.533867
111,12995.752669
112,12817.011502
113,12598.025040
114,12749.845294
115,12692.751520
116,12747.464829
117,12854.615695
118,13038.422778
119,13016.530548
120,13145.380292
121,12928.436634
122,12935.802111
123,13060.030178
124,13340.773388
125,13390.373142
126,13427.353496
127,13400.707939
128,13300.614729
129,13280.195244
130,13558.068142
131,13743.923110
132,13745.275125
133,13533.437003
134,13448.588659
135,13992.680606
136,13875.881344
137,13760.310491
138,14102.394500
139,14240.656183
140,14141.847473
141,14116.831881
142,14609.540129
143,14005.505314
144,14443.076881
145,14343.739940
146,14800.077087
147,14724.082112
148,14600.226579
149,14801.571180
150,14627.444693
151,14871.699193
152,14827.657977
153,14774.562203
154,14791.883784
155,15178.311422
156,14892.936585
157,14933.285066
158,14832.498023
159,15195.728302
160,15273.893015
161,15022.931771
162,15330.881100
163,15541.236697
164,15763.827027
165,15463.533299
166,15334.291962
167,15314.496036
168,15631.348646
169,15503.304127
170,15580.299649
171,15096.269172
172,15443.062001
173,15542.831804
174,15843.154965
175,16194.900178
176,15773.325095
177,16076.485814
178,16026.360768
179,16146.840587
180,15907.401506
181,16005.169071
182,16172.060217
183,15932.357604
184,16065.267386
185,16229.268715
186,16218.575064
187,16010.057705
188,16179.506767
189,16435.760948
190,16295.364180
191,16339.879601
192,16170.428127
193,16282.463198
194,16511.768325
195,16456.608466
196,16451.564466
197,16423.046828
198,16433.750287
199,16433.128593
200,16265.204495
201,16504.857819
202,16670.386972
203,16510.258107
204,16691.178059
205,16572.055068
206,16558.141042
207,16619.777003
208,16658.358494
209,16678.676127
210,16726.800767
211,16692.345385
212,16574.294388
213,16640.551738
214,16683.346460
215,16745.302781
216,16829.832388
217,16745.137495
218,16934.333277
219,16866.422181
220,16949.962433
221,17034.233840
222,16656.829125
223,16976.921146
224,16967.072000
225,16860.583966
226,17012.670476
227,16977.217414
228,17109.657476
229,17246.862790
230,17325.309923
231,17339.815992
232,17057.179057
233,17155.203942
234,17281.458904
235,17292.154717
236,17143.376486
237,17167.568217
238,17293.711022
239,17226.919436
240,17309.912436
241,17119.667055
242,17256.341885
243,17268.948896
244,17316.067305
245,17182.555006
246,17207.692057
247,17302.783893
248,17169.226845
249,17263.119384
250,17341.805433
251,17328.759844
252,17363.149351
253,17336.458149
254,17276.572410
255,17364.185071
256,17277.743165
257,17385.929831
258,17318.469097
259,17339.654464
260,17264.969727
261,17290.489795
262,17349.556662
263,17360.097765
264,17259.805742
265,17309.245104
266,17390.725130
267,17423.136533
268,17409.570106
269,17093.183926
270,17313.257224
271,17341.727597
272,17316.811831
273,17296.310800
274,17383.505606
275,17362.917437
276,17301.389123
277,17331.840311
278,17271.620177
279,17215.252742
280,17322.412993
281,17420.685334
282,17414.433324
283,17356.360177
284,17377.881787
285,17250.742307
286,17366.598719
287,17377.237833
288,17374.987683
289,17401.154133
290,17160.432101
291,17358.253838
292,17318.624159
293,17337.517206
294,17414.865920
295,17364.351033
296,17292.486592
297,17212.286946
298,17284.195790
299,17321.165876
300,17341.859206
301,17297.394616
302,17402.362969
303,17355.742407
304,17345.160474
305,17340.021975
306,17327.642352
307,17343.249105
308,17402.070483
309,17372.325678
310,17342.914447
311,17358.942933
312,17368.758869
313,17334.782763
314,17377.876295
315,17389.763408
316,17270.025496
317,17358.062778
318,17238.111712
319,17317.830856
320,17397.062231
321,17373.485712
322,17295.615403
323,17357.696603
324,17258.967319
325,17212.932021
326,17286.356516
327,17280.793246
328,17190.632093
329,17294.466873
330,17318.334843
331,17363.739041
332,17242.773412
333,17187.760612
334,17386.811561
335,17338.230354
336,17327.789514
337,17352.316630
338,17315.761169
339,17298.670991
340,17309.536501
341,17261.590181
342,17097.642630
343,17213.252867
344,17363.696513
345,17391.160120
346,17256.929588
347,17291.795077
348,17405.204911
349,17310.725131
350,17397.133985
351,17361.539355
352,17423.804255
353,17378.691098
354,17385.077590
355,17305.729038
356,17323.062797
357,17213.526892
358,17359.851532
359,17369.625768
360,17366.415082
361,17350.023258
362,17304.421272
363,17360.611674
364,17441.175692
365,17399.246012
366,17425.277646
367,17074.169695
368,17365.505435
369,17399.641609
370,17396.927685
371,17392.214877
372,17420.286670
373,17353.732575
374,17371.965587
375,17351.913416
376,17416.171775
377,17448.399209
378,17138.700113
379,17471.779428
380,17500.444319
381,17498.787213
382,17526.051004
383,17530.000021
384,17554.971527
385,17488.888628
386,17514.720486
387,17540.439507
388,17515.477270
389,17539.232914
390,17570.160100
391,17565.049477
392,17558.323237
393,17355.542776
394,17438.432239
395,17506.108714
396,17514.840039
397,17561.179011
398,17442.551449
399,17438.308370
400,17575.858052
401,17560.809998
402,17517.876728
403,17539.075354
404,17489.520956
405,17570.593132
406,17589.127564
407,17517.062738
408,17492.555126
409,17577.275324
410,17530.041581
411,17542.812824
412,17523.169453
413,17530.107229
414,17546.573545
415,17535.863026
416,17527.701341
417,17526.933219
418,17525.104451
419,17550.135984
420,17145.212041
421,17469.993589
422,17419.345813
423,17561.528269
424,17589.404045
425,17502.449257
426,17512.570599
427,17522.363039
428,17535.757922
429,17188.928036
430,17309.743737
431,17469.849857
432,17451.202726
433,17443.510717
434,17551.889471
435,17590.133570
436,17569.295095
437,17363.588150
438,17594.902922
439,17504.106378
440,17504.907665
441,17521.783630
442,17568.504647
443,17536.913285
444,17523.290364
445,17466.422680
446,17546.116182
447,17528.059583
448,17559.845608
449,17577.901103
450,17577.915586
451,17420.652263
452,17531.688753
453,17569.755169
454,17549.655916
455,17771.105134
456,17758.803651
457,18077.409988
458,18217.672208
459,18161.497000
460,18111.862251
461,18101.072527
462,18218.760468
463,18056.746010
464,18033.794546
465,18197.518578
466,18077.873023
467,18213.424268
468,18224.861550
469,18187.166577
470,18202.893956
471,18206.992761
472,18224.189659
473,18203.162601
474,18181.406078
475,18145.055191
476,18162.355643
477,18225.401868
478,18186.963355
479,18185.576033
480,18219.930616
481,18235.110734
482,18192.612619
483,18172.821895
484,18125.693775
485,18140.808170
486,18293.704545
487,18241.577474
488,18174.087328
489,18149.953408
490,18233.747936
491,18267.898261
492,18250.240607
493,18189.403450
494,18252.813318
495,18157.456675
496,17973.410573
497,18285.252401
498,18252.329446
499,18303.438884
