0,3010.394353
1,3023.170466
2,2997.471140
3,2933.863316
4,2908.605527
5,2946.735172
6,2938.010519
7,2983.595485
8,2979.521281
9,2990.986878
10,2980.955436
11,2954.278068
12,2879.449017
13,2835.354461
14,2872.866377
15,2839.355670
16,2833.994879
17,2913.660245
18,2977.916992
19,2958.272708
20,2982.232757
21,3005.027108
22,2981.999770
23,2910.791447
24,2949.166433
25,2942.533346
26,2938.945946
27,2825.279466
28,2843.040183
29,2916.791798
30,2960.418206
31,2968.829931
32,2923.015386
33,2904.067278
34,2943.412655
35,2880.051794
36,2901.027657
37,2962.095710
38,2990.270614
39,2938.857048
40,2869.025504
41,2856.464685
42,2897.922005
43,2930.571655
44,2957.231748
45,2908.681917
46,2864.951519
47,2904.085792
48,2857.907141
49,2836.949490
50,2866.443452
51,2821.056908
52,2845.885176
53,2860.032363
54,2910.239195
55,2958.647252
56,2969.225736
57,2948.808096
58,2912.953341
59,2956.174633
60,2968.658786
61,2966.466501
62,2934.534251
63,2955.245595
64,2965.260149
65,2913.896823
66,2973.946693
67,2973.829511
68,2867.459860
69,2855.456693
70,2874.184766
71,2875.326204
72,2937.202348
73,2951.547808
74,2936.725123
75,2932.202815
76,2961.633261
77,2938.814012
78,2939.608466
79,2995.569513
80,3015.716988
81,2986.928695
82,2918.827794
83,2903.905880
84,2995.293856
85,2943.850543
86,2923.187962
87,2928.120238
88,2896.484089
89,2890.489706
90,2843.985607
91,2871.820306
92,2877.939872
93,2941.041366
94,2962.036730
95,2889.280285
96,2863.732686
97,2860.851507
98,2885.589273
99,2865.240297
100,2834.886934
101,2829.628329
102,2858.804298
103,2920.994157
104,2956.644082
105,2950.954429
106,3022.130289
107,2990.317754
108,3015.616774
109,3000.553971
110,2952.234453
111,2979.170174
112,2897.415640
113,2890.379488
114,2912.038853
115,2868.628642
116,2829.680000
117,2875.263581
118,2893.080421
119,2903.948965
120,2884.016293
121,2859.792855
122,2886.865219
123,2852.068187
124,2896.434348
125,2867.468629
126,2866.860941
127,2876.615900
128,2855.865637
129,2866.741839
130,2855.026145
131,2848.048481
132,2932.720716
133,2910.680780
134,2975.677449
135,2888.488066
136,2916.716683
137,2878.327193
138,2896.460301
139,2881.981250
140,2883.547670
141,2920.535272
142,2932.345792
143,2954.823848
144,2913.314822
145,2908.248316
146,2934.814175
147,2954.112932
148,2948.099537
149,2958.720928
150,3020.645908
151,3009.784870
152,2984.805451
153,3015.942411
154,3017.259479
155,2883.149444
156,2899.916051
157,2951.615094
158,2893.367615
159,2845.816049
160,2910.805316
161,2908.294744
162,2906.182816
163,2861.183590
164,2917.690815
165,2906.143099
166,2982.504570
167,2901.320174
168,2954.699064
169,2980.608090
170,2910.022413
171,2832.696100
172,2836.111633
173,2887.747998
174,2869.449911
175,2957.034948
176,2965.715964
177,2902.591649
178,2933.656886
179,2944.359637
180,2927.660390
181,2857.191127
182,2915.176381
183,2889.969906
184,2944.202262
185,2900.226504
186,2898.975782
187,2932.481519
188,2905.937467
189,2906.463198
190,2967.216388
191,2908.293978
192,2894.743594
193,2892.617449
194,2936.456835
195,2905.324356
196,2881.259199
197,2936.128457
198,2957.200133
199,2965.491511
200,2941.760576
201,2983.608744
202,2942.394496
203,2896.689403
204,2884.609031
205,2854.379476
206,2851.131044
207,2892.612161
208,2942.282697
209,2939.662433
210,2980.699991
211,2882.081117
212,2875.779876
213,2871.227704
214,2921.767820
215,2902.998167
216,2937.823832
217,2872.500910
218,2874.803248
219,2879.645440
220,2896.418123
221,2920.494892
222,2910.278579
223,2903.231474
224,2947.327259
225,2948.036182
226,2942.885975
227,2969.615363
228,2930.614062
229,2927.929832
230,2984.071922
231,2984.139442
232,3029.224816
233,2919.124226
234,2868.715762
235,2930.147452
236,2939.023183
237,2923.458949
238,2908.566526
239,2883.236409
240,2889.790824
241,2844.721866
242,2911.013210
243,2881.209268
244,2906.878099
245,2894.657875
246,2909.420794
247,2994.163838
248,2914.043961
249,2886.394090
250,2925.090189
251,2935.842019
252,2946.508495
253,2984.450892
254,2940.818571
255,3016.324083
256,3010.245801
257,2952.980156
258,2972.259687
259,2952.224801
260,2966.684608
261,2947.692303
262,2974.834622
263,2935.055816
264,2911.761080
265,2875.881919
266,2877.978158
267,2884.699317
268,2875.519574
269,2918.146815
270,2962.601349
271,2883.521062
272,2879.326228
273,2879.212470
274,2852.454940
275,2808.417742
276,2759.151961
277,2815.608326
278,2836.124522
279,2828.689939
280,2868.401799
281,2853.107206
282,2923.442719
283,2915.575355
284,2912.114355
285,2940.183992
286,2952.765489
287,2931.821745
288,2941.294702
289,2992.498704
290,3036.605958
291,3059.294365
292,3037.005547
293,2979.121809
294,2966.770587
295,2942.604421
296,2937.043888
297,2945.206764
298,2982.555002
299,2978.940979
300,2971.147739
301,2975.310622
302,2984.128447
303,2969.153941
304,2893.842073
305,2888.402480
306,2880.557334
307,2881.222251
308,2870.126446
309,2910.429821
310,2843.006434
311,2879.513363
312,2934.379592
313,2989.251514
314,3035.334547
315,3026.190725
316,2983.425449
317,3005.650798
318,3016.165322
319,2968.793553
320,2988.029729
321,2950.831244
322,2987.578113
323,2987.781925
324,2920.113071
325,2921.063398
326,2911.396039
327,2913.160907
328,2842.465692
329,2883.543998
330,2885.531671
331,2918.606731
332,2872.784538
333,2921.163186
334,2918.408211
335,2830.581361
336,2855.367848
337,2885.265711
338,2938.816688
339,2935.671600
340,2963.072236
341,2878.625040
342,2900.250073
343,2891.876322
344,2903.145442
345,2895.491077
346,2820.169867
347,2836.175745
348,2856.704726
349,2865.564274
350,2859.496326
351,2908.104636
352,2900.344022
353,2823.523946
354,2896.198771
355,2912.423837
356,2877.777339
357,2889.038822
358,2940.665003
359,2921.968142
360,2787.656273
361,2849.410296
362,2920.191208
363,2880.694642
364,2894.943923
365,2862.314700
366,2877.285447
367,2949.337272
368,2962.874031
369,2896.215219
370,2913.639640
371,2844.549065
372,2807.585515
373,2867.685795
374,2902.630505
375,2903.014386
376,2881.636438
377,2952.042103
378,2914.990406
379,2842.775085
380,2818.504432
381,2947.192894
382,2896.456912
383,2912.202402
384,2909.077633
385,2901.232287
386,2879.066500
387,2846.616322
388,2845.624058
389,2879.696677
390,2904.945865
391,2962.329099
392,2984.645104
393,2975.499770
394,2969.663780
395,2956.702529
396,2948.050445
397,2953.601113
398,2937.129089
399,2925.958215
400,2931.480650
401,2905.259787
402,2928.468950
403,3000.391333
404,2944.301899
405,2946.296219
406,2998.847500
407,3017.587438
408,2930.155092
409,2984.847506
410,2966.879747
411,2928.428243
412,2918.782332
413,2964.777723
414,2909.801858
415,2993.386814
416,2985.685400
417,2961.495947
418,2953.436265
419,2916.237428
420,2922.612933
421,2909.606805
422,2937.137358
423,2950.445543
424,2923.703781
425,2951.882226
426,2970.613258
427,2990.658834
428,2955.167465
429,2951.805647
430,2919.172637
431,2942.386788
432,2953.291123
433,2942.948673
434,2983.766221
435,2981.974725
436,3003.445704
437,3046.063619
438,2995.113178
439,2920.377995
440,2902.629632
441,2910.609250
442,2970.326053
443,2965.174450
444,2964.114436
445,2988.073980
446,2961.048691
447,2906.285177
448,2898.647514
449,2955.939247
450,2966.819940
451,2980.442357
452,2958.909565
453,2915.738287
454,2857.683990
455,2913.241825
456,2926.660570
457,2980.322815
458,3024.126994
459,3024.012533
460,2989.118948
461,2967.421514
462,2893.591070
463,2876.838923
464,2889.076253
465,2989.023737
466,2994.106052
467,2957.259427
468,3011.364064
469,3002.933472
470,3045.993150
471,2995.624576
472,2968.355182
473,3022.695394
474,3026.463753
475,3012.474169
476,3012.690295
477,2969.767903
478,2940.048031
479,2965.893800
480,2963.115590
481,2967.382311
482,2934.551489
483,2953.898719
484,2998.408302
485,2977.945335
486,2993.644290
487,2986.562109
488,2918.317207
489,2963.861355
490,2944.616466
491,2949.904206
492,2973.658764
493,3005.030085
494,2952.311204
495,2999.219155
496,3011.445411
497,2989.176696
498,2975.226869
499,3078.019849
