0,3067.621645
1,6087.574112
2,6435.308443
3,6722.829310
4,6932.359858
5,7208.551111
6,7367.722212
7,7585.126807
8,7697.498889
9,7898.768267
10,8106.991218
11,8396.436983
12,8563.573449
13,8790.937665
14,8888.538312
15,8958.461829
16,9208.656626
17,9184.261700
18,9313.261288
19,9440.082466
20,9548.518320
21,9686.449838
22,9765.685639
23,9893.119966
24,10061.001326
25,10057.325306
26,10037.060373
27,10179.502299
28,10293.562042
29,10337.233594
30,10382.451870
31,10454.339023
32,10759.250898
33,10643.673896
34,10644.297621
35,10694.837973
36,10802.831224
37,11238.221929
38,11265.861019
39,11335.247948
40,11258.246688
41,11461.288677
42,11555.716476
43,11460.474237
44,11900.258875
45,11932.821449
46,11770.124717
47,12248.016972
48,11852.932521
49,12118.679567
50,12105.842189
51,11859.539265
52,12075.868048
53,12164.218851
54,12502.318092
55,12280.087343
56,12262.872885
57,12304.533099
58,12380.840575
59,12427.860444
60,12428.233560
61,12401.712549
62,12553.580094
63,12621.047223
64,12579.848803
65,12510.105544
66,12347.987525
67,12899.782181
68,12871.370178
69,12650.464540
70,12751.233605
71,12764.832484
72,12551.080539
73,12755.822721
74,12947.301243
75,12863.777252
76,13128.428243
77,13059.006215
78,13035.358050
79,13116.469916
80,13182.532590
81,13219.145561
82,13190.169061
83,12881.175488
84,13198.740371
85,13292.679823
86,12803.659031
87,13277.681044
88,13153.396691
89,13162.060252
90,12982.105504
91,13102.025659
92,13050.785671
93,13448.460932
94,12994.429005
95,13053.176567
96,13137.875917
97,13045.271185
98,13328.497120
99,13513.037896
100,13570.333738
101,13129.847657
102,13450.518670
103,13279.208730
104,13166.360287
105,13203.829377
106,13069.450597
107,13111.837536
108,13348.192776
109,13400.078418
110,13269.279931
111,13300.477426
112,12999.617823
113,13211.676031
114,13504.671190
115,13565.545679
116,13345.207015
117,13523.621359
118,13774.039726
119,13570.944636
120,13443.738959
121,13364.344060
122,13444.761454
123,13381.328047
124,13473.031485
125,13580.827557
126,13359.463203
127,13252.754865
128,13209.235241
129,13375.201099
130,13602.242119
131,13353.954303
132,12918.843017
133,13368.284763
134,13250.924262
135,13457.599393
136,13407.181117
137,13219.811236
138,13233.522239
139,13048.728280
140,13157.828158
141,13213.233280
142,13399.004832
143,13385.899156
144,13411.259931
145,13107.198563
146,13212.099426
147,13078.098240
148,13373.968298
149,13337.312901
150,13051.919391
151,13181.246955
152,13445.844822
153,13058.202290
154,13204.730017
155,13434.097364
156,13575.431755
157,13272.249887
158,13172.585446
159,13149.997359
160,12937.459032
161,13442.000929
162,13089.330891
163,13450.289334
164,13502.858521
165,13228.699467
166,13142.898368
167,13216.705184
168,13107.384774
169,13302.455370
170,12971.709073
171,12853.198614
172,12984.599861
173,13308.883649
174,13405.028346
175,13265.387538
176,13283.417297
177,12944.326645
178,13268.638881
179,13421.269559
180,13332.659772
181,12849.725279
182,12982.352948
183,13192.244381
184,13015.531812
185,13228.871952
186,12974.115184
187,13045.236374
188,13228.567803
189,12898.878857
190,13447.607562
191,13342.912956
192,13221.468954
193,13035.616666
194,13261.128162
195,13066.637487
196,13218.953456
197,12888.996997
198,13099.324849
199,13318.807810
200,13248.040220
201,13328.674594
202,13143.085710
203,13280.963439
204,13210.713936
205,13426.811938
206,13690.333924
207,13419.450521
208,13323.230877
209,13139.095934
210,13454.446671
211,13177.169889
212,13460.723100
213,13247.990423
214,13056.421624
215,13395.691709
216,13147.591544
217,13094.611128
218,13038.514322
219,12825.713256
220,13164.061560
221,13267.321615
222,13080.893889
223,13266.485228
224,13121.706473
225,13465.137863
226,13335.426536
227,13490.092737
228,13099.387107
229,13001.457316
230,13146.036449
231,13352.230563
232,13225.797421
233,13587.037556
234,13367.070017
235,13128.723194
236,13214.589286
237,13307.869996
238,13237.092199
239,13375.880309
240,13334.771424
241,13090.395426
242,12998.374659
243,13249.415931
244,13523.492838
245,13530.413849
246,13178.414457
247,13326.526753
248,13501.974561
249,13535.390691
250,13603.681901
251,13114.816049
252,12933.060398
253,13160.099183
254,13274.235405
255,13275.456449
256,13531.604271
257,13093.870494
258,13306.605518
259,13438.699323
260,13433.244003
261,13550.817015
262,13773.649657
263,13218.263627
264,13266.062285
265,13355.000088
266,13512.794134
267,13297.959797
268,13186.302282
269,12969.075628
270,13525.634435
271,13133.585785
272,13139.109752
273,13162.587294
274,13460.033057
275,13537.297366
276,13559.783083
277,13310.257236
278,13456.125149
279,13138.160681
280,13164.865188
281,13279.795787
282,13410.365045
283,13355.051733
284,13516.236546
285,13268.495226
286,13113.484621
287,13232.950662
288,13186.802397
289,13098.757008
290,13417.550541
291,13223.723920
292,13197.657167
293,13147.771352
294,13192.043545
295,13227.511876
296,13251.873399
297,13400.277572
298,13258.806614
299,13214.677043
300,13200.760086
301,13276.174270
302,13376.407636
303,13288.752137
304,13283.971161
305,12982.619743
306,13035.960248
307,13157.789073
308,13223.576905
309,13313.196401
310,13227.117503
311,13193.105074
312,13115.516398
313,13133.499093
314,12963.392155
315,13153.693910
316,13524.299712
317,13267.544210
318,13127.650363
319,13090.314636
320,13270.816214
321,13163.436687
322,13145.226816
323,13225.235527
324,13427.209503
325,13296.711043
326,13528.833273
327,13202.585626
328,13223.602728
329,13443.395426
330,13657.160117
331,13358.271675
332,13193.545610
333,13312.529893
334,13106.066052
335,13358.317243
336,13354.346723
337,13035.828640
338,12880.274029
339,13099.284563
340,13228.575662
341,13078.337197
342,13088.822745
343,13249.156494
344,13491.349041
345,13166.693486
346,13328.915459
347,13385.432181
348,13128.863774
349,12953.038378
350,13268.383509
351,12956.757138
352,12970.342086
353,13329.419692
354,13097.950143
355,13269.574413
356,13000.492360
357,13288.919778
358,13398.562449
359,13507.708539
360,13340.540588
361,13107.780479
362,13562.703386
363,13457.440525
364,13307.792702
365,13528.688614
366,13283.279742
367,13045.221066
368,13461.693830
369,13564.032584
370,13544.774525
371,13184.735153
372,13036.069960
373,13574.249049
374,13319.507114
375,13352.820648
376,13403.047566
377,13265.470612
378,13007.748430
379,13075.590621
380,13203.455240
381,13412.259790
382,13511.461621
383,13514.524540
384,13535.135325
385,13514.610176
386,13072.980409
387,13446.524590
388,13551.500232
389,13371.620742
390,13143.607978
391,13272.773863
392,13352.565696
393,13197.561435
394,13265.628398
395,13346.770313
396,12965.537348
397,13144.846160
398,13143.659833
399,13083.153007
400,13408.179092
401,13326.913021
402,13455.986431
403,13050.257504
404,13276.372083
405,13424.187092
406,13206.324730
407,13394.295228
408,13164.439969
409,12870.706629
410,13175.169380
411,13275.613679
412,13490.979625
413,13278.296953
414,13319.556505
415,13203.193797
416,13211.942358
417,12851.243925
418,13503.424949
419,13615.056046
420,13670.326507
421,13225.551111
422,12998.955728
423,13132.728666
424,13556.427400
425,13489.545829
426,13417.210342
427,13525.839793
428,13435.328946
429,13119.211477
430,13342.428286
431,12794.656815
432,13316.961517
433,13303.568989
434,13408.961406
435,12885.077778
436,13301.920063
437,13157.811627
438,13305.791628
439,13385.838113
440,13153.558912
441,13238.701658
442,13446.183046
443,13677.834746
444,13197.713975
445,13195.539634
446,13256.165436
447,13270.232961
448,13154.708708
449,12940.551328
450,13405.912205
451,12998.217213
452,12940.586932
453,13228.411658
454,13137.082636
455,13164.258378
456,13148.911807
457,13320.800660
458,13343.409080
459,13349.563307
460,13452.823743
461,13230.270900
462,13349.052268
463,12992.627245
464,13200.738818
465,13326.348405
466,12777.720776
467,13032.417321
468,13101.551032
469,13013.370440
470,13046.871486
471,13136.878649
472,13255.332415
473,13271.423373
474,13517.915938
475,13263.830161
476,13173.900965
477,13306.696917
478,13023.261828
479,13198.407097
480,12982.132104
481,13210.073232
482,13196.690244
483,13194.376337
484,13227.513018
485,13392.884032
486,13344.853106
487,13412.738158
488,13059.858531
489,13020.147871
490,13294.325797
491,13138.758808
492,12831.505177
493,12928.273538
494,13549.531003
495,13024.563121
496,13297.249747
497,13279.697281
498,13367.991822
499,13239.112269
