0,3036.978441
1,6323.273594
2,6929.437326
3,7243.056733
4,7456.680832
5,7697.682765
6,7796.180383
7,8009.623299
8,8047.345137
9,8186.784713
10,8334.962833
11,8522.394843
12,8627.886650
13,8862.784886
14,8897.192570
15,8902.030671
16,9076.590002
17,9020.540656
18,9031.350097
19,9148.330493
20,9254.556564
21,9261.253705
22,9357.680342
23,9378.155730
24,9483.315533
25,9630.014692
26,9624.608879
27,9599.217895
28,9857.407005
29,9811.722128
30,10046.544876
31,10062.781010
32,10066.513528
33,10130.068886
34,10226.911388
35,10056.391848
36,10355.529394
37,10378.526807
38,10532.700720
39,10415.411160
40,10444.946554
41,10462.215232
42,10543.139055
43,10615.699923
44,10740.015908
45,10775.752512
46,10849.035680
47,11066.766444
48,11092.754885
49,11029.510277
50,11004.816535
51,11021.445550
52,11083.481382
53,11129.114505
54,11192.998058
55,11172.827085
56,11230.932869
57,11258.085068
58,11182.001674
59,11168.981174
60,11329.575780
61,11283.868828
62,11348.199503
63,11374.675142
64,11478.783460
65,11505.301283
66,11387.574497
67,11409.834442
68,11227.273249
69,11473.530223
70,11545.453236
71,11510.963423
72,11470.417710
73,11533.625243
74,11581.520144
75,11602.276855
76,11481.185390
77,11464.515281
78,11489.031371
79,11448.454560
80,11699.038973
81,11501.599591
82,11701.996842
83,11731.226271
84,11648.241792
85,11730.542390
86,11882.845185
87,11838.662989
88,11747.797139
89,11763.987265
90,11806.501713
91,11822.822269
92,11652.150528
93,11740.254259
94,11683.841528
95,11778.270482
96,11916.348635
97,11689.964879
98,11817.515167
99,11993.495747
100,11935.922846
101,11985.282938
102,11968.168335
103,12047.584068
104,12144.844495
105,11958.820571
106,11858.600106
107,12082.828527
108,11973.093619
109,12258.704164
110,12069.850204
111,12200.939975
112,12081.636588
113,12027.312208
114,11996.295389
115,11871.464298
116,11970.814507
117,12019.821570
118,12098.231924
119,12134.356439
120,12128.343944
121,12128.765763
122,12015.930168
123,12302.407829
124,12222.208223
125,12042.636364
126,11977.660559
127,12210.941749
128,12434.807920
129,12259.895670
130,12350.221117
131,12200.688335
132,12296.388381
133,12256.489847
134,12294.872787
135,12275.232054
136,12285.306879
137,12461.348249
138,12478.709049
139,12521.824731
140,12765.396902
141,12587.970941
142,12545.094056
143,12328.422103
144,12498.093370
145,12570.916459
146,12471.961402
147,12267.659998
148,12440.172730
149,12390.403598
150,12531.749474
151,12460.055291
152,12413.436029
153,12405.786056
154,12507.830141
155,12570.647402
156,12575.909511
157,12593.524658
158,12594.983743
159,12623.916172
160,12561.642012
161,12463.688148
162,12513.715049
163,12493.041415
164,12419.685494
165,12641.375074
166,12752.021728
167,12526.129007
168,12465.345753
169,12445.901926
170,12437.470094
171,12561.395000
172,12513.697913
173,12581.132071
174,12645.873456
175,12634.578977
176,12794.972087
177,12497.986420
178,12672.165679
179,12528.096346
180,12890.902717
181,12495.060407
182,12800.382341
183,12829.482449
184,12606.577185
185,12866.348853
186,12707.099777
187,12775.373051
188,12827.395638
189,12912.738911
190,12694.503406
191,12754.732121
192,12730.410129
193,12483.931237
194,12681.428670
195,12662.057928
196,12672.781935
197,12831.801565
198,12967.241377
199,12907.299267
200,12709.569007
201,12915.317303
202,12769.944972
203,12802.064488
204,12872.156041
205,12733.292437
206,12576.351521
207,13071.467145
208,12863.982533
209,12891.664871
210,12943.956641
211,12834.206350
212,12853.180027
213,12816.739112
214,13131.787935
215,13047.347690
216,13054.232351
217,12946.119900
218,13060.085279
219,12912.245320
220,12928.978029
221,12870.134028
222,13087.114459
223,13309.305826
224,13152.262728
225,12972.902686
226,13053.126952
227,13011.889279
228,12969.628095
229,12909.060858
230,12879.733546
231,13124.417488
232,13076.587143
233,13032.987369
234,12964.299446
235,12959.852956
236,13073.901149
237,12918.527687
238,12975.180954
239,12931.840237
240,12999.800712
241,13005.335981
242,13031.424025
243,13130.899290
244,13099.621216
245,13138.967056
246,13136.160199
247,13053.259068
248,13213.755709
249,13286.999842
250,13180.751409
251,13011.977873
252,13056.996762
253,13020.071818
254,13002.823794
255,13004.593232
256,12817.029583
257,12848.176555
258,12879.376762
259,13139.292916
260,13005.412071
261,12995.678989
262,13309.352078
263,13162.276107
264,13100.824351
265,13086.533758
266,13020.096083
267,12966.259460
268,13285.873327
269,13246.469670
270,13068.663427
271,13185.144793
272,13359.150728
273,13242.699612
274,13033.544343
275,13235.158198
276,13213.807731
277,13192.315141
278,13187.370971
279,13146.635289
280,13241.691608
281,13014.819257
282,13374.142656
283,13326.006179
284,13123.614495
285,13284.939540
286,13275.054029
287,13286.264273
288,13288.259900
289,13174.047847
290,13353.903765
291,13156.548512
292,13336.823055
293,13126.608552
294,13136.883716
295,13108.445554
296,13221.101183
297,13190.243715
298,13412.441761
299,13240.225480
300,13035.198717
301,13127.271847
302,13043.394398
303,13060.578291
304,13208.772853
305,13224.864206
306,13431.334558
307,13379.192132
308,13453.303753
309,13241.084465
310,13139.697795
311,13119.749560
312,13322.936119
313,13350.980606
314,13340.993561
315,13334.292199
316,13287.347101
317,13318.622983
318,13234.569049
319,13299.518453
320,13083.193250
321,13259.608627
322,13125.745736
323,13040.968402
324,13158.115576
325,13174.373974
326,13196.280538
327,13262.724728
328,13155.023663
329,13321.482961
330,13148.468971
331,13366.264255
332,13239.350245
333,13390.923673
334,13349.632853
335,13322.900378
336,13379.071462
337,13441.225867
338,13285.065880
339,13344.018286
340,13259.159404
341,13199.060787
342,13100.790969
343,13201.832304
344,13457.397461
345,13491.853939
346,13208.404748
347,13234.319969
348,13414.890900
349,13344.371267
350,13418.736214
351,13513.234626
352,13347.033827
353,13500.886411
354,13376.058799
355,13349.362815
356,13575.122407
357,13409.878573
358,13426.698237
359,13449.931328
360,13253.389369
361,13502.959214
362,13272.768001
363,13589.732440
364,13268.832428
365,13505.612416
366,13265.825919
367,13299.626448
368,13281.446136
369,13217.565786
370,13259.702177
371,13278.507636
372,13252.561676
373,13414.901023
374,13346.311700
375,13246.483582
376,13337.784801
377,13366.775368
378,13387.400757
379,13574.880006
380,13324.384354
381,13350.761033
382,13268.990549
383,13371.342575
384,13521.655653
385,13328.650548
386,13500.533931
387,13651.757990
388,13621.185391
389,13256.635237
390,13048.484165
391,13300.439461
392,13194.059733
393,13575.909860
394,13397.498844
395,13709.461562
396,13413.278573
397,13441.264017
398,13597.383057
399,13305.830034
400,13617.167593
401,13332.099575
402,13433.293726
403,13472.770277
404,13510.921724
405,13651.693520
406,13464.015483
407,13493.393926
408,13366.807806
409,13224.941821
410,13344.712722
411,13474.690920
412,13373.199518
413,13486.121882
414,13441.293441
415,13455.435783
416,13518.077937
417,13719.773245
418,13613.744822
419,13476.241773
420,13467.556502
421,13424.344610
422,13467.516629
423,13568.332345
424,13502.537793
425,13540.008193
426,13442.019129
427,13619.886342
428,13595.049180
429,13589.282974
430,13594.839920
431,13456.926405
432,13380.238299
433,13361.725179
434,13389.772173
435,13389.341827
436,13388.040404
437,13513.616400
438,13434.068265
439,13453.911554
440,13471.141709
441,13491.136336
442,13590.513757
443,13728.177413
444,13430.072226
445,13660.254684
446,13489.368822
447,13543.224769
448,13683.454791
449,13193.988441
450,13487.400511
451,13506.941269
452,13205.195567
453,13302.725810
454,13424.903256
455,13526.641733
456,13557.541915
457,13464.285145
458,13440.156419
459,13676.335818
460,13423.085632
461,13618.306194
462,13387.311063
463,13519.441768
464,13462.111306
465,13351.779804
466,13312.707451
467,13568.975545
468,13484.762346
469,13481.673136
470,13507.414630
471,13594.520080
472,13527.457282
473,13421.881466
474,13519.737987
475,13545.079351
476,13613.467893
477,13582.550754
478,13474.305109
479,13538.902611
480,13401.830704
481,13572.771318
482,13362.212625
483,13507.305352
484,13676.550372
485,13324.753052
486,13610.411697
487,13306.369390
488,13417.142662
489,13428.659742
490,13372.793357
491,13442.152929
492,13613.573544
493,13474.034239
494,13558.826718
495,13742.520344
496,13758.260255
497,13344.590509
498,13574.117825
499,13540.143980
