0,3060.275412
1,6051.321075
2,6438.073543
3,6696.869481
4,6891.614727
5,7233.861470
6,7387.753481
7,7511.648149
8,7664.939746
9,7855.050608
10,7925.830532
11,8001.198676
12,8102.279813
13,8200.607729
14,8331.607230
15,8471.433571
16,8503.966253
17,8559.122458
18,8581.020898
19,8664.759956
20,8735.288097
21,8728.137350
22,8852.712998
23,9067.205182
24,9001.538144
25,9257.522173
26,9373.717799
27,9326.067082
28,9400.402120
29,9442.763161
30,9516.431300
31,9561.052393
32,9653.295979
33,9428.306525
34,9648.652966
35,9576.707625
36,9730.151421
37,9780.713613
38,9747.268716
39,9831.308070
40,9923.075456
41,9920.262503
42,10045.971816
43,10117.340142
44,10031.882918
45,10062.725300
46,10212.923955
47,10402.378579
48,10328.829517
49,10364.725597
50,10383.073491
51,10403.894165
52,10572.200299
53,10396.844855
54,10492.743647
55,10604.960797
56,10655.978250
57,10713.754537
58,10706.043721
59,10818.450786
60,10774.228740
61,10770.608257
62,10792.156208
63,10845.527623
64,10889.035970
65,10862.962128
66,10851.022911
67,10869.282908
68,11049.645191
69,10976.294621
70,11081.539607
71,10918.668928
72,11199.124864
73,11009.433637
74,11051.898033
75,11100.321022
76,11245.012113
77,11261.428850
78,11318.369056
79,11338.245164
80,11374.302783
81,11500.947139
82,11391.816097
83,11312.130961
84,11365.702303
85,11453.516770
86,11458.353342
87,11644.443895
88,11538.371644
89,11487.838520
90,11355.039688
91,11360.503920
92,11504.513375
93,11588.533052
94,11450.575459
95,11453.958872
96,11531.490808
97,11550.098479
98,11379.431857
99,11663.508325
100,11645.255693
101,11572.133002
102,11516.116290
103,11630.028652
104,11584.111057
105,11566.803551
106,11524.581862
107,11621.463186
108,11764.957430
109,11723.264964
110,11806.936774
111,11641.155606
112,11770.932325
113,11742.519099
114,11770.822920
115,11712.140272
116,11886.290588
117,11943.251049
118,11812.646070
119,11855.670898
120,11843.282596
121,11917.160939
122,11764.486477
123,11828.323593
124,11872.076633
125,11888.078249
126,11867.737244
127,11970.291331
128,11873.912733
129,11829.236549
130,11957.732824
131,11929.320612
132,11852.337239
133,11826.488917
134,11995.148091
135,11896.096265
136,11926.635381
137,11945.129198
138,12033.757300
139,12005.368621
140,12052.139784
141,12037.286865
142,12162.900775
143,12022.041829
144,12005.025522
145,12059.152364
146,11998.710769
147,11969.006195
148,11980.946473
149,12134.714739
150,12034.802039
151,11944.001615
152,11979.407589
153,11896.350620
154,11855.156468
155,12081.455712
156,11968.790225
157,11950.571135
158,12001.505195
159,11973.601523
160,12185.691122
161,11977.940180
162,12033.520532
163,12111.786034
164,12127.362256
165,12196.542419
166,12180.912748
167,12049.852401
168,12169.263624
169,12144.253275
170,12110.381185
171,12104.401469
172,12189.846214
173,12178.062196
174,12081.102804
175,12282.618403
176,12192.938478
177,12177.370159
178,12169.264805
179,12163.386985
180,12143.540477
181,12132.706268
182,12149.068739
183,12134.577809
184,12132.565608
185,12210.861370
186,12092.008028
187,12234.267957
188,12028.413035
189,12402.469085
190,12118.834730
191,12191.146152
192,12079.149176
193,12174.733172
194,12285.989493
195,12337.112749
196,12144.704184
197,12068.458244
198,12214.306489
199,12152.200487
200,12094.968890
201,12131.196361
202,12196.087288
203,12121.268414
204,12155.204605
205,12024.471876
206,12191.965422
207,12208.603058
208,12331.938354
209,12222.437578
210,12280.118540
211,12358.932790
212,12266.105881
213,12191.225010
214,12333.593330
215,12262.844711
216,12443.246934
217,12335.687134
218,12122.621302
219,12304.724792
220,12248.899082
221,12226.778207
222,12307.599720
223,12290.289342
224,12180.714601
225,12029.693535
226,12214.939309
227,12302.881366
228,12528.797346
229,12341.969361
230,12437.759248
231,12330.791191
232,12372.775752
233,12447.173780
234,12393.105858
235,12166.011750
236,12155.976652
237,12428.051249
238,12345.621572
239,12316.509586
240,12452.847782
241,12332.977538
242,12241.870030
243,12354.136075
244,12410.880906
245,12322.072290
246,12217.139533
247,12320.611324
248,12283.197000
249,12175.375959
250,12319.302222
251,12313.194192
252,12231.240976
253,12307.843275
254,12309.697617
255,12355.500226
256,12263.260604
257,12157.592875
258,12347.137133
259,12423.451493
260,12351.525363
261,12322.662292
262,12328.354120
263,12607.074586
264,12276.033529
265,12376.640648
266,12356.169711
267,12326.139659
268,12451.610326
269,12510.214351
270,12482.412091
271,12364.171370
272,12395.463869
273,12560.591096
274,12230.921568
275,12204.922712
276,12241.934780
277,12245.441383
278,12415.159115
279,12312.211164
280,12250.779370
281,12426.869477
282,12510.395444
283,12264.342143
284,12143.697044
285,12393.440494
286,12504.250357
287,12449.201032
288,12375.704994
289,12268.713489
290,12278.537741
291,12386.215370
292,12314.384336
293,12380.607387
294,12339.144761
295,12442.123945
296,12342.036134
297,12357.197347
298,12393.279005
299,12534.635808
300,12319.226787
301,12459.693554
302,12350.634891
303,12503.287477
304,12325.062133
305,12591.323861
306,12615.383038
307,12350.088688
308,12351.719360
309,12323.426011
310,12431.078052
311,12431.720907
312,12320.794717
313,12446.640067
314,12343.499607
315,12393.191464
316,12411.590291
317,12434.719285
318,12098.644144
319,12283.021838
320,12270.881167
321,12417.314164
322,12467.872925
323,12327.706506
324,12421.740993
325,12416.655167
326,12393.260229
327,12405.919728
328,12345.046060
329,12115.563276
330,12269.725905
331,12382.879917
332,12415.382079
333,12475.823568
334,12357.412610
335,12340.072776
336,12551.771123
337,12443.583784
338,12517.486638
339,12601.533097
340,12490.807501
341,12402.315556
342,12359.085700
343,12388.640893
344,12378.622451
345,12466.178846
346,12406.989965
347,12659.058431
348,12438.219776
349,12367.795349
350,12339.902598
351,12410.717234
352,12229.443477
353,12361.314742
354,12321.621467
355,12417.150051
356,12422.714760
357,12433.579524
358,12508.182228
359,12570.460021
360,12629.333196
361,12395.556728
362,12450.678525
363,12349.806327
364,12496.690257
365,12461.105796
366,12274.023213
367,12347.111679
368,12412.704551
369,12600.777523
370,12368.219687
371,12222.266312
372,12321.920875
373,12213.240233
374,12312.832344
375,12426.228059
376,12520.684183
377,12422.777955
378,12437.039019
379,12372.282126
380,12403.780064
381,12416.869627
382,12436.687347
383,12307.637598
384,12518.470147
385,12424.867858
386,12580.903313
387,12623.434870
388,12429.920565
389,12426.790472
390,12264.166732
391,12375.331678
392,12493.242871
393,12421.793012
394,12312.864147
395,12369.831779
396,12463.904556
397,12375.496586
398,12478.018248
399,12403.770182
400,12261.402225
401,12396.050453
402,12480.051789
403,12429.414523
404,12459.114597
405,12332.469490
406,12308.999117
407,12573.650988
408,12358.098025
409,12461.667935
410,12504.592636
411,12379.302025
412,12421.850817
413,12591.276006
414,12509.913227
415,12724.509846
416,12601.233675
417,12464.491725
418,12523.493201
419,12491.030558
420,12395.879392
421,12363.774584
422,12545.375870
423,12389.544819
424,12458.044880
425,12471.889595
426,12317.327140
427,12280.905356
428,12389.213261
429,12191.247089
430,12430.460705
431,12500.319036
432,12469.077630
433,12552.809766
434,12473.854238
435,12271.941643
436,12434.877521
437,12447.055358
438,12521.815268
439,12423.154257
440,12433.876239
441,12554.561188
442,12343.551637
443,12490.623390
444,12448.319793
445,12473.275239
446,12387.631363
447,12297.654293
448,12262.178001
449,12453.370662
450,12392.477871
451,12354.839683
452,12488.193147
453,12429.409009
454,12407.063965
455,12317.289656
456,12278.934788
457,12456.076213
458,12401.993388
459,12274.130599
460,12428.299329
461,12359.539398
462,12429.641615
463,12397.235780
464,12465.785077
465,12498.249595
466,12444.572791
467,12647.121501
468,12481.052116
469,12326.284475
470,12353.234793
471,12423.691117
472,12415.082233
473,12459.010091
474,12439.164890
475,12582.149039
476,12438.535325
477,12473.322378
478,12587.105268
479,12418.724785
480,12492.155572
481,12263.050430
482,12463.438246
483,12569.620512
484,12525.350972
485,12331.935014
486,12522.709070
487,12354.293479
488,12429.239488
489,12430.013819
490,12391.470300
491,12447.474935
492,12449.182659
493,12374.903035
494,12528.142138
495,12490.505051
496,12334.510168
497,12504.474667
498,12424.150006
499,12505.562834
