0,3085.965635
1,3349.336799
2,3584.117467
3,3764.263749
4,3918.588710
5,4067.138750
6,4164.175537
7,4325.309510
8,4462.708395
9,4603.505496
10,4636.650315
11,4733.581527
12,4798.695562
13,4894.847027
14,5035.252046
15,5224.712525
16,5474.234141
17,5455.255298
18,5435.793745
19,5540.975971
20,5896.991714
21,5837.702240
22,6048.418979
23,6288.391108
24,6295.746135
25,6406.650301
26,6515.240662
27,6383.361883
28,6404.039463
29,6510.924515
30,6499.192929
31,6633.617115
32,6721.577336
33,6719.526415
34,6780.326985
35,6909.146405
36,6982.219933
37,7045.508810
38,6956.238534
39,7040.092842
40,7180.439106
41,7256.205914
42,7255.025676
43,7023.440095
44,7087.113718
45,7181.262481
46,7370.333012
47,7389.208014
48,7326.934281
49,7027.013843
50,7248.077373
51,7043.614142
52,7263.824668
53,7288.766714
54,7393.716168
55,7464.140365
56,7491.425221
57,7225.455013
58,7574.775779
59,7446.804782
60,7505.110578
61,7479.850054
62,7588.605167
63,7508.453042
64,7494.668140
65,7325.485831
66,7368.125497
67,7351.097524
68,7197.086217
69,7394.833859
70,7312.858261
71,7421.331567
72,7384.123797
73,7312.537022
74,7507.273595
75,7292.904310
76,7573.477623
77,7524.561393
78,7608.802545
79,7350.759995
80,7340.857956
81,7382.973133
82,7370.658623
83,7436.850829
84,7573.504721
85,7407.059152
86,7503.390076
87,7568.877293
88,7382.504279
89,7502.743093
90,7402.384969
91,7305.221710
92,7244.165205
93,7463.577628
94,7118.654377
95,7369.723728
96,7250.519260
97,7331.409030
98,7304.290722
99,7455.132886
100,7469.351454
101,7508.759309
102,7431.389361
103,7541.477324
104,7706.364966
105,7389.199678
106,7532.994416
107,7603.656950
108,7520.505251
109,7344.239776
110,7402.259040
111,7336.962688
112,7383.533612
113,7329.985835
114,7376.384118
115,7299.435386
116,7258.265995
117,7375.141237
118,7387.582049
119,7427.337844
120,7508.374706
121,7451.570518
122,7394.478281
123,7403.214034
124,7402.675740
125,7442.364144
126,7660.523553
127,7637.997430
128,7493.082891
129,7454.593479
130,7340.863635
131,7340.712665
132,7517.208610
133,7620.533209
134,7626.040490
135,7513.478855
136,7539.050381
137,7689.230495
138,7601.144032
139,7527.818695
140,7536.215208
141,7439.120208
142,7389.807941
143,7315.155343
144,7532.876367
145,7437.201240
146,7626.233199
147,7434.883363
148,7378.756263
149,7195.727591
150,7180.726646
151,7163.957419
152,7383.239192
153,7427.692309
154,7445.720156
155,7422.883835
156,7297.641396
157,7364.895711
158,7296.696370
159,7474.919238
160,7358.637864
161,7619.479317
162,7487.941925
163,7442.923331
164,7462.294041
165,7332.680014
166,7403.204981
167,7333.553161
168,7408.583935
169,7369.578523
170,7453.156532
171,7377.885730
172,7443.447017
173,7430.776112
174,7548.403730
175,7395.948281
176,7471.349468
177,7651.853653
178,7456.105493
179,7616.393274
180,7329.199987
181,7478.991032
182,7609.436200
183,7386.035941
184,7373.836317
185,7394.637689
186,7388.580502
187,7423.514028
188,7438.871337
189,7328.808716
190,7499.085467
191,7363.065188
192,7287.338935
193,7048.981854
194,6832.947781
195,6945.940671
196,7212.512560
197,7377.187910
198,7452.034196
199,7377.509089
200,7241.094119
201,7279.782061
202,7095.575856
203,6905.949278
204,7047.311127
205,7329.225413
206,7381.444192
207,7482.728464
208,7505.252270
209,7453.934715
210,7308.794272
211,7472.575979
212,7353.037147
213,7364.775008
214,7387.583119
215,7318.113693
216,7256.756709
217,7329.366924
218,7482.165377
219,7545.701966
220,7530.441465
221,7349.539159
222,7377.474026
223,7291.970415
224,7542.438751
225,7283.067404
226,7537.209310
227,7395.104648
228,7322.773880
229,7354.642900
230,7280.194420
231,7203.764421
232,6967.968691
233,7136.988956
234,7328.873902
235,7232.770907
236,7107.691136
237,7183.571575
238,7347.212697
239,7485.954945
240,7319.963676
241,7407.376609
242,7337.342810
243,7421.572111
244,7358.369932
245,7454.250020
246,7310.752192
247,7564.837567
248,7469.953046
249,7428.328697
250,7360.277076
251,7514.823849
252,7619.470996
253,7502.862953
254,7414.542142
255,7485.591866
256,7368.310256
257,7414.028748
258,7378.500350
259,7268.252326
260,7327.507625
261,7472.125752
262,7240.028696
263,7260.883640
264,7235.241615
265,7381.525917
266,7532.262663
267,7608.571287
268,7577.331460
269,7623.483866
270,7667.330391
271,7558.970559
272,7486.520427
273,7544.607796
274,7499.674954
275,7379.682420
276,7397.448246
277,7293.691607
278,7226.627019
279,7391.167700
280,7473.511099
281,7498.546554
282,7310.629207
283,7621.740860
284,7510.648893
285,7418.628147
286,7349.827142
287,7325.288157
288,7239.883101
289,7159.837285
290,7329.672722
291,7389.769077
292,7304.148405
293,7561.572711
294,7385.927291
295,7387.519784
296,7401.183787
297,7332.588644
298,7457.437795
299,7556.826526
300,7721.311136
301,7713.980377
302,7369.121789
303,7326.852687
304,7519.175362
305,7332.936316
306,7491.798153
307,7287.176746
308,7367.461309
309,7498.196679
310,7472.955269
311,7241.772239
312,7464.777897
313,7559.110558
314,7345.811342
315,7545.622694
316,7737.050070
317,7496.309952
318,7492.446835
319,7450.733751
320,7456.283960
321,7351.655244
322,7212.079310
323,7345.050368
324,7339.345564
325,7330.158867
326,7431.059228
327,7325.720738
328,7444.017488
329,7495.768720
330,7522.661312
331,7516.746821
332,7498.465203
333,7512.371766
334,7572.526985
335,7573.935701
336,7396.264816
337,7241.152856
338,7647.186139
339,7534.801770
340,7520.651126
341,7432.827458
342,7306.870566
343,7396.031625
344,7491.615650
345,7209.813676
346,7480.194166
347,7612.121003
348,7611.869650
349,7605.893077
350,7588.952563
351,7261.207595
352,7332.232435
353,7513.562745
354,7355.551367
355,7315.724351
356,7188.231690
357,7415.397608
358,7383.367572
359,7305.808700
360,7609.265183
361,7337.282492
362,7666.727425
363,7535.251467
364,7192.954280
365,7234.471443
366,7465.020099
367,7483.848701
368,7416.743847
369,7559.316279
370,7646.927356
371,7627.101900
372,7572.169210
373,7534.953535
374,7492.190074
375,7453.779735
376,7620.897185
377,7575.204260
378,7572.725403
379,7553.606971
380,7470.844704
381,7514.012132
382,7539.937288
383,7518.671251
384,7602.492415
385,7423.727609
386,7440.490733
387,7573.383026
388,7467.369524
389,7514.942989
390,7487.515201
391,7528.300689
392,7658.544648
393,7586.108137
394,7603.468913
395,7482.024824
396,7465.592707
397,7559.161705
398,7490.405543
399,7530.053873
400,7273.111099
401,7551.919543
402,7485.804420
403,7488.806796
404,7538.069793
405,7499.746104
406,7519.734506
407,7641.778654
408,7769.093117
409,7523.681385
410,7586.120487
411,7570.117833
412,7472.051993
413,7590.246492
414,7375.882288
415,7103.175890
416,7229.999449
417,7211.105474
418,7173.174703
419,7263.078432
420,7330.588033
421,7396.059163
422,7340.296946
423,7206.025233
424,7334.206944
425,7517.994507
426,7570.428584
427,7439.251050
428,7612.647322
429,7656.439824
430,7645.677214
431,7625.980966
432,7642.401051
433,7662.648297
434,7819.951977
435,7957.827071
436,7840.146473
437,7889.532476
438,7744.756841
439,7705.836381
440,7689.721993
441,7834.360159
442,7634.560832
443,7819.569020
444,7971.995334
445,7907.018216
446,7772.069261
447,7772.225585
448,7807.080843
449,7881.779300
450,7522.762872
451,7633.324294
452,7782.608893
453,7809.090706
454,7910.401705
455,7761.538973
456,7860.054104
457,7760.486401
458,7821.926387
459,7628.026192
460,7713.849895
461,7681.151920
462,7760.507392
463,7648.712949
464,7593.283486
465,7595.234513
466,7467.282410
467,7421.455958
468,7831.251240
469,7732.644703
470,7786.990283
471,7622.336976
472,7924.896697
473,7971.611704
474,7947.764643
475,7804.984047
476,7582.357387
477,7900.823724
478,7751.532710
479,7470.327813
480,7622.658323
481,7815.646625
482,7736.132064
483,7826.503818
484,7539.712347
485,7532.835552
486,7734.527731
487,7662.078025
488,7782.125053
489,7812.077335
490,7800.008820
491,7534.798928
492,7713.953040
493,7614.370271
494,7630.295426
495,7487.105278
496,7849.305417
497,7815.411529
498,7861.853409
499,7741.784531
