0,3036.593408
1,3033.591703
2,3032.016910
3,3069.010163
4,3052.641231
5,3012.027866
6,3043.002550
7,3028.723071
8,2979.185353
9,2951.715559
10,2946.653291
11,2989.503539
12,2961.360684
13,2944.437856
14,2958.183950
15,2965.183209
16,2971.716000
17,2970.736394
18,2964.505010
19,2976.602398
20,2953.391529
21,2913.165238
22,2910.232323
23,2941.292116
24,3017.956054
25,3025.818441
26,3068.262878
27,3075.408249
28,3077.501109
29,3030.798367
30,3054.293780
31,3001.912790
32,3011.610715
33,2995.329892
34,2996.922112
35,3014.081705
36,3015.999405
37,3003.139162
38,2974.093591
39,3000.313162
40,2988.016493
41,2984.525765
42,2977.139988
43,3025.148294
44,3029.496941
45,3070.141017
46,3038.240658
47,3065.694636
48,3064.808555
49,3025.861001
50,2959.271599
51,2877.829289
52,2878.680849
53,2876.586899
54,2875.174789
55,2943.008055
56,2969.193976
57,2985.918156
58,2928.506189
59,2904.533820
60,2920.932432
61,2942.236760
62,2951.243576
63,2928.015453
64,2967.854959
65,2954.529607
66,2948.404918
67,2939.069033
68,2931.309724
69,2995.839371
70,2973.899219
71,2953.335697
72,2950.141325
73,2974.973043
74,2949.047500
75,2973.770263
76,2999.930794
77,2947.314575
78,3003.659680
79,3001.865586
80,2991.910487
81,3008.865552
82,3039.701843
83,3016.983647
84,2992.041014
85,2982.318358
86,2958.060979
87,2945.073734
88,3013.520999
89,3014.575274
90,2936.492455
91,2925.058314
92,2978.454142
93,2978.483836
94,2996.139274
95,2998.755122
96,2971.246174
97,3020.492186
98,2986.003013
99,2979.720311
100,2929.918452
101,2955.669493
102,2954.435518
103,2950.462397
104,2935.903632
105,2883.563513
106,2894.526466
107,2890.347572
108,2903.432981
109,2904.762763
110,2878.750107
111,2870.816198
112,2860.023588
113,2919.964492
114,2945.202681
115,2980.007067
116,2969.917505
117,2970.650986
118,2924.442639
119,2907.213856
120,2950.291229
121,2980.289933
122,2926.933333
123,2929.884502
124,2944.934555
125,2916.870225
126,2897.983333
127,2931.040703
128,2999.675899
129,3056.188340
130,3051.234800
131,2968.958298
132,2967.769195
133,2962.887292
134,2938.297769
135,2973.758077
136,2943.016776
137,2936.251263
138,2961.717181
139,2977.184345
140,3038.571888
141,3019.501216
142,3019.855941
143,3043.673277
144,3027.587048
145,3039.579282
146,2974.762727
147,3012.723611
148,2910.476851
149,2911.387131
150,2919.855971
151,2956.135747
152,2893.190627
153,2924.681347
154,2959.914991
155,3040.130234
156,3078.562125
157,3074.148908
158,3003.774957
159,3006.408981
160,2957.582228
161,2978.107425
162,2974.395774
163,2974.595114
164,3000.710565
165,2986.307140
166,2999.192121
167,2974.871248
168,2918.346517
169,2905.885729
170,2902.291730
171,2902.362653
172,2952.448091
173,2917.383963
174,2955.423707
175,3024.502921
176,3071.129951
177,3063.971426
178,3078.811558
179,3018.542290
180,3055.299464
181,3094.140409
182,3023.624146
183,3030.836071
184,3038.065312
185,3032.117096
186,3015.717784
187,2960.016433
188,2984.951855
189,3010.142218
190,2994.423010
191,2973.546010
192,2979.746352
193,2970.608393
194,2908.043464
195,2957.042762
196,2948.849701
197,3010.000663
198,2996.924085
199,2957.008744
200,2944.503216
201,2996.006801
202,2961.279032
203,2955.497687
204,2900.993352
205,2925.665987
206,2995.066751
207,3010.281525
208,2964.238444
209,3008.051164
210,2954.135290
211,2997.989001
212,3025.708019
213,3002.302606
214,2959.741383
215,2967.636359
216,3005.824533
217,2954.041033
218,2912.446752
219,2951.014851
220,2894.280411
221,2929.197790
222,2895.205020
223,2945.479512
224,2880.538356
225,2895.782229
226,2996.053000
227,3005.052574
228,2934.985775
229,2878.349271
230,2901.956591
231,2830.253566
232,2883.705550
233,2937.146645
234,2929.695049
235,2910.367561
236,2926.477124
237,2945.159878
238,2896.517934
239,2900.664643
240,2917.859748
241,2917.867471
242,2947.283484
243,2945.017874
244,2934.036416
245,2985.117670
246,2979.601618
247,2953.100191
248,2959.893697
249,2997.209640
250,3025.892001
251,3059.070227
252,3022.818871
253,2965.142471
254,2947.559513
255,2983.228798
256,2992.374627
257,2955.307019
258,2922.650899
259,2894.689766
260,2877.194993
261,2928.385863
262,2937.998249
263,2933.853073
264,3013.233816
265,2973.585203
266,2999.152476
267,3018.063292
268,3052.144403
269,2970.316958
270,3006.764876
271,2970.687614
272,2975.134029
273,2997.990184
274,3008.466174
275,2969.527890
276,2944.299896
277,2927.173397
278,2947.018308
279,2927.625121
280,2958.508263
281,2981.886749
282,3040.870310
283,3068.319547
284,3088.418251
285,3062.607186
286,3078.454538
287,3017.750190
288,2998.053748
289,2991.595218
290,3003.433369
291,2980.929820
292,2966.714497
293,2963.148894
294,2958.051608
295,2977.039568
296,3051.457964
297,3026.366061
298,2994.609223
299,3004.231901
300,3017.527571
301,2995.128266
302,2985.675952
303,3015.279320
304,3060.734303
305,3007.628705
306,2991.726236
307,2969.774123
308,3000.364856
309,3020.197636
310,2980.072368
311,2992.962574
312,3013.421462
313,2981.740671
314,3012.110149
315,2981.225706
316,2996.570735
317,2976.042745
318,3013.006949
319,3043.162610
320,3037.185444
321,3014.393439
322,3003.200076
323,3040.337080
324,3087.911269
325,3043.759381
326,2982.770689
327,2914.696915
328,2954.702781
329,2972.352713
330,2952.953514
331,2972.748250
332,2966.918264
333,2985.682765
334,2945.852962
335,2968.036685
336,2971.369381
337,2966.554988
338,2958.860104
339,2976.569794
340,2929.220173
341,2924.860313
342,2932.979848
343,2904.024800
344,2910.493425
345,2939.985006
346,2963.472209
347,2918.176332
348,2916.868174
349,2900.138383
350,2948.088911
351,2987.430919
352,2939.901177
353,2950.094938
354,2921.227039
355,2898.107751
356,2919.406013
357,2955.395275
358,2964.871385
359,2986.144190
360,3004.286130
361,2934.745471
362,2931.386685
363,2919.606515
364,2935.573801
365,2918.658196
366,2931.555686
367,2910.456586
368,2920.671977
369,2959.415465
370,2915.957692
371,2952.209882
372,2975.228410
373,2959.497012
374,2931.180769
375,2949.454728
376,2951.702778
377,2971.431857
378,2985.543965
379,2964.131107
380,2992.975780
381,2953.524858
382,2976.447455
383,3004.635513
384,2954.813104
385,2986.905533
386,2998.000577
387,2954.548931
388,2962.666391
389,2953.647624
390,2977.552241
391,2951.791850
392,3004.286989
393,3000.416332
394,2997.957872
395,3033.464028
396,2997.499692
397,2991.001648
398,3001.196652
399,2980.930424
400,2989.440386
401,2987.947537
402,2938.450010
403,2918.586781
404,2895.062031
405,2944.434895
406,2902.091748
407,2909.123991
408,2942.639453
409,2932.692482
410,2976.851407
411,3041.909132
412,2987.741415
413,2946.294541
414,2972.317284
415,2984.361245
416,2939.806143
417,2919.764121
418,2918.700689
419,2935.794931
420,2985.691897
421,3012.689983
422,3006.278037
423,2971.693480
424,2948.159766
425,2952.216421
426,2938.207823
427,2926.962642
428,2881.571175
429,2915.178940
430,2902.490617
431,2842.864209
432,2858.442404
433,2882.452842
434,2868.480912
435,2862.162602
436,2902.889331
437,2987.014214
438,3020.042395
439,2986.177789
440,2970.064886
441,2928.366315
442,3013.490338
443,3053.777194
444,3043.024785
445,2994.447834
446,2944.680909
447,2887.926514
448,2885.656945
449,2918.494538
450,2870.059931
451,2869.011922
452,2933.268999
453,2943.604885
454,2978.445447
455,2933.824204
456,2915.569606
457,2969.435528
458,2949.584042
459,2970.970366
460,2983.072350
461,3014.046144
462,2967.104714
463,2975.316195
464,2955.707000
465,2929.338451
466,2873.403267
467,2902.791238
468,2864.307376
469,2886.203671
470,2872.349738
471,2890.428610
472,2941.648541
473,2977.041742
474,2984.940809
475,2938.088173
476,2923.503477
477,2935.611962
478,2909.481884
479,2924.409388
480,2941.141406
481,2950.617075
482,2944.863104
483,2998.503274
484,2963.284294
485,2944.658690
486,2969.454645
487,3042.812344
488,3073.117161
489,2992.873640
490,2992.404924
491,3000.125720
492,2937.815034
493,2897.186646
494,2911.113524
495,2946.290674
496,2959.954854
497,2966.187566
498,2945.415807
499,2883.173828
