0,3008.924439
1,6009.041092
2,6410.512309
3,6736.982408
4,7067.857201
5,7315.411738
6,7627.198416
7,7902.395734
8,8165.014174
9,8487.855614
10,8762.414200
11,8940.497128
12,9223.038560
13,9448.332494
14,9731.829607
15,10008.226742
16,10181.963027
17,10436.961981
18,10628.636511
19,10892.631451
20,11150.104590
21,11370.956287
22,11580.779235
23,11841.846274
24,12071.371359
25,12255.613018
26,12396.263210
27,12576.978204
28,12706.869745
29,12882.166352
30,13008.257022
31,13155.376547
32,13312.980101
33,13508.179596
34,13491.222246
35,13522.756029
36,13788.319912
37,13915.366189
38,13990.651838
39,14138.360524
40,14188.103733
41,14235.015821
42,14297.318152
43,14434.399465
44,14460.047048
45,14421.026415
46,14601.124864
47,14599.352522
48,14720.409252
49,14766.762155
50,14814.628064
51,14926.043037
52,14922.584245
53,15039.009506
54,15119.402474
55,15181.720396
56,15198.438050
57,15210.015523
58,15186.792551
59,15175.644305
60,15179.869650
61,15230.118885
62,15244.430541
63,15179.669945
64,15243.457463
65,15282.039455
66,15226.274372
67,15224.702979
68,15235.874689
69,15184.991147
70,15228.174730
71,15230.883307
72,15313.808998
73,15318.754606
74,15265.376101
75,15248.009271
76,15276.513309
77,15292.832844
78,15294.204584
79,15375.614421
80,15292.581463
81,15275.767392
82,15405.082877
83,15292.705817
84,15303.731192
85,15341.341127
86,15374.194049
87,15324.936333
88,15333.834713
89,15319.297287
90,15318.036014
91,15298.640635
92,15331.243737
93,15282.860422
94,15286.232275
95,15385.512341
96,15315.502671
97,15239.192102
98,15276.828882
99,15360.564431
100,15335.348763
101,15363.451737
102,15355.855704
103,15321.783685
104,15319.387087
105,15287.014945
106,15349.305083
107,15261.988348
108,15235.816018
109,15322.198798
110,15346.454192
111,15265.592994
112,15238.832098
113,15338.998478
114,15231.211572
115,15315.290243
116,15282.360295
117,15245.144422
118,15236.107792
119,15225.037011
120,15212.625255
121,15326.820876
122,15285.734525
123,15300.503777
124,15222.248062
125,15312.599806
126,15312.616375
127,15294.098888
128,15121.444297
129,15303.720841
130,15236.985067
131,15269.586010
132,15306.818702
133,15318.457469
134,15342.085790
135,15378.308605
136,15273.625306
137,15296.399685
138,15365.828316
139,15303.707270
140,15324.702242
141,15236.872757
142,15308.694317
143,15318.892186
144,15275.202208
145,15259.302760
146,15383.777639
147,15359.166553
148,15361.682572
149,15245.744236
150,15235.556813
151,15240.628966
152,15284.278847
153,15316.693652
154,15425.597457
155,15338.912149
156,15327.624441
157,15330.273795
158,15359.795131
159,15273.989036
160,15306.150572
161,15305.962270
162,15306.566431
163,15294.478568
164,15253.729772
165,15256.223182
166,15216.717116
167,15274.796113
168,15141.189457
169,15218.361683
170,15200.108920
171,15215.763352
172,15331.924983
173,15247.093842
174,15269.434591
175,15299.768943
176,15280.891291
177,15320.170207
178,15307.460586
179,15358.461408
180,15414.999644
181,15397.842328
182,15360.910877
183,15253.901190
184,15274.587461
185,15266.361486
186,15302.725040
187,15294.693824
188,15283.168008
189,15267.603820
190,15277.614362
191,15293.070597
192,15346.029450
193,15321.453152
194,15274.625797
195,15286.178167
196,15286.161697
197,15200.415451
198,15190.398743
199,15163.078199
200,15188.847087
201,15181.495658
202,15330.634928
203,15335.572763
204,15249.938543
205,15244.568075
206,15275.923306
207,15305.660871
208,15212.106027
209,15326.226660
210,15306.884642
211,15314.248056
212,15419.554887
213,15284.732409
214,15301.572747
215,15320.685325
216,15299.460571
217,15322.340431
218,15322.385936
219,15334.203944
220,15225.883204
221,15221.742717
222,15286.869835
223,15317.932236
224,15271.380863
225,15196.675341
226,15206.009740
227,15288.894398
228,15358.653033
229,15307.208882
230,15248.306618
231,15216.895792
232,15303.049418
233,15216.123370
234,15237.092048
235,15270.451954
236,15305.842933
237,15290.691050
238,15253.371671
239,15274.179523
240,15257.704544
241,15321.804218
242,15273.630486
243,15311.509890
244,15314.407181
245,15293.483647
246,15323.902974
247,15307.598988
248,15261.606751
249,15266.777761
250,15244.875621
251,15325.935430
252,15230.129355
253,15278.667898
254,15287.988122
255,15240.852952
256,15219.434148
257,15227.476405
258,15402.787273
259,15307.443757
260,15317.520447
261,15234.607068
262,15221.421928
263,15245.494333
264,15150.339007
265,15301.857114
266,15332.080687
267,15257.426480
268,15187.631493
269,15211.119569
270,15278.175585
271,15227.231555
272,15250.395889
273,15319.433379
274,15242.095946
275,15364.481201
276,15336.492352
277,15262.648814
278,15278.796537
279,15234.638156
280,15246.148642
281,15247.551751
282,15292.877645
283,15256.979602
284,15128.013502
285,15281.929912
286,15274.735243
287,15264.446664
288,15295.892155
289,15279.827985
290,15282.195583
291,15313.202427
292,15394.931187
293,15348.381303
294,15227.948396
295,15330.060190
296,15298.369366
297,15266.744261
298,15302.769816
299,15310.512515
300,15276.541738
301,15272.914751
302,15272.204064
303,15290.049929
304,15298.396192
305,15297.151511
306,15251.174277
307,15319.724167
308,15387.107578
309,15459.593974
310,15323.381812
311,15275.376836
312,15253.162638
313,15233.911137
314,15355.052469
315,15263.047981
316,15190.064727
317,15220.111648
318,15251.947978
319,15268.066194
320,15324.936575
321,15322.095059
322,15318.079028
323,15351.645634
324,15385.068791
325,15339.942160
326,15339.431124
327,15251.279097
328,15235.380222
329,15262.586770
330,15373.515554
331,15263.578254
332,15309.256286
333,15336.467411
334,15369.676181
335,15259.852338
336,15200.640932
337,15246.129046
338,15251.091527
339,15220.701057
340,15307.516393
341,15381.534437
342,15372.972421
343,15288.041987
344,15395.970529
345,15397.065575
346,15224.465907
347,15199.458447
348,15260.460239
349,15293.848877
350,15295.028871
351,15380.801234
352,15375.479799
353,15302.673894
354,15285.802095
355,15249.997150
356,15272.335216
357,15301.803577
358,15298.165690
359,15288.380543
360,15306.603732
361,15332.273963
362,15318.698435
363,15347.367494
364,15428.590805
365,15405.044623
366,15289.939119
367,15257.491141
368,15247.360946
369,15289.804602
370,15319.923976
371,15227.745704
372,15232.954266
373,15374.688152
374,15371.769551
375,15253.709161
376,15338.385492
377,15359.948243
378,15302.765587
379,15304.151680
380,15270.528739
381,15206.280868
382,15233.511833
383,15230.338992
384,15354.078788
385,15394.075426
386,15257.281558
387,15251.898807
388,15274.728483
389,15296.848710
390,15358.119109
391,15358.353050
392,15311.184896
393,15293.546016
394,15321.751269
395,15347.675539
396,15294.106971
397,15331.170638
398,15327.890149
399,15275.563731
400,15287.282497
401,15253.885852
402,15267.462372
403,15304.644126
404,15261.185647
405,15206.192209
406,15336.093444
407,15299.178799
408,15238.096007
409,15313.066965
410,15345.802941
411,15341.670740
412,15307.130289
413,15320.378970
414,15319.616155
415,15267.421976
416,15285.034570
417,15270.441349
418,15290.465017
419,15245.477008
420,15286.508121
421,15260.745514
422,15297.708894
423,15296.709363
424,15310.956680
425,15234.850459
426,15349.343447
427,15335.193240
428,15256.368267
429,15321.339453
430,15296.501062
431,15278.231145
432,15259.134341
433,15270.625899
434,15251.312000
435,15256.294779
436,15282.610904
437,15367.379020
438,15328.062179
439,15309.024809
440,15199.855050
441,15366.559435
442,15315.047677
443,15261.074414
444,15398.642682
445,15388.363795
446,15345.678847
447,15259.821447
448,15228.790399
449,15242.263255
450,15273.099845
451,15271.692845
452,15255.179447
453,15273.754406
454,15257.354262
455,15254.034310
456,15228.135000
457,15247.528131
458,15239.573327
459,15264.646772
460,15295.444677
461,15263.076618
462,15272.753356
463,15267.869393
464,15327.070384
465,15286.581722
466,15360.406692
467,15308.675780
468,15176.305042
469,15171.626335
470,15165.379260
471,15254.015497
472,15253.915877
473,15226.680406
474,15298.382693
475,15259.647923
476,15300.634026
477,15346.902205
478,15299.843947
479,15315.223261
480,15317.908124
481,15278.587281
482,15266.115292
483,15263.324956
484,15261.108558
485,15249.869220
486,15198.201866
487,15179.938219
488,15240.352195
489,15232.898013
490,15300.149617
491,15250.481352
492,15259.045587
493,15284.507381
494,15310.015451
495,15367.082721
496,15303.745294
497,15333.505597
498,15319.122609
499,15331.694182
