0,3097.228801
1,3068.333569
2,3040.997553
3,3018.479831
4,2902.454288
5,2917.951598
6,2902.507564
7,2903.395871
8,2948.039324
9,2917.762099
10,2857.741081
11,2782.770995
12,2820.365438
13,2874.918665
14,2954.381912
15,2861.278393
16,2829.883628
17,2878.683041
18,2750.631072
19,2727.147952
20,2720.690086
21,2728.259074
22,2724.932761
23,2738.473319
24,2772.416412
25,2829.023658
26,2833.934384
27,2833.611293
28,2865.449521
29,2868.333312
30,2949.036609
31,2932.248421
32,2950.196654
33,2931.691750
34,2927.315825
35,2897.723747
36,2887.431259
37,2853.216226
38,2912.628485
39,2877.164568
40,2886.685193
41,2943.614905
42,2957.783514
43,2915.767526
44,2916.403814
45,2967.211011
46,2942.112872
47,2861.005499
48,2861.138724
49,2937.028394
50,2883.236130
51,2870.218904
52,2819.835466
53,2863.153145
54,2888.949500
55,2905.488034
56,2858.504664
57,2916.916362
58,2914.946590
59,2787.219527
60,2772.686820
61,2774.466154
62,2787.054603
63,2775.668450
64,2818.383246
65,2810.996768
66,2802.788288
67,2815.401924
68,2816.394716
69,2772.294549
70,2866.493915
71,2875.465120
72,2901.987640
73,2893.453682
74,2886.588362
75,2884.027033
76,2917.757243
77,2840.902021
78,2831.967526
79,2797.167978
80,2762.008720
81,2741.156116
82,2817.551578
83,2849.953940
84,2848.298761
85,2858.095454
86,2885.659273
87,2837.596803
88,2834.956221
89,2823.472663
90,2815.510573
91,2776.587937
92,2886.256417
93,2907.990748
94,2867.244544
95,2800.980969
96,2895.649869
97,2857.426729
98,2918.384185
99,2914.618575
100,2951.515252
101,2890.930993
102,2956.149745
103,2836.420417
104,2875.616520
105,2850.745863
106,2831.386217
107,2824.552490
108,2853.702740
109,2889.434367
110,2828.844983
111,2862.717888
112,2931.988131
113,2918.658495
114,2892.407539
115,2877.642052
116,2901.291547
117,2968.641617
118,2976.150121
119,2990.987418
120,2943.367275
121,2864.337059
122,2929.556260
123,2925.028932
124,2934.958981
125,2952.311509
126,2933.356429
127,2901.590045
128,2867.652259
129,2884.921179
130,2816.154713
131,2857.795424
132,2866.797676
133,2868.886749
134,2828.055644
135,2816.440308
136,2837.231042
137,2885.154962
138,2880.810812
139,2962.772678
140,2891.476123
141,2875.961124
142,2871.812701
143,2922.614763
144,2936.569641
145,2885.058972
146,2899.954422
147,2956.348857
148,2937.270699
149,2894.726985
150,2992.003592
151,2907.456898
152,2927.920470
153,2924.192120
154,2911.207066
155,2960.190944
156,2957.641562
157,2948.601361
158,3000.141292
159,2984.173664
160,2940.418335
161,2888.657772
162,2948.883851
163,2934.646508
164,2906.424545
165,2898.393718
166,2902.732531
167,2849.584493
168,2887.794691
169,2915.869753
170,2906.669086
171,2920.603165
172,2918.461820
173,3004.681020
174,2895.456146
175,2931.284723
176,2957.692482
177,2863.639509
178,2820.046955
179,2831.347546
180,2892.409857
181,2831.498375
182,2870.843785
183,2863.889579
184,2926.393676
185,2856.781566
186,2795.740540
187,2791.556160
188,2822.208097
189,2858.170465
190,2886.698634
191,2863.630508
192,2871.644333
193,2882.766566
194,2954.934101
195,2863.170871
196,2846.935188
197,2888.079971
198,2881.201395
199,2935.232809
200,2965.610706
201,2889.535559
202,2957.277327
203,2942.755789
204,2916.719848
205,2899.220804
206,2947.522138
207,2955.379965
208,2884.348528
209,2948.717129
210,2945.155750
211,2965.739971
212,2949.945585
213,2890.927950
214,2967.689848
215,3009.258557
216,3051.150768
217,2954.627946
218,3049.160993
219,2953.099515
220,2940.790983
221,2955.724162
222,2967.098259
223,2929.248061
224,2897.788228
225,2938.545217
226,2946.050127
227,2935.031498
228,2912.400061
229,2990.035639
230,2915.927532
231,2916.457361
232,2907.003910
233,2902.318189
234,2910.092729
235,2844.338317
236,2879.616249
237,2851.056612
238,2850.296421
239,2896.901429
240,2917.843270
241,2879.083611
242,2928.341637
243,2946.016831
244,2924.030840
245,2956.827658
246,2977.663399
247,2933.436518
248,2913.371001
249,2894.463094
250,2918.150635
251,2935.954369
252,2976.398153
253,2957.635275
254,2958.657343
255,2987.929156
256,2948.374482
257,2917.895551
258,2896.865967
259,2945.877292
260,2844.141327
261,2802.937460
262,2808.566287
263,2872.186053
264,2957.858667
265,2971.846266
266,2979.248909
267,2936.889782
268,2866.299779
269,2908.007273
270,2995.322507
271,3019.096739
272,3007.047331
273,2972.422796
274,3008.541741
275,3030.842807
276,3058.893642
277,3051.336755
278,2981.467692
279,2989.617894
280,2995.510106
281,2983.039723
282,3080.371041
283,3092.634991
284,3096.973833
285,3016.587021
286,3013.149097
287,2974.443269
288,2919.056262
289,2902.742675
290,2909.268430
291,2994.386349
292,2965.732472
293,2931.973852
294,3038.326842
295,2997.739071
296,3019.076381
297,3010.628221
298,3004.502273
299,2980.206392
300,2982.692514
301,2969.412291
302,3000.415086
303,3013.614607
304,3042.569992
305,2945.170413
306,2957.924665
307,2975.495487
308,2969.108253
309,2972.486062
310,3003.977560
311,3004.296283
312,3036.865053
313,3119.480277
314,3090.623041
315,3102.079088
316,3065.643732
317,3043.460519
318,2964.209357
319,3000.562990
320,2936.376708
321,2941.886025
322,2957.371251
323,3004.666657
324,3071.544472
325,3075.024712
326,3013.452400
327,3032.717561
328,3009.437151
329,2943.137973
330,2925.280654
331,2904.715980
332,2936.834882
333,2953.576278
334,2962.756908
335,2962.846297
336,2958.573373
337,3031.912764
338,3015.920681
339,2985.800918
340,3016.921075
341,2935.569942
342,2974.860613
343,3008.639115
344,2952.954421
345,2913.571462
346,2936.931615
347,2957.152035
348,2929.312340
349,2961.244108
350,2954.331842
351,2936.141134
352,2851.830122
353,2922.119749
354,2976.860129
355,2977.743666
356,3026.616595
357,2961.233426
358,2937.574557
359,2972.480433
360,2958.060917
361,2961.528739
362,2906.423567
363,2946.117070
364,2855.400560
365,2872.982520
366,2809.826919
367,2823.215977
368,2859.490064
369,2876.831649
370,2958.648774
371,2889.175446
372,2921.658314
373,2886.248820
374,2806.784901
375,2750.251317
376,2773.836475
377,2842.120397
378,2891.637345
379,2890.819280
380,2852.736750
381,2906.051366
382,2890.502252
383,2867.509020
384,2838.431384
385,2833.837971
386,2857.601610
387,2869.427356
388,2841.167482
389,2868.468881
390,2853.301711
391,2939.984708
392,2983.748513
393,2988.884188
394,3017.731823
395,2917.660182
396,3040.024021
397,3072.595269
398,3072.741611
399,3088.134353
400,3083.786829
401,3118.506130
402,3077.855864
403,2972.479785
404,2912.124209
405,2979.397049
406,2979.258213
407,2997.435980
408,2989.862836
409,3022.749984
410,2988.885456
411,2966.717158
412,2921.756194
413,2961.320304
414,2907.438545
415,2906.270841
416,2981.497894
417,2934.072584
418,2959.730659
419,3022.413199
420,2983.047210
421,3050.291221
422,3112.794881
423,3079.080335
424,3032.457932
425,2976.048959
426,3029.989875
427,2996.394383
428,2947.484691
429,2963.783613
430,2905.494968
431,2986.305771
432,2891.525737
433,2887.845773
434,2866.014577
435,2836.322532
436,2881.961538
437,2980.451752
438,3024.271494
439,3052.081646
440,3068.732186
441,3074.077718
442,3015.225667
443,2940.694347
444,2913.249701
445,2958.334899
446,3012.402043
447,3015.326644
448,2971.429698
449,3008.918083
450,2978.325159
451,3012.906203
452,2987.173684
453,2994.432472
454,2976.791056
455,2922.334918
456,2936.682060
457,2928.626537
458,2985.793118
459,3018.446069
460,3033.165461
461,3049.608137
462,2936.609711
463,2898.057778
464,2950.143475
465,2974.801225
466,2982.646946
467,2906.149983
468,2909.186710
469,2897.013749
470,2857.434677
471,2793.146615
472,2836.660800
473,2800.711236
474,2800.035788
475,2744.387684
476,2693.932059
477,2706.755938
478,2771.551852
479,2757.145999
480,2824.990070
481,2732.779632
482,2837.797305
483,2826.904040
484,2873.065272
485,2837.295470
486,2965.145459
487,2876.104755
488,2885.104903
489,2907.249400
490,2876.886672
491,2793.646206
492,2822.807402
493,2794.546772
494,2783.037367
495,2818.639048
496,2827.822330
497,2849.653732
498,2878.203105
499,2781.142101
