0,3064.001353
1,3068.818194
2,3101.152813
3,3067.345621
4,3069.600765
5,3151.371439
6,3152.995067
7,3159.792006
8,3203.072535
9,3245.724489
10,3187.612082
11,3165.324170
12,3208.173641
13,3203.269063
14,3182.381683
15,3184.423179
16,3167.446138
17,3160.889890
18,3121.648327
19,3143.491904
20,3180.287567
21,3156.671050
22,3119.137579
23,3170.421561
24,3242.444188
25,3221.640851
26,3178.904159
27,3213.865157
28,3223.181815
29,3274.520630
30,3311.206294
31,3301.895939
32,3373.641596
33,3339.551945
34,3265.957699
35,3275.695086
36,3370.608120
37,3413.473508
38,3376.829113
39,3337.754768
40,3328.375459
41,3379.737758
42,3392.427400
43,3414.987234
44,3434.079466
45,3419.541811
46,3389.175716
47,3417.527359
48,3456.722761
49,3424.935624
50,3394.726956
51,3425.317342
52,3538.279046
53,3452.260570
54,3497.166762
55,3552.040424
56,3494.599125
57,3398.415854
58,3500.599706
59,3573.999659
60,3661.077043
61,3701.941969
62,3783.466691
63,3671.634205
64,3631.340455
65,3575.415691
66,3482.439545
67,3439.594551
68,3488.531324
69,3487.409343
70,3510.126015
71,3558.256866
72,3591.508404
73,3603.048026
74,3627.762723
75,3649.409875
76,3610.407827
77,3712.297368
78,3782.757525
79,3835.536615
80,3746.050426
81,3810.864974
82,3865.032249
83,3903.656464
84,3976.500893
85,3991.579541
86,3997.189219
87,4048.794370
88,4151.779904
89,4193.147546
90,4229.831334
91,4241.272213
92,4211.743819
93,4324.674014
94,4440.760251
95,4531.267124
96,4594.743693
97,4677.850796
98,4833.789684
99,4878.161684
100,5057.489734
101,5078.013779
102,5045.200476
103,5067.773508
104,4957.521585
105,4944.621641
106,4954.219799
107,4944.820386
108,4954.445693
109,4961.186178
110,5115.822308
111,5206.912403
112,5342.337032
113,5312.308951
114,5451.168067
115,5532.390161
116,5520.961222
117,5498.028307
118,5571.001267
119,5558.520320
120,5635.840775
121,5738.505196
122,5759.328175
123,5856.516723
124,5883.359007
125,5920.678203
126,5949.337074
127,5943.539839
128,5950.625884
129,5959.452244
130,6022.870352
131,6137.145449
132,6212.242335
133,6232.388252
134,6261.588246
135,6297.433845
136,6334.424176
137,6339.392014
138,6454.793049
139,6577.374713
140,6618.250503
141,6663.991855
142,6689.827300
143,6727.461674
144,6823.161724
145,6875.454696
146,6861.256287
147,6803.012768
148,6910.879793
149,6919.750547
150,6926.721363
151,6917.079538
152,6989.759060
153,6947.049022
154,7026.562772
155,7050.293001
156,7029.780418
157,7052.473963
158,7109.862074
159,7065.091629
160,7126.045276
161,7162.161559
162,7141.630309
163,7187.344126
164,7143.032162
165,7184.319415
166,7201.254400
167,7207.245798
168,7218.930987
169,7257.738618
170,7297.204598
171,7272.751980
172,7257.431408
173,7292.456027
174,7295.873043
175,7297.398955
176,7317.614968
177,7353.366765
178,7374.473342
179,7388.802592
180,7401.507720
181,7396.140458
182,7438.628337
183,7433.677704
184,7439.889093
185,7439.736947
186,7445.689474
187,7457.465566
188,7446.346724
189,7452.836300
190,7461.247422
191,7475.340115
192,7475.521391
193,7487.297096
194,7495.777283
195,7514.189054
196,7523.455807
197,7516.231326
198,7538.449298
199,7580.950681
200,7599.990699
201,7629.869365
202,7646.630373
203,7651.778949
204,7669.816714
205,7684.829242
206,7706.500084
207,7702.500355
208,7738.417609
209,7750.808631
210,7758.426909
211,7773.465417
212,7789.398098
213,7796.288632
214,7795.773668
215,7794.803034
216,7802.236990
217,7800.800940
218,7813.796022
219,7817.881308
220,7816.387433
221,7825.694287
222,7834.557842
223,7840.447559
224,7857.099563
225,7869.148491
226,7887.045150
227,7923.201112
228,7939.002858
229,7960.599326
230,7970.882634
231,7977.717063
232,7982.613457
233,7979.152459
234,7982.732473
235,7985.231727
236,7988.601058
237,7987.411686
238,7988.099514
239,7986.088432
240,7989.525817
241,7987.240082
242,7981.098357
243,7978.679608
244,7984.841752
245,7986.135149
246,7986.536790
247,7987.421496
248,7988.500135
249,7984.722792
250,7990.145236
251,7986.495778
252,7990.115020
253,7982.632298
254,7989.873296
255,7983.006313
256,7989.858188
257,7986.856479
258,7979.906212
259,7985.865820
260,7983.724332
261,7986.584962
262,7988.254903
263,7989.742413
264,7989.933727
265,7988.270911
266,7988.410892
267,7988.437193
268,7988.469474
269,7990.024373
270,7985.657944
271,7990.220774
272,7988.754982
273,7988.181736
274,7988.843890
275,7987.449856
276,7983.693451
277,7984.182866
278,7988.344975
279,7990.477606
280,7990.628684
281,7989.304870
282,7986.171841
283,7989.447623
284,7987.782310
285,7990.613576
286,7988.317300
287,7988.582229
288,7988.264159
289,7989.287790
290,7988.662022
291,7988.980437
292,7988.841965
293,7987.266756
294,7989.996933
295,7989.003196
296,7990.462499
297,7988.149744
298,7980.147880
299,7987.916935
300,7990.840193
301,7990.855301
302,7989.390257
303,7985.045459
304,7988.531886
305,7990.840193
306,7989.861557
307,7986.880038
308,7983.957601
309,7987.165388
310,7985.303414
311,7984.903248
312,7988.265187
313,7986.314620
314,7986.105435
315,7986.296530
316,7989.544294
317,7990.689115
318,7983.817346
319,7990.538037
320,7988.863751
321,7990.538037
322,7989.113475
323,7985.537337
324,7986.961140
325,7986.676563
326,7989.308443
327,7986.150905
328,7990.523145
329,7995.443638
330,7995.297451
331,8011.309402
332,8032.400002
333,8048.423278
334,8077.766293
335,8099.193991
336,8126.635283
337,8143.537402
338,8163.493826
339,8164.616826
340,8175.563687
341,8180.458327
342,8184.252289
343,8184.974338
344,8186.957926
345,8190.148087
346,8188.503630
347,8191.949696
348,8186.524149
349,8186.827698
350,8191.469074
351,8188.981305
352,8191.623977
353,8192.867861
354,8191.651120
355,8192.693280
356,8186.228845
357,8193.023390
358,8191.419128
359,8192.742796
360,8192.676774
361,8192.511719
362,8189.192849
363,8191.739422
364,8191.076172
365,8191.125689
366,8192.363170
367,8192.495214
368,8191.488078
369,8189.696830
370,8187.552266
371,8187.155645
372,8188.858148
373,8192.676774
374,8191.113806
375,8187.577228
376,8190.088032
377,8191.506412
378,8192.478708
379,8193.849927
380,8193.080864
381,8192.098976
382,8192.775805
383,8196.116603
384,8192.000051
385,8213.455753
386,8228.994909
387,8238.889839
388,8262.720678
389,8278.323646
390,8305.250097
391,8319.201527
392,8339.589158
393,8346.282322
394,8344.498615
395,8346.344997
396,8350.491008
397,8348.041872
398,8352.148730
399,8353.226165
400,8347.602089
401,8351.919170
402,8351.088978
403,8346.301641
404,8346.801954
405,8350.443061
406,8352.933793
407,8354.158800
408,8351.940054
409,8354.222452
410,8355.000451
411,8354.936799
412,8356.881795
413,8356.413131
414,8362.068987
415,8366.143903
416,8372.252030
417,8387.201648
418,8395.833690
419,8401.279681
420,8407.065409
421,8413.994344
422,8417.728443
423,8421.624314
424,8429.703146
425,8436.988338
426,8447.985582
427,8449.515598
428,8450.293597
429,8450.293597
430,8447.070575
431,8451.460595
432,8448.664295
433,8449.982884
434,8449.961250
435,8450.702137
436,8451.512557
437,8448.705464
438,8451.746383
439,8449.950237
440,8450.106121
441,8451.850306
442,8451.415728
443,8451.876287
444,8451.694422
445,8451.772364
446,8445.425757
447,8449.229812
448,8451.729346
449,8447.613758
450,8450.566722
451,8447.433145
452,8452.240017
453,8450.798678
454,8452.369920
455,8449.607688
456,8447.526295
457,8448.505721
458,8449.594820
459,8453.123361
460,8452.785612
461,8448.938935
462,8450.696663
463,8450.826566
464,8452.811592
465,8451.717316
466,8453.123361
467,8447.936241
468,8452.941496
469,8449.073453
470,8447.649998
471,8451.284273
472,8451.206331
473,8445.765421
474,8453.123361
475,8453.071399
476,8451.631159
477,8453.002831
478,8453.409149
479,8454.125018
480,8453.694937
481,8452.888993
482,8454.032686
483,8453.642975
484,8451.366385
485,8453.720917
486,8453.850821
487,8451.935224
488,8444.395736
489,8451.481608
490,8453.484007
491,8453.769795
492,8453.166616
493,8446.563611
494,8454.552300
495,8451.351276
496,8454.266400
497,8452.159735
498,8455.617510
499,8454.646198
