0,3056.092774
1,3099.384664
2,3059.828505
3,2995.336588
4,3058.527831
5,3056.538379
6,3093.725772
7,3155.143306
8,3176.939097
9,3262.900941
10,3237.132839
11,3166.401810
12,3177.992378
13,3263.706340
14,3284.401654
15,3263.491448
16,3258.386411
17,3189.679403
18,3209.881174
19,3201.988760
20,3262.155027
21,3366.010712
22,3379.381922
23,3354.524513
24,3333.787627
25,3328.007474
26,3337.274520
27,3287.664013
28,3313.379370
29,3271.101136
30,3255.383037
31,3291.414516
32,3335.313862
33,3329.959352
34,3284.794164
35,3318.522585
36,3277.143072
37,3341.600474
38,3414.466513
39,3358.442291
40,3333.340614
41,3336.572220
42,3374.549237
43,3329.999304
44,3342.007459
45,3372.577522
46,3377.488995
47,3393.979460
48,3488.646686
49,3486.132242
50,3524.687847
51,3554.308396
52,3569.442094
53,3592.402503
54,3593.718413
55,3630.953832
56,3605.391835
57,3562.724425
58,3564.994575
59,3495.644877
60,3500.073567
61,3478.738413
62,3498.889047
63,3516.309746
64,3545.700200
65,3579.673485
66,3614.925820
67,3658.504463
68,3603.437204
69,3658.442475
70,3644.984394
71,3604.888981
72,3627.742540
73,3646.549364
74,3606.068666
75,3651.874638
76,3611.729060
77,3644.972018
78,3613.997458
79,3620.937577
80,3595.727122
81,3583.601212
82,3616.565114
83,3566.436515
84,3599.403892
85,3678.715569
86,3734.597577
87,3654.945688
88,3709.726381
89,3679.752856
90,3717.626952
91,3820.198775
92,3768.816954
93,3744.030018
94,3829.648221
95,3856.883315
96,3899.422708
97,3840.679739
98,3834.953781
99,3831.545764
100,3881.116246
101,3849.260758
102,3896.378031
103,3885.566706
104,3834.975706
105,3852.623192
106,3885.989625
107,3933.401993
108,3966.630611
109,3974.921452
110,4013.470373
111,4008.999738
112,3924.771317
113,3866.577676
114,3917.211458
115,3922.729612
116,4064.787142
117,4032.123450
118,4089.130284
119,4142.115942
120,4201.480844
121,4305.009119
122,4313.337905
123,4305.343854
124,4366.845901
125,4487.894970
126,4510.008089
127,4531.668554
128,4642.301430
129,4674.613150
130,4772.790671
131,4862.525736
132,5007.434976
133,4987.038453
134,5099.805441
135,5154.251163
136,5290.865145
137,5306.911445
138,5377.649196
139,5325.270030
140,5489.013423
141,5510.882022
142,5614.993559
143,5680.259326
144,5611.164616
145,5620.097320
146,5607.940722
147,5719.283293
148,5778.422252
149,5849.891808
150,5907.181229
151,5895.573148
152,5956.676505
153,5992.649806
154,6082.298547
155,6071.993423
156,6027.766971
157,6082.586118
158,6080.687224
159,6141.697766
160,6170.506369
161,6095.547577
162,6169.857737
163,6151.560940
164,6212.390279
165,6246.343812
166,6300.115754
167,6272.811957
168,6265.478106
169,6198.357791
170,6252.114866
171,6340.146810
172,6378.971785
173,6345.370284
174,6410.792765
175,6456.305702
176,6510.622216
177,6499.597447
178,6487.019789
179,6567.931354
180,6519.456445
181,6568.436788
182,6534.153671
183,6580.446678
184,6613.066950
185,6587.486174
186,6618.348048
187,6592.470736
188,6652.212540
189,6674.107703
190,6675.733554
191,6655.136162
192,6639.726214
193,6663.125079
194,6702.685245
195,6710.645346
196,6720.961064
197,6712.280926
198,6718.206057
199,6736.544974
200,6741.985029
201,6713.718191
202,6739.194500
203,6740.626265
204,6745.777167
205,6719.282393
206,6751.159340
207,6767.179887
208,6768.941021
209,6773.184465
210,6762.356882
211,6766.983655
212,6762.219712
213,6770.655807
214,6788.004598
215,6782.616583
216,6791.416585
217,6796.244415
218,6785.882437
219,6795.669454
220,6791.989809
221,6803.406267
222,6801.072050
223,6802.570967
224,6802.828140
225,6808.781407
226,6810.042864
227,6809.135112
228,6805.712596
229,6810.539436
230,6806.611920
231,6812.551604
232,6811.844192
233,6799.798341
234,6806.453903
235,6806.776425
236,6801.703728
237,6798.208897
238,6808.889255
239,6808.837200
240,6809.453812
241,6805.846203
242,6799.112149
243,6799.968236
244,6797.591410
245,6804.425011
246,6801.753205
247,6803.018792
248,6806.308060
249,6796.741016
250,6792.558420
251,6814.947588
252,6809.448426
253,6811.813344
254,6810.487082
255,6806.155051
256,6800.573644
257,6806.278769
258,6810.433866
259,6802.091606
260,6808.305314
261,6809.563844
262,6812.645734
263,6811.009279
264,6804.109686
265,6804.036486
266,6807.939033
267,6811.811569
268,6810.739313
269,6812.772987
270,6810.595351
271,6800.860904
272,6800.386259
273,6797.510950
274,6804.056557
275,6795.215807
276,6806.798055
277,6803.800753
278,6803.027990
279,6810.493866
280,6803.132414
281,6810.433123
282,6809.944060
283,6813.569422
284,6810.581229
285,6802.581093
286,6802.635804
287,6802.635804
288,6792.115393
289,6801.274810
290,6789.060502
291,6788.647693
292,6799.842726
293,6805.027000
294,6804.964433
295,6797.118364
296,6800.366456
297,6793.870339
298,6796.001321
299,6794.493805
300,6799.632574
301,6794.004593
302,6801.666619
303,6802.137198
304,6805.366892
305,6809.271946
306,6807.586408
307,6810.609525
308,6807.407223
309,6805.149455
310,6807.018624
311,6805.373565
312,6802.929369
313,6799.753258
314,6803.647379
315,6803.231857
316,6806.700484
317,6810.927037
318,6813.179059
319,6807.493513
320,6809.488995
321,6808.386650
322,6811.463433
323,6813.831069
324,6813.880153
325,6812.789695
326,6810.273857
327,6807.750943
328,6808.734469
329,6807.556003
330,6806.919185
331,6798.178510
332,6803.164174
333,6803.972148
334,6808.820959
335,6808.728491
336,6804.122143
337,6806.633742
338,6802.756446
339,6802.835719
340,6810.297047
341,6808.092820
342,6806.570024
343,6800.960599
344,6798.054346
345,6801.545264
346,6809.386022
347,6811.457863
348,6808.902649
349,6805.189007
350,6804.513146
351,6804.355272
352,6792.761593
353,6798.558069
354,6797.170794
355,6794.831170
356,6789.338365
357,6803.660274
358,6806.518245
359,6810.739313
360,6814.323167
361,6803.473081
362,6810.126031
363,6811.243528
364,6808.847543
365,6810.476702
366,6806.099269
367,6811.642346
368,6812.531449
369,6809.598290
370,6805.382789
371,6804.922820
372,6802.823766
373,6805.564170
374,6793.323452
375,6805.885615
376,6799.522655
377,6805.323642
378,6803.200368
379,6806.572702
380,6811.111502
381,6808.542742
382,6810.324185
383,6810.781850
384,6813.280534
385,6813.132262
386,6815.301294
387,6813.351074
388,6813.886689
389,6808.814889
390,6803.910634
391,6807.370271
392,6808.221644
393,6806.650652
394,6803.466628
395,6805.771445
396,6803.384012
397,6806.798650
398,6809.374820
399,6805.938986
400,6803.003130
401,6806.020453
402,6800.410641
403,6794.548061
404,6793.414770
405,6805.528678
406,6808.270252
407,6809.112148
408,6807.208823
409,6810.581606
410,6809.631398
411,6806.472486
412,6803.627401
413,6795.607374
414,6801.903798
415,6802.619377
416,6811.376172
417,6811.441155
418,6813.969462
419,6810.066618
420,6805.722535
421,6813.273189
422,6812.689247
423,6803.817082
424,6807.773384
425,6807.378092
426,6803.198532
427,6802.420379
428,6795.207755
429,6804.252838
430,6813.001658
431,6810.666168
432,6805.910455
433,6802.479484
434,6807.286109
435,6806.392489
436,6809.771332
437,6805.491845
438,6810.040005
439,6809.100211
440,6810.944953
441,6809.348439
442,6800.956890
443,6809.270865
444,6807.616208
445,6802.405137
446,6802.458119
447,6806.583404
448,6803.499751
449,6802.657446
450,6799.626695
451,6795.458075
452,6794.193147
453,6792.915905
454,6791.596987
455,6793.593541
456,6801.908343
457,6797.951833
458,6804.312625
459,6807.431935
460,6808.163207
461,6806.523991
462,6806.285782
463,6793.899387
464,6800.480529
465,6796.439996
466,6796.924522
467,6790.328807
468,6799.520610
469,6796.876189
470,6804.387737
471,6803.015727
472,6807.323548
473,6808.846565
474,6808.022280
475,6804.409936
476,6808.735085
477,6807.897885
478,6810.526357
479,6805.855020
480,6806.881420
481,6810.297047
482,6807.547511
483,6808.976353
484,6803.983245
485,6802.076233
486,6801.540155
487,6809.335629
488,6806.817712
489,6804.253019
490,6807.307347
491,6800.512763
492,6798.102193
493,6799.472937
494,6791.657305
495,6798.360917
496,6808.122652
497,6811.647363
498,6807.487347
499,6803.052767
