0,3060.031513
1,3203.367840
2,3373.515835
3,3385.104620
4,3442.236336
5,3462.125410
6,3503.420757
7,3568.707090
8,3597.885055
9,3602.130545
10,3593.027582
11,3597.917106
12,3672.501777
13,3672.407703
14,3675.843113
15,3737.082450
16,3654.522328
17,3661.660349
18,3682.670462
19,3683.777883
20,3683.247528
21,3664.354173
22,3645.532408
23,3696.607890
24,3701.664831
25,3706.399504
26,3671.710576
27,3738.381149
28,3690.517652
29,3648.178905
30,3693.147288
31,3687.375644
32,3693.117847
33,3709.501668
34,3734.683008
35,3677.149619
36,3675.155556
37,3607.800841
38,3705.949399
39,3649.943599
40,3649.132418
41,3746.802695
42,3693.782792
43,3631.327910
44,3654.826263
45,3597.631723
46,3634.472705
47,3641.209999
48,3602.215654
49,3615.470779
50,3606.620216
51,3607.177230
52,3635.856433
53,3569.826349
54,3600.570045
55,3631.863045
56,3582.320008
57,3590.522671
58,3609.937694
59,3654.852465
60,3644.948546
61,3678.850559
62,3649.556514
63,3622.987420
64,3621.271881
65,3680.072901
66,3725.540264
67,3734.436025
68,3806.027555
69,3896.612342
70,3875.161282
71,3915.798907
72,3869.124610
73,3838.260857
74,3843.087100
75,3893.556698
76,3847.679260
77,3897.757801
78,3834.332598
79,3930.586268
80,4012.770735
81,4079.441238
82,4019.256396
83,4046.309059
84,4129.623288
85,4036.970158
86,4034.314231
87,4017.394516
88,4085.750517
89,4169.636979
90,4176.305349
91,4303.641111
92,4249.023860
93,4227.286866
94,4136.174889
95,4275.565645
96,4297.497849
97,4314.989686
98,4335.695821
99,4402.082891
100,4555.138173
101,4586.946070
102,4711.908580
103,4736.445667
104,4905.934191
105,4916.093540
106,5005.308931
107,5163.290142
108,5225.918183
109,5248.516510
110,5331.842486
111,5346.677121
112,5546.555961
113,5536.379651
114,5625.911622
115,5664.541902
116,5687.504967
117,5960.138975
118,6099.346753
119,6121.682867
120,6292.794562
121,6351.219629
122,6355.915317
123,6277.196914
124,6359.443897
125,6441.465583
126,6528.905735
127,6618.312182
128,6684.567084
129,6573.320228
130,6752.726198
131,6813.241196
132,6778.912870
133,6775.715749
134,6868.757982
135,6888.251464
136,7005.568225
137,7019.018537
138,7003.623920
139,7135.055861
140,7224.061028
141,7269.904817
142,7201.245494
143,7318.524323
144,7436.005137
145,7453.184342
146,7432.783855
147,7585.595003
148,7574.244010
149,7603.787079
150,7574.159707
151,7629.161593
152,7608.848585
153,7687.849229
154,7728.426347
155,7670.632456
156,7812.420779
157,7830.230329
158,7839.155202
159,7831.150488
160,7907.298220
161,7859.449424
162,7935.767247
163,7977.953323
164,8001.553721
165,8013.828279
166,8098.496595
167,8123.675656
168,8150.725969
169,8077.339335
170,8210.627903
171,8120.552693
172,8214.091018
173,8261.923719
174,8284.576452
175,8257.886188
176,8293.025501
177,8278.404332
178,8364.599913
179,8362.576135
180,8409.737743
181,8364.084781
182,8412.695428
183,8428.551319
184,8479.099721
185,8448.773855
186,8493.265313
187,8519.290127
188,8531.747073
189,8501.044249
190,8509.738645
191,8527.529033
192,8497.578746
193,8582.194428
194,8570.060015
195,8626.767751
196,8662.075825
197,8620.580476
198,8636.135674
199,8665.572510
200,8671.738965
201,8691.725822
202,8704.529214
203,8717.126994
204,8711.434681
205,8719.136236
206,8726.521722
207,8716.251424
208,8746.030957
209,8765.577784
210,8775.148356
211,8780.321424
212,8795.104723
213,8790.489624
214,8796.439104
215,8806.321538
216,8802.154206
217,8793.080910
218,8795.464528
219,8805.465382
220,8807.384234
221,8805.104817
222,8810.054431
223,8802.829960
224,8809.050771
225,8814.804646
226,8814.811116
227,8816.710952
228,8814.324926
229,8810.646270
230,8819.727839
231,8808.758268
232,8819.798634
233,8816.278142
234,8810.071451
235,8814.547714
236,8818.059636
237,8810.728236
238,8810.603418
239,8810.101970
240,8818.677499
241,8817.979907
242,8822.414157
243,8831.805692
244,8848.216876
245,8874.235718
246,8898.766964
247,8921.034597
248,8942.365003
249,8947.529033
250,8958.928918
251,8963.230823
252,8969.128082
253,8966.998576
254,8966.895538
255,8970.265486
256,8964.362472
257,8971.306829
258,8968.425343
259,8969.022450
260,8964.246269
261,8971.306829
262,8964.249704
263,8956.089916
264,8963.584483
265,8964.496858
266,8966.727604
267,8962.297048
268,8968.148389
269,8964.489594
270,8962.670534
271,8968.398164
272,8970.019959
273,8965.980667
274,8963.626603
275,8963.152816
276,8963.491251
277,8969.945738
278,8962.748492
279,8964.307448
280,8970.410587
281,8969.154755
282,8967.211477
283,8966.799883
284,8965.965477
285,8967.446975
286,8967.512389
287,8966.288840
288,8967.363589
289,8958.223250
290,8965.915373
291,8971.306829
292,8965.178711
293,8966.063283
294,8962.927159
295,8965.533080
296,8968.344827
297,8967.077873
298,8967.905140
299,8971.306829
300,8963.069924
301,8969.224283
302,8970.407472
303,8962.492090
304,8966.810358
305,8967.452532
306,8957.169419
307,8971.306829
308,8958.454618
309,8966.242882
310,8970.185907
311,8963.878284
312,8971.306829
313,8961.458292
314,8956.303411
315,8968.135693
316,8955.415234
317,8957.319190
318,8956.384377
319,8949.086452
320,8965.915717
321,8967.144851
322,8961.524077
323,8967.188170
324,8961.933340
325,8954.554460
326,8966.235709
327,8968.173492
328,8966.813818
329,8969.173927
330,8965.699209
331,8949.385880
332,8962.064066
333,8962.955473
334,8963.007966
335,8966.075201
336,8962.566675
337,8967.575303
338,8967.261712
339,8966.866147
340,8957.811006
341,8965.985114
342,8962.739593
343,8962.798190
344,8969.690598
345,8970.545176
346,8966.370828
347,8965.859895
348,8970.239841
349,8962.827170
350,8971.306829
351,8971.306829
352,8966.106230
353,8967.996684
354,8969.097610
355,8971.306829
356,8965.592988
357,8968.918833
358,8971.306829
359,8965.884832
360,8969.820640
361,8958.819333
362,8964.465826
363,8964.089398
364,8959.826066
365,8970.054047
366,8966.992886
367,8968.895238
368,8967.282661
369,8963.639363
370,8970.404469
371,8969.973235
372,8962.382316
373,8966.861834
374,8955.803434
375,8969.585767
376,8968.504426
377,8961.632232
378,8965.061234
379,8963.961374
380,8960.895833
381,8959.729359
382,8968.092939
383,8964.771127
384,8965.817337
385,8967.193343
386,8961.666463
387,8969.526148
388,8957.656208
389,8967.864058
390,8968.349480
391,8958.354693
392,8966.356391
393,8967.616277
394,8971.306829
395,8967.161705
396,8962.528705
397,8956.120161
398,8961.708031
399,8964.592030
400,8965.159399
401,8967.101664
402,8969.448162
403,8958.553937
404,8969.311388
405,8967.817196
406,8960.767822
407,8967.657282
408,8967.456404
409,8967.425360
410,8967.788100
411,8966.590420
412,8960.285409
413,8968.241467
414,8965.283725
415,8967.824549
416,8961.968332
417,8966.444869
418,8971.306829
419,8966.692800
420,8969.605347
421,8960.879651
422,8962.979956
423,8969.655548
424,8960.141422
425,8963.122915
426,8963.898591
427,8961.472911
428,8953.211542
429,8967.717995
430,8960.440988
431,8968.145984
432,8971.306829
433,8957.200504
434,8966.809813
435,8964.440459
436,8971.306829
437,8969.296431
438,8965.955413
439,8966.304278
440,8971.306829
441,8959.189649
442,8968.521496
443,8967.620006
444,8969.482159
445,8968.068840
446,8968.128740
447,8967.014214
448,8959.862429
449,8967.503475
450,8958.379593
451,8965.462325
452,8968.134217
453,8965.742614
454,8968.200698
455,8970.371091
456,8967.616641
457,8969.897689
458,8963.242379
459,8953.694923
460,8959.554876
461,8965.257263
462,8963.800928
463,8963.394252
464,8956.280774
465,8966.208652
466,8967.696282
467,8958.278578
468,8962.091163
469,8971.306829
470,8969.547461
471,8967.311576
472,8971.306829
473,8971.306829
474,8968.151231
475,8964.958178
476,8969.503082
477,8963.464164
478,8968.207556
479,8963.800774
480,8965.512066
481,8958.839985
482,8963.653158
483,8967.570462
484,8967.473991
485,8963.542864
486,8962.995273
487,8964.923989
488,8969.937426
489,8966.342686
490,8964.080796
491,8964.947068
492,8969.679749
493,8960.607371
494,8967.399918
495,8962.945032
496,8962.327281
497,8962.254908
498,8963.519886
499,8970.603837
