0,3057.793067
1,6021.525346
2,6417.531124
3,6647.808438
4,6761.051408
5,6892.881031
6,7098.838167
7,7230.206721
8,7356.358166
9,7469.853837
10,7710.487516
11,7637.436059
12,7761.847710
13,8074.484184
14,8089.982676
15,8188.784434
16,8282.471769
17,8408.287605
18,8484.199409
19,8533.485058
20,8597.476845
21,8681.221774
22,8777.629733
23,8930.444142
24,8929.788125
25,8960.642644
26,9082.937792
27,9281.190677
28,9096.486240
29,9423.413428
30,9487.081018
31,9546.060671
32,9540.325754
33,9502.795005
34,9603.331447
35,9829.764699
36,10193.886279
37,9796.401867
38,9922.511805
39,10062.839157
40,10404.067481
41,10290.210302
42,10270.937647
43,10342.995032
44,10828.552916
45,10525.939232
46,10683.493766
47,10638.911914
48,11032.705070
49,10970.621106
50,10584.124670
51,10939.812871
52,11004.895016
53,10826.315881
54,10835.128375
55,11028.030996
56,11078.200266
57,11359.563803
58,11425.021965
59,11671.598504
60,11512.244125
61,11595.857005
62,11346.583825
63,11490.192299
64,11388.118718
65,11400.224077
66,11400.893978
67,11499.972080
68,11721.585811
69,11396.630645
70,11541.067728
71,11428.083724
72,11756.907005
73,11677.548719
74,11547.576911
75,11514.792957
76,11639.094847
77,11750.240007
78,11847.213279
79,11725.313508
80,12095.145997
81,11871.349735
82,12167.099912
83,11841.951647
84,11477.003383
85,11795.319534
86,12049.355480
87,11972.637400
88,11658.345110
89,11710.844750
90,11913.401354
91,11630.233540
92,11750.528377
93,11943.044129
94,11927.857812
95,12230.366820
96,12409.243410
97,12016.262411
98,11907.429149
99,11999.190917
100,11783.516396
101,12234.379520
102,11872.013474
103,12160.688317
104,12315.287664
105,12487.400129
106,12431.478486
107,12123.116849
108,12201.093803
109,12027.320040
110,12522.137463
111,12474.022661
112,12209.072390
113,12080.273298
114,12098.209605
115,12279.399564
116,12064.041630
117,12331.768625
118,12215.033225
119,12819.193391
120,12575.603353
121,11970.911985
122,12188.825620
123,12520.708284
124,12445.971760
125,12385.279996
126,11917.862484
127,12344.490953
128,12579.899103
129,12489.995668
130,12291.799047
131,12673.589654
132,12491.174167
133,12615.080006
134,12407.554375
135,12707.241087
136,12415.978500
137,12456.390214
138,12436.481909
139,12570.566646
140,12489.840535
141,12075.767935
142,12159.527687
143,12277.902650
144,12235.676554
145,12308.720698
146,12215.485829
147,12132.151034
148,12316.770329
149,12469.622207
150,12002.186505
151,12292.618420
152,12225.583638
153,12346.850693
154,12207.932217
155,12621.380990
156,12502.883174
157,12143.366808
158,12007.588581
159,12307.043506
160,12636.293985
161,12415.343654
162,12562.066197
163,12146.592182
164,12582.684985
165,12638.227761
166,12384.648504
167,12608.910035
168,12418.498069
169,12521.443393
170,12125.096230
171,12565.931606
172,12681.000900
173,12253.709320
174,12503.583951
175,12261.960320
176,12524.269121
177,12541.636464
178,12543.615950
179,12690.419407
180,12178.411821
181,12371.212639
182,12367.869729
183,12482.392870
184,11945.080910
185,12424.674579
186,12147.663521
187,12309.687197
188,12336.989152
189,12403.717338
190,12343.849612
191,12361.401168
192,12090.307899
193,12429.889763
194,12354.477455
195,12133.050814
196,12437.248466
197,12173.642300
198,12429.812610
199,12687.385667
200,12593.351068
201,12758.694921
202,12208.320546
203,12190.845991
204,12542.569900
205,12360.475624
206,12200.169067
207,12170.762813
208,12073.578784
209,12689.780810
210,12782.833229
211,12538.499682
212,12430.956618
213,12625.379667
214,12271.808905
215,12417.814436
216,12340.236909
217,12376.060797
218,12942.178237
219,12542.637954
220,13088.636990
221,12657.889735
222,12486.974025
223,12891.752669
224,12801.273156
225,13419.906254
226,13025.526667
227,12686.757655
228,12991.995698
229,12814.639154
230,13161.380616
231,12899.114379
232,13242.442862
233,13012.528527
234,12962.158014
235,13011.362340
236,13137.908449
237,13334.025064
238,12663.501393
239,12876.056569
240,12899.281420
241,13263.580324
242,13020.545041
243,13043.889886
244,13315.975040
245,13055.521532
246,12975.363275
247,12866.401047
248,13361.555731
249,13770.411844
250,13457.457850
251,13059.303525
252,13251.615486
253,13053.896576
254,12966.450753
255,12693.968597
256,12743.279517
257,12946.908564
258,12865.760055
259,12934.404614
260,12722.578497
261,13085.063707
262,13389.956749
263,13178.022153
264,13029.587494
265,13424.481200
266,12992.266830
267,13225.645132
268,13033.216405
269,13151.935174
270,12951.876848
271,12818.541674
272,13162.347881
273,13166.768502
274,13072.533560
275,13185.294979
276,13422.641396
277,13076.375222
278,12772.236230
279,12958.372989
280,13007.882967
281,13039.047207
282,13314.797553
283,13188.696696
284,13222.613001
285,13026.031779
286,12803.738254
287,12963.048236
288,12428.351058
289,12779.233624
290,12979.391441
291,13281.469861
292,13402.555809
293,13572.452118
294,12872.008900
295,12994.622059
296,12701.881552
297,12458.559423
298,13443.962683
299,13475.985631
300,13262.123127
301,13334.826583
302,13366.228539
303,13138.362549
304,13035.108988
305,13065.961255
306,13246.597535
307,13349.928155
308,13047.783638
309,13564.793049
310,13345.726088
311,12864.307267
312,12966.839464
313,12592.875496
314,13149.719399
315,13045.622679
316,12924.788701
317,12674.428738
318,12874.305262
319,13193.789188
320,13228.381345
321,12931.306385
322,13147.153856
323,13051.002293
324,12990.667149
325,12970.452897
326,13229.718669
327,13299.561710
328,12565.447500
329,12528.703361
330,12753.415362
331,12858.452198
332,13131.653868
333,13246.528746
334,13556.969948
335,13236.548553
336,13151.686549
337,13214.709007
338,12834.679997
339,13243.316969
340,12814.699216
341,12745.105545
342,12702.057496
343,12941.379094
344,13239.022949
345,12988.089395
346,13031.728635
347,12849.068475
348,13149.612419
349,13318.361904
350,13050.736080
351,13112.532725
352,13001.710578
353,12715.060371
354,12986.203546
355,12878.618109
356,12913.689257
357,12614.922076
358,13113.028666
359,13201.034994
360,13305.509879
361,13163.777291
362,12815.664263
363,12639.174210
364,13033.780409
365,12931.144854
366,13139.663985
367,13066.494039
368,12737.084900
369,12670.464425
370,13228.346357
371,12978.509273
372,12922.639564
373,13106.185283
374,13106.288960
375,12899.117979
376,12629.944777
377,12604.303253
378,13040.909528
379,13315.881354
380,13208.428358
381,12875.042988
382,12653.256656
383,12979.191793
384,13108.259473
385,13217.146157
386,12997.954029
387,13159.041103
388,12843.580608
389,12905.243552
390,13049.468439
391,13155.692927
392,12864.599871
393,13078.123526
394,12759.815311
395,13037.002696
396,13136.249165
397,13122.146217
398,12781.030605
399,12597.952667
400,12757.004611
401,13118.269401
402,12667.622922
403,13455.040033
404,13082.303422
405,12922.756834
406,13096.523391
407,13220.618017
408,12983.697944
409,12715.117084
410,12555.821087
411,12893.051053
412,12848.144375
413,13211.134110
414,13366.793706
415,13247.875640
416,13024.632412
417,12925.312042
418,13184.304001
419,12746.253565
420,12750.318787
421,12946.954144
422,13030.447592
423,13010.880829
424,12982.448835
425,12856.039637
426,12932.932914
427,13098.078963
428,13183.640123
429,12904.139260
430,13002.986929
431,12833.298205
432,12635.532572
433,13016.130819
434,12839.989393
435,12808.053344
436,13117.913107
437,12920.322935
438,12958.039640
439,12925.388396
440,13406.834426
441,13397.314535
442,13149.752692
443,12903.239886
444,13235.270522
445,12891.297674
446,13031.480582
447,12779.297493
448,13190.156504
449,13181.501768
450,13270.922096
451,12964.471879
452,13356.162603
453,13009.265195
454,13099.288575
455,13128.713711
456,13036.623558
457,12799.547369
458,12811.700195
459,13403.379145
460,13088.837209
461,12562.978031
462,12449.816828
463,12819.821021
464,13308.878672
465,13003.369292
466,12924.722113
467,13185.404985
468,12814.257179
469,12853.800084
470,12795.408407
471,12724.816667
472,12956.537922
473,13234.161041
474,13266.235205
475,12984.619844
476,13219.036140
477,13044.461894
478,12849.725769
479,13177.288676
480,12923.395640
481,13069.835157
482,12646.918841
483,13338.087940
484,13011.199131
485,13134.531620
486,13005.039177
487,12885.931718
488,13008.088276
489,13360.192624
490,13115.180772
491,13004.183753
492,13259.577360
493,13225.700139
494,13097.556955
495,12823.399516
496,12702.539492
497,12723.548231
498,12788.057135
499,12646.685652
