0,3092.566257
1,6334.955450
2,6849.187846
3,7239.026550
4,7477.195797
5,7758.707406
6,8104.316699
7,8427.824801
8,8680.118625
9,8865.101672
10,9140.465589
11,9354.712452
12,9693.166688
13,9944.733378
14,10278.880522
15,10642.910417
16,10795.235752
17,10951.692987
18,11195.415526
19,11323.945768
20,11567.156389
21,11582.970113
22,11850.543016
23,11826.121642
24,11687.969940
25,11936.329678
26,12031.499336
27,12218.917615
28,12348.420700
29,12415.654949
30,12594.028769
31,12884.991516
32,12830.170304
33,13119.532129
34,13406.908247
35,13712.416270
36,13782.288180
37,13932.400057
38,14415.110933
39,14317.123051
40,14483.049161
41,14776.357174
42,14885.850693
43,15094.216211
44,14746.501188
45,14829.983926
46,14922.721536
47,14844.621637
48,15089.194498
49,15083.368068
50,14866.219348
51,15041.682800
52,15228.961191
53,15123.074284
54,15055.278142
55,15080.308512
56,15378.723333
57,14913.730776
58,15232.601189
59,15297.993281
60,15202.756547
61,15304.095259
62,15105.654880
63,15290.905425
64,15501.984700
65,15631.976976
66,15656.378884
67,15483.392073
68,15679.571095
69,15640.625314
70,15678.210381
71,15910.236364
72,15924.196084
73,15904.301349
74,15934.761170
75,15656.087401
76,15660.616397
77,15723.858338
78,15947.480312
79,15825.459322
80,15962.227056
81,16044.548912
82,16009.169410
83,16185.662134
84,16210.505129
85,16165.018023
86,16242.404470
87,15957.325381
88,16260.994019
89,16023.872835
90,16159.169488
91,16246.664923
92,16263.960683
93,16114.130648
94,16096.651958
95,16042.158773
96,15868.627882
97,15954.257497
98,16038.118559
99,16018.727992
100,16267.752080
101,16061.129621
102,16089.966877
103,15936.291656
104,16101.928182
105,15938.922621
106,15924.850378
107,15956.756407
108,15882.505004
109,15903.710709
110,15920.537641
111,16118.105056
112,16119.965280
113,15962.087831
114,16126.809077
115,16000.477192
116,16001.070449
117,16002.349354
118,16145.772854
119,16035.452373
120,16331.412461
121,16466.924323
122,16160.363422
123,15967.625344
124,16304.375972
125,15959.390658
126,16087.262690
127,16041.378897
128,15986.657358
129,16267.704837
130,16094.654305
131,16103.947309
132,15881.558658
133,16078.287031
134,16202.650747
135,16045.261201
136,15912.911788
137,16032.089719
138,16170.326469
139,15914.550575
140,15899.145485
141,16056.959544
142,15945.081229
143,16125.839684
144,15945.676143
145,16371.342315
146,16083.601724
147,16056.521907
148,16096.985467
149,15924.538464
150,16238.120945
151,16001.394804
152,15906.599512
153,15913.400749
154,16273.737407
155,16268.368699
156,16062.781935
157,16216.755199
158,16147.418250
159,15812.514508
160,16084.168126
161,16133.796219
162,16103.478699
163,15817.258142
164,16175.664266
165,15906.694868
166,16059.950155
167,15932.628027
168,16142.856913
169,16088.648218
170,16014.249858
171,15980.879122
172,16206.006390
173,16127.017888
174,16074.317970
175,15894.392979
176,16139.727007
177,16151.323934
178,16124.270082
179,15868.466059
180,16269.855095
181,16180.553316
182,15906.643925
183,15820.235624
184,15666.285244
185,15894.968293
186,16178.448601
187,15905.702955
188,16116.647654
189,15845.624523
190,15919.991518
191,16383.926291
192,16330.732198
193,16416.945155
194,16192.361180
195,16127.130216
196,16184.564290
197,16310.275611
198,16490.111992
199,16263.826294
200,16239.065504
201,16152.446729
202,16060.863625
203,16106.525315
204,15899.569673
205,15921.006759
206,16064.592573
207,15967.587546
208,15787.087852
209,16294.645499
210,16289.636321
211,16178.613123
212,15888.804975
213,16247.565486
214,16099.873452
215,16083.753906
216,15994.518894
217,16035.595215
218,15959.275950
219,16025.070126
220,16266.119555
221,16223.876679
222,16147.560735
223,16307.301260
224,16156.302667
225,16307.842539
226,15922.472929
227,16311.723805
228,16377.855262
229,16010.563018
230,16132.401146
231,16171.577557
232,16360.953535
233,16212.604875
234,16088.827331
235,16115.588070
236,16336.319045
237,16165.089551
238,16379.318808
239,16340.217072
240,16218.401218
241,16103.003207
242,16193.538580
243,16217.414671
244,16341.268170
245,16214.125797
246,16142.714723
247,16011.623568
248,15935.257055
249,15958.941284
250,16155.266692
251,16336.520480
252,16243.711344
253,16051.832680
254,15893.160046
255,16068.085244
256,16078.621222
257,16170.569066
258,16264.550025
259,16207.360503
260,15986.928833
261,15974.850994
262,16074.902194
263,15938.475137
264,16012.052988
265,16042.276407
266,15874.221437
267,15629.405164
268,15996.989110
269,15900.151837
270,16060.848017
271,16080.339099
272,16159.825713
273,16105.295673
274,16136.671082
275,15942.122979
276,16040.594978
277,15849.505898
278,16032.029094
279,16317.751974
280,16389.115612
281,16135.825935
282,16082.163953
283,16005.577160
284,16223.142372
285,16114.252323
286,16182.918321
287,16157.377128
288,16148.368470
289,16240.242015
290,16249.455050
291,16348.429204
292,16049.079031
293,16170.386351
294,16130.861249
295,16293.356888
296,16099.947463
297,15864.112156
298,16126.627483
299,16163.093750
300,16325.448595
301,15967.623158
302,16116.234540
303,16005.758957
304,16083.962119
305,16425.538487
306,16168.239546
307,16246.313055
308,16270.943879
309,16313.959366
310,16347.939960
311,16438.144289
312,16168.821788
313,16245.810594
314,16162.651713
315,16240.249552
316,16390.888452
317,16216.572146
318,16122.270119
319,16231.848322
320,15951.623394
321,16048.513109
322,16326.243449
323,16064.504494
324,16358.070162
325,16280.660217
326,16206.115324
327,16079.003392
328,16216.668587
329,16204.629697
330,16186.612462
331,16030.888082
332,16262.816222
333,16078.826254
334,16294.749251
335,16274.229273
336,16364.047632
337,15991.928288
338,15865.490514
339,16135.148596
340,15966.983251
341,16067.970220
342,16153.554330
343,16205.628687
344,16234.974248
345,16253.092002
346,16346.235105
347,16281.335405
348,16346.451622
349,16218.242919
350,16002.854543
351,15968.388347
352,16062.138100
353,16394.653937
354,16202.878253
355,16570.777095
356,16289.243140
357,16343.563475
358,16137.625970
359,16035.791938
360,16096.091229
361,16233.214751
362,16190.158162
363,16330.641275
364,16072.907456
365,16220.868205
366,15969.001585
367,16208.321758
368,15939.057364
369,15901.685395
370,16070.115358
371,16069.598329
372,16174.639080
373,16290.075380
374,16424.909412
375,16427.014561
376,16380.385838
377,16218.809238
378,16178.425465
379,16417.781598
380,16136.387609
381,16125.385786
382,16460.359912
383,16394.590836
384,16043.582110
385,16507.403305
386,16564.507342
387,16642.258564
388,16597.882479
389,16315.418541
390,16068.165310
391,16128.622104
392,16170.317587
393,16162.572414
394,16114.780372
395,16396.105643
396,16476.559896
397,16041.453574
398,16356.441459
399,16529.284817
400,16278.205755
401,16831.872303
402,16301.441457
403,16121.329533
404,16368.221171
405,16322.469549
406,16348.598178
407,16235.947342
408,16221.194506
409,16500.056100
410,16572.986345
411,16440.069383
412,16394.251413
413,16307.943333
414,16309.437083
415,16022.785100
416,16229.896763
417,16216.747042
418,16453.534105
419,16680.036016
420,16157.393094
421,16625.624413
422,16015.146749
423,16381.415905
424,16515.828731
425,16186.830418
426,16319.603454
427,16399.590762
428,16100.883098
429,16389.656833
430,16081.232783
431,16251.841207
432,16392.097438
433,16295.363639
434,16394.580859
435,16639.500339
436,16298.769742
437,16203.084440
438,16316.042637
439,16587.131054
440,16258.206839
441,16364.596047
442,16180.414661
443,16460.316325
444,16221.827103
445,16442.209408
446,16268.570226
447,16323.664452
448,16426.511544
449,16508.653763
450,16494.635879
451,16443.523119
452,16540.377162
453,16481.067412
454,16315.810898
455,16369.235481
456,16458.330221
457,16721.266802
458,16720.092960
459,16661.554290
460,16491.445891
461,16497.791239
462,16701.498775
463,16409.642707
464,16420.756347
465,16595.242298
466,16322.680526
467,16429.023768
468,16460.878686
469,16611.537373
470,16185.110936
471,16272.894634
472,16311.671650
473,16372.257041
474,16315.257932
475,16249.579121
476,16342.278191
477,16403.856929
478,16578.176626
479,16585.193705
480,16255.259348
481,16387.234654
482,16363.154113
483,16507.791606
484,16282.624179
485,16249.489853
486,16317.598743
487,16461.741925
488,16515.202740
489,16268.400508
490,16437.011550
491,16374.017332
492,16383.117299
493,16166.015783
494,16172.721056
495,16299.002788
496,16175.591485
497,16164.770486
498,16310.529523
499,16369.766228
