0,3031.800947
1,6345.094787
2,6943.044800
3,7300.919126
4,7581.553071
5,7874.076365
6,8094.055104
7,8224.971483
8,8420.694647
9,8602.760258
10,8786.129254
11,8939.937120
12,9043.103206
13,9116.496391
14,9323.526864
15,9432.203079
16,9459.686447
17,9596.418222
18,9773.418760
19,9731.689099
20,9830.925645
21,9905.048767
22,10111.003929
23,10187.448133
24,10149.553792
25,10285.223025
26,10359.459772
27,10474.245416
28,10613.961684
29,10674.262530
30,10771.063489
31,10809.519641
32,10699.188594
33,10968.365151
34,10922.489355
35,10979.294721
36,11083.281774
37,11044.487372
38,11080.028142
39,11218.274483
40,11077.612683
41,11216.215313
42,11350.639932
43,11389.522282
44,11450.761482
45,11430.405787
46,11411.864040
47,11510.515898
48,11625.267809
49,11569.213051
50,11722.663476
51,11779.470196
52,11774.543528
53,11678.052406
54,11948.437382
55,11959.294783
56,11880.228704
57,11953.055426
58,12044.184680
59,12074.890018
60,12047.081518
61,12018.152411
62,12026.875925
63,11923.967445
64,11966.715407
65,12047.534747
66,12051.149004
67,12255.733676
68,12107.826479
69,12053.288672
70,12358.279554
71,12161.436326
72,12089.954927
73,12276.888588
74,12178.400648
75,12203.721808
76,12343.604764
77,12288.070361
78,12343.560284
79,12303.532389
80,12422.864981
81,12385.357406
82,12476.877327
83,12482.142655
84,12432.729556
85,12530.045975
86,12604.309492
87,12550.434012
88,12579.330233
89,12462.125388
90,12472.998685
91,12408.687120
92,12476.165258
93,12598.669760
94,12678.800176
95,12568.876439
96,12782.789993
97,12773.112223
98,12558.054083
99,12584.346590
100,12566.310739
101,12650.875631
102,12740.909446
103,12584.038737
104,12701.285212
105,12741.050182
106,12791.836248
107,12924.792483
108,12805.612940
109,12739.794263
110,12690.435890
111,12783.264241
112,12743.844686
113,12850.112298
114,12782.942919
115,12882.739652
116,12905.493909
117,12850.521879
118,12818.967789
119,12810.344943
120,12731.736551
121,12889.476357
122,12937.331195
123,12982.634006
124,12928.799090
125,12849.906000
126,12931.386356
127,12860.130877
128,13077.097235
129,13094.779657
130,13104.458941
131,13021.185922
132,12894.671788
133,12955.247176
134,12979.607177
135,12869.313473
136,13067.338863
137,13031.738584
138,12962.669127
139,12969.813527
140,13008.291619
141,13021.102466
142,12931.876216
143,12986.908820
144,13097.377742
145,12996.184331
146,13025.979252
147,13012.509171
148,12971.227188
149,13085.209453
150,13274.714966
151,13201.929128
152,13073.069975
153,13019.054916
154,13150.404938
155,13064.737444
156,12982.484142
157,13140.683601
158,13120.830674
159,13058.032598
160,13051.282455
161,13149.326259
162,13120.916306
163,13055.940171
164,13013.543360
165,13050.070255
166,13118.581752
167,13033.895474
168,12911.685633
169,13026.631374
170,13165.095548
171,13021.030018
172,13227.014656
173,13296.100952
174,13182.417750
175,13263.075435
176,13293.214221
177,13278.690725
178,13219.961922
179,12998.433988
180,13097.143851
181,13234.036257
182,13108.150711
183,13159.670847
184,13169.385016
185,13241.489546
186,13209.621676
187,13121.888692
188,13225.364171
189,13240.305308
190,13166.953652
191,13268.843915
192,13240.580626
193,13038.853741
194,13221.476264
195,13312.135967
196,13296.832203
197,13293.900134
198,13117.581971
199,13150.397920
200,13288.773904
201,13217.868835
202,13222.491121
203,13110.284958
204,13348.162528
205,13411.588527
206,13147.430296
207,13242.154423
208,13378.835522
209,13078.256832
210,13214.269215
211,13356.648097
212,13241.193462
213,13149.095083
214,13196.688262
215,13263.013274
216,13177.794724
217,13199.631315
218,13358.932644
219,13299.029962
220,13337.631896
221,13313.642421
222,13341.335671
223,13158.200291
224,13519.684501
225,13254.738763
226,13311.672732
227,13246.968613
228,13216.846417
229,13232.615694
230,13350.659012
231,13224.145399
232,13265.152068
233,13470.173691
234,13283.740983
235,13290.325806
236,13374.934723
237,13342.565584
238,13557.720852
239,13408.330568
240,13425.106388
241,13338.357830
242,13348.107815
243,13388.110636
244,13329.394173
245,13167.791062
246,13384.862074
247,13261.284299
248,13460.855769
249,13437.381056
250,13332.348901
251,13451.740832
252,13403.637487
253,13334.086082
254,13334.728176
255,13411.781612
256,13375.218337
257,13321.194885
258,13405.889650
259,13385.141877
260,13315.036594
261,13251.876760
262,13315.096943
263,13216.125926
264,13258.299356
265,13399.527930
266,13471.856939
267,13423.020024
268,13345.378318
269,13426.024305
270,13339.108576
271,13351.898518
272,13451.198420
273,13430.070779
274,13470.253536
275,13196.695228
276,13339.862735
277,13385.245944
278,13537.508200
279,13548.685141
280,13334.303698
281,13394.155968
282,13380.603874
283,13566.220210
284,13291.840846
285,13417.432327
286,13323.096236
287,13349.963425
288,13405.090865
289,13485.450726
290,13268.765524
291,13265.335507
292,13422.132089
293,13417.494797
294,13384.433907
295,13521.185380
296,13445.699736
297,13442.257228
298,13537.827529
299,13369.765040
300,13521.244263
301,13501.358849
302,13490.587695
303,13387.178864
304,13303.226960
305,13298.152690
306,13271.944792
307,13201.273716
308,13312.687258
309,13471.010532
310,13429.147208
311,13462.644392
312,13354.719329
313,13386.089391
314,13362.794236
315,13438.380737
316,13345.583806
317,13545.285969
318,13375.382580
319,13426.173075
320,13505.051800
321,13348.794292
322,13476.703971
323,13353.463268
324,13386.547081
325,13374.243212
326,13544.198910
327,13440.614111
328,13537.288155
329,13357.502219
330,13493.888165
331,13353.007377
332,13535.562553
333,13459.054586
334,13433.801826
335,13469.242838
336,13597.672668
337,13394.443376
338,13464.569221
339,13346.761831
340,13411.790788
341,13551.420626
342,13420.326132
343,13591.640960
344,13322.407534
345,13321.391663
346,13376.441375
347,13342.168160
348,13379.286319
349,13450.518768
350,13473.623644
351,13453.733128
352,13363.285669
353,13213.832967
354,13261.784193
355,13340.991499
356,13351.597535
357,13365.520405
358,13306.997490
359,13322.910077
360,13415.673635
361,13278.592383
362,13423.733949
363,13394.928401
364,13356.637578
365,13479.537958
366,13455.364855
367,13212.887858
368,13427.018524
369,13438.589454
370,13415.787821
371,13583.503329
372,13616.664122
373,13415.501296
374,13341.583249
375,13260.872281
376,13475.078219
377,13382.511050
378,13317.549239
379,13374.531284
380,13412.107439
381,13430.389679
382,13517.022991
383,13346.196995
384,13434.451368
385,13560.799317
386,13453.801170
387,13430.088468
388,13419.779567
389,13444.619684
390,13460.693313
391,13245.448740
392,13306.109510
393,13414.777791
394,13495.075907
395,13414.719698
396,13321.334928
397,13469.262973
398,13559.825459
399,13475.079199
400,13385.657850
401,13415.670442
402,13551.842809
403,13424.759155
404,13482.329272
405,13393.625379
406,13436.859561
407,13198.824738
408,13333.611686
409,13375.257777
410,13474.234683
411,13374.765190
412,13278.130443
413,13421.645533
414,13282.002924
415,13310.457550
416,13383.939421
417,13481.502845
418,13268.467605
419,13469.355328
420,13430.086879
421,13467.986103
422,13464.449526
423,13348.545669
424,13411.125861
425,13393.455635
426,13355.987941
427,13269.768060
428,13306.757892
429,13386.701150
430,13305.537630
431,13451.656768
432,13311.054315
433,13339.289540
434,13263.750555
435,13213.600662
436,13296.796435
437,13487.510371
438,13383.397537
439,13335.446666
440,13648.875015
441,13327.854962
442,13358.466522
443,13387.744354
444,13445.156390
445,13280.212529
446,13394.018393
447,13539.132867
448,13549.990950
449,13401.021944
450,13343.336289
451,13524.431646
452,13405.008418
453,13513.714069
454,13298.541552
455,13451.244071
456,13416.604696
457,13583.344894
458,13387.599642
459,13555.693705
460,13416.765604
461,13377.544929
462,13501.662405
463,13442.797117
464,13413.334414
465,13329.139629
466,13456.635689
467,13262.990511
468,13522.348514
469,13329.011749
470,13523.008550
471,13490.764410
472,13365.171353
473,13431.714886
474,13393.078420
475,13372.662228
476,13361.998492
477,13319.602762
478,13326.837163
479,13319.593755
480,13297.828533
481,13408.832468
482,13215.287509
483,13325.341587
484,13284.542954
485,13391.109838
486,13448.802571
487,13441.897378
488,13349.698890
489,13241.586042
490,13290.060183
491,13408.015429
492,13472.324973
493,13269.136232
494,13193.040711
495,13293.873966
496,13406.908375
497,13446.459831
498,13497.328758
499,13369.383790
