0,3061.557619
1,6088.711795
2,6437.051475
3,6772.924978
4,7065.429903
5,7324.368285
6,7558.516739
7,7763.928751
8,7977.916344
9,8180.488534
10,8320.060253
11,8499.722156
12,8747.567080
13,8782.370958
14,8988.363328
15,9193.809937
16,9248.029227
17,9507.823060
18,9711.760956
19,9997.679292
20,10063.380643
21,10112.652338
22,10361.364140
23,10588.139900
24,10730.944636
25,10795.663961
26,10766.754621
27,10997.155355
28,11145.242346
29,11262.404359
30,11355.925256
31,11502.664461
32,11751.731998
33,11922.725041
34,12062.982400
35,12055.363184
36,12173.974332
37,12253.100249
38,12410.569337
39,12550.415315
40,12694.369364
41,12562.603351
42,12633.800388
43,12711.233881
44,12895.044660
45,12967.334460
46,13078.085854
47,13293.504757
48,13274.451496
49,13335.917631
50,13316.296448
51,13307.695320
52,13665.245250
53,13617.649280
54,13672.996136
55,13777.474658
56,13814.097497
57,13795.759382
58,13867.278305
59,14109.527941
60,14102.504330
61,14360.102556
62,14312.558703
63,14046.419832
64,14268.483096
65,13967.461083
66,14276.097311
67,14276.765807
68,14106.084141
69,14156.192727
70,14163.831985
71,13842.343277
72,14312.598488
73,14379.826008
74,14381.512362
75,14305.725770
76,14261.059116
77,14288.437350
78,14359.066235
79,14446.386836
80,14329.701986
81,14338.952137
82,14579.925007
83,14478.309960
84,14442.131590
85,14468.328418
86,14376.381941
87,14255.607056
88,14141.381593
89,14279.215443
90,14443.184948
91,14358.558140
92,14294.990659
93,14512.279101
94,14478.723416
95,14576.264471
96,14430.585141
97,14129.549069
98,14496.301150
99,14571.897883
100,14545.167333
101,14312.074670
102,14304.136964
103,14451.719917
104,14400.158825
105,14335.483511
106,14265.407779
107,14268.225322
108,14085.039171
109,14611.550481
110,14480.898663
111,14426.354957
112,14390.051034
113,14371.819591
114,14090.188842
115,14230.631543
116,14194.679546
117,14259.680863
118,14358.568060
119,14429.907308
120,14386.040588
121,14569.905337
122,14545.224873
123,14412.198959
124,14219.456886
125,14337.988534
126,14220.472020
127,14218.694772
128,14531.161751
129,14553.709595
130,14434.023709
131,14338.438823
132,14484.875929
133,14481.429604
134,14583.147401
135,14493.451151
136,14332.075675
137,14305.517369
138,14337.863095
139,14337.741243
140,14369.626391
141,14380.555113
142,14180.390053
143,14165.281100
144,14236.845498
145,14418.526583
146,14593.311935
147,14508.667090
148,14472.072950
149,14455.933291
150,14588.322133
151,14474.487126
152,14310.470942
153,14252.387079
154,14405.129406
155,14473.729289
156,14544.917104
157,14478.226970
158,14491.779456
159,14213.852501
160,14469.308857
161,14523.962242
162,14502.635529
163,14596.177277
164,14687.074014
165,14392.568274
166,14455.314040
167,14327.891944
168,14442.311989
169,14318.479953
170,14250.291602
171,14340.779666
172,14345.809002
173,14428.893527
174,14469.224041
175,14605.363322
176,14700.153545
177,14393.743594
178,14404.664549
179,14457.501940
180,14390.213275
181,14764.715026
182,14641.533530
183,14355.984594
184,14399.148204
185,14530.765884
186,14509.797589
187,14775.986221
188,14392.991659
189,14466.739805
190,14739.551751
191,14372.387580
192,14315.119881
193,14396.204766
194,14498.347970
195,14391.769960
196,14629.492433
197,14390.991554
198,14537.265089
199,14520.527078
200,14680.059607
201,14337.735165
202,14647.343437
203,14741.267517
204,14837.927958
205,14935.010623
206,14973.727669
207,14969.482967
208,14780.473328
209,14646.034032
210,14921.698745
211,15136.921369
212,14898.771031
213,14916.941005
214,14885.683035
215,14932.277240
216,14948.878802
217,15042.784163
218,14961.777807
219,15070.063329
220,15081.981237
221,15248.490601
222,14938.704682
223,15082.391595
224,15165.103089
225,14930.491807
226,14868.629131
227,14909.713339
228,14892.641544
229,14799.920486
230,14795.855348
231,14856.232157
232,14782.886181
233,14890.448507
234,14887.009027
235,14920.792227
236,15044.522960
237,15156.760005
238,14971.410525
239,15166.043866
240,15155.035217
241,15086.211548
242,15003.831150
243,15344.827982
244,14963.695298
245,14948.976352
246,15223.398280
247,15190.902613
248,14851.258244
249,15087.562128
250,14893.551167
251,15108.284376
252,15211.554749
253,15216.138094
254,15310.011333
255,15095.308248
256,14863.509601
257,14914.156589
258,14980.254249
259,15101.312772
260,15088.059429
261,15187.388574
262,15293.162083
263,15207.155990
264,15180.413323
265,15075.753209
266,14751.207125
267,15028.161768
268,14948.702708
269,14935.603844
270,14902.572596
271,15090.157405
272,14844.167301
273,14990.635987
274,14953.315668
275,14941.910102
276,15142.275801
277,15220.253875
278,15397.731497
279,15449.420471
280,15393.159835
281,15507.137993
282,15618.410605
283,15611.759537
284,15544.410326
285,15523.534062
286,15589.990528
287,15621.663269
288,15525.555246
289,15486.767750
290,15597.166870
291,15522.525740
292,15665.265792
293,15604.476557
294,15590.253873
295,15346.993026
296,15613.601793
297,15522.390798
298,15435.444430
299,15513.981295
300,15563.968025
301,15488.150524
302,15500.619603
303,15357.105131
304,15811.063281
305,15569.314144
306,15463.368162
307,15495.115559
308,15406.989379
309,15419.599494
310,15617.854609
311,15578.437042
312,15438.011393
313,15289.798890
314,15543.414358
315,15538.824927
316,15318.706460
317,15770.838602
318,15492.232099
319,15469.184553
320,15538.775719
321,15422.270579
322,15414.197759
323,15686.146527
324,15632.134777
325,15463.207383
326,15480.605775
327,15469.036132
328,15533.250728
329,15519.268490
330,15762.577955
331,15783.910602
332,15700.186995
333,15605.802106
334,15520.953096
335,15542.883386
336,15590.130312
337,15446.935669
338,15474.872402
339,15278.249611
340,15417.197576
341,15443.968229
342,15553.411815
343,15211.171125
344,15054.895567
345,15338.663754
346,15353.820524
347,15496.686632
348,15513.274802
349,15719.417565
350,15661.152782
351,15501.476610
352,15335.049007
353,15575.649681
354,15640.413370
355,15259.834993
356,15269.218634
357,15401.243985
358,15266.192240
359,15538.430092
360,15621.432944
361,15694.666753
362,15741.154507
363,15492.477193
364,15413.791190
365,15564.631991
366,15414.450118
367,15637.827360
368,15651.747016
369,15811.418164
370,15605.101361
371,15403.026272
372,15439.960873
373,15083.624525
374,15325.071348
375,15557.304761
376,15201.104805
377,15488.526380
378,15467.310471
379,15516.380293
380,15489.978081
381,15346.057969
382,15415.004549
383,15286.920268
384,15396.916644
385,15288.006724
386,15326.089073
387,15355.264737
388,15148.941651
389,15515.210614
390,15441.103991
391,15298.233015
392,15372.041786
393,15554.548194
394,15583.396663
395,15395.561314
396,15599.099289
397,15495.716638
398,15395.853302
399,15377.206143
400,15237.949764
401,15473.152250
402,15452.625624
403,15425.811309
404,15554.050367
405,15519.841408
406,15371.766430
407,15373.536818
408,15397.319077
409,15482.507611
410,15457.896766
411,15376.116844
412,15573.506984
413,15395.971134
414,15494.259046
415,15581.829329
416,15354.875931
417,15271.484495
418,15434.717213
419,15379.301262
420,15409.124548
421,15436.609247
422,15619.450418
423,15613.116256
424,15728.294715
425,15550.819933
426,15350.392611
427,15583.488704
428,15581.760236
429,15652.067160
430,15520.399492
431,15474.077647
432,15477.607548
433,15123.268568
434,15078.200125
435,15114.969279
436,15476.985583
437,15309.436106
438,15408.106901
439,15378.478286
440,15144.308137
441,15474.721969
442,15633.020671
443,15448.378031
444,15362.409256
445,15646.406547
446,15371.897657
447,15326.024844
448,15250.916697
449,15363.361680
450,15377.150980
451,15337.655554
452,15565.715732
453,15448.623703
454,15530.619168
455,15520.641579
456,15332.416300
457,15265.658759
458,15424.050454
459,15312.406405
460,15129.563898
461,15055.829111
462,15327.065321
463,15392.489365
464,15408.961132
465,15428.281929
466,15451.133755
467,15371.188783
468,15320.474241
469,15036.914514
470,15247.604418
471,15272.037831
472,15465.005736
473,15282.239923
474,15341.491243
475,15610.858274
476,15681.328420
477,15605.394045
478,15451.596900
479,15532.805865
480,15652.276192
481,15577.086300
482,15434.992673
483,15443.796175
484,15499.708014
485,15719.901459
486,15786.085135
487,15479.190012
488,15551.396273
489,15674.602364
490,15544.821188
491,15215.127862
492,15273.723981
493,15353.364440
494,15252.497189
495,15338.085904
496,15598.806233
497,15563.279717
498,15572.234005
499,15486.551261
