0,3150.355628
1,6343.529803
2,6809.293072
3,7224.098570
4,7569.540075
5,7826.317903
6,8157.196884
7,8411.865692
8,8646.822093
9,8832.364298
10,9044.427679
11,9343.560622
12,9555.597214
13,9783.130241
14,9997.869473
15,10257.783403
16,10419.715917
17,10620.599542
18,10907.366080
19,11175.486389
20,11421.428584
21,11677.508212
22,11726.177666
23,11880.720527
24,12053.560862
25,12131.644056
26,12346.096412
27,12469.896408
28,12511.022246
29,12611.655282
30,12745.536657
31,12856.457727
32,12918.631012
33,13019.994703
34,13098.538216
35,13134.922410
36,13286.751072
37,13349.506920
38,13355.693789
39,13369.591456
40,13524.905619
41,13499.547904
42,13559.578961
43,13593.490623
44,13549.515287
45,13676.836276
46,13713.436792
47,13778.130018
48,13830.373795
49,13836.189107
50,13797.396379
51,13853.168047
52,13855.987035
53,13897.452693
54,13930.481386
55,13925.764928
56,13962.111733
57,14117.121631
58,14048.428244
59,14075.705596
60,14050.647535
61,14199.870040
62,14179.349778
63,14042.843781
64,14009.238918
65,14133.600250
66,14186.969812
67,14211.702869
68,14258.526350
69,14310.952216
70,14307.713723
71,14333.766364
72,14343.388701
73,14394.303955
74,14454.525649
75,14430.714014
76,14538.306881
77,14501.696455
78,14440.680276
79,14441.436826
80,14473.980146
81,14413.953236
82,14569.174825
83,14536.000965
84,14580.340766
85,14517.793209
86,14504.728908
87,14520.637232
88,14632.548103
89,14590.431176
90,14597.246431
91,14628.463962
92,14620.499740
93,14592.616860
94,14527.240346
95,14565.814705
96,14534.193292
97,14523.043839
98,14592.674204
99,14561.557333
100,14599.092801
101,14717.715252
102,14693.933804
103,14663.901908
104,14663.581102
105,14620.939550
106,14583.270691
107,14546.845748
108,14570.225811
109,14496.462121
110,14447.883641
111,14662.464463
112,14541.406636
113,14513.201398
114,14573.667493
115,14608.508300
116,14537.326011
117,14457.417198
118,14467.263478
119,14554.239029
120,14480.775596
121,14461.704221
122,14526.606546
123,14489.283413
124,14566.503851
125,14701.462854
126,14670.655072
127,14589.196701
128,14579.506501
129,14626.871752
130,14542.670235
131,14554.995280
132,14561.364190
133,14625.009936
134,14614.824986
135,14612.291128
136,14461.552441
137,14480.016103
138,14535.146488
139,14615.373577
140,14601.465975
141,14675.187522
142,14708.870670
143,14601.385707
144,14658.479482
145,14488.693530
146,14485.440517
147,14573.105429
148,14560.920856
149,14589.168890
150,14654.542103
151,14558.883065
152,14578.066193
153,14560.057887
154,14516.015794
155,14610.618002
156,14522.883029
157,14499.664527
158,14511.056471
159,14639.166232
160,14652.536372
161,14555.742412
162,14631.897930
163,14689.166389
164,14679.654261
165,14711.055354
166,14724.022689
167,14635.351948
168,14661.037228
169,14554.344576
170,14619.736728
171,14680.703609
172,14737.043857
173,14636.514176
174,14648.024408
175,14622.672127
176,14656.737731
177,14686.658591
178,14538.649997
179,14630.209902
180,14561.605003
181,14608.742235
182,14628.850126
183,14617.015403
184,14664.217796
185,14617.874479
186,14578.895416
187,14602.057474
188,14562.774638
189,14550.700651
190,14637.637161
191,14588.624601
192,14594.088109
193,14644.529850
194,14593.306629
195,14669.499569
196,14653.623406
197,14567.789516
198,14626.341715
199,14670.391512
200,14704.355063
201,14510.952222
202,14556.805475
203,14522.879638
204,14593.340414
205,14658.849975
206,14586.516943
207,14582.383502
208,14596.547256
209,14615.580939
210,14617.568587
211,14534.652946
212,14554.748065
213,14549.684627
214,14510.176023
215,14518.737170
216,14558.290252
217,14642.233255
218,14685.395188
219,14609.595123
220,14555.053924
221,14612.112412
222,14636.973861
223,14660.604541
224,14658.333278
225,14593.701481
226,14542.698526
227,14403.597180
228,14604.563217
229,14424.774358
230,14471.870768
231,14565.851167
232,14552.792757
233,14582.594032
234,14601.661299
235,14532.767756
236,14678.324503
237,14672.504914
238,14550.439974
239,14542.958224
240,14524.974934
241,14643.825119
242,14667.852756
243,14636.195889
244,14578.669024
245,14630.510779
246,14625.241931
247,14548.255488
248,14382.888054
249,14620.713061
250,14658.145481
251,14553.613407
252,14601.821508
253,14661.420863
254,14573.318026
255,14539.094529
256,14500.049989
257,14555.930017
258,14568.970871
259,14602.036928
260,14652.823440
261,14580.750648
262,14550.203449
263,14654.833112
264,14556.944033
265,14632.123521
266,14604.304307
267,14649.738479
268,14657.236681
269,14655.722511
270,14591.462787
271,14560.712224
272,14595.871719
273,14647.152573
274,14617.504227
275,14648.014860
276,14684.702406
277,14579.439237
278,14648.879793
279,14639.406278
280,14618.850937
281,14493.071875
282,14535.739175
283,14514.209953
284,14583.106674
285,14641.566283
286,14546.908677
287,14494.076010
288,14593.365290
289,14653.501904
290,14511.138792
291,14493.245163
292,14498.560446
293,14546.927387
294,14530.828481
295,14521.044709
296,14565.858901
297,14644.638330
298,14574.238350
299,14602.895221
300,14543.709109
301,14540.422637
302,14610.753380
303,14635.355164
304,14702.709575
305,14687.231595
306,14572.728241
307,14644.785566
308,14583.355066
309,14600.248337
310,14548.712141
311,14555.149348
312,14524.915421
313,14521.733293
314,14618.576932
315,14645.889813
316,14565.870300
317,14626.419012
318,14572.192775
319,14538.234928
320,14572.637240
321,14628.060710
322,14639.428615
323,14451.000852
324,14488.775114
325,14501.685679
326,14432.437703
327,14470.914841
328,14424.916897
329,14547.691977
330,14678.164809
331,14638.911887
332,14643.799660
333,14642.848460
334,14521.355813
335,14547.738340
336,14565.141116
337,14595.506708
338,14504.545558
339,14511.745983
340,14519.670938
341,14641.132274
342,14632.557779
343,14603.423788
344,14657.007474
345,14569.815221
346,14608.634636
347,14692.136677
348,14644.186574
349,14597.596309
350,14634.341993
351,14662.376846
352,14638.395736
353,14676.736731
354,14553.517108
355,14593.206432
356,14601.224222
357,14665.882348
358,14672.264275
359,14543.653030
360,14631.294988
361,14579.756358
362,14603.582566
363,14629.010287
364,14497.219033
365,14575.013864
366,14566.153054
367,14508.697798
368,14476.825930
369,14550.709435
370,14531.696899
371,14554.634430
372,14678.156944
373,14640.156522
374,14655.540112
375,14656.627127
376,14560.327030
377,14593.248704
378,14584.404485
379,14593.494289
380,14673.541415
381,14618.257421
382,14570.121842
383,14439.353318
384,14589.724283
385,14524.079258
386,14583.972847
387,14616.827894
388,14552.335062
389,14607.481457
390,14590.818024
391,14446.016391
392,14576.737666
393,14662.633438
394,14618.020780
395,14561.812831
396,14572.803900
397,14575.231147
398,14626.052295
399,14602.077910
400,14475.006103
401,14537.083327
402,14464.742802
403,14503.979412
404,14625.283504
405,14608.417851
406,14607.558804
407,14557.350958
408,14565.666252
409,14541.624398
410,14499.007723
411,14633.556488
412,14600.398393
413,14452.875843
414,14541.820061
415,14524.421592
416,14556.217853
417,14544.126548
418,14542.882440
419,14632.837772
420,14516.882360
421,14622.412616
422,14667.751955
423,14636.375678
424,14625.051337
425,14594.503410
426,14619.121315
427,14710.140184
428,14629.296396
429,14522.058584
430,14776.126853
431,14640.024966
432,14685.765578
433,14613.747286
434,14581.950853
435,14525.809506
436,14501.164894
437,14439.828111
438,14503.396596
439,14590.964274
440,14607.779710
441,14591.611846
442,14586.105131
443,14587.261193
444,14577.312826
445,14550.737843
446,14572.880076
447,14589.464515
448,14545.967018
449,14574.112342
450,14530.236087
451,14619.353655
452,14652.512816
453,14582.338792
454,14581.913577
455,14584.460725
456,14563.311060
457,14590.932916
458,14606.254384
459,14551.380187
460,14565.906152
461,14600.743548
462,14524.755679
463,14599.356677
464,14553.711972
465,14468.529776
466,14577.357541
467,14683.052939
468,14539.813700
469,14533.788123
470,14539.099585
471,14572.272286
472,14657.818992
473,14622.909243
474,14637.318465
475,14682.254680
476,14602.882972
477,14598.047423
478,14576.413107
479,14691.588525
480,14619.480133
481,14546.165481
482,14487.829674
483,14560.964069
484,14653.233287
485,14671.312282
486,14607.936461
487,14635.495598
488,14674.863811
489,14664.878139
490,14617.828846
491,14581.984465
492,14593.329978
493,14658.410292
494,14567.105512
495,14598.250827
496,14486.666512
497,14518.057064
498,14584.504708
499,14528.092167
