0,3047.827034
1,6105.634061
2,6551.098895
3,6848.361679
4,7184.678858
5,7511.500962
6,7751.254153
7,7841.517899
8,8043.260846
9,8333.039819
10,8486.171608
11,8685.402571
12,8826.237470
13,9040.901962
14,9190.716943
15,9413.680146
16,9640.149544
17,10038.589857
18,10371.235573
19,10548.204867
20,10765.736078
21,10940.098707
22,11251.564537
23,11567.697695
24,11643.492125
25,11894.377372
26,12201.440161
27,12119.388003
28,12272.883414
29,12223.478837
30,12616.708309
31,12613.475833
32,12817.671766
33,12791.888386
34,12785.053613
35,12906.614465
36,13089.126449
37,13064.021161
38,13148.189942
39,13094.246294
40,13104.446702
41,13419.778251
42,13568.669589
43,13640.120879
44,13885.358581
45,13651.362698
46,13787.483544
47,13966.874605
48,14142.113090
49,14050.698613
50,14155.447362
51,14200.617551
52,14266.931609
53,14183.269006
54,14183.798954
55,14522.282913
56,14449.684773
57,14385.786788
58,14463.717386
59,14641.040978
60,14590.058927
61,14608.020851
62,14620.156232
63,14629.841095
64,14774.012066
65,14786.022526
66,14886.793256
67,15026.101273
68,14919.790252
69,14951.540959
70,15189.587267
71,14961.150035
72,14959.799585
73,15206.763504
74,15339.086111
75,15304.269759
76,15322.447575
77,15407.126454
78,15051.675163
79,15337.288299
80,15408.696573
81,15026.766235
82,14936.722988
83,15152.146312
84,15254.635176
85,15260.805402
86,15273.251924
87,15382.200170
88,15377.027281
89,15384.264090
90,15362.596636
91,15415.434766
92,15439.571040
93,15284.593269
94,15557.968836
95,15407.595011
96,15401.624253
97,15542.573116
98,15454.905223
99,15597.398296
100,15666.851749
101,15623.147437
102,15530.992310
103,15568.218510
104,15556.459116
105,15512.180859
106,15739.483036
107,15730.273075
108,15856.678122
109,15819.703223
110,15620.690268
111,15806.620561
112,15871.091983
113,15954.917107
114,15867.633442
115,15937.119751
116,16007.110992
117,15772.754778
118,15746.421343
119,15948.072200
120,16007.918219
121,15926.142464
122,15973.984109
123,15936.417819
124,16052.482693
125,16047.575275
126,16066.335260
127,16038.700796
128,16180.212552
129,16257.744019
130,16060.454983
131,16229.129329
132,16181.744186
133,16153.404964
134,16142.547040
135,16170.879354
136,16262.317186
137,16204.613663
138,16216.652015
139,16261.747936
140,16276.449169
141,16232.523038
142,16369.935728
143,16261.041116
144,16283.954543
145,16251.702620
146,16371.838679
147,16218.256515
148,16312.593966
149,16385.819647
150,16393.667752
151,16367.425625
152,16294.015747
153,16432.323718
154,16441.588833
155,16327.345746
156,16428.438559
157,16416.330201
158,16458.199190
159,16396.025081
160,16390.129514
161,16410.053307
162,16392.986532
163,16435.260549
164,16478.184323
165,16457.240876
166,16474.315527
167,16509.639908
168,16511.310351
169,16439.858073
170,16453.246285
171,16455.407662
172,16497.355367
173,16493.890085
174,16459.620213
175,16487.608858
176,16484.557093
177,16467.926124
178,16494.039111
179,16501.931068
180,16476.239576
181,16435.490595
182,16437.800685
183,16484.698294
184,16524.006733
185,16491.951394
186,16454.821360
187,16492.117210
188,16454.801022
189,16493.939314
190,16531.743470
191,16523.100303
192,16483.795705
193,16528.779008
194,16532.216890
195,16503.515010
196,16524.828280
197,16521.824893
198,16508.976048
199,16518.920416
200,16531.177790
201,16535.551575
202,16530.576468
203,16543.548780
204,16529.366648
205,16535.142506
206,16542.146238
207,16547.530437
208,16537.035322
209,16551.650966
210,16532.230414
211,16549.248440
212,16549.426768
213,16562.222150
214,16579.930617
215,16579.182800
216,16619.096701
217,16647.077167
218,16647.448299
219,16657.795620
220,16660.878638
221,16662.629364
222,16653.800756
223,16660.451763
224,16658.970109
225,16655.324017
226,16662.251222
227,16657.284737
228,16661.978576
229,16664.683580
230,16660.774470
231,16660.417203
232,16657.511390
233,16664.030861
234,16662.431279
235,16653.369375
236,16665.651610
237,16661.236274
238,16665.651610
239,16663.897571
240,16665.651610
241,16659.495816
242,16666.669842
243,16661.872875
244,16663.261848
245,16668.717747
246,16669.430483
247,16682.207237
248,16700.271504
249,16723.278058
250,16741.262512
251,16769.453692
252,16786.057564
253,16789.712971
254,16791.368294
255,16792.417742
256,16792.930631
257,16789.889119
258,16792.930631
259,16792.930631
260,16782.097644
261,16788.232644
262,16789.368058
263,16788.240693
264,16790.024204
265,16787.041219
266,16791.954458
267,16791.245079
268,16791.700801
269,16786.085039
270,16784.873082
271,16791.211733
272,16788.847980
273,16790.023660
274,16792.930631
275,16792.930631
276,16792.930631
277,16790.654530
278,16792.930631
279,16792.930631
280,16781.716641
281,16790.602506
282,16791.409095
283,16790.548160
284,16790.018537
285,16792.930631
286,16791.520679
287,16791.993223
288,16792.930631
289,16791.002524
290,16790.836296
291,16783.634931
292,16791.674236
293,16785.307728
294,16787.398201
295,16789.300613
296,16787.708540
297,16789.505816
298,16789.676906
299,16791.635878
300,16786.634023
301,16785.353207
302,16790.974246
303,16792.525939
304,16789.357225
305,16787.524106
306,16786.316111
307,16787.351878
308,16788.812464
309,16792.930631
310,16792.930631
311,16790.714031
312,16787.880703
313,16792.930631
314,16788.413563
315,16784.841941
316,16787.084942
317,16781.261524
318,16777.361052
319,16787.388154
320,16794.901949
321,16795.379048
322,16790.630276
323,16797.806862
324,16811.072406
325,16838.197904
326,16867.818583
327,16920.962557
328,16947.096730
329,16979.001556
330,16985.284188
331,16988.146233
332,16987.118654
333,16986.280124
334,16988.538661
335,16978.171971
336,16983.737888
337,16982.714500
338,16986.566288
339,16986.259367
340,16987.235639
341,16986.324932
342,16985.431531
343,16977.037525
344,16987.669141
345,16990.062414
346,16988.085287
347,16978.885464
348,16984.021310
349,16983.130874
350,16988.531679
351,16986.331187
352,16985.545632
353,16985.342228
354,16987.104388
355,16990.062414
356,16984.665698
357,16986.874690
358,16987.075411
359,16977.563469
360,16983.388247
361,16986.196954
362,16988.220158
363,16988.665781
364,16990.062414
365,16986.653463
366,16984.355085
367,16988.332663
368,16988.359885
369,16990.062414
370,16987.838571
371,16987.037974
372,16989.167196
373,16990.062414
374,16983.895391
375,16987.112008
376,16985.169367
377,16986.384394
378,16988.027451
379,16990.062414
380,16984.313565
381,16990.062414
382,16980.703904
383,16988.303766
384,16986.570871
385,16983.773796
386,16983.772009
387,16988.242288
388,16987.294380
389,16985.670368
390,16985.967010
391,16980.502023
392,16983.926572
393,16984.888289
394,16990.062414
395,16984.369798
396,16987.177341
397,16979.587975
398,16987.173575
399,16988.204964
400,16990.062414
401,16990.062414
402,16990.062414
403,16986.240938
404,16988.227462
405,16988.907105
406,16988.242440
407,16990.062414
408,16986.544202
409,16984.695260
410,16988.629163
411,16986.719048
412,16990.062414
413,16988.988341
414,16987.337342
415,16989.009111
416,16981.706529
417,16984.865649
418,16990.062414
419,16985.555849
420,16987.307023
421,16985.955472
422,16978.133153
423,16986.777059
424,16986.905731
425,16987.340981
426,16983.169831
427,16986.676104
428,16988.224763
429,16986.600164
430,16985.818360
431,16985.944942
432,16983.321036
433,16980.757904
434,16987.702350
435,16985.231718
436,16986.172131
437,16984.762545
438,16987.922876
439,16985.409805
440,16982.520389
441,16977.259033
442,16986.913396
443,16978.508332
444,16989.162315
445,16982.084526
446,16983.703220
447,16975.341211
448,16978.949145
449,16979.167807
450,16986.470039
451,16978.269187
452,16987.991763
453,16987.531030
454,16984.133410
455,16987.321118
456,16985.580981
457,16983.597047
458,16984.872410
459,16987.759983
460,16984.276256
461,16988.485387
462,16982.987929
463,16978.559865
464,16984.765855
465,16988.384720
466,16986.432049
467,16986.558121
468,16984.945230
469,16982.741402
470,16990.062414
471,16986.270566
472,16986.264591
473,16990.062414
474,16987.957622
475,16986.741548
476,16988.526213
477,16988.650299
478,16989.140151
479,16982.577290
480,16985.197596
481,16980.243509
482,16975.496676
483,16978.544416
484,16984.423310
485,16988.995395
486,16979.573765
487,16990.062414
488,16988.190866
489,16986.101262
490,16986.639600
491,16988.726539
492,16976.951803
493,16985.585610
494,16985.638252
495,16988.584168
496,16990.062414
497,16990.062414
498,16990.062414
499,16988.843189
