0,3082.626044
1,6282.799894
2,6839.805525
3,7164.856298
4,7380.748163
5,7539.744716
6,7685.251355
7,7936.463760
8,8095.291187
9,8270.940192
10,8399.132735
11,8483.894395
12,8543.610138
13,8702.488979
14,8765.537375
15,8909.337785
16,8922.751123
17,8929.035639
18,9173.190723
19,9126.897611
20,9400.467903
21,9307.566197
22,9440.662173
23,9511.041309
24,9510.466779
25,9548.099930
26,9571.198389
27,9751.775250
28,9910.154636
29,9881.839116
30,9970.927087
31,10065.396491
32,10207.703209
33,10215.423490
34,10224.413753
35,10243.551317
36,10197.819621
37,10414.002251
38,10282.285176
39,10400.639868
40,10516.885676
41,10422.801790
42,10515.803615
43,10603.051366
44,10924.776809
45,10771.721234
46,10855.459974
47,10888.266286
48,10919.740943
49,10956.792281
50,10885.709229
51,11159.947011
52,11002.115460
53,11213.474841
54,11368.035086
55,11230.587701
56,11332.235974
57,11199.221616
58,11413.989513
59,11272.398233
60,11133.632838
61,11369.395976
62,11434.064368
63,11288.498420
64,11349.067057
65,11455.719844
66,11496.659335
67,11559.987910
68,11737.242927
69,11392.370304
70,11581.679791
71,11700.855383
72,11502.967795
73,11616.145767
74,11910.295050
75,11917.681906
76,11664.133771
77,11826.910492
78,11880.227508
79,11820.300601
80,12022.482021
81,11951.397391
82,11929.888490
83,12123.184295
84,11903.668639
85,11949.848862
86,11972.791872
87,12078.191641
88,12151.872669
89,11854.667593
90,12158.614776
91,12130.290075
92,11903.884089
93,11864.661870
94,12083.084148
95,12021.064897
96,12052.164309
97,12046.574967
98,12225.943325
99,12049.683575
100,12080.505207
101,12203.675376
102,12174.908794
103,12026.019326
104,12356.216362
105,12050.821514
106,12381.118054
107,12414.242586
108,12258.021536
109,12324.832057
110,12187.250044
111,12476.339890
112,12412.267059
113,12392.865443
114,12484.007629
115,12533.651553
116,12297.617157
117,12296.743573
118,12396.848215
119,12076.850140
120,12369.025118
121,12496.202576
122,12549.447057
123,12205.952919
124,12378.726921
125,12447.280886
126,12261.149621
127,12400.613304
128,12520.996075
129,12539.489031
130,12679.489141
131,12763.652369
132,12701.006070
133,12423.911413
134,12542.546989
135,12262.076881
136,12596.948835
137,12544.165745
138,12589.528881
139,12857.698465
140,12650.731362
141,12848.545193
142,12591.294330
143,12824.745574
144,12935.590429
145,12630.061616
146,12638.475953
147,12675.709394
148,12822.573338
149,12638.140122
150,12721.283392
151,12563.975124
152,12566.831636
153,12850.716806
154,12676.096132
155,12808.990736
156,12758.243234
157,12771.261348
158,12822.136406
159,12778.748830
160,12748.520315
161,12691.340214
162,12790.005334
163,12483.401192
164,12966.823669
165,12847.794963
166,12772.067686
167,12724.306309
168,12667.595072
169,12933.891069
170,12955.117109
171,12584.611080
172,12830.368401
173,12717.050012
174,12985.040460
175,12827.677534
176,12707.344510
177,12735.987164
178,12990.918296
179,12838.331021
180,12815.456120
181,12759.670478
182,12721.927277
183,12915.939603
184,12697.522636
185,12875.181511
186,12940.416885
187,12696.803356
188,12794.874641
189,12741.112315
190,12768.909103
191,12905.494291
192,12992.907235
193,12998.421354
194,12976.528659
195,12925.473450
196,12880.860471
197,12834.496455
198,12608.716220
199,12555.112011
200,12822.902435
201,12886.494200
202,12964.742277
203,12920.233472
204,12939.893563
205,12857.642406
206,12863.830281
207,12942.229762
208,12764.095987
209,13016.334364
210,12785.751076
211,12985.218363
212,12805.848237
213,12892.532350
214,12931.404106
215,12950.226165
216,13025.461082
217,12724.962273
218,12749.242226
219,12872.751362
220,13066.048098
221,13022.312133
222,12853.103218
223,12992.994216
224,13244.516685
225,13061.370725
226,13043.697112
227,13378.779829
228,13011.562993
229,12910.950671
230,12999.474564
231,12790.465671
232,13043.941661
233,12888.925330
234,13004.204321
235,12999.954720
236,12846.267346
237,12913.774882
238,12829.103672
239,13054.951906
240,12995.047919
241,13141.443299
242,13069.068894
243,12897.966184
244,12853.389536
245,13084.053722
246,13003.196281
247,13036.997370
248,13169.777013
249,12963.073470
250,13158.527063
251,12864.005846
252,13163.871479
253,12760.172217
254,13020.172573
255,13010.729386
256,13208.355238
257,13101.213711
258,13331.021495
259,13169.895037
260,13274.585428
261,13183.920725
262,13046.163129
263,12865.385091
264,13115.061726
265,13248.757811
266,13099.778590
267,12918.679121
268,13082.629987
269,13044.788807
270,12915.425123
271,13091.569812
272,13015.662176
273,13185.917994
274,13072.735999
275,13256.469880
276,13364.404988
277,13187.397269
278,13004.312043
279,13199.421896
280,13203.165187
281,12955.318114
282,13079.600829
283,13029.754512
284,13237.490221
285,12988.065718
286,13192.438651
287,13096.300556
288,13197.641409
289,13246.239446
290,13143.591907
291,13229.211106
292,13245.395612
293,13145.213825
294,13287.532932
295,13064.805202
296,13125.546263
297,13180.700242
298,13225.167125
299,13158.005154
300,13055.218641
301,13245.068241
302,13191.980982
303,13127.578639
304,13298.329053
305,13209.639695
306,13310.188411
307,13146.747012
308,13262.094203
309,13063.377367
310,13256.243329
311,13139.704076
312,13153.180899
313,13350.632129
314,13331.594794
315,13308.316678
316,13374.391065
317,13424.430081
318,13292.623684
319,12967.002051
320,13167.052281
321,13242.730781
322,13244.617792
323,13070.087055
324,13180.461886
325,13231.713265
326,13329.136833
327,13426.603569
328,13326.305874
329,13230.726448
330,13078.994042
331,13318.842135
332,13247.574789
333,13289.211816
334,13422.409114
335,13139.695443
336,12985.888355
337,12891.016924
338,13320.636926
339,13203.800901
340,13310.354041
341,13041.616301
342,12985.293612
343,13015.800572
344,13167.712909
345,13360.148931
346,13412.176428
347,13328.338222
348,13444.559455
349,13354.189456
350,13261.260659
351,13412.440692
352,13450.671023
353,13229.476761
354,13460.393816
355,13331.794309
356,13439.533035
357,13246.617383
358,13245.410277
359,13610.304547
360,13456.915401
361,13243.616279
362,13307.142316
363,13460.714836
364,13533.076585
365,13449.501592
366,13274.562869
367,13237.807949
368,13151.965968
369,13090.800464
370,13344.321135
371,13221.558351
372,13249.702058
373,13320.255244
374,13338.305203
375,13302.493637
376,13384.747492
377,13527.523668
378,13342.305812
379,13379.259181
380,13112.536659
381,13245.832657
382,13449.955967
383,13528.754415
384,13437.032305
385,13243.674316
386,13308.653155
387,13435.788674
388,13558.326885
389,13617.418459
390,13229.612494
391,13390.031386
392,13241.689761
393,13510.583059
394,13336.833337
395,13503.496806
396,13191.046918
397,13338.066447
398,13386.184954
399,13261.737889
400,13172.245190
401,13334.319854
402,13436.748814
403,13493.550919
404,13190.512765
405,13176.878385
406,13077.440163
407,13425.184525
408,13457.305153
409,13490.857146
410,13474.919211
411,13354.370539
412,13563.072367
413,13495.498733
414,13448.147689
415,13542.469747
416,13251.187555
417,13731.479180
418,13565.170585
419,13513.388708
420,13429.651543
421,13194.761879
422,13437.500492
423,13423.737713
424,13258.426340
425,13473.989749
426,13590.536421
427,13399.991713
428,13245.077746
429,13242.888194
430,13609.584735
431,13697.054115
432,13405.427097
433,13494.279760
434,13380.279279
435,13359.714678
436,13540.209691
437,13627.124814
438,13535.781156
439,13268.885167
440,13332.170014
441,13554.144282
442,13549.881561
443,13532.057773
444,13574.496636
445,13404.861801
446,13670.009628
447,13383.163410
448,13484.103133
449,13490.800331
450,13373.975142
451,13703.427743
452,13384.535572
453,13358.228617
454,13747.798051
455,13454.329528
456,13547.484714
457,13346.147066
458,13373.339945
459,13407.645407
460,13285.317570
461,13313.876516
462,13423.978208
463,13431.177597
464,13584.717336
465,13371.161745
466,13420.740842
467,13263.120175
468,13335.814237
469,13398.155238
470,13451.123568
471,13432.397968
472,13654.375828
473,13385.600570
474,13349.933020
475,13421.191688
476,13289.254812
477,13399.773027
478,13373.756870
479,13472.149796
480,13408.616750
481,13385.596982
482,13636.112638
483,13365.483478
484,13516.188117
485,13379.416458
486,13314.789016
487,13468.593036
488,13400.975898
489,13298.385138
490,13436.773237
491,13535.857706
492,13597.488086
493,13507.248248
494,13278.319228
495,13406.289930
496,13314.966097
497,13404.256591
498,13254.794966
499,13301.828022
