0,3061.631276
1,6139.581709
2,6462.908484
3,6785.091294
4,7041.426989
5,7138.560767
6,7227.227835
7,7400.776774
8,7543.250784
9,7647.396757
10,7816.618710
11,7842.076032
12,7946.921046
13,8122.792183
14,8070.517489
15,8081.735318
16,8179.651125
17,8334.557802
18,8372.027462
19,8328.985736
20,8405.728426
21,8561.662905
22,8588.017348
23,8641.837490
24,8772.803855
25,8798.126390
26,8795.877003
27,8753.379164
28,8729.236220
29,8856.203440
30,8954.189024
31,9042.695387
32,9243.505978
33,9244.798159
34,9308.495164
35,9224.013225
36,9325.800696
37,9522.439922
38,9437.065569
39,9575.922897
40,9723.791978
41,9742.287105
42,9903.202020
43,10016.873668
44,9910.383400
45,9919.024032
46,10124.647753
47,10209.551578
48,10234.684221
49,10388.090112
50,10382.140928
51,10367.198585
52,10395.828867
53,10470.685771
54,10339.242715
55,10590.593523
56,10676.425886
57,10776.938838
58,10605.584420
59,10858.330338
60,10979.531847
61,10765.119247
62,10981.750993
63,10863.250170
64,11095.194433
65,11061.940336
66,11112.465194
67,11041.150246
68,11238.895092
69,11351.423439
70,11146.161239
71,11453.794975
72,11283.741065
73,11400.477676
74,11416.291807
75,11513.286219
76,11513.886937
77,11636.703406
78,11913.019435
79,11680.822976
80,11791.980308
81,11747.650060
82,11936.020390
83,11818.494863
84,11714.333526
85,11970.837348
86,12101.244538
87,11813.096758
88,12071.998731
89,12003.862532
90,12145.628861
91,12362.182190
92,12223.655010
93,12223.894912
94,12242.668905
95,12227.890200
96,12484.350248
97,12525.476311
98,12548.662212
99,12429.326126
100,12535.855274
101,12622.734323
102,12561.379845
103,12437.445637
104,12674.642918
105,12623.249002
106,12767.221099
107,12906.127732
108,12728.566746
109,12706.017360
110,12654.471820
111,12844.285156
112,12959.820089
113,12850.891375
114,12632.088689
115,12814.389729
116,13127.971259
117,12888.173663
118,13052.934503
119,13414.179325
120,13058.652230
121,13222.776697
122,13600.104290
123,13489.246168
124,13503.865542
125,13385.410245
126,13399.193126
127,13765.857063
128,13724.467828
129,13433.620858
130,13513.673678
131,13765.974450
132,13963.215010
133,13960.417664
134,14038.692764
135,13901.353916
136,13887.214376
137,13992.881955
138,14020.429901
139,14234.977224
140,14429.789955
141,14407.986982
142,14043.683045
143,14364.404580
144,14500.954343
145,14658.357237
146,14800.914629
147,14767.710321
148,14966.820830
149,14883.657375
150,14893.537664
151,14979.006553
152,15413.155993
153,15196.511587
154,15518.422954
155,15409.943526
156,15521.000195
157,15424.637839
158,15459.493626
159,15463.460333
160,15752.920176
161,15989.349286
162,16026.388017
163,16049.060213
164,16045.117963
165,16059.438155
166,16095.278999
167,15507.380587
168,16250.493238
169,16164.832656
170,16536.380242
171,16143.049532
172,16034.873329
173,16339.538242
174,16139.278332
175,16486.814570
176,16197.888115
177,16439.182427
178,16527.500497
179,16287.935085
180,16300.235151
181,16583.195795
182,16290.908526
183,16894.563947
184,16708.577690
185,16389.936054
186,16551.390462
187,16899.235640
188,16669.343370
189,16894.021835
190,16887.209920
191,16971.591898
192,16837.466645
193,16797.547711
194,16842.083724
195,16761.108599
196,17011.773381
197,16955.728240
198,16867.160063
199,17049.610921
200,16900.323805
201,17078.402020
202,17099.340569
203,17177.642531
204,17125.082219
205,17175.997567
206,17240.541388
207,16907.606923
208,17073.784284
209,17294.709103
210,17171.629709
211,17349.525297
212,17312.017835
213,17322.343985
214,17316.371895
215,17305.168602
216,17358.234573
217,17467.886523
218,17335.354167
219,17401.427805
220,17379.665805
221,17307.836497
222,17274.868154
223,17281.739333
224,17476.628320
225,17250.521187
226,17262.582786
227,17313.730807
228,17494.837896
229,17416.518471
230,17498.738084
231,17439.520700
232,17523.709277
233,17568.701098
234,17489.615961
235,17549.341037
236,17558.890260
237,17533.005662
238,17486.761406
239,17568.119145
240,17545.492849
241,17506.848487
242,17545.632806
243,17567.832305
244,17441.421945
245,17524.756459
246,17550.541847
247,17495.356795
248,17469.692269
249,17517.886082
250,17424.514290
251,17522.395973
252,17545.000905
253,17543.532789
254,17491.022734
255,17436.497357
256,17386.212171
257,17529.728813
258,17529.455160
259,17259.800058
260,17456.194425
261,17540.976561
262,17497.610148
263,17592.798223
264,17640.084614
265,17533.055042
266,17528.047669
267,17495.735526
268,17538.339989
269,17529.460972
270,17491.615414
271,17596.851569
272,17580.649188
273,17492.945409
274,17484.223454
275,17545.095610
276,17436.253122
277,17548.854975
278,17560.341006
279,17482.647188
280,17431.559051
281,17530.520274
282,17602.654931
283,17597.882353
284,17549.192758
285,17436.474954
286,17485.896585
287,17537.833533
288,17532.836598
289,17474.116190
290,17497.202089
291,17558.815465
292,17287.086466
293,17496.516022
294,17521.699791
295,17579.319195
296,17586.796207
297,17570.452095
298,17308.003824
299,17541.195229
300,17556.325695
301,17522.325976
302,17608.454017
303,17621.058127
304,17565.744132
305,17584.299245
306,17498.071306
307,17335.563756
308,17550.057294
309,17627.004393
310,17560.187648
311,17517.299664
312,17560.710644
313,17616.547253
314,17609.980819
315,17540.667122
316,17603.819044
317,17583.929945
318,17634.703227
319,17655.486746
320,17615.336372
321,17625.656915
322,17659.652953
323,17612.009095
324,17674.181771
325,17651.132770
326,17578.417957
327,17715.232173
328,17616.312287
329,17541.908507
330,17641.815606
331,17579.148819
332,17568.749928
333,17559.854996
334,17642.417825
335,17663.172037
336,17637.919702
337,17527.588705
338,17616.222852
339,17727.969997
340,17566.098405
341,17668.720246
342,17572.554751
343,17619.594627
344,17627.906568
345,17692.132102
346,17723.821759
347,17611.639187
348,17668.565271
349,17649.386336
350,17616.019282
351,17659.579223
352,17588.514003
353,17628.800351
354,17657.431382
355,17627.143086
356,17674.477674
357,17588.660845
358,17582.834110
359,17778.183248
360,17707.396001
361,17509.182700
362,17678.811457
363,17738.044189
364,17697.352377
365,17665.881881
366,17816.462197
367,17757.875515
368,17788.783704
369,17797.097385
370,17768.749755
371,17822.788404
372,17748.919074
373,17673.182588
374,17817.304626
375,17753.252214
376,17664.979979
377,17783.590213
378,17689.571532
379,17832.980773
380,17803.143724
381,17739.607481
382,17841.073777
383,17831.098714
384,17829.297200
385,17851.590229
386,17695.698387
387,17860.838141
388,17809.285397
389,17836.767630
390,17797.175202
391,17797.194983
392,17831.288140
393,17645.438166
394,17564.719429
395,17655.367332
396,17798.910378
397,17821.836204
398,17802.766923
399,17720.700350
400,17785.671685
401,17696.543803
402,17766.633584
403,17731.016546
404,17765.230844
405,17714.822925
406,17633.586372
407,17825.740703
408,17507.389306
409,17640.805247
410,17748.708839
411,17727.784260
412,17846.165630
413,17806.839704
414,17697.333472
415,17707.488316
416,17701.549936
417,17716.475008
418,17662.550561
419,17759.732822
420,17820.135162
421,17794.704171
422,17830.461934
423,17670.141454
424,17685.498815
425,17836.162846
426,17764.250013
427,17837.100954
428,17752.263622
429,17767.932504
430,17612.885791
431,17810.077365
432,17845.337937
433,17658.600932
434,17786.929496
435,17807.145774
436,17853.938909
437,17763.297892
438,17764.957007
439,17703.601122
440,17680.354638
441,17797.473099
442,17496.724005
443,17850.953410
444,17788.716477
445,17682.159090
446,17766.810714
447,17704.372125
448,17731.165107
449,17711.152264
450,17810.228784
451,17742.989795
452,17814.729248
453,17445.676166
454,17798.386110
455,17671.358503
456,17786.366856
457,17751.232846
458,17723.542271
459,17781.016426
460,17769.875149
461,17793.525769
462,17750.609868
463,17735.902905
464,17715.317471
465,17762.464551
466,17779.953903
467,17797.818163
468,17789.776794
469,17762.715693
470,17821.553253
471,17769.119553
472,17526.547589
473,17600.194315
474,17689.171552
475,17794.328091
476,17807.495352
477,17793.514101
478,17866.986042
479,17769.087423
480,17730.621538
481,17660.443118
482,17676.075065
483,17686.456240
484,17750.000918
485,17713.751548
486,17709.770789
487,17750.280467
488,17732.637112
489,17337.895655
490,17617.872882
491,17746.328391
492,17749.412377
493,17766.744863
494,17743.727407
495,17694.918550
496,17811.989184
497,17826.227279
498,17813.321939
499,17805.093624
