0,3037.622569
1,3300.627550
2,3598.557118
3,3807.204303
4,3996.197933
5,4199.177352
6,4375.777165
7,4601.141770
8,4770.976519
9,4879.353983
10,5031.759657
11,5172.846741
12,5268.355173
13,5366.242897
14,5440.715127
15,5548.765777
16,5651.364098
17,5795.926394
18,5905.585910
19,6012.963920
20,6072.331638
21,6176.794075
22,6310.053710
23,6385.620331
24,6473.535531
25,6512.910423
26,6578.228755
27,6598.354509
28,6652.138577
29,6691.579158
30,6690.725131
31,6691.870121
32,6698.798904
33,6748.379940
34,6700.439365
35,6764.533438
36,6760.057580
37,6724.048103
38,6767.230817
39,6755.811442
40,6789.474058
41,6814.429827
42,6806.938510
43,6808.631865
44,6813.492965
45,6824.055745
46,6773.095789
47,6783.135401
48,6796.096779
49,6794.066747
50,6797.452822
51,6849.100913
52,6831.448628
53,6834.600292
54,6835.397274
55,6836.540049
56,6796.394056
57,6822.425202
58,6808.696746
59,6768.642026
60,6781.575557
61,6762.697401
62,6804.325594
63,6753.361769
64,6754.885319
65,6794.740426
66,6815.675313
67,6820.349152
68,6852.199278
69,6810.550362
70,6779.796336
71,6803.592019
72,6795.508935
73,6782.985372
74,6782.760729
75,6768.413545
76,6765.982844
77,6718.367842
78,6744.200363
79,6761.595107
80,6762.338845
81,6829.917385
82,6833.269686
83,6793.584952
84,6804.123662
85,6828.298053
86,6814.109024
87,6778.900342
88,6796.504885
89,6802.305177
90,6789.293298
91,6775.409865
92,6731.233515
93,6773.251872
94,6792.592813
95,6817.971262
96,6816.911485
97,6763.683930
98,6787.586727
99,6779.771381
100,6756.077644
101,6808.518272
102,6798.877570
103,6829.871108
104,6773.654380
105,6776.978800
106,6809.346433
107,6814.472774
108,6799.500503
109,6810.424611
110,6816.290134
111,6770.538155
112,6699.786154
113,6730.490834
114,6775.433223
115,6755.469719
116,6843.537348
117,6826.379030
118,6768.566915
119,6793.905563
120,6761.360775
121,6710.009059
122,6756.263564
123,6816.157126
124,6793.802204
125,6843.975573
126,6770.823544
127,6783.686680
128,6732.811779
129,6744.873442
130,6749.982684
131,6766.314550
132,6799.322049
133,6774.792700
134,6715.878600
135,6771.075863
136,6779.296105
137,6794.263446
138,6751.974398
139,6804.566566
140,6801.680787
141,6757.651118
142,6798.105302
143,6789.781872
144,6758.221569
145,6809.084960
146,6793.607122
147,6824.198717
148,6805.846716
149,6783.377001
150,6771.764802
151,6794.880074
152,6767.434454
153,6743.350367
154,6792.924934
155,6793.390982
156,6792.913003
157,6797.021712
158,6849.479622
159,6810.288500
160,6798.715635
161,6826.066663
162,6836.271952
163,6804.823829
164,6789.467662
165,6773.073164
166,6776.124414
167,6718.364914
168,6798.810968
169,6749.674380
170,6776.672338
171,6800.090205
172,6818.158913
173,6787.301378
174,6800.926113
175,6814.578967
176,6835.727632
177,6778.143540
178,6820.221902
179,6844.719453
180,6783.274516
181,6772.987148
182,6740.168720
183,6766.696061
184,6779.060493
185,6760.158337
186,6748.038853
187,6742.857019
188,6832.392103
189,6841.780453
190,6815.114590
191,6839.010974
192,6872.932897
193,6826.502602
194,6792.051536
195,6793.584017
196,6813.643549
197,6807.357678
198,6807.346760
199,6818.866222
200,6759.886218
201,6808.391996
202,6785.272539
203,6765.080995
204,6764.893200
205,6737.290844
206,6765.851364
207,6817.639394
208,6811.561205
209,6783.435725
210,6816.694303
211,6765.039084
212,6683.935298
213,6681.084229
214,6739.558645
215,6711.288483
216,6787.222339
217,6792.843844
218,6817.702304
219,6807.651273
220,6797.535773
221,6772.214336
222,6720.349680
223,6729.831098
224,6707.574694
225,6709.654720
226,6815.318429
227,6792.928452
228,6695.976724
229,6733.729380
230,6737.463651
231,6768.756725
232,6781.319503
233,6768.561661
234,6825.490175
235,6827.837452
236,6780.460227
237,6808.045231
238,6775.531983
239,6792.635859
240,6763.198068
241,6773.765754
242,6819.496754
243,6793.550225
244,6828.152239
245,6825.141548
246,6804.816228
247,6779.155295
248,6814.696975
249,6841.952342
250,6770.334158
251,6797.877916
252,6802.595273
253,6785.413949
254,6792.992189
255,6807.728655
256,6813.556768
257,6792.722336
258,6778.745444
259,6808.353919
260,6789.599474
261,6820.368629
262,6765.749629
263,6812.989388
264,6757.472879
265,6836.594743
266,6812.014156
267,6799.021486
268,6805.054327
269,6771.289157
270,6818.718763
271,6804.513862
272,6802.395818
273,6795.368591
274,6778.280649
275,6722.645052
276,6772.018034
277,6800.620672
278,6802.460763
279,6787.041287
280,6800.050746
281,6872.444643
282,6858.997144
283,6775.540133
284,6822.675092
285,6772.830444
286,6790.756504
287,6800.733142
288,6857.709327
289,6822.391897
290,6793.953917
291,6801.438538
292,6825.399654
293,6861.188518
294,6854.992070
295,6861.356065
296,6818.644642
297,6826.369621
298,6832.232503
299,6801.084031
300,6819.301381
301,6845.689256
302,6842.993731
303,6840.632789
304,6826.220067
305,6787.288089
306,6788.995375
307,6826.700681
308,6828.919590
309,6839.323297
310,6815.633913
311,6834.452464
312,6844.753591
313,6850.342995
314,6813.603975
315,6738.318957
316,6782.178178
317,6824.115469
318,6831.204491
319,6800.861110
320,6855.763115
321,6824.002420
322,6807.649277
323,6795.989920
324,6775.868997
325,6811.882729
326,6812.533539
327,6822.584381
328,6805.931788
329,6811.673750
330,6815.574753
331,6852.796070
332,6833.796242
333,6766.113152
334,6761.167320
335,6793.854139
336,6786.807235
337,6823.749952
338,6869.083654
339,6818.107053
340,6792.179736
341,6763.566643
342,6782.621090
343,6690.503233
344,6762.184097
345,6824.822354
346,6815.383744
347,6795.846081
348,6804.643321
349,6837.021896
350,6851.560161
351,6852.903465
352,6850.929539
353,6860.480272
354,6845.114253
355,6833.991985
356,6885.974618
357,6833.485942
358,6863.217649
359,6842.178211
360,6783.586680
361,6852.768367
362,6832.405138
363,6832.929230
364,6876.222036
365,6829.580190
366,6782.559483
367,6778.274955
368,6846.061463
369,6827.360121
370,6837.033897
371,6850.356837
372,6798.451125
373,6750.988373
374,6797.718239
375,6813.311795
376,6798.618941
377,6783.136801
378,6861.189047
379,6807.959363
380,6824.857532
381,6815.940873
382,6764.539639
383,6791.492922
384,6836.163420
385,6827.751098
386,6804.196362
387,6797.950538
388,6821.295949
389,6844.269521
390,6818.513117
391,6785.911999
392,6828.768496
393,6876.157822
394,6845.052834
395,6843.249818
396,6821.683514
397,6813.476741
398,6783.741893
399,6757.078634
400,6798.800589
401,6805.836059
402,6819.870229
403,6834.255118
404,6790.188793
405,6816.700268
406,6814.885574
407,6839.871292
408,6836.152317
409,6825.200115
410,6800.959696
411,6819.619721
412,6826.271072
413,6781.461877
414,6776.334141
415,6813.972678
416,6828.684671
417,6833.448706
418,6847.859436
419,6871.783848
420,6849.154576
421,6805.950193
422,6823.427499
423,6865.483090
424,6806.316815
425,6826.670561
426,6846.753107
427,6843.737213
428,6800.079307
429,6778.771075
430,6797.973658
431,6821.648153
432,6777.073572
433,6739.598264
434,6830.353018
435,6799.062048
436,6816.020753
437,6787.305817
438,6861.523610
439,6820.329329
440,6845.614003
441,6816.198848
442,6786.669197
443,6804.969485
444,6785.101580
445,6756.342056
446,6776.093162
447,6803.245205
448,6785.898189
449,6781.216884
450,6798.692820
451,6839.468736
452,6810.157536
453,6809.731431
454,6838.493264
455,6862.252087
456,6813.613766
457,6752.745457
458,6826.486947
459,6862.215285
460,6866.908957
461,6857.413069
462,6889.952636
463,6842.090627
464,6817.547297
465,6823.505251
466,6825.929936
467,6825.743961
468,6781.155781
469,6797.897169
470,6842.387033
471,6817.351375
472,6840.155332
473,6836.579078
474,6814.232103
475,6811.403840
476,6813.875001
477,6855.596364
478,6870.351297
479,6856.774240
480,6820.109092
481,6839.595498
482,6804.599641
483,6834.792049
484,6780.243339
485,6794.955725
486,6834.715224
487,6847.077780
488,6807.811279
489,6790.822862
490,6802.055620
491,6822.607136
492,6814.435527
493,6814.711621
494,6836.910984
495,6781.910524
496,6810.436769
497,6839.519628
498,6837.024018
499,6832.889564
