0,3105.297491
1,6158.401324
2,6581.030855
3,6891.186183
4,7202.779711
5,7610.181803
6,7866.948669
7,8238.244488
8,8443.154237
9,8715.129852
10,8898.475546
11,9160.709082
12,9313.245971
13,9717.758892
14,9777.171987
15,10173.284906
16,10286.586008
17,10472.515004
18,10615.984570
19,10771.726203
20,11115.331665
21,11224.772972
22,11278.104418
23,11433.218124
24,11660.113579
25,11859.884346
26,12163.877543
27,12288.406187
28,12371.623840
29,12474.397210
30,12704.129536
31,12629.597744
32,12802.337338
33,12716.280365
34,12791.768110
35,12862.026281
36,12961.606519
37,12922.739097
38,13155.524932
39,13110.425131
40,13046.233233
41,13088.874607
42,13289.568518
43,13427.623545
44,13400.008323
45,13692.113777
46,13645.122837
47,13694.697914
48,13861.676324
49,13828.956206
50,13824.709279
51,13925.402327
52,13766.470352
53,13955.424795
54,14011.673434
55,13988.438927
56,14068.212788
57,14024.820130
58,14117.125454
59,14109.759136
60,14146.967208
61,14172.255900
62,14109.407258
63,14226.494503
64,14223.792883
65,14416.891724
66,14496.659217
67,14519.100612
68,14653.155709
69,14685.414309
70,14639.474596
71,14683.308688
72,14646.828101
73,14614.063867
74,14672.655345
75,14403.353885
76,14584.958077
77,14646.858837
78,14893.057930
79,14800.373243
80,15001.019488
81,15111.995681
82,14990.391415
83,15042.614022
84,15195.244133
85,15068.698050
86,15161.115371
87,15117.438665
88,15095.264306
89,14942.393452
90,14862.667168
91,14881.825684
92,15062.498811
93,15073.687184
94,15327.245142
95,15299.796923
96,15127.831222
97,15203.229491
98,15167.556448
99,15280.032875
100,15135.423772
101,15178.480404
102,15172.303060
103,15273.928823
104,15310.226104
105,15057.509509
106,15214.224752
107,15040.644232
108,15264.042814
109,15321.742291
110,15349.962690
111,15325.643227
112,15290.217360
113,15455.850042
114,15324.549066
115,15413.095119
116,15445.126965
117,15390.149629
118,15411.754312
119,15425.038998
120,15323.490040
121,15270.042294
122,15228.221439
123,15359.670349
124,15357.633869
125,15537.623413
126,15525.306454
127,15611.681929
128,15414.469681
129,15545.333754
130,15500.327718
131,15545.238483
132,15589.284143
133,15464.991390
134,15467.031229
135,15508.548456
136,15600.507754
137,15624.460729
138,15568.648723
139,15578.593922
140,15721.580098
141,15643.652831
142,15581.598945
143,15577.014007
144,15618.067473
145,15558.825574
146,15669.871223
147,15771.313252
148,15610.394217
149,15653.323822
150,15494.813201
151,15571.132134
152,15712.342229
153,15504.124564
154,15624.685152
155,15612.750210
156,15523.332688
157,15694.571298
158,15553.639478
159,15645.172337
160,15688.635295
161,15672.712406
162,15592.522738
163,15671.106802
164,15681.444680
165,15739.932966
166,15750.168557
167,15723.465643
168,15736.101464
169,15793.497108
170,15914.090533
171,15704.666048
172,15759.281913
173,15706.283657
174,15682.875395
175,15612.366137
176,15774.729750
177,15622.917440
178,15804.088760
179,15864.455216
180,15855.783360
181,15754.854312
182,15801.023621
183,15732.708845
184,15860.498619
185,15862.406668
186,15889.886603
187,16039.769933
188,16072.500796
189,15912.418668
190,15807.383778
191,15818.191564
192,15951.468272
193,15962.020431
194,15971.748385
195,15887.253229
196,15931.508614
197,16024.173318
198,15933.566918
199,16005.448729
200,15863.048005
201,16058.260047
202,16049.610487
203,15784.206469
204,15614.182524
205,15661.664576
206,15811.480479
207,15894.249152
208,15934.139909
209,15873.214134
210,15947.765648
211,15884.249844
212,15820.769502
213,15810.846033
214,15920.187701
215,15756.803492
216,15766.938022
217,15824.505335
218,15987.622817
219,15780.414999
220,15774.600675
221,15819.381636
222,15915.453730
223,15738.992040
224,15763.212057
225,15866.805875
226,15972.254553
227,15831.559967
228,15957.023309
229,15785.445607
230,15984.356862
231,15905.803244
232,15815.900554
233,15867.397281
234,15800.235880
235,15863.761550
236,15965.931591
237,15893.691939
238,16135.683529
239,16119.227722
240,16036.684341
241,15979.049684
242,16013.152723
243,15879.891294
244,15778.449126
245,15826.800317
246,15913.446693
247,15969.036360
248,15831.736121
249,15655.247180
250,15910.209609
251,15933.144518
252,16045.962823
253,15887.822273
254,15899.265190
255,15971.744479
256,15979.492162
257,16016.026573
258,15946.001932
259,15832.576458
260,15990.349285
261,16043.379332
262,15954.969204
263,15950.660390
264,16062.749319
265,16012.238182
266,15949.742361
267,16076.037793
268,15968.353340
269,15775.848177
270,15787.799164
271,16052.765258
272,16011.530081
273,15999.371956
274,15986.669813
275,16079.059038
276,15989.504524
277,16079.715998
278,16048.196657
279,16011.275588
280,15890.112830
281,15904.557313
282,15874.410609
283,15977.096820
284,15940.894450
285,15791.618141
286,15808.296780
287,15893.833853
288,15906.081997
289,15942.276244
290,15878.633623
291,15991.730055
292,15922.475784
293,15892.900615
294,15923.267823
295,15831.346492
296,15735.668558
297,15767.080536
298,16019.227995
299,16053.896446
300,16051.172184
301,16104.239658
302,16172.372834
303,16078.676188
304,15824.796721
305,15743.585262
306,15877.128213
307,15921.061123
308,15969.832075
309,16002.436995
310,16107.865378
311,15785.450738
312,16015.971326
313,16031.421424
314,16021.975681
315,15831.962752
316,15939.862063
317,15923.536093
318,16072.814033
319,16174.116490
320,15975.886055
321,15997.449113
322,16000.796854
323,15911.845510
324,15990.249289
325,15899.427881
326,15965.000687
327,15940.668864
328,15917.183294
329,16057.085074
330,16029.074912
331,15973.406902
332,16088.104136
333,15780.636937
334,15922.889118
335,16006.384947
336,15899.030491
337,16053.250237
338,15879.477730
339,15965.200529
340,15938.467296
341,15908.302644
342,15883.743568
343,15743.017879
344,15709.625363
345,15907.985402
346,15964.626536
347,16023.940288
348,16010.191610
349,15924.660614
350,16089.961009
351,15963.641907
352,15928.225970
353,15833.811487
354,15887.936971
355,15844.709259
356,15852.362765
357,15829.215696
358,15922.035727
359,15945.755013
360,16086.995932
361,16045.711689
362,15961.833839
363,15860.787096
364,15908.529629
365,16111.316736
366,15984.841485
367,15998.470158
368,15879.895334
369,15940.447268
370,15939.845128
371,15846.404433
372,16009.520531
373,16002.450473
374,15996.668012
375,16058.256242
376,16022.914577
377,16059.807051
378,16027.333230
379,15944.301832
380,15990.724780
381,16070.575891
382,16118.916087
383,16167.426615
384,16135.423464
385,16073.246568
386,16223.468218
387,16042.468859
388,16091.545844
389,16201.743765
390,16113.470871
391,16343.082361
392,16311.479967
393,16173.744290
394,16180.163807
395,15922.604908
396,16006.978122
397,16138.622529
398,16142.808263
399,16152.172303
400,16150.588565
401,16148.910818
402,16173.597341
403,16160.911396
404,16136.919289
405,15986.777867
406,16098.082191
407,15998.644546
408,16214.144633
409,16138.099305
410,16221.301899
411,16294.818873
412,16312.963765
413,16196.921725
414,16216.431924
415,16231.284481
416,16290.271105
417,16449.526400
418,16412.254593
419,16417.637091
420,16259.818894
421,16208.165171
422,16271.118310
423,16257.391180
424,16483.593887
425,16623.552667
426,16651.096442
427,16835.848526
428,16771.768996
429,16788.253945
430,16701.077598
431,16665.344348
432,16831.173628
433,16722.557425
434,16804.324337
435,16635.294102
436,16892.506031
437,16974.063989
438,16886.131652
439,16846.492274
440,16709.386864
441,16806.561072
442,16797.827617
443,16769.466551
444,16989.115953
445,17034.823658
446,16903.460357
447,16857.580191
448,16878.432854
449,16933.934690
450,17018.394130
451,17000.035855
452,16811.699929
453,16953.078491
454,16876.908349
455,16980.326658
456,17000.708009
457,17130.573766
458,17000.292625
459,16980.641175
460,16994.910526
461,17009.256337
462,17013.079747
463,16904.881412
464,16824.720107
465,16873.409104
466,16981.226799
467,17216.651441
468,17183.860147
469,16972.997277
470,16896.649251
471,16952.117278
472,17144.867054
473,17058.404772
474,17396.189696
475,17181.951565
476,17114.822845
477,17216.168461
478,17407.840873
479,17170.739933
480,17031.733724
481,16838.735016
482,17114.323052
483,17062.604207
484,17259.783649
485,17112.855357
486,17148.679865
487,17141.612658
488,17199.504127
489,17132.029661
490,17167.634900
491,17163.583081
492,16968.156377
493,16969.764662
494,17046.731741
495,17022.367589
496,16798.647382
497,16968.420394
498,17015.908659
499,17056.332362
