0,3156.007198
1,6220.549146
2,6606.495908
3,6962.549185
4,7162.375883
5,7223.376977
6,7390.826246
7,7572.721596
8,7675.807520
9,7773.833229
10,7932.421858
11,8035.064350
12,8036.349765
13,8264.538431
14,8382.594520
15,8548.374745
16,8686.883597
17,8921.559118
18,8881.545306
19,8970.806383
20,9140.235691
21,9199.448197
22,9186.544507
23,9432.484278
24,9475.783662
25,9754.841984
26,9758.425319
27,9936.966204
28,10066.640347
29,9998.652655
30,10276.497017
31,10276.613016
32,10140.073311
33,10641.143601
34,10913.258588
35,10769.041666
36,10592.119641
37,10856.003926
38,10701.008847
39,10995.254401
40,11221.549738
41,11256.590126
42,11263.571888
43,11416.448174
44,11402.927931
45,11485.437385
46,11355.611869
47,11342.512197
48,11307.563478
49,11516.314870
50,11539.165031
51,11866.519951
52,11683.253991
53,11650.493918
54,11638.206671
55,11318.357568
56,11567.015443
57,11795.649629
58,11657.112165
59,11972.270694
60,12010.186871
61,11984.676945
62,12135.224128
63,12022.057022
64,11920.615616
65,12024.614426
66,11826.458694
67,12083.410892
68,12255.556803
69,11967.639813
70,12166.969988
71,12322.168587
72,12190.999552
73,12245.838447
74,12296.862324
75,12229.527210
76,12349.532718
77,12749.732368
78,12796.666344
79,12717.766820
80,12388.326879
81,12569.884509
82,12367.508650
83,12527.397957
84,12627.567721
85,12633.388316
86,12418.965475
87,12570.948325
88,12721.194682
89,12489.682140
90,12448.329071
91,12393.145594
92,12388.638623
93,12674.355354
94,12583.806363
95,12705.501250
96,12293.777659
97,12546.368530
98,12458.684139
99,12588.778336
100,12445.120292
101,12554.340370
102,12496.268206
103,12426.554081
104,12570.951392
105,12268.628658
106,12573.938447
107,12535.785092
108,12206.340955
109,12304.917575
110,12077.306638
111,12282.657464
112,12388.339419
113,12281.022328
114,12515.909834
115,12375.391679
116,12325.188171
117,12228.897681
118,12416.687489
119,12409.418448
120,12663.178455
121,12601.914971
122,12837.639601
123,12392.776867
124,12170.459002
125,12524.691316
126,12511.849528
127,12532.350300
128,12580.004229
129,12863.485305
130,12559.501511
131,12732.238619
132,12702.743355
133,12676.730022
134,12761.166448
135,12640.047911
136,12782.737163
137,12790.097822
138,12769.149650
139,12984.010203
140,12858.810071
141,12686.172081
142,12440.497340
143,12280.995987
144,12507.290728
145,12426.132198
146,12942.110901
147,12537.642047
148,12505.670078
149,12757.588480
150,12956.434012
151,12582.987714
152,12829.009322
153,12723.787912
154,12586.272847
155,13054.134974
156,12627.173077
157,12529.910893
158,12687.587160
159,12697.111776
160,12900.796545
161,12818.107695
162,12791.303471
163,13083.545193
164,12747.808450
165,12781.020046
166,12856.413715
167,12582.203057
168,12825.263508
169,13134.587742
170,13063.628241
171,12744.892391
172,12734.026262
173,12651.611915
174,13083.845154
175,12605.520671
176,12881.811019
177,12926.212531
178,12828.568175
179,12293.975049
180,12474.950312
181,12389.502281
182,12789.931183
183,12997.520100
184,12616.244271
185,12511.727144
186,12517.283387
187,12756.024946
188,12819.488014
189,12761.626030
190,12672.144773
191,12788.677587
192,12781.263471
193,12868.554231
194,12817.119401
195,12505.844927
196,12651.953310
197,12688.131140
198,13170.778340
199,12985.119959
200,13068.210071
201,12776.971421
202,13214.560915
203,12704.417694
204,12750.899894
205,13052.955623
206,12513.683751
207,12722.287912
208,12812.741209
209,13036.774000
210,13060.449529
211,12926.034488
212,13011.464178
213,12477.396998
214,12635.139069
215,12889.788620
216,12879.176054
217,12607.806166
218,12781.355642
219,12724.466341
220,12595.037116
221,12662.027710
222,12675.967645
223,12464.315829
224,12997.975981
225,12463.896494
226,13006.571682
227,12599.149045
228,12852.893652
229,12989.853176
230,13136.790244
231,12803.754732
232,12866.324205
233,12604.700618
234,12890.961810
235,12679.319008
236,12762.049217
237,12881.167937
238,12728.454692
239,12868.796096
240,12725.774346
241,12970.419478
242,12890.663840
243,12541.079803
244,12593.897127
245,12803.749539
246,13058.218160
247,13152.505005
248,12929.438246
249,12816.019206
250,12709.309666
251,12928.447168
252,12715.649355
253,12955.688019
254,12901.741195
255,12870.625703
256,12866.312880
257,12681.118465
258,12848.267750
259,12898.229049
260,12693.185109
261,12883.235423
262,12946.900408
263,12765.136972
264,12419.716978
265,12573.982714
266,12570.321343
267,12572.143820
268,12833.048741
269,13133.046464
270,13095.277966
271,12695.464349
272,12711.351068
273,12770.793369
274,12455.733131
275,12614.580271
276,12722.343964
277,12681.541863
278,12974.911440
279,13113.141097
280,12932.380669
281,12716.085515
282,12736.374993
283,12851.224352
284,12611.085250
285,12851.387212
286,12939.242056
287,12944.049116
288,12788.470970
289,13031.076231
290,12456.058517
291,12702.812941
292,13015.868106
293,13069.623937
294,12806.466905
295,12486.527301
296,12706.098910
297,12729.207392
298,12988.517827
299,12960.334018
300,12586.420769
301,12690.588427
302,12808.043657
303,12718.939755
304,12736.507646
305,12751.149591
306,12567.197142
307,12852.670594
308,12688.162941
309,12650.332855
310,12650.453565
311,12473.441694
312,12919.646164
313,12717.268108
314,12688.721556
315,12947.329518
316,12648.028544
317,12888.131758
318,12718.926735
319,12561.509776
320,12594.744674
321,12671.350072
322,12499.939084
323,12429.255323
324,12651.843817
325,12763.021940
326,13201.170226
327,12805.087749
328,12852.996355
329,12821.378146
330,12849.895215
331,12472.688378
332,12828.395519
333,12805.982217
334,12560.231036
335,12743.227986
336,13191.332374
337,13001.013110
338,12887.487000
339,12842.340132
340,12828.023504
341,12820.523810
342,12653.807916
343,12990.884605
344,13067.959781
345,13006.849592
346,12903.230116
347,13235.169508
348,12762.035307
349,12712.143105
350,12772.300787
351,13154.100158
352,12967.024339
353,12839.879914
354,13095.357192
355,12938.075646
356,12752.384480
357,13027.506510
358,12492.065198
359,12766.548004
360,12583.950718
361,12698.029492
362,12731.723568
363,12766.007555
364,12816.852166
365,12909.884715
366,12945.523671
367,12730.170656
368,12658.721628
369,12898.886029
370,12750.118583
371,12838.709551
372,12532.312390
373,12412.198255
374,12821.289798
375,13090.407389
376,12658.082808
377,12780.750627
378,12801.420863
379,12624.951151
380,12854.578546
381,12914.111544
382,12533.220728
383,12672.323865
384,12584.231122
385,12707.562199
386,12932.863902
387,12811.433047
388,12580.507048
389,12569.129544
390,12421.385741
391,12512.713830
392,12528.681010
393,12625.799469
394,12625.716256
395,12777.483948
396,12756.788076
397,12491.943342
398,12587.680399
399,12694.617741
400,12722.668102
401,13151.804884
402,13237.149079
403,12711.405092
404,12666.179422
405,12722.868240
406,12585.677948
407,12701.955479
408,13096.425043
409,13219.717566
410,13134.832061
411,12876.702656
412,12733.928033
413,13039.603398
414,12840.214004
415,12569.381627
416,12852.437237
417,12748.866134
418,12663.070462
419,12760.506279
420,12677.497422
421,12810.669057
422,12814.466660
423,12764.463410
424,12966.382954
425,12631.585437
426,12638.962458
427,13099.157280
428,12845.665503
429,12773.912928
430,12946.826533
431,12903.017039
432,12856.166733
433,12453.585196
434,12596.580197
435,12717.594409
436,12631.153922
437,13099.733621
438,12921.348799
439,12633.614278
440,12416.892774
441,12433.700730
442,12938.439303
443,13003.543352
444,13070.606543
445,12943.396765
446,12891.283298
447,12482.736248
448,12460.610378
449,12637.695044
450,12439.703965
451,12450.949691
452,12554.489037
453,12504.980610
454,12975.840975
455,12784.458887
456,12728.415714
457,12915.635288
458,12669.816336
459,12521.355883
460,12804.329265
461,12699.751942
462,12596.405399
463,12601.909607
464,12716.516585
465,12777.501312
466,12844.565000
467,12568.167677
468,12659.965855
469,12403.667864
470,12493.017296
471,12535.345211
472,12602.184638
473,12632.573750
474,12897.500439
475,12872.627584
476,13090.877523
477,13115.678061
478,13113.691900
479,12754.266930
480,12711.143424
481,12761.793999
482,12670.201958
483,12717.616570
484,12530.911096
485,12758.617319
486,12678.161931
487,12760.073783
488,12810.727516
489,12939.542489
490,12920.448609
491,12907.276643
492,12785.834363
493,12733.289611
494,12745.639889
495,12565.925802
496,12722.332775
497,12745.387295
498,12419.946194
499,12467.210097
