0,3073.656969
1,6364.483003
2,7020.916060
3,7313.481201
4,7571.768813
5,7858.585932
6,8111.259918
7,8206.691261
8,8347.382689
9,8537.040599
10,8730.009442
11,8870.012540
12,9031.394062
13,9166.681742
14,9293.903562
15,9313.632422
16,9264.858487
17,9452.088979
18,9715.031727
19,9764.938303
20,9835.136451
21,9880.534538
22,10040.783984
23,10045.782374
24,10038.239839
25,10297.484862
26,10141.374978
27,10170.874226
28,10334.713739
29,10382.161006
30,10409.819927
31,10492.673298
32,10607.538778
33,10728.937066
34,10680.792294
35,10800.631917
36,10978.951940
37,10990.805635
38,11033.824265
39,10879.656783
40,11021.035499
41,11028.902366
42,11018.817599
43,11171.185431
44,11130.767763
45,11193.369049
46,11143.385434
47,11270.318705
48,11320.947820
49,11299.459972
50,11342.252253
51,11364.239449
52,11428.319545
53,11501.760792
54,11572.602753
55,11505.604964
56,11556.060183
57,11471.565751
58,11462.757395
59,11630.801922
60,11770.126528
61,11620.577705
62,11560.487289
63,11724.373469
64,11872.607375
65,11674.530478
66,11805.468129
67,11808.762594
68,11781.693560
69,11976.433509
70,11808.018519
71,11919.316252
72,11905.033565
73,11909.161938
74,11985.207342
75,12198.637707
76,12219.131845
77,12171.593192
78,12126.937802
79,12115.248756
80,12209.213659
81,12020.996773
82,12086.264146
83,12229.944254
84,12205.783905
85,12180.410308
86,12238.042964
87,12226.393546
88,12273.320581
89,12253.684213
90,12361.818405
91,12403.529395
92,12330.767412
93,12105.148651
94,12330.602286
95,12551.594249
96,12463.403454
97,12275.177897
98,12274.217374
99,12463.965651
100,12463.691768
101,12600.149091
102,12456.970825
103,12419.087493
104,12549.118688
105,12449.095138
106,12534.428304
107,12602.685801
108,12464.964470
109,12696.632726
110,12738.619543
111,12619.935517
112,12865.374750
113,12731.100980
114,12530.597398
115,12600.122905
116,12516.445238
117,12570.844258
118,12540.853523
119,12629.850555
120,12651.642640
121,12453.877159
122,12773.890091
123,12882.001233
124,12864.193777
125,12645.342832
126,12655.235181
127,12651.276178
128,12809.205419
129,12741.816071
130,12844.816755
131,12665.982439
132,12707.033236
133,12719.098897
134,12565.233757
135,12615.993811
136,12577.433723
137,12719.732507
138,12620.267391
139,12796.221961
140,12620.838914
141,12542.328226
142,12725.887812
143,12851.896586
144,12797.926060
145,12968.495391
146,12794.129510
147,12926.241912
148,12912.166948
149,12734.749665
150,12695.055692
151,12706.428397
152,12739.243805
153,13038.137815
154,13005.032877
155,12785.956272
156,12845.954960
157,12951.550456
158,13003.928373
159,12961.813352
160,13012.827398
161,12857.649749
162,12782.260229
163,12738.331349
164,12710.871526
165,12812.377517
166,12818.254874
167,12617.142012
168,12986.535980
169,12881.255787
170,12921.233258
171,12750.511472
172,12932.232914
173,13026.677351
174,12695.921082
175,12829.690888
176,12880.921646
177,12765.820258
178,12966.351135
179,13263.560995
180,13038.386120
181,12946.680691
182,12936.736016
183,12950.473204
184,12870.457300
185,13020.363640
186,13047.613871
187,12968.572798
188,12924.505401
189,12994.018974
190,13024.692831
191,13052.986699
192,12888.233644
193,12968.987263
194,13038.957425
195,12967.344022
196,12806.890076
197,13049.828517
198,13098.056374
199,13191.383360
200,12977.447785
201,12857.335549
202,12844.508872
203,12886.366801
204,13046.281654
205,13025.379159
206,12868.728355
207,13021.324372
208,13135.559875
209,12985.980537
210,12866.075302
211,13051.207515
212,13044.471246
213,13163.308769
214,13165.856276
215,13303.453071
216,12997.992352
217,12942.079160
218,12901.655362
219,12977.206343
220,13057.173084
221,13091.097576
222,13149.140966
223,13158.912861
224,13082.239993
225,12963.112098
226,12974.717394
227,13439.279803
228,13287.374854
229,13248.955225
230,13039.315760
231,12949.823887
232,13095.524554
233,13060.007187
234,13151.277226
235,13149.148427
236,13210.047214
237,13008.146252
238,13142.214413
239,12870.762489
240,12961.961154
241,13015.051934
242,13012.743586
243,13022.382402
244,13140.865525
245,13254.311605
246,13316.915033
247,13266.046558
248,13146.434054
249,12890.208366
250,12902.660622
251,13085.667041
252,12964.685167
253,13228.342292
254,13079.848193
255,13051.041575
256,13064.405476
257,13207.515008
258,13146.826364
259,13009.493086
260,13387.699949
261,13126.878795
262,13476.779822
263,13252.953458
264,13140.094921
265,13186.720804
266,13119.151235
267,13262.280053
268,13084.505967
269,13285.788300
270,13135.148635
271,13232.846276
272,13108.800387
273,12941.297668
274,13203.801353
275,13418.632961
276,13088.965070
277,13112.711571
278,13003.228425
279,13462.792144
280,13238.221684
281,13130.607630
282,13284.248837
283,13294.637949
284,13334.912705
285,13264.350295
286,13252.380000
287,13109.680350
288,13250.418683
289,13208.125879
290,13199.946584
291,13184.639663
292,13195.032063
293,13198.967595
294,13356.257443
295,13081.859277
296,13182.655293
297,13093.470724
298,13175.578609
299,13203.755078
300,13183.724268
301,13325.073036
302,13153.306780
303,13176.697485
304,13064.494940
305,13184.673276
306,13050.783000
307,13219.919712
308,13280.604629
309,13423.013096
310,13541.028056
311,13423.417427
312,13387.963904
313,13315.622251
314,13345.170501
315,13468.679884
316,13338.599458
317,13276.461611
318,13262.556083
319,13556.597703
320,13430.856418
321,13223.069954
322,13228.586444
323,13469.715378
324,13455.574245
325,13449.270027
326,13253.680404
327,13352.290147
328,13452.131858
329,13425.058654
330,13248.613720
331,13318.424188
332,13559.578954
333,13264.085896
334,13502.428189
335,13576.661389
336,13348.399410
337,13188.439910
338,13302.310511
339,13279.717492
340,13317.204347
341,13269.786068
342,13647.536670
343,13394.047170
344,13293.972180
345,13298.598562
346,13446.680274
347,13316.361134
348,13388.908734
349,13460.824393
350,13505.401381
351,13580.470442
352,13480.558886
353,13879.367578
354,13429.555883
355,13477.194976
356,13226.107314
357,13282.805387
358,13232.402267
359,13505.106949
360,13568.426666
361,13546.375217
362,13288.824139
363,13272.011726
364,13659.704640
365,13323.053860
366,13322.279074
367,13486.588170
368,13488.896623
369,13239.488994
370,13376.754817
371,13287.922091
372,13416.139938
373,13417.351848
374,13455.043794
375,13453.283707
376,13514.370297
377,13345.798247
378,13255.955031
379,13435.212623
380,13396.024000
381,13620.629990
382,13405.366828
383,13506.678988
384,13337.936580
385,13476.603946
386,13360.634064
387,13442.937152
388,13613.896100
389,13318.209979
390,13301.778336
391,13331.558835
392,13320.736359
393,13323.746822
394,13562.168257
395,13298.183425
396,13382.109089
397,13505.187272
398,13341.826894
399,13552.115606
400,13466.594336
401,13373.860644
402,13221.454017
403,13593.161301
404,13299.719136
405,13505.736212
406,13390.922723
407,13283.433559
408,13370.177186
409,13513.481468
410,13433.761962
411,13351.524303
412,13463.686076
413,13503.004320
414,13556.267907
415,13451.202351
416,13546.815594
417,13618.507764
418,13335.200027
419,13336.246972
420,13284.361063
421,13300.481060
422,13586.414840
423,13479.023071
424,13478.537715
425,13550.895825
426,13692.256315
427,13631.148687
428,13675.479330
429,13601.485378
430,13524.352359
431,13374.936735
432,13401.731582
433,13462.776207
434,13512.379345
435,13386.661238
436,13452.116729
437,13498.752841
438,13430.437009
439,13392.839691
440,13293.461392
441,13532.966787
442,13671.510768
443,13733.564603
444,13382.678003
445,13519.693462
446,13693.713011
447,13630.183248
448,13416.383656
449,13386.830961
450,13594.296872
451,13588.959362
452,13701.385382
453,13509.374912
454,13456.281243
455,13336.295619
456,13477.572137
457,13566.047692
458,13631.943245
459,13482.565392
460,13443.561307
461,13613.394937
462,13357.473741
463,13585.573556
464,13594.400886
465,13717.912101
466,13700.858501
467,13581.114897
468,13499.048714
469,13616.700435
470,13786.575394
471,13641.172483
472,13663.605299
473,13779.263362
474,13677.248645
475,13868.046803
476,13475.954357
477,13734.344839
478,13616.142159
479,13611.248935
480,13873.730557
481,13464.841668
482,13480.237781
483,13559.933132
484,13699.452792
485,13567.941276
486,13516.928253
487,13557.483601
488,13651.408866
489,13645.158859
490,13308.844603
491,13478.358795
492,13257.739155
493,13469.225950
494,13431.611040
495,13589.085395
496,13702.320335
497,13676.694589
498,13452.747235
499,13736.103412
