0,3076.097730
1,3237.319911
2,3451.552821
3,3588.453597
4,3691.634818
5,3845.213809
6,3951.638879
7,3998.760353
8,4118.985263
9,4247.993095
10,4325.964873
11,4411.701558
12,4489.353168
13,4588.171959
14,4606.134624
15,4646.386671
16,4726.231564
17,4786.671079
18,4838.709745
19,4884.405470
20,4919.497937
21,4986.420329
22,5009.731712
23,5041.627559
24,5071.146057
25,5079.457699
26,5168.911594
27,5212.325746
28,5243.946752
29,5258.560049
30,5282.361511
31,5372.633690
32,5369.960655
33,5383.246939
34,5384.259294
35,5418.548659
36,5410.646571
37,5460.624266
38,5492.707269
39,5533.788604
40,5535.719194
41,5646.499367
42,5609.724775
43,5582.292044
44,5600.839592
45,5616.249496
46,5653.022548
47,5733.639293
48,5739.759889
49,5742.207363
50,5663.651711
51,5708.304603
52,5687.232961
53,5810.108952
54,5780.798991
55,5813.748475
56,5884.228387
57,5918.464124
58,5966.514868
59,5967.008102
60,5999.508422
61,5981.121590
62,5940.818932
63,5917.099691
64,5984.039329
65,5973.068592
66,6074.784216
67,6077.881812
68,6120.850260
69,6118.444002
70,6154.868800
71,6124.868468
72,6063.480706
73,6093.655782
74,6097.106602
75,6156.821175
76,6032.184439
77,6101.575049
78,6074.316131
79,6080.565106
80,6136.728630
81,6153.602908
82,6147.596993
83,6222.312794
84,6227.729114
85,6248.389258
86,6169.405093
87,6122.800129
88,6174.347009
89,6260.256318
90,6274.245937
91,6236.572293
92,6219.136271
93,6170.847562
94,6144.240352
95,6223.669215
96,6229.041805
97,6302.941055
98,6255.699163
99,6235.645939
100,6197.950714
101,6230.895222
102,6225.975081
103,6197.553992
104,6117.110408
105,6171.002404
106,6159.147006
107,6109.072531
108,6199.527728
109,6246.532309
110,6153.825328
111,6149.849392
112,6146.543066
113,6128.529379
114,6172.375760
115,6132.964340
116,6160.031488
117,6142.764993
118,6171.222750
119,6126.564573
120,6140.581500
121,6100.574960
122,6124.221718
123,6137.148748
124,6122.840450
125,6184.966175
126,6216.525575
127,6226.677118
128,6163.801583
129,6186.030280
130,6331.480863
131,6276.129247
132,6227.945856
133,6179.000741
134,6162.272089
135,6204.560896
136,6167.061710
137,6153.435979
138,6200.179933
139,6110.160046
140,6175.861146
141,6172.324931
142,6147.015518
143,6061.105040
144,6061.672889
145,6136.344449
146,6133.810492
147,6190.244363
148,6164.368411
149,6190.211970
150,6145.090891
151,6173.061995
152,6137.293968
153,6191.747905
154,6248.782073
155,6276.587820
156,6318.027907
157,6327.541382
158,6302.571840
159,6300.885318
160,6243.930023
161,6277.668053
162,6327.192457
163,6255.051010
164,6253.901954
165,6294.065142
166,6245.993968
167,6262.086263
168,6219.573703
169,6156.387383
170,6200.248155
171,6180.581326
172,6232.480466
173,6216.835427
174,6122.222179
175,6068.942034
176,6114.013863
177,6208.973835
178,6127.819831
179,6188.217210
180,6167.012594
181,6195.667624
182,6204.036717
183,6191.479942
184,6215.865072
185,6182.770663
186,6181.029979
187,6182.239444
188,6221.567097
189,6275.852156
190,6304.894130
191,6219.666029
192,6217.488371
193,6178.443010
194,6188.847442
195,6196.714628
196,6156.712307
197,6145.445878
198,6086.626904
199,6159.464355
200,6134.729239
201,6107.478438
202,6171.798448
203,6227.243445
204,6171.286475
205,6116.108589
206,6118.364234
207,6160.338475
208,6214.438413
209,6195.311785
210,6108.626546
211,6109.679048
212,6145.971209
213,6236.380519
214,6266.657101
215,6279.809653
216,6228.187944
217,6218.673829
218,6243.966117
219,6204.056521
220,6130.880290
221,6164.169012
222,6137.091306
223,6094.731623
224,6130.094317
225,6098.782748
226,6119.286873
227,6170.110071
228,6132.012085
229,6074.578590
230,6059.720530
231,6094.924399
232,6104.139431
233,6149.115130
234,6129.042918
235,6175.483534
236,6173.830172
237,6114.149334
238,6144.732046
239,6060.759450
240,6082.583855
241,6043.086943
242,6093.703787
243,6088.097039
244,6096.748582
245,6012.439712
246,6029.722470
247,5977.554836
248,6024.309520
249,6055.067682
250,6002.450999
251,6111.333398
252,6014.360066
253,6096.122290
254,6111.226464
255,6150.918035
256,6174.319877
257,6193.909138
258,6207.076590
259,6183.342240
260,6133.042709
261,6160.049498
262,6142.321070
263,6186.015762
264,6208.852619
265,6212.478478
266,6196.558069
267,6201.704338
268,6182.286988
269,6122.355388
270,6093.758274
271,6168.194101
272,6180.887725
273,6077.544359
274,6143.210641
275,6166.446010
276,6159.598940
277,6200.148119
278,6182.416683
279,6200.969328
280,6172.406931
281,6187.722324
282,6132.636061
283,6182.279942
284,6213.791781
285,6282.261030
286,6229.970002
287,6244.630516
288,6205.210548
289,6192.722035
290,6190.845997
291,6227.459584
292,6197.562858
293,6167.184194
294,6202.931525
295,6170.375888
296,6267.425996
297,6307.433248
298,6261.071930
299,6290.111620
300,6280.508262
301,6354.998135
302,6319.820869
303,6221.508624
304,6206.734028
305,6213.433604
306,6252.728347
307,6250.745348
308,6228.576324
309,6217.788923
310,6238.379717
311,6259.778636
312,6196.285194
313,6257.374693
314,6257.862036
315,6085.000759
316,6165.679942
317,6085.820154
318,6096.940741
319,6053.709406
320,6142.800492
321,6085.328755
322,6166.979051
323,6116.683699
324,6078.012699
325,6175.658472
326,6192.407667
327,6212.632727
328,6236.509799
329,6218.722005
330,6172.578769
331,6214.979570
332,6230.388790
333,6252.170741
334,6189.895047
335,6222.535706
336,6235.373569
337,6228.961957
338,6288.823728
339,6238.721064
340,6229.289807
341,6195.466084
342,6185.318782
343,6269.698262
344,6213.306777
345,6182.645435
346,6156.494976
347,6201.360451
348,6243.796463
349,6198.983450
350,6178.743253
351,6280.978758
352,6279.496814
353,6328.692275
354,6308.700357
355,6346.961819
356,6312.824551
357,6264.635788
358,6257.769883
359,6279.656750
360,6286.179241
361,6252.978540
362,6194.709498
363,6228.915736
364,6227.499846
365,6212.197734
366,6367.679043
367,6373.955299
368,6344.784146
369,6365.269967
370,6309.989493
371,6312.633232
372,6234.767267
373,6268.149977
374,6311.909966
375,6256.930323
376,6224.046627
377,6250.583460
378,6270.720847
379,6255.512362
380,6308.538853
381,6272.933516
382,6321.422400
383,6352.829075
384,6335.080550
385,6277.273011
386,6214.397249
387,6203.230342
388,6206.742954
389,6143.548060
390,6227.386590
391,6215.914918
392,6252.716930
393,6187.839191
394,6150.724405
395,6120.406948
396,6164.328066
397,6146.790905
398,6260.682791
399,6110.370830
400,6066.687732
401,6069.809898
402,6106.911212
403,6153.152203
404,6173.527207
405,6207.404903
406,6296.817524
407,6326.611005
408,6318.222554
409,6240.271079
410,6287.421733
411,6216.893627
412,6246.856078
413,6246.440057
414,6181.816867
415,6101.492525
416,6084.934021
417,6194.885568
418,6159.485793
419,6192.112940
420,6073.295451
421,6102.800302
422,6165.768623
423,6206.635240
424,6237.097629
425,6163.358553
426,6227.941782
427,6216.827322
428,6257.041868
429,6185.355973
430,6261.730370
431,6178.785428
432,6210.068584
433,6184.331834
434,6206.262085
435,6158.242846
436,6135.258532
437,6106.796603
438,6067.937186
439,6066.177411
440,6023.145590
441,6006.463985
442,6075.205359
443,6123.010347
444,6131.630344
445,6114.512202
446,6130.353955
447,6109.932244
448,6122.185237
449,6085.249297
450,6192.151144
451,6170.391417
452,6214.486513
453,6202.449833
454,6239.621289
455,6174.233589
456,6148.684454
457,6077.321927
458,6039.327293
459,6045.851714
460,6124.328816
461,6079.241992
462,6077.258560
463,6132.362543
464,6220.650911
465,6261.547211
466,6249.168715
467,6227.954770
468,6143.425367
469,6100.890070
470,6077.578372
471,6078.061284
472,6148.922405
473,6123.983643
474,6158.062321
475,6210.501444
476,6062.852122
477,6086.976316
478,6106.030392
479,6150.088810
480,6162.523272
481,6130.386243
482,6122.629430
483,6115.555720
484,6154.786338
485,6131.532182
486,6166.660420
487,6139.789657
488,6093.384345
489,6070.268826
490,6159.339211
491,6106.524983
492,6061.770245
493,5985.245069
494,6013.563779
495,6103.832938
496,6066.277733
497,6123.027135
498,6183.632214
499,6160.919096
