0,3122.658456
1,3113.026227
2,3076.834190
3,3044.538790
4,3066.642711
5,3076.440818
6,3107.167933
7,3050.736069
8,3009.016455
9,3043.145128
10,3008.308375
11,3089.616827
12,3076.056432
13,3045.477674
14,3081.093513
15,3083.066674
16,3071.646790
17,3099.541300
18,3099.318354
19,3054.162546
20,3097.519906
21,3102.791748
22,3181.066513
23,3220.898054
24,3261.862284
25,3221.687078
26,3129.724340
27,3002.300379
28,2980.532395
29,3024.435076
30,3043.455748
31,3107.941502
32,3073.457228
33,3031.836668
34,3091.323567
35,3064.218348
36,3051.915352
37,3121.886086
38,3121.249912
39,3117.641350
40,3118.722814
41,3136.265649
42,3172.095619
43,3210.420333
44,3210.587358
45,3226.365165
46,3196.503834
47,3175.240727
48,3231.561153
49,3335.282134
50,3313.725102
51,3271.628033
52,3290.154064
53,3283.690615
54,3280.355486
55,3203.517535
56,3281.060633
57,3294.187269
58,3361.436670
59,3374.657302
60,3379.862800
61,3346.556094
62,3361.239720
63,3401.834729
64,3404.087909
65,3359.636720
66,3387.638446
67,3341.557454
68,3304.150588
69,3349.085417
70,3327.224366
71,3339.815571
72,3356.721149
73,3418.010019
74,3402.379291
75,3400.162174
76,3407.222102
77,3415.772522
78,3464.052593
79,3476.884312
80,3490.028630
81,3504.740844
82,3566.195879
83,3553.615686
84,3585.742345
85,3527.741777
86,3512.202188
87,3529.957240
88,3625.722862
89,3660.866900
90,3748.784167
91,3781.167341
92,3741.667004
93,3766.543719
94,3715.944352
95,3864.084610
96,3973.107944
97,4004.641454
98,4002.821788
99,4138.088389
100,4176.623646
101,4114.260788
102,4203.060076
103,4174.714177
104,4293.945550
105,4367.986021
106,4332.103648
107,4371.085844
108,4415.055102
109,4448.335430
110,4499.311342
111,4675.662414
112,4661.091470
113,4797.603085
114,4831.168761
115,4847.261966
116,5084.120959
117,5281.910908
118,5432.694249
119,5504.744121
120,5654.906727
121,5585.869875
122,5499.591075
123,5548.154127
124,5679.719555
125,5693.172456
126,5753.775443
127,5775.033303
128,6011.778162
129,6032.553167
130,6065.003984
131,6108.720255
132,6274.981709
133,6272.343798
134,6322.614778
135,6326.130047
136,6443.659426
137,6483.854977
138,6472.527564
139,6541.902369
140,6612.868309
141,6636.847200
142,6635.143189
143,6756.673677
144,6852.986128
145,6807.362825
146,6871.472443
147,6906.651534
148,6984.520009
149,7024.454057
150,7026.769585
151,7048.365248
152,7152.489485
153,7185.820316
154,7147.416168
155,7165.794691
156,7222.911195
157,7289.135551
158,7356.064162
159,7402.411665
160,7434.728232
161,7504.849711
162,7542.083083
163,7562.750251
164,7570.479706
165,7602.802533
166,7609.574087
167,7671.341511
168,7693.202681
169,7677.933573
170,7671.592003
171,7678.422648
172,7679.948328
173,7694.043856
174,7704.332714
175,7684.492174
176,7661.423520
177,7681.623192
178,7683.286388
179,7712.713929
180,7709.273745
181,7694.806935
182,7705.458766
183,7743.926106
184,7734.844517
185,7750.922498
186,7751.317483
187,7776.667439
188,7803.394847
189,7874.655168
190,7953.800379
191,8019.329424
192,8121.362621
193,8182.537959
194,8240.217291
195,8293.549424
196,8315.199068
197,8345.069539
198,8387.532591
199,8401.485852
200,8387.178494
201,8391.791661
202,8388.185506
203,8399.953506
204,8407.478292
205,8407.824079
206,8417.363242
207,8423.442870
208,8418.154598
209,8418.413230
210,8426.381404
211,8418.661991
212,8425.144479
213,8430.161069
214,8433.474576
215,8435.278511
216,8437.869258
217,8439.635428
218,8443.158226
219,8438.019141
220,8437.344703
221,8440.268945
222,8440.142318
223,8441.561282
224,8441.814912
225,8432.992026
226,8439.168082
227,8434.510090
228,8431.832423
229,8433.445558
230,8434.809232
231,8437.905739
232,8437.402724
233,8435.935039
234,8438.153629
235,8437.875838
236,8438.957395
237,8432.535239
238,8431.838847
239,8438.110004
240,8439.785289
241,8442.255191
242,8442.506220
243,8443.012702
244,8443.012702
245,8444.966384
246,8442.297767
247,8441.316434
248,8441.405030
249,8440.983651
250,8441.643336
251,8448.638672
252,8441.624554
253,8445.452165
254,8443.956071
255,8444.034047
256,8446.175832
257,8447.026441
258,8446.738146
259,8446.518159
260,8446.247087
261,8448.322366
262,8450.412568
263,8450.396818
264,8450.921764
265,8444.123292
266,8449.829135
267,8456.970423
268,8457.974540
269,8457.807187
270,8457.441247
271,8454.340120
272,8453.334683
273,8449.338581
274,8450.210613
275,8452.780607
276,8452.362225
277,8458.438283
278,8454.418473
279,8455.417759
280,8454.326347
281,8455.401917
282,8454.735702
283,8457.047356
284,8457.409371
285,8456.782885
286,8458.582759
287,8457.445106
288,8450.583249
289,8450.940498
290,8451.801264
291,8451.684124
292,8452.591911
293,8452.430274
294,8453.435576
295,8453.510157
296,8451.059722
297,8454.867734
298,8459.598499
299,8459.584155
300,8462.032507
301,8453.951902
302,8454.027364
303,8455.111250
304,8456.653228
305,8460.280823
306,8462.984992
307,8461.151427
308,8460.739122
309,8456.067103
310,8455.682105
311,8458.347769
312,8454.904573
313,8456.212657
314,8457.944947
315,8466.136621
316,8465.881187
317,8470.144388
318,8468.045228
319,8466.046633
320,8466.318584
321,8463.050249
322,8459.470427
323,8463.447980
324,8465.209863
325,8466.133801
326,8467.797724
327,8469.104633
328,8469.967770
329,8467.969800
330,8469.339204
331,8470.963590
332,8469.658030
333,8466.420354
334,8465.182662
335,8468.407952
336,8467.675939
337,8468.304122
338,8469.414989
339,8469.026081
340,8475.259214
341,8474.946547
342,8476.522369
343,8476.100691
344,8475.507167
345,8477.210298
346,8475.855808
347,8479.540629
348,8478.660695
349,8475.135576
350,8475.958221
351,8478.104260
352,8478.352430
353,8472.560959
354,8474.886283
355,8471.869502
356,8475.553111
357,8473.566142
358,8475.168600
359,8475.894801
360,8475.088374
361,8473.971934
362,8474.711521
363,8472.606313
364,8471.195214
365,8470.735123
366,8475.854079
367,8478.475906
368,8479.344295
369,8480.605156
370,8477.825061
371,8480.338157
372,8483.546924
373,8483.292043
374,8479.824369
375,8479.386988
376,8479.900518
377,8480.155643
378,8480.513138
379,8476.070135
380,8474.261819
381,8477.847772
382,8482.747828
383,8482.693048
384,8481.827874
385,8482.629642
386,8485.155350
387,8484.736057
388,8480.586965
389,8480.641573
390,8478.006930
391,8476.472258
392,8477.776819
393,8479.014659
394,8480.033308
395,8480.503089
396,8478.643233
397,8477.612624
398,8479.248062
399,8482.295479
400,8482.926008
401,8486.395483
402,8485.047999
403,8485.388571
404,8484.174742
405,8482.745376
406,8484.465552
407,8484.057810
408,8485.106293
409,8485.420217
410,8479.079114
411,8480.419453
412,8478.326348
413,8481.964559
414,8484.866464
415,8483.702870
416,8483.466846
417,8486.536408
418,8485.964377
419,8484.051022
420,8485.204153
421,8484.293872
422,8486.638471
423,8486.324011
424,8487.345836
425,8486.830906
426,8481.154336
427,8480.690294
428,8481.373789
429,8484.750306
430,8483.165779
431,8488.910501
432,8489.655108
433,8487.376817
434,8497.404005
435,8496.027691
436,8492.735301
437,8495.056481
438,8498.708928
439,8498.745158
440,8506.331671
441,8512.865475
442,8518.676437
443,8529.979548
444,8539.094147
445,8545.220235
446,8560.624072
447,8573.610059
448,8582.715009
449,8583.472270
450,8596.237659
451,8610.162483
452,8623.938195
453,8629.169192
454,8635.615165
455,8639.053069
456,8647.803050
457,8648.121765
458,8650.355708
459,8648.643648
460,8647.625621
461,8649.562194
462,8644.392505
463,8647.753795
464,8651.895946
465,8655.969839
466,8655.861211
467,8656.771221
468,8654.924489
469,8653.530839
470,8658.723840
471,8658.898140
472,8659.185413
473,8659.945982
474,8655.104169
475,8658.426286
476,8660.739099
477,8658.375249
478,8657.301638
479,8654.885182
480,8654.142225
481,8656.569122
482,8655.557876
483,8661.426066
484,8648.654962
485,8655.436608
486,8659.531694
487,8658.750461
488,8658.524369
489,8659.867214
490,8659.291914
491,8659.401074
492,8658.543087
493,8654.565692
494,8659.462388
495,8663.122272
496,8659.857645
497,8650.152916
498,8661.002296
499,8659.830535
