0,3050.882943
1,3139.494352
2,3172.287114
3,3297.725060
4,3398.298476
5,3488.250382
6,3607.093503
7,3730.353660
8,3766.097017
9,3784.065943
10,3837.661828
11,3902.391540
12,3885.428688
13,3916.471791
14,3972.994487
15,4090.226286
16,4095.309362
17,4206.670464
18,4323.479711
19,4319.923400
20,4336.730573
21,4384.155662
22,4465.757185
23,4474.010239
24,4538.138632
25,4568.133653
26,4435.948089
27,4414.730019
28,4421.737072
29,4482.282986
30,4571.534638
31,4582.608373
32,4622.128619
33,4604.348154
34,4570.115771
35,4592.386873
36,4634.712209
37,4606.273821
38,4585.513327
39,4564.134618
40,4717.340317
41,4748.930029
42,4763.296457
43,4795.846188
44,4797.129178
45,4797.395786
46,4843.238403
47,4855.735467
48,4909.692121
49,4833.115310
50,4887.281326
51,4882.569206
52,4879.123545
53,4890.774579
54,4921.288658
55,4915.805724
56,4901.081122
57,4892.029527
58,4888.771848
59,4939.647331
60,4925.617446
61,4921.627992
62,4849.226144
63,4837.211294
64,4854.701139
65,4842.427036
66,4876.411806
67,4849.894641
68,4900.665703
69,4963.439074
70,4983.866543
71,5024.826809
72,4928.122744
73,4900.119514
74,4948.409553
75,4952.203405
76,4891.248248
77,4944.659538
78,4936.451865
79,4936.139866
80,4921.593855
81,4992.967380
82,5107.128981
83,5014.026358
84,5007.854626
85,5036.179851
86,5065.177390
87,5105.392624
88,5192.113131
89,5124.116261
90,5214.099785
91,5189.329764
92,5185.013790
93,5163.931533
94,5239.600051
95,5209.199783
96,5137.897381
97,5124.992186
98,5069.709705
99,5132.826971
100,5058.972693
101,5087.014693
102,5138.172376
103,5045.612311
104,4974.906508
105,4952.127674
106,5040.104843
107,5010.859903
108,4972.224060
109,4951.000173
110,4901.533585
111,4983.183219
112,4955.256626
113,4985.299236
114,5028.953778
115,5065.605042
116,5076.856172
117,5053.383731
118,4948.838950
119,4906.199058
120,4982.575820
121,4982.259699
122,4983.771804
123,4986.870549
124,4926.248681
125,4954.304692
126,4963.605731
127,4930.200968
128,4893.993370
129,4914.781220
130,4884.235204
131,4984.291684
132,4994.561111
133,5077.311368
134,4972.694647
135,5003.257507
136,5038.028136
137,5041.823091
138,4993.613679
139,5042.648788
140,5041.188995
141,5075.343688
142,4988.190266
143,5002.691371
144,4983.060783
145,4947.711170
146,5001.689846
147,4967.860524
148,5005.712837
149,5080.443906
150,5062.833478
151,5099.835637
152,5129.776525
153,5077.819676
154,5094.788209
155,5040.918500
156,5090.863733
157,5087.355754
158,5171.025188
159,5128.609912
160,5124.941782
161,5136.043000
162,5065.156983
163,5004.495149
164,4998.112015
165,4961.976722
166,5012.049400
167,5046.359334
168,5061.622536
169,5059.748059
170,4994.663406
171,5080.652637
172,5008.473810
173,5041.398295
174,4957.341721
175,4947.713198
176,5036.151445
177,4960.713688
178,4978.037281
179,5002.140568
180,4950.447138
181,4954.115844
182,4950.844677
183,4964.746877
184,4926.923602
185,4984.235400
186,5066.551297
187,5099.280113
188,5132.044352
189,5099.750402
190,5052.964638
191,5020.451154
192,5026.455701
193,5062.227545
194,5020.171322
195,5053.887733
196,5054.837352
197,4967.156551
198,4962.557509
199,4980.076215
200,4924.907150
201,4944.009235
202,4893.149439
203,4878.931837
204,4883.286266
205,4884.349773
206,4919.076787
207,4906.531067
208,4928.154723
209,4965.989638
210,4950.303708
211,4900.135434
212,4968.483147
213,5085.848913
214,5022.472803
215,5106.420452
216,5075.821685
217,5095.236841
218,5081.930867
219,5077.095227
220,4968.171542
221,5052.378823
222,5017.561938
223,5069.713397
224,5126.433954
225,5103.788745
226,5142.385370
227,5051.846585
228,5066.355227
229,5087.038044
230,5022.616578
231,5060.384370
232,5115.081647
233,5107.888891
234,5039.639557
235,5113.053007
236,5047.313102
237,5096.125644
238,5136.335937
239,5093.693980
240,5110.395295
241,5151.407751
242,5121.506955
243,5085.385119
244,5053.191995
245,5053.035075
246,5085.875991
247,5097.075645
248,5103.365855
249,5083.359109
250,5113.597953
251,5054.934820
252,5087.031292
253,5023.514939
254,5007.007758
255,5008.239890
256,5030.931013
257,5007.240225
258,5031.313212
259,4957.831859
260,4942.152909
261,5011.694572
262,5028.411836
263,4988.623479
264,5122.012683
265,5057.488321
266,5056.337811
267,5029.514162
268,5092.631753
269,5067.624736
270,5035.214333
271,5113.846186
272,5132.786604
273,5080.930773
274,5072.751002
275,4987.260804
276,5040.260781
277,5063.115056
278,4961.009506
279,4978.941773
280,4852.944200
281,4886.768121
282,4984.741020
283,4980.160946
284,5010.467679
285,4976.556621
286,4959.481754
287,4944.033447
288,5014.429767
289,4962.350487
290,4951.487274
291,4918.441135
292,4984.707965
293,5068.801838
294,5064.699232
295,5070.138630
296,5054.156291
297,5051.191099
298,5093.383910
299,5094.877392
300,5031.171020
301,5094.943676
302,5034.750751
303,4941.843864
304,4937.378099
305,4941.458127
306,4889.802722
307,4934.903486
308,5010.889553
309,5000.613984
310,5058.561925
311,5010.809124
312,5096.546988
313,4995.770973
314,5069.041104
315,5113.353705
316,5121.262812
317,5134.607971
318,5192.245860
319,5191.306191
320,5147.436747
321,5141.162344
322,5100.084726
323,5090.924350
324,5135.588401
325,5130.482587
326,5139.301721
327,5114.447749
328,5100.199799
329,5032.713768
330,5003.981665
331,4968.541976
332,4978.299816
333,4986.797830
334,5003.668673
335,5044.230725
336,5036.805427
337,5060.691659
338,5017.797983
339,5109.327718
340,5087.286003
341,5075.569752
342,5118.395969
343,5206.926279
344,5115.096420
345,5134.001050
346,5191.507052
347,5103.686509
348,5077.489546
349,5079.928328
350,5137.900544
351,5104.965015
352,5114.004165
353,5131.487882
354,5164.803870
355,5222.980341
356,5246.528446
357,5263.290974
358,5178.907235
359,5182.078827
360,5111.959783
361,5045.887693
362,5063.242102
363,5133.526252
364,5128.860709
365,5117.226269
366,5158.173358
367,5145.687061
368,5107.063233
369,5128.628700
370,5054.118936
371,5083.301006
372,5099.612566
373,5014.523342
374,4985.653014
375,5051.354479
376,5038.213798
377,5114.050111
378,5065.651160
379,5117.120124
380,5172.173152
381,5068.861324
382,5136.579044
383,5188.451055
384,5097.296383
385,5077.020876
386,5099.113562
387,5118.388151
388,5165.062158
389,5141.613787
390,5159.569727
391,5118.684689
392,5023.463650
393,5026.848074
394,5080.169252
395,5002.058347
396,5013.738700
397,5034.552508
398,5126.592202
399,5086.171867
400,5041.252014
401,4985.152095
402,4980.003422
403,4978.830358
404,5029.157222
405,5072.368979
406,5116.483397
407,5094.859427
408,5075.413759
409,5088.799122
410,5020.762108
411,4966.960143
412,5093.059118
413,5083.277915
414,5128.651398
415,5152.419975
416,5147.970712
417,5152.625169
418,5107.353427
419,5147.160296
420,5185.156886
421,5237.986240
422,5144.517814
423,5214.356758
424,5149.201505
425,5111.436646
426,5137.106059
427,5141.696842
428,5125.735341
429,5048.704908
430,5104.202736
431,5122.987824
432,5170.833419
433,5138.008352
434,5124.677549
435,5136.408717
436,5154.665772
437,5159.395157
438,5109.167317
439,5082.918148
440,5080.477862
441,5064.126364
442,5059.595217
443,5119.454478
444,5085.121491
445,5148.375188
446,5111.550076
447,5038.820067
448,5005.824474
449,4969.731738
450,4969.475620
451,4934.216858
452,4968.556723
453,4959.332002
454,5015.880768
455,4995.773988
456,4999.260962
457,5080.376132
458,5066.906848
459,5071.769989
460,5113.379471
461,5126.095610
462,5146.405615
463,5116.288623
464,5105.762728
465,5140.836997
466,5054.805959
467,4991.774619
468,4998.303549
469,4955.084716
470,5014.328358
471,5030.121110
472,5099.845584
473,5050.062256
474,5079.975712
475,5100.110762
476,5113.339068
477,5104.566554
478,5052.613930
479,5060.366834
480,4985.649150
481,4953.561264
482,4975.619294
483,4998.164016
484,5067.146981
485,5101.813315
486,5061.285971
487,5052.298825
488,5001.140889
489,5063.850139
490,5163.324953
491,5097.857845
492,5032.500111
493,5029.676688
494,5099.018358
495,5102.532823
496,5141.939031
497,5123.260232
498,4967.126693
499,4959.966128
