0,2992.548273
1,6311.756610
2,6989.236252
3,7560.673612
4,8025.537214
5,8464.894849
6,8928.287914
7,9315.721089
8,9668.906199
9,10074.474910
10,10440.633491
11,10695.592704
12,11014.887218
13,11333.577242
14,11639.667901
15,12110.139312
16,12310.157772
17,12704.252989
18,12888.578615
19,13170.187614
20,13386.269088
21,13558.730129
22,13842.017536
23,13982.037133
24,14155.704685
25,14322.767679
26,14458.884246
27,14651.812722
28,14975.271894
29,14954.461783
30,15072.971814
31,14978.126384
32,15254.155071
33,15178.867769
34,15282.791385
35,15392.225900
36,15330.911750
37,15203.150640
38,15202.255831
39,15121.099624
40,15364.516797
41,15425.053660
42,15326.511215
43,15348.941728
44,15302.573088
45,15308.834062
46,15490.229264
47,15573.438999
48,15558.289882
49,15595.792563
50,15466.720051
51,15465.008451
52,15432.596200
53,15297.458235
54,15337.501878
55,15439.094739
56,15294.891628
57,15536.148687
58,15541.497381
59,15508.770477
60,15497.062402
61,15455.637355
62,15451.403745
63,15459.812343
64,15251.493793
65,15328.118483
66,15380.859418
67,15544.614384
68,15409.599499
69,15287.908439
70,15355.558767
71,15300.541565
72,15440.181082
73,15412.440545
74,15498.435412
75,15456.762906
76,15651.844650
77,15553.511212
78,15429.302109
79,15486.885309
80,15459.240476
81,15547.797650
82,15538.927474
83,15505.055771
84,15500.376788
85,15518.311919
86,15594.796812
87,15582.015738
88,15610.647246
89,15652.394550
90,15479.755322
91,15471.855238
92,15462.795033
93,15650.182138
94,15584.848643
95,15568.258559
96,15612.072265
97,15538.520045
98,15667.860048
99,15441.249198
100,15570.255758
101,15568.483789
102,15494.651066
103,15545.135387
104,15614.147819
105,15649.144474
106,15573.401363
107,15503.584323
108,15696.400834
109,15625.272897
110,15594.269902
111,15724.988935
112,15697.876469
113,15610.419617
114,15588.743982
115,15683.022370
116,15511.455483
117,15676.709180
118,15585.605205
119,15508.874567
120,15467.335563
121,15594.416762
122,15549.580363
123,15530.924854
124,15697.822794
125,15720.926261
126,15350.524158
127,15564.277081
128,15666.836922
129,15642.710240
130,15584.052452
131,15676.442147
132,15584.959412
133,15740.625909
134,15724.829758
135,15636.277695
136,15705.588380
137,15717.814505
138,15606.912528
139,15784.898231
140,15686.814736
141,15825.226787
142,15711.070587
143,15483.516320
144,15618.177588
145,15615.037478
146,15681.545647
147,15745.157449
148,15592.635662
149,15480.504039
150,15593.696719
151,15695.233433
152,15622.546425
153,15620.075457
154,15546.437613
155,15375.455947
156,15676.808040
157,15682.157105
158,15689.983643
159,15700.746528
160,15595.275205
161,15599.718411
162,15774.651481
163,15797.701637
164,15757.330358
165,15803.347194
166,15699.654129
167,15550.039472
168,15752.146147
169,15745.260547
170,15774.349170
171,15646.359595
172,15647.508738
173,15596.928318
174,15695.500727
175,15691.006204
176,15533.307239
177,15571.844282
178,15587.674978
179,15550.203410
180,15497.407549
181,15587.416281
182,15436.521140
183,15703.895836
184,15607.230501
185,15683.740431
186,15629.454137
187,15524.661028
188,15625.203251
189,15556.851015
190,15650.735368
191,15637.185576
192,15774.838228
193,15537.203381
194,15693.011389
195,15663.860643
196,15792.178097
197,15769.871605
198,15702.413875
199,15585.025959
200,15725.926378
201,15503.649384
202,15570.563576
203,15515.708649
204,15579.845508
205,15638.652711
206,15676.996230
207,15751.166660
208,15587.771594
209,15714.088400
210,15785.145289
211,15725.796479
212,15649.948398
213,15606.463266
214,15548.780766
215,15674.604686
216,15738.320263
217,15606.019261
218,15548.332515
219,15752.395314
220,15679.440602
221,15746.074285
222,15491.914706
223,15546.933075
224,15583.715054
225,15660.865450
226,15640.201783
227,15506.926256
228,15627.632152
229,15716.532274
230,15745.732072
231,15699.279206
232,15698.184276
233,15501.860341
234,15695.607079
235,15814.179638
236,15710.217367
237,15672.408919
238,15546.083399
239,15688.245175
240,15719.821367
241,15555.651322
242,15609.581868
243,15721.383981
244,15782.441852
245,15685.340481
246,15527.743736
247,15710.715143
248,15642.808317
249,15555.942348
250,15749.122836
251,15790.748183
252,15663.182916
253,15527.364438
254,15658.764017
255,15722.125008
256,15729.927184
257,15744.993299
258,15617.059104
259,15593.637700
260,15517.912907
261,15482.216857
262,15608.411157
263,15752.251626
264,15722.877455
265,15690.419190
266,15817.090608
267,15610.482708
268,15759.139093
269,15737.236126
270,15650.034803
271,15699.328714
272,15764.221067
273,15622.400560
274,15567.837134
275,15765.582832
276,15686.365095
277,15698.567455
278,15695.806154
279,15713.729451
280,15764.015140
281,15768.243994
282,15861.420921
283,15724.592441
284,15696.989624
285,15620.159747
286,15828.913476
287,15686.221352
288,15608.684619
289,15652.621190
290,15527.895551
291,15673.519450
292,15714.644860
293,15665.458508
294,15549.369516
295,15384.058178
296,15731.487842
297,15755.524689
298,15564.831615
299,15487.449468
300,15573.437148
301,15537.506760
302,15573.073225
303,15672.249659
304,15751.161555
305,15678.724325
306,15656.807667
307,15592.569356
308,15734.308232
309,15650.110552
310,15669.067478
311,15754.614389
312,15615.551989
313,15580.397298
314,15566.216020
315,15650.849171
316,15672.126212
317,15819.540337
318,15864.932002
319,15708.264350
320,15651.529494
321,15764.727707
322,15711.564166
323,15598.440365
324,15579.459314
325,15643.215210
326,15592.321328
327,15576.030706
328,15715.371471
329,15628.265443
330,15724.915785
331,15709.422153
332,15923.650622
333,15726.653067
334,15646.674781
335,15614.326360
336,15715.514903
337,15568.373801
338,15689.776522
339,15772.920308
340,15753.611849
341,15604.758552
342,15630.487152
343,15611.344201
344,15474.899567
345,15675.028501
346,15759.192958
347,15618.146581
348,15771.953111
349,15808.945736
350,15620.707860
351,15775.194453
352,15548.749043
353,15494.934228
354,15631.621614
355,15696.460354
356,15789.364513
357,15788.682583
358,15750.532376
359,15679.295682
360,15648.256676
361,15709.156657
362,15673.506402
363,15636.467406
364,15599.516978
365,15698.843975
366,15741.507534
367,15758.500283
368,15820.087100
369,15693.001573
370,15720.242750
371,15672.730461
372,15682.378746
373,15632.801816
374,15618.580699
375,15663.846163
376,15696.211092
377,15710.811609
378,15558.425824
379,15490.135831
380,15528.465512
381,15464.577175
382,15641.770770
383,15665.062762
384,15819.918771
385,15630.116288
386,15609.403717
387,15523.144325
388,15653.861669
389,15596.394624
390,15587.631727
391,15589.914800
392,15521.622121
393,15538.969970
394,15624.857819
395,15719.408855
396,15678.047338
397,15700.781609
398,15609.741057
399,15645.652613
400,15746.138544
401,15765.337920
402,15810.898386
403,15686.393707
404,15575.792887
405,15625.973686
406,15609.295037
407,15580.829313
408,15718.073583
409,15562.920539
410,15585.035066
411,15525.311654
412,15652.667482
413,15775.089741
414,15704.823267
415,15464.612963
416,15551.682619
417,15559.126007
418,15744.354784
419,15692.805794
420,15697.347626
421,15662.558612
422,15625.762499
423,15636.566777
424,15726.939347
425,15745.853626
426,15727.817855
427,15795.479595
428,15774.142812
429,15577.946259
430,15632.304901
431,15713.975053
432,15753.990338
433,15531.376744
434,15736.264219
435,15620.883528
436,15763.120071
437,15661.892353
438,15488.737121
439,15712.692344
440,15552.937288
441,15566.649983
442,15536.049425
443,15593.046272
444,15697.698213
445,15754.698481
446,15592.315248
447,15687.405092
448,15662.655213
449,15720.668053
450,15834.685308
451,15766.970417
452,15735.256486
453,15582.383002
454,15433.086606
455,15636.232666
456,15619.714952
457,15680.526743
458,15628.933300
459,15580.866672
460,15616.509161
461,15693.107443
462,15626.939681
463,15779.239902
464,15674.457801
465,15746.674491
466,15716.728355
467,15782.162813
468,15793.036877
469,15810.861851
470,15602.876953
471,15550.749826
472,15671.160135
473,15514.666187
474,15587.402726
475,15618.315332
476,15532.018549
477,15698.604817
478,15622.132697
479,15665.486672
480,15704.522463
481,15565.459147
482,15750.301072
483,15650.890349
484,15793.399301
485,15662.607281
486,15766.178632
487,15668.223662
488,15558.491361
489,15693.538406
490,15773.704323
491,15804.850378
492,15867.419169
493,15625.093212
494,15737.614488
495,15506.223541
496,15678.779203
497,15580.607569
498,15717.153693
499,15760.711562
