0,3089.302761
1,3508.337748
2,3809.230895
3,4115.694629
4,4405.837469
5,4669.981350
6,4921.336944
7,5189.800453
8,5503.277441
9,5742.660976
10,5967.485910
11,6185.336238
12,6408.575176
13,6604.210028
14,6818.324267
15,6994.480823
16,7156.641467
17,7240.469210
18,7327.039486
19,7404.697691
20,7460.244759
21,7509.244123
22,7562.677389
23,7599.194153
24,7638.101990
25,7691.520857
26,7723.919849
27,7760.814099
28,7789.546559
29,7819.760338
30,7854.768892
31,7883.786306
32,7911.092128
33,7941.157688
34,7974.881723
35,8002.324382
36,8029.524260
37,8049.721194
38,8070.905683
39,8097.932604
40,8125.754240
41,8156.495264
42,8182.799196
43,8208.367700
44,8223.518585
45,8252.065761
46,8284.850555
47,8314.798627
48,8347.879498
49,8380.716863
50,8398.416014
51,8427.269539
52,8435.191680
53,8440.077257
54,8451.206872
55,8463.923214
56,8482.080707
57,8504.633427
58,8537.108445
59,8564.469326
60,8587.271784
61,8591.878461
62,8591.878461
63,8591.878461
64,8591.878461
65,8591.878461
66,8591.878461
67,8591.878461
68,8591.878461
69,8591.878461
70,8591.878461
71,8591.878461
72,8591.878461
73,8591.980295
74,8592.285798
75,8592.285798
76,8592.285798
77,8592.896803
78,8593.609642
79,8594.933487
80,8595.951829
81,8599.108689
82,8602.774720
83,8608.477435
84,8615.809498
85,8617.337011
86,8617.337011
87,8617.337011
88,8617.337011
89,8617.337011
90,8617.337011
91,8617.337011
92,8617.337011
93,8617.337011
94,8617.337011
95,8617.337011
96,8617.337011
97,8617.437453
98,8617.537896
99,8617.638338
100,8617.839223
101,8617.839223
102,8617.939665
103,8618.140550
104,8618.140550
105,8618.776892
106,8619.178661
107,8620.584855
108,8622.493261
109,8625.104764
110,8628.318921
111,8633.943696
112,8642.581743
113,8642.581743
114,8642.581743
115,8642.581743
116,8642.581743
117,8642.581743
118,8642.581743
119,8642.812232
120,8642.812232
121,8643.042720
122,8643.734186
123,8644.886629
124,8645.749995
125,8648.285369
126,8651.319490
127,8654.776818
128,8661.000008
129,8669.892702
130,8684.815868
131,8700.069745
132,8700.069745
133,8700.864890
134,8701.262462
135,8702.057607
136,8702.455179
137,8705.238186
138,8708.021193
139,8710.009054
140,8714.779923
141,8719.550791
142,8731.875534
143,8744.204717
144,8768.063499
145,8799.473935
146,8799.482814
147,8799.960119
148,8799.977876
149,8800.008952
150,8800.044468
151,8801.039032
152,8802.528658
153,8805.923064
154,8809.775207
155,8814.706163
156,8824.299178
157,8836.381946
158,8853.801809
159,8881.017812
160,8914.195839
161,8916.873121
162,8917.603837
163,8918.619755
164,8919.237581
165,8921.035107
166,8923.502337
167,8927.261170
168,8933.491307
169,8941.299237
170,8950.808227
171,8954.586485
172,8955.407113
173,8956.914606
174,8958.000339
175,8958.757789
176,8959.030310
177,8960.403373
178,8962.116274
179,8965.800188
180,8970.255913
181,8977.216587
182,8986.244384
183,9001.412935
184,9008.866046
185,9008.880407
186,9008.909129
187,9008.952212
188,9009.016837
189,9009.117365
190,9009.217892
191,9009.397406
192,9009.691807
193,9010.223167
194,9010.610916
195,9010.610916
196,9010.610916
197,9010.610916
198,9010.610916
199,9010.610916
200,9010.610916
201,9010.610916
202,9010.610916
203,9010.610916
204,9010.610916
205,9010.610916
206,9010.610916
207,9010.610916
208,9010.610916
209,9010.610916
210,9010.610916
211,9010.610916
212,9010.610916
213,9010.610916
214,9010.610916
215,9010.610916
216,9010.610916
217,9010.610916
218,9010.610916
219,9010.610916
220,9010.610916
221,9010.610916
222,9010.610916
223,9010.610916
224,9010.610916
225,9010.610916
226,9010.610916
227,9010.610916
228,9010.610916
229,9010.610916
230,9010.715037
231,9010.715037
232,9010.715037
233,9010.819157
234,9010.819157
235,9011.134140
236,9011.555866
237,9012.081712
238,9012.711678
239,9013.130782
240,9016.598220
241,9021.119971
242,9025.981512
243,9034.007911
244,9046.461723
245,9060.659753
246,9068.686692
247,9070.900651
248,9074.046803
249,9078.824293
250,9086.048789
251,9092.457617
252,9092.457617
253,9092.457617
254,9092.457617
255,9092.457617
256,9092.457617
257,9092.457617
258,9092.457617
259,9092.457617
260,9092.457617
261,9092.457617
262,9092.457617
263,9092.457617
264,9092.457617
265,9092.457617
266,9092.457617
267,9092.457617
268,9092.457617
269,9092.457617
270,9092.457617
271,9092.457617
272,9092.457617
273,9092.457617
274,9092.457617
275,9092.457617
276,9092.457617
277,9092.457617
278,9092.457617
279,9092.457617
280,9092.457617
281,9092.457617
282,9092.457617
283,9092.457617
284,9092.457617
285,9092.457617
286,9092.457617
287,9092.457617
288,9092.457617
289,9092.457617
290,9092.457617
291,9092.457617
292,9092.457617
293,9092.457617
294,9092.457617
295,9092.457617
296,9092.457617
297,9092.457617
298,9092.457617
299,9092.457617
300,9092.457617
301,9092.457617
302,9092.457617
303,9092.457617
304,9092.457617
305,9092.457617
306,9092.457617
307,9092.457617
308,9092.457617
309,9092.457617
310,9092.457617
311,9092.457617
312,9092.457617
313,9092.457617
314,9092.457617
315,9092.457617
316,9092.457617
317,9092.457617
318,9092.457617
319,9092.457617
320,9092.457617
321,9092.457617
322,9092.457617
323,9092.457617
324,9092.457617
325,9092.537963
326,9092.537963
327,9092.537963
328,9092.537963
329,9092.618309
330,9092.618309
331,9092.698655
332,9092.939693
333,9093.261077
334,9093.662806
335,9094.466266
336,9095.671455
337,9098.001487
338,9101.134978
339,9105.071929
340,9111.740641
341,9112.544101
342,9112.544101
343,9112.544101
344,9112.544101
345,9112.544101
346,9112.544101
347,9112.544101
348,9112.554242
349,9112.564383
350,9112.594805
351,9112.594805
352,9112.594805
353,9112.625228
354,9112.665792
355,9112.675933
356,9112.686074
357,9112.797624
358,9112.919315
359,9113.122133
360,9113.416220
361,9113.791434
362,9114.399889
363,9115.079330
364,9115.079330
365,9115.079330
366,9115.079330
367,9115.079330
368,9115.079330
369,9115.079330
370,9115.079330
371,9115.079330
372,9115.079330
373,9115.079330
374,9115.079330
375,9115.079330
376,9115.079330
377,9115.079330
378,9115.079330
379,9115.079330
380,9115.079330
381,9115.079330
382,9115.079330
383,9115.079330
384,9115.079330
385,9115.079330
386,9115.079330
387,9115.079330
388,9115.079330
389,9115.079330
390,9115.079330
391,9115.079330
392,9115.079330
393,9115.079330
394,9115.079330
395,9115.079330
396,9115.079330
397,9115.079330
398,9115.079330
399,9115.079330
400,9115.079330
401,9115.079330
402,9115.079330
403,9115.079330
404,9115.079330
405,9115.079330
406,9115.079330
407,9115.079330
408,9115.079330
409,9115.079330
410,9115.079330
411,9115.079330
412,9115.079330
413,9115.079330
414,9115.079330
415,9115.079330
416,9115.079330
417,9115.079330
418,9115.079330
419,9115.079330
420,9115.079330
421,9115.079330
422,9115.079330
423,9115.079330
424,9115.079330
425,9115.079330
426,9115.079330
427,9115.079330
428,9115.079330
429,9115.079330
430,9115.079330
431,9115.079330
432,9115.079330
433,9115.079330
434,9115.079330
435,9115.079330
436,9115.079330
437,9115.079330
438,9115.079330
439,9115.079330
440,9115.264946
441,9115.264946
442,9115.264946
443,9115.264946
444,9115.636177
445,9115.636177
446,9116.007408
447,9116.378639
448,9116.564255
449,9117.306717
450,9119.162872
451,9121.947105
452,9125.659416
453,9132.898423
454,9140.879891
455,9155.357904
456,9161.483217
457,9161.483217
458,9161.483217
459,9161.483217
460,9161.483217
461,9161.483217
462,9161.483217
463,9161.483217
464,9161.483217
465,9161.483217
466,9161.483217
467,9161.483217
468,9161.483217
469,9161.483217
470,9161.483217
471,9161.483217
472,9161.483217
473,9161.483217
474,9161.483217
475,9161.483217
476,9161.483217
477,9161.483217
478,9161.483217
479,9161.483217
480,9161.483217
481,9161.483217
482,9161.483217
483,9161.483217
484,9161.483217
485,9161.483217
486,9161.483217
487,9161.483217
488,9161.483217
489,9161.483217
490,9161.483217
491,9161.483217
492,9161.483217
493,9161.483217
494,9161.483217
495,9161.483217
496,9161.483217
497,9161.483217
498,9161.483217
499,9161.483217
