0,3063.054923
1,3089.756301
2,3111.783671
3,3101.869208
4,3108.401898
5,3105.650505
6,3149.940268
7,3156.598915
8,3192.934253
9,3152.024785
10,3174.692825
11,3122.824857
12,3174.238239
13,3149.824552
14,3149.849246
15,3145.091456
16,3161.822903
17,3156.289875
18,3184.736243
19,3170.455670
20,3190.400905
21,3237.307852
22,3236.148583
23,3229.215737
24,3237.217881
25,3255.250224
26,3234.956931
27,3171.119352
28,3243.858278
29,3206.024597
30,3208.175103
31,3165.838027
32,3138.757143
33,3114.682374
34,3114.488430
35,3115.226389
36,3061.521288
37,3105.909690
38,3097.319373
39,3093.813170
40,3144.649366
41,3146.332751
42,3131.546433
43,3131.248714
44,3169.213146
45,3130.181196
46,3147.466581
47,3155.217588
48,3093.457206
49,3109.516717
50,3088.962450
51,3101.037100
52,3087.218927
53,3011.517555
54,3014.374261
55,2976.882028
56,3057.414417
57,2983.228450
58,2983.419460
59,3022.718318
60,3032.338941
61,2986.132182
62,2980.277040
63,2996.767392
64,3051.200527
65,3017.438012
66,3040.769195
67,2993.852810
68,3028.179566
69,3020.761588
70,3050.462313
71,3127.540803
72,3143.820908
73,3125.549208
74,3118.912228
75,3083.804548
76,3082.958341
77,3166.556116
78,3166.102421
79,3162.493480
80,3169.698041
81,3141.152889
82,3200.652346
83,3250.915921
84,3247.833162
85,3284.412705
86,3249.026323
87,3289.783642
88,3228.088794
89,3193.491827
90,3238.729694
91,3287.393029
92,3234.147261
93,3247.587753
94,3237.073631
95,3247.508946
96,3245.381711
97,3276.574273
98,3238.864744
99,3258.579753
100,3303.758293
101,3280.254563
102,3283.485051
103,3291.131159
104,3283.030451
105,3301.175321
106,3277.133645
107,3296.118245
108,3243.416353
109,3270.670525
110,3319.434255
111,3360.169954
112,3393.693163
113,3370.078568
114,3410.490424
115,3362.014649
116,3375.569068
117,3382.388181
118,3377.734742
119,3433.219724
120,3371.425386
121,3390.854565
122,3358.235872
123,3390.541815
124,3402.772460
125,3366.325097
126,3374.360830
127,3387.011196
128,3426.330124
129,3377.225465
130,3375.034505
131,3354.356276
132,3345.319453
133,3373.491947
134,3367.842267
135,3385.600972
136,3390.839191
137,3375.459574
138,3402.180278
139,3428.466123
140,3413.651945
141,3392.214180
142,3420.034347
143,3413.148734
144,3462.990249
145,3448.561786
146,3490.172748
147,3477.713167
148,3483.895736
149,3434.459526
150,3438.765574
151,3406.685732
152,3426.167284
153,3410.487023
154,3388.568147
155,3417.555417
156,3408.051220
157,3388.539081
158,3368.053253
159,3363.684587
160,3348.650755
161,3336.908610
162,3352.623844
163,3356.947663
164,3419.069942
165,3512.516471
166,3505.318393
167,3526.923167
168,3474.082517
169,3425.541745
170,3425.034681
171,3341.309121
172,3331.059120
173,3363.094174
174,3363.036608
175,3434.274491
176,3436.819982
177,3465.134511
178,3462.717944
179,3457.653074
180,3382.546669
181,3338.979612
182,3365.416079
183,3327.883574
184,3378.023160
185,3425.900390
186,3466.062758
187,3465.825304
188,3428.204442
189,3440.723109
190,3474.912238
191,3528.251985
192,3445.923626
193,3477.297908
194,3465.367552
195,3512.690106
196,3513.982769
197,3471.207004
198,3475.748529
199,3446.416439
200,3466.872150
201,3410.219941
202,3425.063139
203,3414.570924
204,3443.895613
205,3433.668533
206,3492.628092
207,3487.306542
208,3527.807425
209,3508.129601
210,3568.572395
211,3538.080788
212,3569.221138
213,3540.971978
214,3504.626493
215,3497.722316
216,3576.689330
217,3596.791974
218,3600.980866
219,3536.776183
220,3486.535282
221,3471.669453
222,3462.034279
223,3412.902114
224,3427.854641
225,3433.370980
226,3452.657019
227,3438.297870
228,3452.243145
229,3373.953800
230,3360.275779
231,3346.815369
232,3348.749046
233,3355.575849
234,3362.070105
235,3363.080873
236,3366.635790
237,3306.062725
238,3382.905128
239,3393.676904
240,3434.057099
241,3494.271700
242,3574.027337
243,3585.825450
244,3513.895752
245,3495.544792
246,3514.662062
247,3514.080835
248,3562.169039
249,3608.842273
250,3592.750395
251,3617.672276
252,3599.289402
253,3587.635788
254,3546.259484
255,3588.413288
256,3552.695115
257,3596.063896
258,3619.777568
259,3648.286838
260,3701.381769
261,3610.176187
262,3607.479825
263,3540.544858
264,3557.182924
265,3544.446924
266,3528.140559
267,3500.301102
268,3485.565950
269,3505.160675
270,3547.612872
271,3593.633772
272,3544.419546
273,3520.443697
274,3594.282696
275,3549.600660
276,3534.316215
277,3659.348345
278,3603.269963
279,3504.250587
280,3479.833741
281,3543.380723
282,3557.968074
283,3666.336290
284,3597.581047
285,3668.430683
286,3717.631568
287,3658.037376
288,3653.543072
289,3727.723530
290,3739.418730
291,3761.866876
292,3817.473815
293,3875.237181
294,3818.319081
295,3802.807606
296,3785.316176
297,3837.368581
298,3761.588103
299,3784.736608
300,3803.355647
301,3825.425534
302,3824.771571
303,3832.182302
304,3746.664262
305,3704.703103
306,3677.057726
307,3741.633973
308,3735.849634
309,3762.043053
310,3736.743301
311,3666.462372
312,3635.172462
313,3646.719902
314,3701.055298
315,3696.084193
316,3665.319291
317,3637.510378
318,3673.671661
319,3698.800922
320,3723.860062
321,3765.482076
322,3787.531691
323,3801.276231
324,3711.204952
325,3716.847706
326,3692.548842
327,3612.627855
328,3584.794971
329,3570.755474
330,3579.314691
331,3596.495786
332,3548.389489
333,3555.530270
334,3594.051359
335,3541.842445
336,3627.723251
337,3674.591872
338,3651.316979
339,3675.744393
340,3645.772642
341,3606.361258
342,3568.347858
343,3634.765735
344,3587.015169
345,3634.939107
346,3655.726863
347,3620.808173
348,3596.370074
349,3590.038113
350,3553.725736
351,3519.156081
352,3542.628680
353,3591.698136
354,3582.835211
355,3556.268798
356,3641.602647
357,3664.149060
358,3659.937824
359,3615.834744
360,3635.649478
361,3580.792468
362,3622.254063
363,3631.635854
364,3638.260555
365,3688.741960
366,3645.100170
367,3640.042963
368,3654.053592
369,3652.556937
370,3670.553331
371,3674.173103
372,3690.979742
373,3714.544500
374,3726.732983
375,3725.437206
376,3732.650615
377,3715.608644
378,3704.985381
379,3669.433861
380,3740.489307
381,3688.231810
382,3596.646976
383,3626.617587
384,3673.670442
385,3680.924908
386,3648.464535
387,3695.287408
388,3693.718195
389,3717.162712
390,3650.373304
391,3671.823706
392,3694.188629
393,3624.524933
394,3609.280510
395,3569.781287
396,3555.541673
397,3537.398394
398,3568.813826
399,3566.559385
400,3570.482603
401,3496.883828
402,3523.848480
403,3507.866797
404,3487.083881
405,3559.365923
406,3599.081423
407,3611.028905
408,3635.358639
409,3687.705760
410,3615.204749
411,3662.118881
412,3635.568597
413,3664.877654
414,3621.934599
415,3618.742782
416,3670.070512
417,3634.671980
418,3669.142195
419,3663.631902
420,3616.477561
421,3651.614984
422,3589.754217
423,3600.399928
424,3607.486989
425,3646.679575
426,3621.000320
427,3631.274827
428,3551.005245
429,3598.265378
430,3621.398441
431,3617.261733
432,3660.818048
433,3663.678357
434,3659.159303
435,3682.944371
436,3623.791704
437,3638.297399
438,3586.646196
439,3552.847527
440,3559.523831
441,3559.169732
442,3571.241128
443,3633.003511
444,3583.759877
445,3605.107369
446,3588.253150
447,3567.999233
448,3528.710625
449,3478.187123
450,3487.880503
451,3449.429536
452,3478.425990
453,3404.142891
454,3412.410323
455,3400.210412
456,3360.280472
457,3429.541847
458,3470.554982
459,3471.770217
460,3441.775067
461,3490.277619
462,3451.424208
463,3432.050283
464,3437.333857
465,3422.481793
466,3462.177995
467,3550.874717
468,3564.165783
469,3568.204358
470,3482.331851
471,3546.476746
472,3470.669533
473,3408.722574
474,3412.092283
475,3436.932174
476,3494.363765
477,3491.316054
478,3486.986808
479,3465.915107
480,3541.488118
481,3558.530756
482,3568.134394
483,3572.986407
484,3559.350540
485,3559.620438
486,3598.479425
487,3587.643111
488,3563.127440
489,3628.767493
490,3643.164916
491,3616.182149
492,3626.601659
493,3646.695069
494,3659.207418
495,3669.463611
496,3634.172584
497,3624.423735
498,3584.376399
499,3579.028651
