0,3095.284733
1,3022.588162
2,3123.580294
3,3123.524013
4,3125.145509
5,3173.309619
6,3211.256008
7,3176.318458
8,3213.240126
9,3238.820135
10,3238.402801
11,3204.332174
12,3243.849546
13,3270.973788
14,3368.895434
15,3361.923975
16,3457.168919
17,3452.929701
18,3396.874977
19,3399.632404
20,3378.549074
21,3477.959662
22,3514.573486
23,3570.113456
24,3550.436824
25,3519.827363
26,3588.316241
27,3606.874055
28,3598.645320
29,3542.682374
30,3623.585113
31,3689.754810
32,3726.061909
33,3590.126684
34,3648.513231
35,3603.134314
36,3627.664875
37,3582.015906
38,3659.002070
39,3581.767381
40,3582.277901
41,3519.720394
42,3583.324434
43,3610.058284
44,3608.953710
45,3654.112329
46,3644.810712
47,3665.434955
48,3646.498286
49,3673.893269
50,3695.906758
51,3692.417911
52,3664.410398
53,3644.880814
54,3647.598485
55,3669.110569
56,3652.794386
57,3727.668950
58,3746.869804
59,3765.445725
60,3767.961280
61,3705.689200
62,3706.951068
63,3693.944339
64,3680.056991
65,3720.369061
66,3689.237242
67,3663.776855
68,3704.437849
69,3717.245017
70,3661.854031
71,3679.980735
72,3727.070524
73,3693.234991
74,3745.938107
75,3795.160291
76,3804.065242
77,3825.705131
78,3851.716623
79,3808.216484
80,3804.189215
81,3853.964312
82,3837.749496
83,3806.244692
84,3771.811248
85,3759.407009
86,3748.608792
87,3815.929929
88,3809.213799
89,3819.135717
90,3810.489262
91,3800.074290
92,3865.496195
93,3863.614724
94,3798.640413
95,3769.029672
96,3746.162637
97,3777.716023
98,3770.955709
99,3760.736847
100,3790.085429
101,3773.214990
102,3815.445398
103,3789.422672
104,3755.874414
105,3789.330928
106,3739.469490
107,3774.483463
108,3779.333961
109,3855.853417
110,3814.690754
111,3818.795758
112,3850.451594
113,3837.346917
114,3927.711845
115,3940.766469
116,3895.435391
117,3895.142228
118,3902.435977
119,3947.666199
120,3933.190179
121,3927.856810
122,3974.705630
123,3981.179709
124,3931.953290
125,3965.969084
126,3949.311461
127,3994.425491
128,3994.869105
129,3956.552130
130,3990.116546
131,4005.649934
132,3950.301524
133,4052.194164
134,4071.987932
135,4081.057878
136,4104.395653
137,4052.566402
138,4061.652410
139,4110.745379
140,4076.366402
141,4098.055108
142,4080.733897
143,4100.294138
144,4079.653142
145,4144.520552
146,4154.993579
147,4131.302734
148,4126.622497
149,4168.964890
150,4147.526323
151,4136.883442
152,4123.239074
153,4169.168446
154,4190.856808
155,4101.652443
156,4073.697787
157,4041.536291
158,4048.351987
159,4119.851962
160,4051.277298
161,4042.803447
162,4114.829569
163,4117.509999
164,4126.342915
165,4076.024509
166,4023.579344
167,3983.998498
168,3985.556134
169,4005.506894
170,4075.529671
171,4072.062036
172,4044.405156
173,4020.205935
174,4062.410205
175,4122.397851
176,4119.683211
177,4130.411309
178,4111.787138
179,4178.551468
180,4222.752460
181,4222.217940
182,4232.965999
183,4218.753384
184,4179.564679
185,4196.099505
186,4210.220932
187,4225.819818
188,4179.995518
189,4190.724879
190,4214.254625
191,4283.053693
192,4269.530215
193,4216.608313
194,4239.228172
195,4217.739027
196,4181.088715
197,4173.744202
198,4091.998660
199,4141.359204
200,4143.640221
201,4183.633259
202,4207.477801
203,4190.878732
204,4169.638489
205,4194.245413
206,4167.108316
207,4176.461084
208,4155.321301
209,4134.706659
210,4127.097293
211,4104.236586
212,4077.241597
213,4168.952586
214,4206.108043
215,4286.071522
216,4281.319240
217,4232.523264
218,4205.885923
219,4165.413573
220,4211.739668
221,4213.496655
222,4179.589976
223,4269.638523
224,4193.280654
225,4194.625863
226,4170.380280
227,4256.865376
228,4207.908699
229,4236.173229
230,4222.332405
231,4213.346495
232,4247.425763
233,4236.734573
234,4278.200446
235,4295.896236
236,4283.968819
237,4198.215937
238,4208.618380
239,4282.531899
240,4241.129267
241,4270.556490
242,4269.735564
243,4303.133288
244,4247.062528
245,4255.973803
246,4290.942181
247,4249.530443
248,4288.117070
249,4297.389852
250,4270.143849
251,4274.727222
252,4276.335102
253,4380.860986
254,4380.620588
255,4321.604607
256,4250.288492
257,4251.369935
258,4271.080068
259,4212.178855
260,4212.444204
261,4193.577819
262,4174.033141
263,4216.221399
264,4237.060633
265,4336.826381
266,4362.590463
267,4338.095784
268,4373.186285
269,4449.680747
270,4357.544833
271,4317.910115
272,4333.494888
273,4288.763261
274,4340.254971
275,4329.628686
276,4325.557090
277,4436.634703
278,4419.903295
279,4408.172909
280,4439.509346
281,4469.496856
282,4457.937221
283,4527.884080
284,4504.933790
285,4482.431927
286,4472.232429
287,4443.543295
288,4423.427632
289,4470.289144
290,4494.269765
291,4420.866013
292,4376.711902
293,4420.332005
294,4404.869685
295,4317.948464
296,4310.542234
297,4400.555775
298,4354.750632
299,4368.433894
300,4329.390607
301,4479.540803
302,4428.278441
303,4402.538897
304,4434.382141
305,4342.225950
306,4406.886116
307,4514.034525
308,4524.359186
309,4355.435801
310,4326.821029
311,4311.756587
312,4303.092500
313,4347.483511
314,4322.943977
315,4420.940187
316,4474.573067
317,4437.479719
318,4386.186305
319,4357.302685
320,4285.511277
321,4348.370668
322,4325.102006
323,4287.299095
324,4299.888985
325,4387.338862
326,4329.676871
327,4378.519924
328,4372.838024
329,4304.414717
330,4233.417627
331,4264.299317
332,4268.483503
333,4195.207000
334,4204.871470
335,4213.310037
336,4245.999902
337,4252.422586
338,4227.266760
339,4230.208411
340,4226.695537
341,4191.115291
342,4279.402722
343,4273.644991
344,4288.159542
345,4320.388894
346,4388.522647
347,4310.996121
348,4250.713099
349,4245.398112
350,4299.647413
351,4287.092844
352,4378.221640
353,4475.793773
354,4396.324930
355,4482.815507
356,4417.337575
357,4452.421536
358,4423.662041
359,4436.756950
360,4397.845646
361,4341.982760
362,4321.424999
363,4271.557623
364,4306.559427
365,4242.695452
366,4266.385006
367,4325.685438
368,4289.015971
369,4363.031391
370,4390.647465
371,4389.681699
372,4398.346878
373,4359.377187
374,4353.701463
375,4395.286135
376,4352.138874
377,4337.085267
378,4375.433890
379,4352.052671
380,4309.502700
381,4277.853448
382,4218.231273
383,4168.435860
384,4229.603566
385,4298.526209
386,4298.297203
387,4306.906736
388,4297.936541
389,4335.705340
390,4271.317748
391,4244.522760
392,4273.150582
393,4261.397713
394,4246.667877
395,4372.148436
396,4322.996010
397,4348.634309
398,4391.861791
399,4454.494453
400,4426.600126
401,4390.777231
402,4384.237809
403,4450.315843
404,4465.278992
405,4406.432327
406,4376.227089
407,4351.778268
408,4351.374465
409,4349.580784
410,4277.287888
411,4290.783664
412,4234.529024
413,4326.186530
414,4269.172471
415,4267.320418
416,4215.219367
417,4182.245233
418,4221.169610
419,4277.357910
420,4247.773196
421,4181.194700
422,4246.701685
423,4243.330820
424,4155.108618
425,4219.357970
426,4205.646286
427,4186.499886
428,4180.059644
429,4131.371804
430,4150.734691
431,4118.647336
432,4170.848480
433,4264.704376
434,4195.333900
435,4181.843134
436,4156.204981
437,4121.765097
438,4083.062358
439,4156.246285
440,4265.327239
441,4265.928518
442,4161.108053
443,4184.736396
444,4234.193827
445,4206.935251
446,4183.158058
447,4211.133845
448,4157.088396
449,4201.167733
450,4260.918431
451,4258.820902
452,4229.378327
453,4193.453454
454,4316.264645
455,4370.090415
456,4455.295127
457,4447.962391
458,4347.406091
459,4419.646765
460,4382.136045
461,4381.697215
462,4354.899342
463,4254.977809
464,4325.435585
465,4351.905496
466,4382.821489
467,4336.982798
468,4307.967149
469,4314.334771
470,4386.060053
471,4390.209522
472,4263.668745
473,4326.898607
474,4381.120984
475,4294.032984
476,4369.798169
477,4352.345510
478,4285.891627
479,4263.544600
480,4256.334129
481,4178.519037
482,4244.985357
483,4319.417874
484,4334.911636
485,4295.715614
486,4376.245301
487,4475.461844
488,4444.645196
489,4460.895864
490,4433.933624
491,4416.437356
492,4364.451690
493,4373.822738
494,4394.314698
495,4440.607550
496,4383.897851
497,4387.800085
498,4444.721633
499,4410.244170
