0,3029.117225
1,3361.304695
2,3561.875586
3,3735.046010
4,3838.597219
5,3924.837193
6,4019.862760
7,4078.205320
8,4154.912446
9,4152.761288
10,4227.854712
11,4297.992752
12,4417.830133
13,4464.725900
14,4423.881620
15,4452.466151
16,4526.222836
17,4543.461489
18,4537.937481
19,4582.291933
20,4651.179464
21,4759.433546
22,4724.951994
23,4668.084896
24,4693.386930
25,4748.091456
26,4764.321504
27,4727.222593
28,4832.495095
29,4850.680187
30,4913.660881
31,4925.210981
32,4981.046855
33,4994.665203
34,4895.841456
35,4897.119772
36,4845.108247
37,4900.934615
38,4816.696952
39,4888.457140
40,4930.862130
41,4884.033884
42,4931.768517
43,5004.070353
44,5014.099900
45,5080.976678
46,5143.577718
47,5159.965972
48,5082.875648
49,5170.268743
50,5188.643717
51,5226.748580
52,5196.132811
53,5090.865775
54,5178.394909
55,5166.292703
56,5065.069607
57,5154.074063
58,5103.244301
59,4979.638662
60,5007.536854
61,4948.275515
62,4945.675404
63,5012.928257
64,5075.432980
65,5063.708100
66,5011.401713
67,5095.956307
68,5128.810973
69,5074.744245
70,5060.813600
71,5086.621043
72,5179.661622
73,5129.080920
74,5013.983376
75,5047.347013
76,5068.806009
77,5120.613352
78,5105.530416
79,5186.387330
80,5161.880752
81,5129.840594
82,5086.406344
83,5125.131125
84,5209.565192
85,5111.347974
86,5160.229211
87,5100.999450
88,5141.744056
89,5135.165891
90,5128.341464
91,5204.883910
92,5134.394288
93,5161.089362
94,5134.605917
95,5200.898919
96,5135.725324
97,5114.293870
98,5050.705722
99,5043.283872
100,4997.274387
101,4931.252950
102,5082.280153
103,5112.978112
104,5229.145052
105,5236.195417
106,5311.894785
107,5344.361944
108,5223.734788
109,5280.612160
110,5282.013846
111,5256.097848
112,5234.390539
113,5293.665920
114,5305.242902
115,5303.568062
116,5382.412228
117,5416.367460
118,5478.505727
119,5312.031530
120,5362.174070
121,5320.331106
122,5460.313337
123,5338.619968
124,5370.676718
125,5287.035481
126,5226.881534
127,5192.738258
128,5243.284359
129,5226.200261
130,5269.924054
131,5198.962664
132,5185.041406
133,5340.240677
134,5250.170940
135,5298.102038
136,5270.661907
137,5370.361045
138,5175.298821
139,5102.211051
140,5100.261704
141,5149.121970
142,5110.476700
143,5188.980838
144,5214.734127
145,5184.698297
146,5262.364695
147,5283.283506
148,5239.759512
149,5184.706801
150,5234.768434
151,5232.270812
152,5184.614600
153,5279.414159
154,5252.765194
155,5207.129334
156,5147.810018
157,5146.428188
158,5271.558336
159,5234.624366
160,5215.470035
161,5237.715865
162,5310.979129
163,5357.064669
164,5397.409299
165,5321.587898
166,5126.824746
167,5094.378538
168,5244.362238
169,5272.900673
170,5220.870448
171,5262.220895
172,5245.947564
173,5219.563565
174,5217.574651
175,5244.095362
176,5310.756201
177,5256.342040
178,5305.061497
179,5152.982993
180,5238.856701
181,5407.471708
182,5333.211186
183,5215.223379
184,5141.326978
185,5186.770459
186,5195.904983
187,5127.620527
188,5220.653252
189,5236.721641
190,5300.589918
191,5300.498936
192,5361.901227
193,5381.225431
194,5304.011381
195,5305.706768
196,5295.980513
197,5282.642908
198,5218.468278
199,5244.665677
200,5310.672861
201,5295.122743
202,5293.919512
203,5213.997471
204,5315.823801
205,5333.853575
206,5335.873946
207,5345.996560
208,5284.967075
209,5293.114231
210,5214.504627
211,5268.182697
212,5125.330031
213,5146.252738
214,5180.301241
215,5207.729644
216,5139.964417
217,5077.987013
218,5063.965567
219,5090.532389
220,5207.808794
221,5159.772870
222,5114.364716
223,5148.441099
224,5266.146979
225,5252.274249
226,5253.825927
227,5198.021685
228,5214.498851
229,5201.844760
230,5311.877778
231,5277.815136
232,5236.838129
233,5242.126148
234,5240.681591
235,5229.367680
236,5375.327193
237,5361.365391
238,5540.470374
239,5496.217802
240,5305.850423
241,5328.780051
242,5291.569882
243,5301.237643
244,5201.319407
245,5222.496731
246,5167.095797
247,5066.352454
248,5140.516804
249,5123.122067
250,5247.346862
251,5323.829610
252,5176.485977
253,5265.729338
254,5217.630203
255,5217.498728
256,5183.431427
257,5278.690791
258,5276.111585
259,5282.892706
260,5284.763033
261,5238.804161
262,5249.292383
263,5272.920185
264,5336.209242
265,5308.268992
266,5424.244640
267,5357.257090
268,5300.746342
269,5360.661480
270,5411.546776
271,5327.659757
272,5351.025115
273,5337.228820
274,5337.570975
275,5345.140945
276,5176.291113
277,5214.753598
278,5152.715490
279,5214.874024
280,5155.678901
281,5166.975972
282,5131.780143
283,5034.568153
284,5057.666265
285,5125.802447
286,5154.928838
287,5209.393508
288,5271.370727
289,5278.176674
290,5244.151406
291,5324.775114
292,5415.307404
293,5469.657285
294,5490.506552
295,5464.846857
296,5449.030024
297,5447.408374
298,5338.312406
299,5409.412322
300,5363.504216
301,5390.542447
302,5246.351294
303,5311.215375
304,5431.500645
305,5499.944471
306,5501.754495
307,5440.550456
308,5255.975748
309,5228.171593
310,5400.354312
311,5411.647568
312,5350.194758
313,5249.384022
314,5344.123274
315,5320.250008
316,5226.049200
317,5095.668238
318,5198.257183
319,5212.844506
320,5240.699730
321,5266.588225
322,5128.787007
323,5278.339304
324,5374.947454
325,5310.980520
326,5289.067402
327,5370.363408
328,5467.395666
329,5397.331408
330,5440.398214
331,5480.023488
332,5380.345642
333,5388.075616
334,5274.306532
335,5250.157841
336,5350.861480
337,5384.188518
338,5343.478420
339,5282.812435
340,5297.218575
341,5354.602438
342,5293.449274
343,5316.516755
344,5274.473053
345,5318.093591
346,5341.174839
347,5304.577520
348,5297.866831
349,5322.533140
350,5202.731691
351,5264.004073
352,5340.949042
353,5214.988848
354,5206.993034
355,5316.699598
356,5189.351617
357,5223.247979
358,5243.681335
359,5185.882673
360,5152.844367
361,5230.109515
362,5297.706540
363,5187.438945
364,5133.550374
365,5098.906183
366,5159.826239
367,5136.245663
368,5099.302998
369,5112.527055
370,5116.915099
371,5187.566505
372,5104.104520
373,5071.654717
374,5137.348149
375,5088.014719
376,5088.084720
377,5232.548719
378,5253.243766
379,5223.704425
380,5162.830552
381,5082.886388
382,5088.465739
383,5138.243853
384,5135.485092
385,5144.143314
386,5175.289397
387,5186.174384
388,5301.317011
389,5248.286884
390,5247.066534
391,5248.388787
392,5163.203234
393,5182.138823
394,5123.060309
395,5137.403870
396,5145.611302
397,5080.116648
398,5048.464353
399,5210.812033
400,5139.438019
401,5027.559540
402,5041.235058
403,5007.607147
404,5048.249808
405,5169.311742
406,5178.268797
407,5072.933280
408,5078.913545
409,5134.243283
410,5135.342259
411,5091.943345
412,5001.478838
413,4960.899194
414,5031.654730
415,5003.195059
416,5167.430422
417,5163.997057
418,5231.989306
419,5163.863670
420,5131.967554
421,5087.301412
422,5081.953934
423,5237.219549
424,5321.884112
425,5317.497234
426,5361.312404
427,5191.633034
428,5231.591394
429,5185.879489
430,5110.715188
431,5178.698822
432,5238.560628
433,5233.076737
434,5115.199375
435,5083.513923
436,5124.900535
437,5225.731222
438,5155.757270
439,5200.570818
440,5140.831594
441,5123.418583
442,5137.902894
443,5185.946571
444,5088.219467
445,5030.531877
446,5149.971325
447,5189.704283
448,5272.390033
449,5219.362613
450,5128.808124
451,5136.693309
452,5237.875657
453,5139.459167
454,5276.375746
455,5357.265948
456,5386.266721
457,5290.738104
458,5383.974995
459,5272.587418
460,5269.133281
461,5293.758431
462,5217.586068
463,5255.282676
464,5237.421342
465,5287.579324
466,5342.611918
467,5114.195103
468,5218.538814
469,5013.184204
470,5148.380258
471,5042.930881
472,5086.142783
473,5144.807778
474,5140.557866
475,5163.932916
476,5179.410762
477,5232.371175
478,5183.424891
479,5293.315421
480,5188.429837
481,5167.347286
482,5239.764810
483,5294.933349
484,5277.474857
485,5151.951173
486,5118.203595
487,5154.374827
488,5204.048039
489,5202.173892
490,5250.736342
491,5216.952713
492,5321.851361
493,5290.753272
494,5305.067579
495,5217.194002
496,5169.405045
497,5207.879522
498,5283.283439
499,5327.359821
