0,3046.195657
1,3441.193273
2,3706.931585
3,3954.570678
4,4144.105296
5,4347.008261
6,4488.799159
7,4649.945092
8,4831.417945
9,5036.163945
10,5221.473870
11,5413.649899
12,5600.835757
13,5786.431553
14,5998.386997
15,6170.678890
16,6326.023286
17,6461.406192
18,6636.952530
19,6810.356646
20,6958.713426
21,7104.021083
22,7251.588769
23,7387.336275
24,7512.798006
25,7627.866368
26,7725.574810
27,7797.692935
28,7850.483554
29,7896.181829
30,7932.621342
31,7974.205510
32,8015.263767
33,8050.585825
34,8082.916223
35,8117.150010
36,8140.950279
37,8166.496120
38,8198.088794
39,8206.722336
40,8214.776379
41,8224.802962
42,8233.815921
43,8234.710673
44,8234.747743
45,8234.792227
46,8234.888608
47,8235.036887
48,8235.244478
49,8235.544742
50,8235.544742
51,8235.544742
52,8235.544742
53,8235.544742
54,8235.544742
55,8235.544742
56,8235.544742
57,8235.544742
58,8235.544742
59,8235.544742
60,8235.544742
61,8235.544742
62,8235.544742
63,8235.544742
64,8235.544742
65,8235.544742
66,8235.544742
67,8235.544742
68,8235.544742
69,8235.544742
70,8235.544742
71,8235.544742
72,8235.544742
73,8235.544742
74,8235.544742
75,8235.544742
76,8235.544742
77,8235.544742
78,8235.544742
79,8235.544742
80,8235.544742
81,8235.544742
82,8235.544742
83,8235.544742
84,8235.544742
85,8235.544742
86,8235.544742
87,8235.544742
88,8235.544742
89,8235.544742
90,8235.544742
91,8235.544742
92,8235.544742
93,8235.544742
94,8235.544742
95,8235.544742
96,8235.544742
97,8235.544742
98,8235.544742
99,8235.544742
100,8235.544742
101,8235.544742
102,8235.544742
103,8235.544742
104,8235.544742
105,8235.544742
106,8235.544742
107,8235.544742
108,8235.544742
109,8235.544742
110,8235.544742
111,8235.544742
112,8235.544742
113,8235.544742
114,8235.544742
115,8235.544742
116,8235.544742
117,8235.544742
118,8235.544742
119,8235.544742
120,8235.544742
121,8235.544742
122,8235.544742
123,8235.544742
124,8235.544742
125,8235.544742
126,8235.544742
127,8235.544742
128,8235.544742
129,8235.544742
130,8235.544742
131,8235.544742
132,8235.544742
133,8235.544742
134,8235.544742
135,8235.544742
136,8235.544742
137,8235.544742
138,8235.544742
139,8235.544742
140,8235.544742
141,8235.544742
142,8235.544742
143,8235.544742
144,8235.544742
145,8235.544742
146,8235.544742
147,8235.544742
148,8235.544742
149,8235.544742
150,8235.544742
151,8235.544742
152,8235.544742
153,8235.544742
154,8235.544742
155,8235.544742
156,8235.544742
157,8235.544742
158,8235.544742
159,8235.544742
160,8235.544742
161,8235.544742
162,8235.544742
163,8235.544742
164,8235.544742
165,8235.544742
166,8235.544742
167,8235.544742
168,8235.544742
169,8235.544742
170,8235.544742
171,8235.544742
172,8235.544742
173,8235.544742
174,8235.544742
175,8235.544742
176,8235.544742
177,8235.544742
178,8235.544742
179,8235.544742
180,8235.544742
181,8235.544742
182,8235.544742
183,8235.544742
184,8235.544742
185,8235.544742
186,8235.544742
187,8235.544742
188,8235.544742
189,8235.544742
190,8235.544742
191,8235.544742
192,8235.544742
193,8235.544742
194,8235.544742
195,8235.544742
196,8235.544742
197,8235.544742
198,8235.544742
199,8235.544742
200,8235.544742
201,8235.544742
202,8235.544742
203,8235.544742
204,8235.544742
205,8235.544742
206,8235.544742
207,8235.544742
208,8235.544742
209,8235.544742
210,8235.544742
211,8235.544742
212,8235.544742
213,8235.544742
214,8235.544742
215,8235.544742
216,8235.544742
217,8235.544742
218,8235.544742
219,8235.544742
220,8235.544742
221,8235.544742
222,8235.544742
223,8235.544742
224,8235.544742
225,8235.544742
226,8235.544742
227,8235.544742
228,8235.544742
229,8235.544742
230,8235.544742
231,8235.544742
232,8235.544742
233,8235.544742
234,8235.544742
235,8235.544742
236,8235.544742
237,8235.544742
238,8235.544742
239,8235.544742
240,8235.544742
241,8235.544742
242,8235.544742
243,8235.544742
244,8235.544742
245,8235.544742
246,8235.544742
247,8235.544742
248,8235.544742
249,8235.544742
250,8235.544742
251,8235.544742
252,8235.544742
253,8235.544742
254,8235.544742
255,8235.544742
256,8235.544742
257,8235.544742
258,8235.544742
259,8235.544742
260,8235.544742
261,8235.544742
262,8235.544742
263,8235.544742
264,8235.544742
265,8235.544742
266,8235.544742
267,8235.544742
268,8235.544742
269,8235.544742
270,8235.544742
271,8235.544742
272,8235.544742
273,8235.544742
274,8235.544742
275,8235.544742
276,8235.544742
277,8235.544742
278,8235.544742
279,8235.544742
280,8235.544742
281,8235.544742
282,8235.544742
283,8235.544742
284,8235.544742
285,8235.544742
286,8235.544742
287,8235.544742
288,8235.544742
289,8235.544742
290,8235.544742
291,8235.544742
292,8235.544742
293,8235.544742
294,8235.544742
295,8235.544742
296,8235.544742
297,8235.544742
298,8235.544742
299,8235.544742
300,8235.544742
301,8235.544742
302,8235.544742
303,8235.544742
304,8235.544742
305,8235.544742
306,8235.544742
307,8235.544742
308,8235.544742
309,8235.544742
310,8235.544742
311,8235.544742
312,8235.544742
313,8235.544742
314,8235.544742
315,8235.544742
316,8235.544742
317,8235.544742
318,8235.544742
319,8235.544742
320,8235.544742
321,8235.544742
322,8235.544742
323,8235.544742
324,8235.544742
325,8235.544742
326,8235.544742
327,8235.544742
328,8235.544742
329,8235.544742
330,8235.544742
331,8235.544742
332,8235.544742
333,8235.544742
334,8235.544742
335,8235.544742
336,8235.544742
337,8235.544742
338,8235.544742
339,8235.544742
340,8235.544742
341,8235.544742
342,8235.544742
343,8235.544742
344,8235.544742
345,8235.544742
346,8235.544742
347,8235.544742
348,8235.544742
349,8235.544742
350,8235.544742
351,8235.544742
352,8235.544742
353,8235.544742
354,8235.544742
355,8235.544742
356,8235.544742
357,8235.544742
358,8235.544742
359,8235.544742
360,8235.544742
361,8235.544742
362,8235.544742
363,8235.544742
364,8235.544742
365,8235.544742
366,8235.544742
367,8235.544742
368,8235.544742
369,8235.544742
370,8235.544742
371,8235.544742
372,8235.544742
373,8235.544742
374,8235.544742
375,8235.544742
376,8235.544742
377,8235.544742
378,8235.544742
379,8235.544742
380,8235.544742
381,8235.544742
382,8235.544742
383,8235.544742
384,8235.544742
385,8235.544742
386,8235.544742
387,8235.544742
388,8235.544742
389,8235.544742
390,8235.544742
391,8235.544742
392,8235.544742
393,8235.544742
394,8235.544742
395,8235.544742
396,8235.544742
397,8235.544742
398,8235.544742
399,8235.544742
400,8235.544742
401,8235.544742
402,8235.544742
403,8235.544742
404,8235.544742
405,8235.544742
406,8235.544742
407,8235.544742
408,8235.544742
409,8235.544742
410,8235.544742
411,8235.544742
412,8235.544742
413,8235.544742
414,8235.544742
415,8235.544742
416,8235.544742
417,8235.544742
418,8235.544742
419,8235.544742
420,8235.544742
421,8235.544742
422,8235.544742
423,8235.544742
424,8235.544742
425,8235.544742
426,8235.544742
427,8235.544742
428,8235.544742
429,8235.544742
430,8235.544742
431,8235.544742
432,8235.544742
433,8235.544742
434,8235.544742
435,8235.544742
436,8235.544742
437,8235.544742
438,8235.544742
439,8235.544742
440,8235.544742
441,8235.544742
442,8235.544742
443,8235.544742
444,8235.544742
445,8235.544742
446,8235.544742
447,8235.544742
448,8235.544742
449,8235.544742
450,8235.544742
451,8235.544742
452,8235.544742
453,8235.544742
454,8235.544742
455,8235.544742
456,8235.544742
457,8235.544742
458,8235.544742
459,8235.544742
460,8235.544742
461,8235.544742
462,8235.544742
463,8235.544742
464,8235.544742
465,8235.544742
466,8235.544742
467,8235.544742
468,8235.544742
469,8235.544742
470,8235.544742
471,8235.544742
472,8235.544742
473,8235.544742
474,8235.544742
475,8235.544742
476,8235.544742
477,8235.544742
478,8235.544742
479,8235.544742
480,8235.544742
481,8235.544742
482,8235.544742
483,8235.544742
484,8235.544742
485,8235.544742
486,8235.544742
487,8235.544742
488,8235.544742
489,8235.544742
490,8235.544742
491,8235.544742
492,8235.544742
493,8235.544742
494,8235.544742
495,8235.544742
496,8235.544742
497,8235.544742
498,8235.544742
499,8235.544742
