0,3058.021442
1,6303.037280
2,6810.853029
3,7309.178018
4,7728.388277
5,8188.350495
6,8555.283852
7,8948.295752
8,9323.395487
9,9708.900549
10,10179.891946
11,10378.548922
12,10677.690738
13,10831.580680
14,11107.410886
15,11406.723910
16,11645.010666
17,11812.062899
18,12023.769748
19,12315.701595
20,12438.548053
21,12675.867570
22,12799.751032
23,13006.878153
24,13214.565042
25,13187.601809
26,13362.292438
27,13334.081947
28,13467.646919
29,13603.479017
30,13651.764066
31,13535.388296
32,13724.712637
33,13907.672702
34,13888.432530
35,14087.609579
36,13958.457276
37,14071.592819
38,14107.117407
39,14176.392750
40,14088.693194
41,14369.209418
42,14586.408137
43,14482.263790
44,14501.779486
45,14595.252179
46,14607.805177
47,14538.103138
48,14606.665757
49,14705.788371
50,14662.978260
51,14668.379276
52,14577.246846
53,14641.550760
54,14542.133379
55,14686.295122
56,14898.514153
57,14838.091219
58,14782.727881
59,14759.043043
60,14839.097503
61,14847.554882
62,14898.635405
63,14834.790875
64,14997.481549
65,14988.918831
66,14799.688450
67,14900.018311
68,14964.507932
69,15095.846592
70,14895.641053
71,15018.079003
72,15121.311226
73,15097.145193
74,15039.041220
75,14947.133185
76,15091.635995
77,15006.143872
78,14876.015951
79,14919.467452
80,14905.238610
81,14862.621544
82,14924.067361
83,14848.877155
84,14912.646704
85,14960.695015
86,15139.630304
87,15048.787011
88,14982.590244
89,14816.581938
90,14817.325268
91,14916.064677
92,14845.426881
93,15040.529303
94,15049.589569
95,14865.054610
96,15047.484963
97,14970.559080
98,15075.676153
99,14935.051186
100,14884.842465
101,14890.151591
102,14898.280599
103,14993.492766
104,14975.605785
105,14908.384676
106,14851.223454
107,14884.650867
108,14816.843044
109,14984.552151
110,14889.074107
111,15057.427055
112,15070.265931
113,15048.434163
114,14825.963228
115,14796.133321
116,15021.774819
117,15146.220603
118,14991.737752
119,15004.174721
120,14977.561539
121,15087.818478
122,15187.396735
123,15040.335332
124,15102.236588
125,15088.011192
126,15026.084013
127,15283.443400
128,15292.094361
129,15108.924419
130,15082.902539
131,15176.366230
132,15251.292740
133,15259.548117
134,15434.875529
135,15289.832922
136,15157.558316
137,15292.573264
138,15112.694583
139,15368.832842
140,15418.674304
141,15460.224544
142,15432.967190
143,15424.939166
144,15414.858181
145,15460.787182
146,15521.765750
147,15319.301318
148,15499.621424
149,15399.471455
150,15468.592907
151,15370.958428
152,15307.928441
153,15298.776103
154,15408.149906
155,15395.958616
156,15425.087819
157,15463.350619
158,15335.438638
159,15547.903796
160,15610.807100
161,15674.154979
162,15443.138005
163,15347.271705
164,15516.441665
165,15646.547657
166,15463.156202
167,15488.752494
168,15470.360680
169,15502.300945
170,15529.455594
171,15396.377518
172,15438.637817
173,15550.182568
174,15436.331465
175,15524.480955
176,15462.606563
177,15593.816475
178,15476.947733
179,15470.176312
180,15499.759246
181,15650.733216
182,15613.859930
183,15553.196152
184,15629.012115
185,15568.955131
186,15548.192235
187,15566.577369
188,15599.365852
189,15559.976511
190,15304.173118
191,15169.160320
192,15516.477318
193,15467.101984
194,15388.231938
195,15461.509141
196,15499.196759
197,15556.964428
198,15495.774026
199,15507.292177
200,15371.363406
201,15364.302093
202,15532.054944
203,15520.087794
204,15489.603370
205,15501.888527
206,15373.364399
207,15328.240308
208,15654.335228
209,15599.032318
210,15683.062214
211,15468.009611
212,15387.201489
213,15514.137922
214,15425.558164
215,15342.502713
216,15404.806060
217,15481.962027
218,15301.852851
219,15398.741379
220,15561.910899
221,15629.688062
222,15534.528007
223,15603.266486
224,15596.442723
225,15410.031150
226,15599.967784
227,15652.712738
228,15545.516383
229,15579.690063
230,15495.038606
231,15392.540648
232,15527.437606
233,15565.864591
234,15451.494149
235,15514.886786
236,15624.679093
237,15542.071954
238,15546.294168
239,15708.955021
240,15746.699623
241,15989.351385
242,15816.053507
243,15964.957913
244,16050.799631
245,15956.703052
246,16134.128779
247,16067.004602
248,15979.721922
249,15949.088790
250,16192.372703
251,15999.518414
252,16219.672654
253,16122.641994
254,15992.684544
255,15898.254160
256,16111.878844
257,16101.902902
258,16016.672407
259,16308.812438
260,16002.428048
261,15965.915065
262,15946.646504
263,16187.505622
264,16298.715529
265,16097.824633
266,16193.497770
267,16125.077916
268,16207.374027
269,16435.449916
270,16215.891925
271,16416.060544
272,16276.659285
273,16273.110975
274,16172.150774
275,16179.950297
276,16118.543962
277,16394.663692
278,16151.908406
279,16249.204358
280,16199.573063
281,16314.958038
282,16331.078971
283,16289.603433
284,16359.099481
285,16218.083261
286,16401.578855
287,16291.503282
288,16263.922726
289,16250.901099
290,16217.856128
291,16151.683805
292,16239.971586
293,16195.762749
294,16314.888476
295,16296.780436
296,16215.423084
297,16257.366810
298,16108.775528
299,16150.639193
300,16005.212474
301,16139.819001
302,16170.864353
303,16256.137746
304,16217.722689
305,16369.290478
306,16398.363710
307,16382.080813
308,16320.458904
309,16467.297328
310,16478.078437
311,16569.308984
312,16445.607267
313,16431.543563
314,16404.390595
315,16493.556553
316,16486.917760
317,16453.524256
318,16627.041355
319,16507.768808
320,16412.899026
321,16343.295177
322,16364.184202
323,16385.232806
324,16447.093190
325,16511.136154
326,16495.600806
327,16299.064254
328,16415.877345
329,16600.438335
330,16637.702514
331,16427.722530
332,16383.367504
333,16475.492950
334,16460.309808
335,16549.291757
336,16634.743493
337,16572.030356
338,16565.310565
339,16470.429430
340,16359.302381
341,16464.314494
342,16492.153964
343,16496.455912
344,16305.254305
345,16358.058540
346,16532.581317
347,16583.238022
348,16405.371210
349,16345.136005
350,16306.256546
351,16534.926416
352,16547.467014
353,16749.160797
354,16678.942810
355,16504.825282
356,16600.548200
357,16233.706713
358,16592.480979
359,16544.185827
360,16482.441993
361,16332.893687
362,16499.639122
363,16414.160606
364,16458.012919
365,16456.510729
366,16464.544507
367,16358.720155
368,16484.965972
369,16467.417381
370,16526.524859
371,16442.407263
372,16481.373859
373,16456.096976
374,16228.776598
375,16142.120543
376,16371.754446
377,16473.132295
378,16529.119235
379,16574.875701
380,16485.615164
381,16433.007998
382,16372.576357
383,16353.078765
384,16365.777822
385,16447.235575
386,16570.374391
387,16520.171966
388,16503.006255
389,16410.854125
390,16362.642610
391,16389.507438
392,16308.010976
393,16590.403872
394,16344.106383
395,16331.086403
396,16572.264384
397,16472.234074
398,16393.395055
399,16396.335518
400,16415.292322
401,16357.080270
402,16106.988945
403,16274.051626
404,16148.252360
405,16460.920060
406,16418.268043
407,16512.479854
408,16363.945585
409,16375.429079
410,16437.976924
411,16643.696541
412,16747.146534
413,16421.359584
414,16442.937317
415,16475.085988
416,16581.466471
417,16474.998268
418,16337.329917
419,16470.095587
420,16299.936428
421,16491.413039
422,16615.889889
423,16654.862652
424,16559.533185
425,16547.337532
426,16419.716478
427,16374.898648
428,16475.674892
429,16615.976587
430,16423.335415
431,16521.307107
432,16498.643473
433,16405.781752
434,16633.462648
435,16484.267782
436,16529.451983
437,16597.446700
438,16527.503041
439,16475.400653
440,16596.206258
441,16388.797867
442,16450.098128
443,16529.998904
444,16269.776214
445,16302.406838
446,16308.071185
447,16448.534329
448,16657.458674
449,16677.902067
450,16620.424152
451,16613.992488
452,16531.525504
453,16495.927451
454,16385.532511
455,16456.855861
456,16409.816449
457,16520.948581
458,16341.051408
459,16424.333652
460,16515.778147
461,16622.842644
462,16440.117941
463,16579.278252
464,16455.456522
465,16632.677925
466,16318.998608
467,16390.790817
468,16395.546522
469,16570.373687
470,16501.485842
471,16436.048675
472,16629.597466
473,16445.490101
474,16636.700329
475,16665.592231
476,16599.107666
477,16700.403333
478,16657.997330
479,16763.948383
480,16792.115656
481,16661.698201
482,16739.043978
483,16734.563530
484,16887.163646
485,16659.276777
486,16407.388699
487,16578.332066
488,16554.404012
489,16587.431508
490,16622.538541
491,16531.992679
492,16815.566617
493,16748.482954
494,16608.531523
495,16764.032717
496,16527.016871
497,16545.610098
498,16594.616282
499,16675.705326
