0,2974.659073
1,5933.096162
2,6352.945431
3,6647.403371
4,6916.234423
5,7220.435310
6,7448.701927
7,7634.848610
8,7791.163174
9,7827.342562
10,8050.722625
11,8216.246369
12,8356.564794
13,8555.945632
14,8801.299902
15,8833.606611
16,8993.187730
17,9164.645002
18,9187.209283
19,9563.229500
20,9526.497313
21,9583.442274
22,9800.621939
23,9853.986150
24,10058.200134
25,10215.208157
26,10292.669849
27,10747.755634
28,10763.422856
29,10959.736363
30,11015.584901
31,11465.270744
32,11281.924930
33,11548.630959
34,11478.051661
35,11672.256203
36,11777.861389
37,12143.603901
38,11980.824093
39,12316.546466
40,12676.304820
41,12514.078743
42,12450.619427
43,12845.662281
44,12923.975964
45,13029.616458
46,13152.695294
47,13295.846944
48,13344.525777
49,13235.452974
50,13322.840735
51,13653.674216
52,13383.259127
53,13553.802740
54,13776.014714
55,13517.671573
56,13592.381192
57,13824.270255
58,14194.920007
59,13874.485790
60,13825.602255
61,13978.681812
62,13547.759394
63,14126.321959
64,14111.006718
65,14029.452633
66,14171.590503
67,14043.441854
68,13942.170677
69,14200.870568
70,14101.185503
71,14142.637574
72,14254.651430
73,14030.891715
74,14310.041831
75,14454.569763
76,14349.169747
77,14472.239406
78,14652.267407
79,14767.160204
80,14748.830178
81,14663.897603
82,14601.056018
83,14267.100884
84,14473.582774
85,14368.863133
86,14597.637123
87,14526.757555
88,14750.778924
89,14677.712264
90,14863.967140
91,14932.007911
92,14665.248979
93,15043.083919
94,14626.152837
95,14548.785520
96,15003.378102
97,15160.740937
98,15054.795432
99,15217.382802
100,14994.158587
101,14944.791431
102,14964.984176
103,15201.551527
104,15493.551453
105,15212.239572
106,15393.225991
107,15085.719716
108,15213.230395
109,15460.448878
110,15050.223156
111,15040.632804
112,15156.648245
113,15356.574746
114,15362.463260
115,15500.298907
116,15821.052481
117,15733.278724
118,15557.348487
119,15684.897406
120,15643.999609
121,15775.294778
122,15743.392288
123,15668.569062
124,15705.757874
125,15753.178671
126,15846.452648
127,16014.638167
128,16044.127781
129,15996.889421
130,15888.427318
131,15915.620933
132,16012.133798
133,16003.464436
134,15986.266675
135,15867.333567
136,15975.901064
137,16169.717984
138,16056.194259
139,16091.102938
140,16199.483366
141,16164.340700
142,16263.778423
143,16286.930910
144,16175.004055
145,16242.042003
146,16281.081214
147,16243.823198
148,16234.710171
149,16209.935123
150,16247.987983
151,16300.262577
152,16245.348647
153,16224.646781
154,16294.903309
155,16280.035304
156,16291.693678
157,16294.716271
158,16265.550144
159,16264.835625
160,16318.403000
161,16315.872704
162,16318.880841
163,16368.803665
164,16319.629126
165,16319.674712
166,16286.453645
167,16336.588115
168,16336.220589
169,16317.550122
170,16336.091034
171,16368.803665
172,16333.188981
173,16352.615063
174,16368.803665
175,16368.803665
176,16336.092242
177,16352.727323
178,16368.803665
179,16368.803665
180,16368.803665
181,16368.803665
182,16352.311698
183,16368.803665
184,16368.803665
185,16368.803665
186,16368.803665
187,16368.803665
188,16368.803665
189,16368.803665
190,16368.803665
191,16349.801921
192,16368.803665
193,16368.803665
194,16368.803665
195,16368.803665
196,16368.803665
197,16368.803665
198,16368.803665
199,16368.803665
200,16368.803665
201,16368.803665
202,16368.803665
203,16368.803665
204,16368.803665
205,16368.803665
206,16351.958226
207,16368.803665
208,16368.803665
209,16368.803665
210,16368.803665
211,16368.803665
212,16368.803665
213,16368.803665
214,16368.803665
215,16368.803665
216,16368.803665
217,16368.803665
218,16368.803665
219,16368.803665
220,16368.803665
221,16368.803665
222,16368.803665
223,16368.803665
224,16368.803665
225,16368.803665
226,16368.803665
227,16368.803665
228,16368.803665
229,16368.803665
230,16368.803665
231,16368.803665
232,16368.803665
233,16368.803665
234,16368.803665
235,16368.803665
236,16368.803665
237,16368.803665
238,16368.803665
239,16368.803665
240,16368.803665
241,16368.803665
242,16368.803665
243,16368.803665
244,16368.803665
245,16368.803665
246,16368.803665
247,16368.803665
248,16368.803665
249,16368.803665
250,16368.803665
251,16368.803665
252,16368.803665
253,16368.803665
254,16368.803665
255,16368.803665
256,16368.803665
257,16368.803665
258,16368.803665
259,16368.803665
260,16368.803665
261,16368.803665
262,16368.803665
263,16368.803665
264,16368.803665
265,16368.803665
266,16368.803665
267,16368.803665
268,16368.803665
269,16368.803665
270,16368.803665
271,16368.803665
272,16368.803665
273,16368.803665
274,16368.803665
275,16368.803665
276,16368.803665
277,16368.803665
278,16368.803665
279,16368.803665
280,16368.803665
281,16368.803665
282,16368.803665
283,16368.803665
284,16368.803665
285,16368.803665
286,16368.803665
287,16368.803665
288,16368.803665
289,16368.803665
290,16368.803665
291,16368.803665
292,16368.803665
293,16368.803665
294,16368.803665
295,16368.803665
296,16368.803665
297,16368.803665
298,16368.803665
299,16368.803665
300,16368.803665
301,16368.803665
302,16368.803665
303,16368.803665
304,16368.803665
305,16368.803665
306,16368.803665
307,16368.803665
308,16368.803665
309,16368.803665
310,16368.803665
311,16368.803665
312,16368.803665
313,16368.803665
314,16368.803665
315,16368.803665
316,16368.803665
317,16368.803665
318,16368.803665
319,16368.803665
320,16368.803665
321,16368.803665
322,16368.803665
323,16368.803665
324,16368.803665
325,16368.803665
326,16368.803665
327,16368.803665
328,16368.803665
329,16368.803665
330,16368.803665
331,16368.803665
332,16368.803665
333,16368.803665
334,16368.803665
335,16368.803665
336,16368.803665
337,16368.803665
338,16368.803665
339,16368.803665
340,16368.803665
341,16368.803665
342,16368.803665
343,16368.803665
344,16368.803665
345,16368.803665
346,16368.803665
347,16368.803665
348,16368.803665
349,16368.803665
350,16368.803665
351,16368.803665
352,16368.803665
353,16368.803665
354,16368.803665
355,16368.803665
356,16368.803665
357,16368.803665
358,16368.803665
359,16368.803665
360,16368.803665
361,16368.803665
362,16368.803665
363,16368.803665
364,16368.803665
365,16368.803665
366,16368.803665
367,16368.803665
368,16368.803665
369,16368.803665
370,16368.803665
371,16368.803665
372,16368.803665
373,16368.803665
374,16368.803665
375,16368.803665
376,16368.803665
377,16368.803665
378,16368.803665
379,16368.803665
380,16368.803665
381,16368.803665
382,16368.803665
383,16368.803665
384,16368.803665
385,16368.803665
386,16368.803665
387,16368.803665
388,16368.803665
389,16368.803665
390,16368.803665
391,16368.803665
392,16368.803665
393,16368.803665
394,16368.803665
395,16368.803665
396,16368.803665
397,16368.803665
398,16368.803665
399,16368.803665
400,16368.803665
401,16368.803665
402,16368.803665
403,16368.803665
404,16368.803665
405,16368.803665
406,16368.803665
407,16368.803665
408,16368.803665
409,16368.803665
410,16368.803665
411,16368.803665
412,16368.803665
413,16368.803665
414,16368.803665
415,16368.803665
416,16368.803665
417,16368.803665
418,16368.803665
419,16368.803665
420,16368.803665
421,16368.803665
422,16368.803665
423,16368.803665
424,16368.803665
425,16368.803665
426,16368.803665
427,16368.803665
428,16368.803665
429,16368.803665
430,16368.803665
431,16368.803665
432,16368.803665
433,16368.803665
434,16368.803665
435,16368.803665
436,16368.803665
437,16368.803665
438,16368.803665
439,16368.803665
440,16368.803665
441,16368.803665
442,16368.803665
443,16368.803665
444,16368.803665
445,16368.803665
446,16368.803665
447,16368.803665
448,16368.803665
449,16368.803665
450,16368.803665
451,16368.803665
452,16368.803665
453,16368.803665
454,16368.803665
455,16368.803665
456,16368.803665
457,16368.803665
458,16368.803665
459,16368.803665
460,16368.803665
461,16368.803665
462,16368.803665
463,16368.803665
464,16368.803665
465,16368.803665
466,16368.803665
467,16368.803665
468,16368.803665
469,16368.803665
470,16368.803665
471,16368.803665
472,16368.803665
473,16368.803665
474,16368.803665
475,16368.803665
476,16368.803665
477,16368.803665
478,16368.803665
479,16368.803665
480,16368.803665
481,16368.803665
482,16368.803665
483,16368.803665
484,16368.803665
485,16368.803665
486,16368.803665
487,16368.803665
488,16368.803665
489,16368.803665
490,16368.803665
491,16368.803665
492,16368.803665
493,16368.803665
494,16368.803665
495,16368.803665
496,16368.803665
497,16368.803665
498,16368.803665
499,16368.803665
