0,3076.019862
1,6123.250840
2,6545.857316
3,6788.325098
4,6968.388569
5,7063.990762
6,7186.349659
7,7340.563454
8,7355.667542
9,7349.012568
10,7516.682612
11,7643.899394
12,7666.974638
13,7654.789350
14,7798.516374
15,7857.840161
16,7893.431439
17,7938.281512
18,7993.172575
19,8093.827891
20,8018.286779
21,8153.267645
22,8152.400963
23,8174.370674
24,8206.060356
25,8297.274830
26,8416.483942
27,8365.577304
28,8445.808412
29,8566.878063
30,8675.619344
31,8663.187418
32,8709.350955
33,8646.421771
34,8701.629262
35,8819.067913
36,8895.112280
37,8830.834382
38,8933.305399
39,8993.254348
40,8983.937601
41,8976.356669
42,8952.947750
43,9128.029210
44,9081.636783
45,9069.538896
46,9033.239680
47,9225.440274
48,9239.011240
49,9244.923868
50,9309.543633
51,9382.000853
52,9365.322946
53,9351.113595
54,9441.948285
55,9457.719516
56,9462.631397
57,9629.017092
58,9587.880575
59,9597.183712
60,9620.730672
61,9714.174084
62,9563.438488
63,9543.839557
64,9681.006972
65,9681.406631
66,9679.656674
67,9697.965616
68,9710.802380
69,9804.403700
70,9790.740626
71,9841.282447
72,9871.128913
73,9957.499253
74,9839.414634
75,9819.886659
76,9888.244333
77,10022.333974
78,9973.962024
79,9962.346555
80,9884.999191
81,9994.024738
82,9981.745214
83,9923.011777
84,9946.515294
85,10221.601359
86,10080.442337
87,10104.187040
88,10076.791788
89,10078.476877
90,10211.589759
91,10088.625322
92,10185.162191
93,10154.739751
94,10174.903169
95,10196.914251
96,10138.104522
97,10107.004141
98,10249.054761
99,10280.184367
100,10238.616180
101,10215.847450
102,10323.545883
103,10383.377517
104,10488.827835
105,10322.543380
106,10398.757911
107,10444.003668
108,10524.184636
109,10391.160018
110,10417.696286
111,10466.062651
112,10477.490653
113,10554.653387
114,10466.767337
115,10461.901455
116,10491.639025
117,10603.446920
118,10628.072498
119,10571.060275
120,10547.550298
121,10481.246466
122,10621.395929
123,10703.484392
124,10658.797468
125,10677.421787
126,10605.431232
127,10610.422710
128,10720.222957
129,10658.727874
130,10664.684154
131,10693.984778
132,10794.531580
133,10810.324605
134,10707.509691
135,10641.433970
136,10869.402063
137,10810.515182
138,10788.503153
139,10787.896027
140,10840.566031
141,10882.902738
142,10805.315180
143,10864.337967
144,10788.550924
145,10877.487044
146,11017.866190
147,10951.902229
148,10878.837050
149,11000.326366
150,10949.025313
151,10956.452575
152,11006.239060
153,10962.323934
154,11188.143335
155,11009.270336
156,11021.188952
157,11034.347009
158,11048.190243
159,11013.820472
160,11164.668121
161,11163.076327
162,11165.654480
163,11354.017766
164,11154.132377
165,11178.271860
166,11148.483868
167,11138.623087
168,11196.940496
169,11110.509854
170,11134.371676
171,11274.256099
172,11215.485796
173,11353.245746
174,11225.355551
175,11351.460257
176,11243.826104
177,11354.648501
178,11367.779613
179,11295.581575
180,11196.075173
181,11136.794971
182,11182.864802
183,11324.507202
184,11372.825929
185,11270.371298
186,11366.602018
187,11301.065604
188,11406.321495
189,11518.085839
190,11416.397033
191,11409.227731
192,11444.441171
193,11605.445899
194,11330.675262
195,11448.741448
196,11426.236584
197,11549.499231
198,11504.969824
199,11631.429040
200,11627.450931
201,11342.347680
202,11526.689689
203,11552.546495
204,11570.352390
205,11433.381791
206,11524.123378
207,11671.967526
208,11687.279946
209,11612.463225
210,11521.032883
211,11601.911642
212,11583.543410
213,11658.201883
214,11567.923308
215,11722.475301
216,11693.229559
217,11740.057399
218,11705.069287
219,11707.148176
220,11740.528072
221,11672.885887
222,11608.033088
223,11813.485865
224,11599.589632
225,11806.345746
226,11707.202223
227,11726.846071
228,11672.437170
229,11846.184123
230,11783.781987
231,11820.918746
232,11790.937193
233,11729.635372
234,11896.331744
235,11719.939604
236,11689.365581
237,11864.333826
238,11725.972080
239,11803.903816
240,11753.303233
241,11899.640666
242,11835.297034
243,11797.848913
244,11849.111649
245,11783.852857
246,11892.121952
247,11996.162542
248,12044.723756
249,11811.552112
250,11816.467953
251,11880.710875
252,11778.996271
253,11820.756114
254,11880.812584
255,11839.976371
256,11838.696954
257,11851.004911
258,12003.583473
259,12159.774598
260,11940.814853
261,12103.178815
262,12037.156757
263,12006.209125
264,11948.162044
265,12069.141475
266,12007.125290
267,12030.109094
268,11984.363516
269,12085.813395
270,11912.392576
271,11944.359272
272,11868.262921
273,11959.364051
274,11979.275780
275,12069.200934
276,11935.917956
277,12008.673600
278,11884.534603
279,12225.183810
280,12127.382556
281,12098.938686
282,12152.026785
283,12075.597518
284,12205.299646
285,12050.762079
286,12253.638428
287,12212.327144
288,12027.178757
289,12180.946654
290,12103.991044
291,12057.378003
292,12058.002928
293,12115.180320
294,12111.606717
295,12046.269580
296,12077.701653
297,12101.910469
298,12118.147730
299,12095.663770
300,12062.627037
301,12062.800885
302,12144.337163
303,12185.860122
304,12151.751193
305,12058.940849
306,12164.582402
307,11941.584491
308,12055.534966
309,12181.591451
310,12083.272483
311,12260.651371
312,12096.738211
313,12279.586207
314,12265.723000
315,12025.638837
316,12133.181881
317,12142.973072
318,12109.334674
319,12188.166865
320,12314.037714
321,12241.525562
322,12233.039359
323,12144.528201
324,12239.819953
325,12176.022118
326,12200.464196
327,12097.243704
328,12308.248476
329,12229.811426
330,12133.309993
331,12246.396068
332,12130.276466
333,12256.879047
334,12353.090800
335,12162.430518
336,12341.336010
337,12222.496702
338,12284.074015
339,12257.858605
340,12195.340736
341,12059.595078
342,12233.939974
343,12267.469608
344,12332.394860
345,12305.759908
346,12341.065416
347,12302.578691
348,12321.397473
349,12444.168035
350,12436.440942
351,12134.914942
352,12249.697056
353,12345.718216
354,12370.642719
355,12490.578441
356,12556.106476
357,12319.294143
358,12466.218654
359,12406.720544
360,12533.643165
361,12394.176587
362,12311.288059
363,12284.889882
364,12160.330345
365,12378.710874
366,12492.372801
367,12346.172123
368,12489.018566
369,12351.695570
370,12507.143215
371,12279.402052
372,12278.980842
373,12550.914831
374,12494.327886
375,12491.676122
376,12465.059558
377,12321.278702
378,12439.454856
379,12491.254824
380,12395.580739
381,12510.549426
382,12228.055079
383,12235.833757
384,12460.426359
385,12463.950185
386,12402.353075
387,12493.824977
388,12421.574577
389,12395.262934
390,12310.089504
391,12310.909976
392,12145.526059
393,12279.065637
394,12416.003303
395,12371.697467
396,12405.779549
397,12357.292889
398,12353.143333
399,12451.673060
400,12477.014308
401,12594.716633
402,12562.499482
403,12598.189966
404,12308.016377
405,12455.035906
406,12348.301661
407,12349.186069
408,12368.956039
409,12571.869369
410,12278.860051
411,12433.285935
412,12332.103885
413,12599.516704
414,12395.131631
415,12626.910052
416,12443.106671
417,12493.636677
418,12471.305838
419,12421.482469
420,12562.612114
421,12383.883763
422,12478.336903
423,12570.950425
424,12547.049520
425,12455.646718
426,12501.853821
427,12284.921855
428,12534.459644
429,12585.434350
430,12365.814586
431,12430.030161
432,12480.498895
433,12621.403904
434,12421.052023
435,12461.013981
436,12511.244914
437,12563.969777
438,12522.680068
439,12575.627439
440,12576.448704
441,12488.553836
442,12554.695892
443,12730.546429
444,12590.881656
445,12431.365956
446,12513.758431
447,12449.636132
448,12401.369416
449,12263.794042
450,12378.139840
451,12504.736255
452,12549.122818
453,12587.224543
454,12537.307914
455,12451.749169
456,12605.306813
457,12667.851923
458,12527.436570
459,12706.101121
460,12626.162497
461,12415.020443
462,12654.425189
463,12732.414009
464,12658.684999
465,12518.616592
466,12560.917241
467,12647.330018
468,12515.473186
469,12614.222202
470,12552.825237
471,12650.937237
472,12357.502112
473,12512.338003
474,12517.325324
475,12581.980414
476,12539.613833
477,12746.220484
478,12536.943687
479,12640.110417
480,12814.956208
481,12550.686477
482,12571.695627
483,12591.766824
484,12512.175298
485,12609.179533
486,12537.079239
487,12619.302912
488,12321.253375
489,12530.816235
490,12522.331077
491,12573.966483
492,12480.191936
493,12593.579546
494,12637.765927
495,12643.238566
496,12648.095082
497,12577.430304
498,12517.883194
499,12719.767676
