0,3088.064817
1,3525.553298
2,3739.051651
3,3914.177982
4,4089.974749
5,4281.973805
6,4458.922520
7,4676.314624
8,4877.612883
9,5052.237024
10,5222.552299
11,5387.511776
12,5541.810982
13,5709.868527
14,5848.651649
15,6004.414907
16,6160.497578
17,6288.012015
18,6440.745819
19,6579.311646
20,6703.156951
21,6820.910829
22,6911.991427
23,7004.211703
24,7097.868439
25,7181.349693
26,7263.644236
27,7336.389582
28,7419.512176
29,7532.314969
30,7646.877175
31,7712.915192
32,7752.210835
33,7782.294682
34,7801.085185
35,7815.078800
36,7827.449148
37,7835.352936
38,7843.536213
39,7854.982740
40,7865.623174
41,7880.914018
42,7888.064002
43,7893.082540
44,7896.384139
45,7897.914780
46,7897.914780
47,7897.914780
48,7897.914780
49,7897.914780
50,7897.914780
51,7897.914780
52,7897.914780
53,7897.914780
54,7897.914780
55,7897.914780
56,7897.914780
57,7897.914780
58,7897.914780
59,7897.914780
60,7897.914780
61,7897.914780
62,7897.914780
63,7897.914780
64,7897.914780
65,7897.914780
66,7897.914780
67,7897.914780
68,7897.914780
69,7897.914780
70,7897.914780
71,7897.914780
72,7897.914780
73,7897.914780
74,7897.914780
75,7897.914780
76,7897.914780
77,7897.914780
78,7897.914780
79,7897.914780
80,7897.914780
81,7897.914780
82,7897.914780
83,7897.914780
84,7897.914780
85,7897.914780
86,7897.914780
87,7897.914780
88,7897.914780
89,7897.914780
90,7897.914780
91,7897.914780
92,7897.914780
93,7897.914780
94,7897.914780
95,7897.914780
96,7897.914780
97,7897.914780
98,7897.914780
99,7897.914780
100,7897.914780
101,7897.914780
102,7897.914780
103,7897.914780
104,7897.914780
105,7897.914780
106,7897.914780
107,7897.914780
108,7897.914780
109,7897.914780
110,7897.914780
111,7897.914780
112,7897.914780
113,7897.914780
114,7897.914780
115,7897.914780
116,7897.914780
117,7897.914780
118,7897.914780
119,7897.914780
120,7897.914780
121,7897.914780
122,7897.914780
123,7897.914780
124,7897.914780
125,7897.914780
126,7897.914780
127,7897.914780
128,7897.914780
129,7897.914780
130,7897.914780
131,7897.914780
132,7897.914780
133,7897.914780
134,7897.914780
135,7897.914780
136,7897.914780
137,7897.914780
138,7897.914780
139,7897.914780
140,7897.914780
141,7897.914780
142,7897.914780
143,7897.914780
144,7897.914780
145,7897.914780
146,7897.914780
147,7897.914780
148,7897.914780
149,7897.914780
150,7897.914780
151,7897.914780
152,7897.914780
153,7897.914780
154,7897.914780
155,7897.914780
156,7897.914780
157,7897.914780
158,7897.914780
159,7897.914780
160,7897.914780
161,7897.914780
162,7897.914780
163,7897.914780
164,7897.914780
165,7897.914780
166,7897.914780
167,7897.914780
168,7897.914780
169,7897.914780
170,7897.914780
171,7897.914780
172,7897.914780
173,7897.914780
174,7897.914780
175,7897.914780
176,7897.914780
177,7897.914780
178,7897.914780
179,7897.914780
180,7897.914780
181,7897.914780
182,7897.914780
183,7897.914780
184,7897.914780
185,7897.914780
186,7897.914780
187,7897.914780
188,7897.914780
189,7897.914780
190,7897.914780
191,7897.914780
192,7897.914780
193,7897.914780
194,7897.914780
195,7897.914780
196,7897.914780
197,7897.914780
198,7897.914780
199,7897.914780
200,7897.914780
201,7897.914780
202,7897.914780
203,7897.914780
204,7897.914780
205,7897.914780
206,7897.914780
207,7897.914780
208,7897.914780
209,7897.914780
210,7897.914780
211,7897.914780
212,7897.914780
213,7897.914780
214,7897.914780
215,7897.914780
216,7897.914780
217,7897.914780
218,7897.914780
219,7897.914780
220,7897.914780
221,7897.914780
222,7897.914780
223,7897.914780
224,7897.914780
225,7897.914780
226,7897.914780
227,7897.914780
228,7897.914780
229,7897.914780
230,7897.914780
231,7897.914780
232,7897.914780
233,7897.914780
234,7897.914780
235,7897.914780
236,7897.914780
237,7897.914780
238,7897.914780
239,7897.914780
240,7897.914780
241,7897.914780
242,7897.914780
243,7897.914780
244,7897.914780
245,7897.914780
246,7897.914780
247,7897.914780
248,7897.914780
249,7897.914780
250,7897.914780
251,7897.914780
252,7897.914780
253,7897.914780
254,7897.914780
255,7897.914780
256,7897.914780
257,7897.914780
258,7897.914780
259,7897.914780
260,7897.914780
261,7897.914780
262,7897.914780
263,7897.914780
264,7897.914780
265,7897.914780
266,7897.914780
267,7897.914780
268,7897.914780
269,7897.914780
270,7897.914780
271,7897.914780
272,7897.914780
273,7897.914780
274,7897.914780
275,7897.914780
276,7897.914780
277,7897.914780
278,7897.914780
279,7897.914780
280,7897.914780
281,7897.914780
282,7897.914780
283,7897.914780
284,7897.914780
285,7897.914780
286,7897.914780
287,7897.914780
288,7897.914780
289,7897.914780
290,7897.914780
291,7897.914780
292,7897.914780
293,7897.914780
294,7897.914780
295,7897.914780
296,7897.914780
297,7897.914780
298,7897.914780
299,7897.914780
300,7897.914780
301,7897.914780
302,7897.914780
303,7897.914780
304,7897.914780
305,7897.914780
306,7897.914780
307,7897.914780
308,7897.914780
309,7897.914780
310,7897.914780
311,7897.914780
312,7897.914780
313,7897.914780
314,7897.914780
315,7897.914780
316,7897.914780
317,7897.914780
318,7897.914780
319,7897.914780
320,7897.914780
321,7897.914780
322,7897.914780
323,7897.914780
324,7897.914780
325,7897.914780
326,7897.914780
327,7897.914780
328,7897.914780
329,7897.914780
330,7897.914780
331,7897.914780
332,7897.914780
333,7897.914780
334,7897.914780
335,7897.914780
336,7897.914780
337,7897.914780
338,7897.914780
339,7897.914780
340,7897.914780
341,7897.914780
342,7897.914780
343,7897.914780
344,7897.914780
345,7897.914780
346,7897.914780
347,7897.914780
348,7897.914780
349,7897.914780
350,7897.914780
351,7897.914780
352,7897.914780
353,7897.914780
354,7897.914780
355,7897.914780
356,7897.914780
357,7897.914780
358,7897.914780
359,7897.914780
360,7897.914780
361,7897.914780
362,7897.914780
363,7897.914780
364,7897.914780
365,7897.914780
366,7897.914780
367,7897.914780
368,7897.914780
369,7897.914780
370,7897.914780
371,7897.914780
372,7897.914780
373,7897.914780
374,7897.914780
375,7897.914780
376,7897.914780
377,7897.914780
378,7897.914780
379,7897.914780
380,7897.914780
381,7897.914780
382,7897.914780
383,7897.914780
384,7897.914780
385,7897.914780
386,7897.914780
387,7897.914780
388,7897.914780
389,7897.914780
390,7897.914780
391,7897.914780
392,7897.914780
393,7897.914780
394,7897.914780
395,7897.914780
396,7897.914780
397,7897.914780
398,7897.914780
399,7897.914780
400,7897.914780
401,7897.914780
402,7897.914780
403,7897.914780
404,7897.914780
405,7897.914780
406,7897.914780
407,7897.914780
408,7897.914780
409,7897.914780
410,7897.914780
411,7897.914780
412,7897.914780
413,7897.914780
414,7897.914780
415,7897.914780
416,7897.914780
417,7897.914780
418,7897.914780
419,7897.914780
420,7897.914780
421,7897.914780
422,7897.914780
423,7897.914780
424,7897.914780
425,7897.914780
426,7897.914780
427,7897.914780
428,7897.914780
429,7897.914780
430,7897.914780
431,7897.914780
432,7897.914780
433,7897.914780
434,7897.914780
435,7897.914780
436,7897.914780
437,7897.914780
438,7897.914780
439,7897.914780
440,7897.914780
441,7897.914780
442,7897.914780
443,7897.914780
444,7897.914780
445,7897.914780
446,7897.914780
447,7897.914780
448,7897.914780
449,7897.914780
450,7897.914780
451,7897.914780
452,7897.914780
453,7897.914780
454,7897.914780
455,7897.914780
456,7897.914780
457,7897.914780
458,7897.914780
459,7897.914780
460,7897.914780
461,7897.914780
462,7897.914780
463,7897.914780
464,7897.914780
465,7897.914780
466,7897.914780
467,7897.914780
468,7897.914780
469,7897.914780
470,7897.914780
471,7897.914780
472,7897.914780
473,7897.914780
474,7897.914780
475,7897.914780
476,7897.914780
477,7897.914780
478,7897.914780
479,7897.914780
480,7897.914780
481,7897.914780
482,7897.914780
483,7897.914780
484,7897.914780
485,7897.914780
486,7897.914780
487,7897.914780
488,7897.914780
489,7897.914780
490,7897.914780
491,7897.914780
492,7897.914780
493,7897.914780
494,7897.914780
495,7897.914780
496,7897.914780
497,7897.914780
498,7897.914780
499,7897.914780
