0,3056.978061
1,6075.796089
2,6469.821961
3,6772.050185
4,7064.986267
5,7264.251080
6,7544.240334
7,7750.881783
8,7956.141396
9,8101.187341
10,8271.734453
11,8577.312916
12,8753.146862
13,8857.359310
14,9090.417815
15,9271.193268
16,9407.230659
17,9525.525461
18,9749.884612
19,9917.331268
20,10073.952078
21,10224.537215
22,10398.586315
23,10559.722357
24,10693.827114
25,10783.087364
26,10943.960575
27,11120.259780
28,11375.296677
29,11495.509802
30,11527.673467
31,11776.204358
32,11749.537156
33,12014.227540
34,12154.721982
35,12302.240494
36,12522.754849
37,12542.481471
38,12678.455986
39,12643.705235
40,12752.727751
41,12862.702391
42,12959.333172
43,13002.606351
44,13061.563929
45,13155.117274
46,13197.677154
47,13262.642255
48,13434.759765
49,13397.310967
50,13439.417696
51,13323.325489
52,13532.158418
53,13524.088704
54,13316.390335
55,13521.366376
56,13725.231219
57,13903.713600
58,13998.850947
59,13965.054466
60,14092.533825
61,14055.945883
62,14205.434750
63,14241.882485
64,14431.823250
65,14357.220387
66,14419.836593
67,14338.385597
68,14493.592457
69,14616.097154
70,14604.926362
71,14505.530063
72,14799.537154
73,14596.436127
74,14586.052314
75,14775.242799
76,14965.445732
77,14795.260252
78,14797.234574
79,14467.429306
80,14789.211059
81,14611.331186
82,14681.845605
83,14713.500786
84,14729.237287
85,14594.774179
86,14662.046316
87,14874.454431
88,14816.730586
89,14669.503202
90,14651.905423
91,14656.741353
92,14880.908349
93,14793.021213
94,14866.030984
95,14776.589429
96,14838.147546
97,14710.064441
98,14906.253906
99,15026.475184
100,15105.819591
101,15066.536299
102,15038.117179
103,15039.160606
104,15274.677685
105,15301.118766
106,15072.132166
107,14974.091841
108,14980.485190
109,15127.976384
110,15103.568807
111,15170.808756
112,15128.868283
113,15063.596199
114,14933.218345
115,14924.053903
116,15118.608520
117,15174.099245
118,15188.862668
119,15057.039478
120,15020.918110
121,14954.229103
122,15065.517565
123,15058.540215
124,15073.465311
125,14980.517494
126,14848.977584
127,15112.328663
128,15104.973228
129,14834.738479
130,14941.789799
131,15202.769443
132,15293.973977
133,15030.322572
134,15015.496746
135,15160.485789
136,15002.659285
137,15048.174268
138,15094.772463
139,14998.165696
140,15046.552034
141,15208.680126
142,15082.946446
143,15186.946368
144,15244.513195
145,15103.833465
146,15292.312529
147,15174.060014
148,15195.387739
149,15148.733809
150,15194.909763
151,15207.102261
152,15199.344991
153,15254.447141
154,15412.395654
155,15209.490501
156,15212.848568
157,15310.424220
158,15247.922293
159,15229.396791
160,15073.747053
161,15217.551779
162,15128.334591
163,15081.236672
164,15154.477976
165,15262.680193
166,15186.755262
167,15097.982486
168,15128.718419
169,15110.885716
170,15133.617785
171,15325.504046
172,15142.720028
173,15178.801538
174,15257.931163
175,15186.082186
176,15516.852856
177,15299.429299
178,15035.737172
179,14963.952873
180,14979.636510
181,14935.206257
182,15111.114745
183,15218.397893
184,15319.171099
185,15191.408950
186,15223.715540
187,15031.526113
188,15323.230453
189,15260.551727
190,15423.202210
191,15179.757099
192,15270.177601
193,15238.725286
194,15164.215912
195,15053.791590
196,15370.017572
197,15407.673873
198,15267.065160
199,15335.976850
200,15350.834126
201,15161.099609
202,15356.186137
203,15203.707359
204,15214.054606
205,15302.842902
206,15230.797407
207,15189.900446
208,15125.276223
209,14981.776690
210,15163.869803
211,15115.132574
212,15111.246738
213,14980.049284
214,15292.808704
215,15365.358185
216,15407.650375
217,15261.936719
218,15411.648027
219,15354.496044
220,15371.336515
221,15318.513041
222,15039.167775
223,15115.714086
224,15301.993046
225,15173.011014
226,15148.098857
227,15376.863128
228,15316.478043
229,15096.549973
230,15001.565535
231,15020.349326
232,15215.098843
233,15247.448164
234,15403.747235
235,15359.120448
236,15381.131285
237,15258.016188
238,15244.839351
239,15242.561550
240,15324.280649
241,15334.111719
242,15100.424378
243,15121.354276
244,15254.963844
245,15168.369860
246,15201.935170
247,15300.935000
248,15244.127617
249,15286.871428
250,15161.940739
251,15204.295387
252,15201.864143
253,15353.953349
254,15330.859781
255,15021.598890
256,15209.249417
257,15046.145206
258,15264.405501
259,15260.561232
260,15209.202971
261,15122.692944
262,15336.370576
263,15058.274860
264,15118.709790
265,15250.588767
266,15369.925093
267,15382.893497
268,15212.167560
269,15329.022538
270,15200.942578
271,15379.265512
272,15280.598711
273,15467.619984
274,15563.690129
275,15607.284953
276,15745.676813
277,15803.058633
278,15853.358928
279,15708.674709
280,15461.668656
281,15624.232465
282,15391.329582
283,15430.135887
284,15501.470868
285,15621.541097
286,15866.334615
287,15614.893168
288,15634.433736
289,15718.441585
290,15511.819563
291,15603.559049
292,15778.312169
293,15803.051451
294,15719.380155
295,15737.664098
296,15752.830443
297,15760.122917
298,15497.611745
299,15667.855864
300,15648.901488
301,15719.859744
302,15574.611584
303,15510.074072
304,15428.883297
305,15664.895130
306,15654.080329
307,15585.978372
308,15726.813275
309,15817.760646
310,15901.424008
311,15909.627894
312,15942.080262
313,16004.150571
314,15891.908878
315,15624.944362
316,15526.764790
317,15634.607883
318,15880.790115
319,15869.792176
320,15597.300042
321,15703.956605
322,15894.417377
323,15916.922218
324,15905.377376
325,15857.949452
326,15901.300507
327,15880.966106
328,15761.076656
329,15771.190343
330,15704.226063
331,15568.390282
332,15629.908984
333,15915.439696
334,15722.014796
335,15741.302612
336,15689.633804
337,15716.113078
338,15938.842729
339,15911.379236
340,15595.294367
341,15632.114608
342,15767.220433
343,15626.414856
344,15728.650239
345,15789.211380
346,15904.243261
347,15986.797444
348,15772.082471
349,15576.426343
350,15747.326151
351,15840.175987
352,15818.708849
353,15773.591412
354,15744.316768
355,15875.439706
356,15775.656084
357,15898.089194
358,15817.384352
359,15722.218969
360,15798.843239
361,15707.495244
362,15711.953456
363,15544.700844
364,15753.561656
365,15855.335386
366,15959.114495
367,15874.315031
368,15650.189554
369,15781.692814
370,15990.631361
371,15910.156559
372,15852.963884
373,15960.558559
374,15863.938267
375,15905.270748
376,15633.038153
377,15706.878037
378,15755.735715
379,15886.272911
380,15771.317724
381,15678.279319
382,15656.422625
383,15799.475682
384,16067.601809
385,16022.559379
386,15727.358383
387,15864.108082
388,15902.344245
389,16067.126107
390,15951.305500
391,15890.477065
392,15827.306177
393,15846.310568
394,15852.197914
395,15680.852559
396,15827.361452
397,15858.171109
398,15881.967326
399,15853.255232
400,15856.295806
401,15886.054080
402,15883.367268
403,15898.901219
404,15818.472910
405,15580.738630
406,15852.134460
407,16148.718076
408,16081.709832
409,15853.522672
410,15775.586657
411,15889.104185
412,15966.121026
413,16118.558949
414,15953.893118
415,15878.095331
416,15960.187901
417,16020.281970
418,16163.689721
419,16175.366984
420,16086.451209
421,16064.567185
422,15964.416241
423,15813.757330
424,15603.432305
425,15904.130623
426,15982.489585
427,16053.602933
428,15989.937361
429,16121.960359
430,15898.938470
431,15719.911834
432,15673.053690
433,15722.121347
434,15968.746514
435,15961.525049
436,15998.693168
437,16027.518364
438,15875.803372
439,16108.847381
440,16401.138861
441,16252.333183
442,15957.116647
443,16244.381392
444,16124.246784
445,16133.144109
446,16085.195420
447,16237.154080
448,16186.227204
449,16158.164017
450,15960.605986
451,16057.201061
452,15909.174252
453,15873.772297
454,16014.645092
455,16267.786545
456,15856.775279
457,16044.608832
458,15955.126071
459,15975.712604
460,15941.222020
461,16092.661504
462,16116.932718
463,16143.406366
464,15916.937427
465,16132.698528
466,16061.556585
467,16254.310862
468,15937.443508
469,16023.101260
470,16155.411700
471,15992.074690
472,16076.603162
473,16113.135423
474,16104.262580
475,16135.092536
476,16334.452745
477,16109.640410
478,16077.839152
479,16186.993167
480,15968.901389
481,15917.739043
482,16080.426951
483,16153.980657
484,16308.460861
485,16121.516989
486,16199.385390
487,15925.171098
488,15793.461510
489,16053.270039
490,16149.719100
491,16169.573344
492,16143.519920
493,15994.321648
494,16010.712967
495,15976.659442
496,15763.776484
497,15817.757617
498,15684.927199
499,15933.231762
