0,3065.453726
1,3124.340233
2,3207.348356
3,3288.311403
4,3356.034589
5,3506.701202
6,3597.854462
7,3582.044435
8,3621.201389
9,3644.847212
10,3646.313523
11,3590.978151
12,3611.654364
13,3655.980715
14,3630.095976
15,3703.110139
16,3693.146422
17,3680.419597
18,3683.479498
19,3694.390719
20,3743.089480
21,3726.477846
22,3734.923826
23,3760.206225
24,3711.961574
25,3693.304960
26,3849.449402
27,3811.340192
28,3818.298514
29,3876.862811
30,3825.370068
31,3794.477127
32,3809.275093
33,3791.442083
34,3800.371473
35,3882.370331
36,3900.947821
37,3831.534760
38,3859.406979
39,3844.927540
40,3784.846549
41,3826.132180
42,3879.981515
43,3908.590001
44,3883.108648
45,3807.344980
46,3733.608086
47,3819.850167
48,3826.638143
49,3774.858189
50,3787.063518
51,3767.378183
52,3729.736336
53,3762.383705
54,3772.180966
55,3738.995750
56,3822.582827
57,3740.312328
58,3787.591628
59,3773.364592
60,3846.342493
61,3800.529824
62,3817.851735
63,3803.965573
64,3787.352322
65,3777.535825
66,3821.035775
67,3796.970437
68,3939.277923
69,3909.116848
70,3805.903923
71,3751.474156
72,3729.869608
73,3805.487085
74,3801.451338
75,3764.436010
76,3829.583296
77,3698.774341
78,3725.522510
79,3761.001881
80,3691.179167
81,3712.776368
82,3721.471141
83,3762.237779
84,3770.561102
85,3711.597669
86,3783.329854
87,3771.987196
88,3740.795638
89,3810.526799
90,3744.904603
91,3669.479915
92,3739.348307
93,3704.328022
94,3713.840337
95,3705.759325
96,3622.716054
97,3615.167026
98,3696.045679
99,3671.265437
100,3707.461839
101,3595.212322
102,3660.681535
103,3618.275254
104,3675.091957
105,3609.731655
106,3627.940671
107,3710.386929
108,3628.829022
109,3624.333612
110,3661.924801
111,3623.957042
112,3620.148580
113,3664.919338
114,3657.395600
115,3693.903409
116,3759.020351
117,3763.132245
118,3671.458719
119,3670.507847
120,3736.220712
121,3699.880909
122,3740.250918
123,3739.935998
124,3769.003806
125,3806.124829
126,3767.224936
127,3759.881403
128,3735.695106
129,3710.151697
130,3679.154898
131,3768.877176
132,3848.643194
133,3807.190584
134,3790.115452
135,3831.019684
136,3799.873246
137,3835.654320
138,3818.421635
139,3918.993024
140,3930.251371
141,3874.494073
142,3997.399310
143,3992.471901
144,3976.797235
145,3914.282313
146,3839.134666
147,3943.006078
148,3786.271090
149,3702.363526
150,3763.177632
151,3857.744153
152,3875.177695
153,3895.696870
154,3886.659573
155,3848.624020
156,3842.485668
157,3780.263708
158,3771.705333
159,3756.977029
160,3770.905559
161,3798.078257
162,3833.725420
163,3774.577945
164,3861.136336
165,3775.373890
166,3840.141761
167,3772.461657
168,3844.743345
169,3748.003917
170,3647.219129
171,3608.886841
172,3657.269595
173,3691.900565
174,3703.923744
175,3769.690258
176,3834.476258
177,3858.839970
178,3811.358092
179,3828.078053
180,3792.062656
181,3854.258674
182,3813.527361
183,3860.279960
184,3914.919790
185,3970.082490
186,3890.683189
187,3832.589242
188,3892.162154
189,3908.514369
190,3926.096253
191,3922.907599
192,3840.801196
193,3912.895557
194,3861.211958
195,3782.115992
196,3744.344204
197,3763.769173
198,3711.855753
199,3730.279408
200,3735.397520
201,3785.604232
202,3706.627035
203,3706.191584
204,3623.909036
205,3636.883270
206,3616.056330
207,3548.500824
208,3570.548058
209,3588.962216
210,3657.150634
211,3579.477472
212,3592.245487
213,3731.836913
214,3706.715127
215,3721.043816
216,3736.297469
217,3800.639754
218,3765.576557
219,3815.526187
220,3819.984639
221,3784.071556
222,3764.801542
223,3770.546247
224,3812.235742
225,3645.833249
226,3729.317275
227,3722.952366
228,3661.176084
229,3703.821974
230,3792.065775
231,3807.901419
232,3860.700265
233,3825.125450
234,3763.049337
235,3786.890862
236,3843.798394
237,3862.822343
238,3823.915745
239,3748.213211
240,3699.863141
241,3741.612223
242,3802.512452
243,3784.515548
244,3708.505984
245,3785.630767
246,3760.537679
247,3726.804135
248,3948.656626
249,3920.765292
250,3941.345173
251,3906.474086
252,3999.047160
253,4036.140052
254,3932.478621
255,3958.164679
256,3903.461378
257,3809.220324
258,3632.472036
259,3571.715185
260,3636.925724
261,3736.485243
262,3746.034796
263,3711.040013
264,3755.814664
265,3742.624003
266,3787.088273
267,3805.174379
268,3820.148848
269,3840.547328
270,3791.110332
271,3817.710548
272,3705.687078
273,3828.126388
274,3782.189990
275,3750.724398
276,3657.890261
277,3558.808303
278,3525.546740
279,3525.326803
280,3627.061009
281,3645.675874
282,3556.472095
283,3555.817543
284,3702.368656
285,3696.301399
286,3705.827561
287,3799.279104
288,3785.029960
289,3782.627996
290,3851.596535
291,3859.782076
292,3876.955546
293,3920.144174
294,3930.282082
295,3950.253354
296,3865.783087
297,3845.641234
298,3831.484351
299,3867.284140
300,3757.160159
301,3734.840101
302,3777.134990
303,3746.806856
304,3794.510496
305,3778.137403
306,3739.007357
307,3718.640546
308,3709.999798
309,3698.327254
310,3769.433202
311,3755.127441
312,3739.675202
313,3677.929950
314,3714.957557
315,3772.895721
316,3791.215797
317,3761.718526
318,3833.430600
319,3860.863586
320,3825.215583
321,3779.402172
322,3748.775010
323,3777.874863
324,3814.397641
325,3737.013406
326,3727.702715
327,3759.004621
328,3820.848974
329,3855.664078
330,3805.355800
331,3760.642175
332,3735.164644
333,3870.651617
334,3939.556746
335,3910.515718
336,3969.237382
337,3976.490990
338,3922.780021
339,3855.788493
340,3775.747804
341,3914.240072
342,3974.711349
343,4053.382195
344,3913.819139
345,3945.200824
346,3987.918607
347,3984.499775
348,3948.389429
349,3967.781909
350,3873.192836
351,3800.198713
352,3772.668236
353,3787.965726
354,3776.081777
355,3790.790713
356,3820.866812
357,3864.780954
358,3920.157279
359,4014.052761
360,3974.293277
361,3995.621444
362,4066.876911
363,3955.743480
364,3947.162165
365,3954.841904
366,3964.060377
367,4002.658874
368,4006.163798
369,3951.602559
370,3931.124546
371,3876.261291
372,3858.126745
373,3884.822720
374,3900.727522
375,3844.705028
376,3798.381919
377,3838.865340
378,3784.529554
379,3793.289580
380,3799.487219
381,3804.871471
382,3847.350544
383,3878.502531
384,3877.626766
385,3801.739792
386,3724.110193
387,3823.940444
388,3833.820401
389,3740.259624
390,3756.838312
391,3798.251613
392,3851.064006
393,3764.933308
394,3814.124530
395,3823.958457
396,3760.101085
397,3796.973987
398,3820.085124
399,3915.637141
400,3962.412787
401,3857.378609
402,3841.712862
403,3819.912844
404,3811.505245
405,3732.379227
406,3716.566306
407,3738.743917
408,3665.851872
409,3596.764147
410,3714.816249
411,3734.016117
412,3840.939522
413,3886.100020
414,3953.560199
415,4070.239290
416,4108.977226
417,4069.246710
418,3987.706419
419,3933.431268
420,3900.460632
421,3877.436553
422,3862.156050
423,3833.891605
424,3938.747793
425,3929.049634
426,3891.755893
427,3883.946385
428,3775.978608
429,3788.252330
430,3815.481605
431,3785.377670
432,3775.064290
433,3760.345002
434,3742.514404
435,3728.479739
436,3739.184285
437,3748.796156
438,3734.605471
439,3768.809373
440,3770.205007
441,3717.268915
442,3799.520363
443,3792.037084
444,3802.895755
445,3725.695586
446,3709.965024
447,3739.249466
448,3789.549178
449,3800.780867
450,3770.427597
451,3780.033395
452,3740.211815
453,3702.279258
454,3809.525160
455,3667.170913
456,3679.787009
457,3626.251733
458,3665.579917
459,3736.646759
460,3841.107234
461,3778.771427
462,3793.047374
463,3787.715864
464,3734.039348
465,3695.756075
466,3730.968789
467,3760.291058
468,3776.220436
469,3731.213336
470,3793.893016
471,3810.080383
472,3770.487003
473,3750.884681
474,3702.597604
475,3681.127235
476,3718.159245
477,3854.023554
478,3813.427063
479,3769.640549
480,3703.442867
481,3622.427999
482,3661.913293
483,3631.579140
484,3707.393862
485,3739.330548
486,3723.789741
487,3712.757531
488,3721.274962
489,3763.112147
490,3743.398418
491,3686.848411
492,3628.746646
493,3684.834680
494,3659.982993
495,3683.623905
496,3759.505975
497,3773.635678
498,3772.978553
499,3725.817199
