0,3079.515860
1,6122.680678
2,6529.891784
3,6745.166304
4,6824.054496
5,7040.185111
6,7130.294478
7,7305.204261
8,7530.191887
9,7658.827709
10,7801.481362
11,7830.622089
12,7997.367454
13,8054.817220
14,8247.273502
15,8377.654502
16,8547.991611
17,8609.102626
18,8783.645732
19,8912.610687
20,9107.711008
21,9307.101381
22,9397.201170
23,9385.746502
24,9513.607181
25,9522.083586
26,9901.556233
27,10095.381555
28,10133.847059
29,10273.902872
30,10347.993827
31,10505.080544
32,10752.325302
33,10760.559679
34,11032.634698
35,10970.598385
36,10764.718210
37,11226.891630
38,11296.285114
39,11130.581039
40,11321.083016
41,11275.829233
42,11510.149188
43,11199.156549
44,11719.699476
45,11703.295825
46,11743.463506
47,11689.231824
48,11789.483100
49,11953.324130
50,12263.454313
51,11993.877192
52,12189.792048
53,12153.100158
54,12238.967696
55,11874.254130
56,12104.019447
57,12059.233618
58,12134.278807
59,12396.933130
60,12180.916413
61,12257.871022
62,12241.711328
63,12343.546054
64,12441.174916
65,12507.656491
66,12414.097020
67,12513.757261
68,12542.859809
69,12259.527535
70,12686.919262
71,12420.707246
72,12658.558856
73,12767.481498
74,12810.232790
75,12677.737528
76,12580.613402
77,12828.785614
78,12675.119359
79,12677.560567
80,12859.065224
81,12663.886185
82,12791.936413
83,13025.086182
84,12325.532040
85,12417.036303
86,12638.817510
87,12511.230788
88,13042.240566
89,12957.644197
90,12933.897995
91,12963.025888
92,12780.020277
93,12607.025741
94,12813.449014
95,12774.204424
96,13028.092304
97,13040.166890
98,12825.876481
99,12953.724143
100,12730.113104
101,12744.000319
102,12210.555959
103,12334.846927
104,12165.637320
105,12874.393641
106,12785.146839
107,12981.871262
108,12838.960425
109,13029.703783
110,12872.885167
111,12848.208748
112,12975.004332
113,12871.973778
114,12684.062855
115,12866.517514
116,12734.919405
117,12918.323197
118,12992.866748
119,12979.998146
120,12845.918422
121,13392.775973
122,12744.600627
123,12642.368363
124,12739.045395
125,12684.800129
126,12685.886197
127,12598.453327
128,12297.238393
129,12206.684200
130,12780.695512
131,12933.716697
132,12999.635432
133,12612.367973
134,13053.173087
135,13037.062071
136,12832.713496
137,13089.802803
138,12669.823751
139,12296.806148
140,12448.772416
141,12664.117834
142,12508.813881
143,12768.159826
144,12950.139771
145,12681.059202
146,12445.075505
147,12740.208059
148,12486.288306
149,12581.948638
150,12236.333263
151,12421.939533
152,12712.548659
153,12413.008431
154,12434.434850
155,12591.843865
156,12637.067452
157,12771.968456
158,12696.268150
159,12765.921666
160,12822.156040
161,12470.297370
162,12600.822370
163,12799.080277
164,12508.093183
165,12424.475807
166,12475.903075
167,12588.363840
168,12622.838964
169,12592.283688
170,12827.175411
171,13209.756302
172,12564.971332
173,12695.009064
174,12882.346808
175,12841.779427
176,12732.784880
177,12632.099801
178,12495.909381
179,12656.426400
180,12483.207832
181,12501.936727
182,12690.940240
183,12518.428402
184,12660.147721
185,12398.061210
186,12573.071213
187,12769.207274
188,12849.589225
189,12805.039320
190,12364.357577
191,12618.912563
192,12850.064156
193,12760.796265
194,12418.374880
195,12717.252337
196,12698.227729
197,12699.152329
198,12840.605260
199,12813.835634
200,12671.409460
201,12342.581138
202,12620.973999
203,12450.344931
204,12524.615701
205,12808.761815
206,12720.349618
207,12647.336170
208,12828.708937
209,12804.084433
210,12761.971019
211,12621.409781
212,12518.469103
213,12657.060863
214,12709.320514
215,12578.347841
216,12580.859027
217,12344.860936
218,12545.280065
219,12446.350426
220,13005.249092
221,12991.518646
222,12938.113643
223,12782.729637
224,12794.064672
225,12390.996730
226,12813.504313
227,12474.791273
228,12519.908862
229,12433.000801
230,12343.801833
231,12597.928312
232,12561.494115
233,12575.308566
234,12648.828928
235,12308.658389
236,12654.633032
237,12769.323045
238,12461.755587
239,12636.693821
240,12895.420312
241,12845.590377
242,12666.015745
243,12760.544412
244,12760.481713
245,12698.924756
246,12512.254884
247,12653.779269
248,12523.580422
249,12377.985213
250,12405.995741
251,12215.977987
252,12704.682647
253,12473.745245
254,12803.780877
255,12528.310820
256,12834.946738
257,12457.743771
258,12743.459870
259,12995.950397
260,12759.765789
261,12742.908911
262,12539.353076
263,12706.668688
264,12986.900956
265,12864.863316
266,12418.137556
267,12451.063307
268,12461.283490
269,12726.956057
270,12614.724764
271,12783.900089
272,12910.129062
273,12578.976457
274,12830.829053
275,12915.449403
276,13123.360023
277,13035.302511
278,12711.884819
279,12358.541927
280,12328.270947
281,12741.207326
282,12946.701792
283,12759.154258
284,12473.239127
285,12845.028988
286,12567.640089
287,12913.446507
288,12746.858820
289,12431.268278
290,12675.499106
291,12984.876251
292,12325.364668
293,12671.622567
294,13108.010160
295,12591.830740
296,12521.647506
297,13182.880234
298,12753.022506
299,12761.920952
300,12471.759954
301,12385.169515
302,12761.502748
303,12872.129265
304,12633.254937
305,12599.873789
306,12611.112819
307,12153.133116
308,12150.525640
309,12686.608827
310,12967.802963
311,12619.842186
312,12310.588268
313,12490.157933
314,12750.958714
315,12592.987465
316,12654.717779
317,12606.660679
318,12833.364979
319,12378.089591
320,12345.252392
321,12491.840778
322,12408.483155
323,12475.055387
324,12550.187086
325,12751.983126
326,12628.550373
327,12852.663132
328,12585.281516
329,12401.671314
330,13187.191688
331,12483.127846
332,12718.826470
333,12440.787522
334,12689.113030
335,12329.520077
336,12708.904322
337,12646.734116
338,12617.770358
339,12482.229190
340,12575.444991
341,12544.670132
342,12757.289619
343,12491.287339
344,13052.649541
345,12995.514265
346,12844.175116
347,12635.892839
348,12605.161593
349,12925.993905
350,12536.765080
351,12530.067358
352,12819.547133
353,12525.595339
354,12370.319687
355,12733.144849
356,12931.357661
357,12674.724983
358,12364.019623
359,12682.519294
360,12644.249509
361,12979.099500
362,12727.609708
363,12423.049075
364,12543.191188
365,13004.736590
366,12750.144262
367,12677.534660
368,12737.397376
369,12563.168385
370,12545.509625
371,12279.622651
372,12875.113004
373,12434.466500
374,12373.493193
375,12651.839275
376,12702.353737
377,13038.901704
378,13098.221288
379,12974.306753
380,12470.537649
381,12534.440383
382,12657.126275
383,12586.386146
384,12849.631051
385,12652.698049
386,12639.725717
387,12389.272841
388,12319.909591
389,12393.017408
390,12499.145004
391,12711.136294
392,12768.157842
393,13004.977645
394,12859.949995
395,12519.348461
396,12517.129855
397,12290.304609
398,12565.727388
399,13137.258104
400,12673.064422
401,12584.094100
402,12680.018253
403,13004.904850
404,12910.229229
405,12467.439981
406,12667.785688
407,12569.516141
408,12595.840642
409,12542.647436
410,12460.283958
411,12472.371334
412,13085.977399
413,12860.003680
414,13142.015146
415,12754.552383
416,12217.883547
417,12549.757054
418,12622.694908
419,12403.541380
420,12959.358968
421,12855.283800
422,12675.489922
423,12445.677916
424,12882.224139
425,12631.160242
426,12870.344684
427,12873.175381
428,13028.625097
429,12905.798341
430,12889.019001
431,12396.579570
432,12768.025534
433,12643.410617
434,12508.179243
435,12743.042014
436,12769.792093
437,12624.938870
438,12726.495662
439,13111.124502
440,13107.854156
441,12630.837338
442,12957.761067
443,13162.185709
444,13247.240670
445,12875.840568
446,13043.212803
447,12942.576465
448,12700.914144
449,13108.350297
450,13154.585591
451,12886.329389
452,12752.679880
453,13137.072803
454,13186.905642
455,13146.405900
456,13036.058473
457,13421.275661
458,12892.967259
459,12679.171969
460,12983.936484
461,12821.341246
462,12747.172972
463,12970.215131
464,12860.956644
465,13141.866612
466,12702.764628
467,13131.504713
468,12973.708549
469,13216.720718
470,13034.938422
471,12708.293497
472,12715.608049
473,12953.533210
474,12959.336019
475,12865.401725
476,12460.143385
477,12751.546753
478,12714.013337
479,13236.081968
480,13107.943587
481,12940.352010
482,12891.943138
483,13101.935350
484,13221.710956
485,12962.461092
486,13029.008026
487,13035.159986
488,12834.001286
489,13119.807198
490,13146.831782
491,12964.487259
492,13091.177993
493,13049.778677
494,13222.687586
495,13253.309298
496,13404.281713
497,12621.812931
498,12785.480373
499,12867.984468
