0,3022.809421
1,3025.301720
2,3059.328130
3,3056.548025
4,3041.289982
5,3015.134400
6,3004.897154
7,2976.811412
8,3000.745623
9,2983.420076
10,2987.528936
11,2975.279687
12,2993.905388
13,2978.092630
14,2966.478631
15,2956.776049
16,2941.265811
17,2954.554372
18,2951.371474
19,2965.871185
20,2951.390449
21,2843.276751
22,2861.436157
23,2901.904809
24,2903.623182
25,2913.847949
26,2906.929717
27,2926.999769
28,2951.757902
29,2928.739053
30,2934.340285
31,2954.038636
32,2945.383493
33,2959.584205
34,3000.489537
35,2949.889011
36,2969.978814
37,2917.060676
38,2901.140872
39,2915.174166
40,2911.187277
41,2919.049008
42,2956.022872
43,2952.474927
44,2915.554535
45,2956.100392
46,2984.390582
47,2980.626044
48,2952.997046
49,2923.200757
50,2943.711953
51,2977.908479
52,2996.235081
53,2980.198953
54,2946.952405
55,2951.403214
56,2908.587570
57,2895.626446
58,2883.283256
59,2932.798781
60,2938.334190
61,2906.297009
62,2874.774681
63,2867.583924
64,2913.770657
65,2895.242411
66,2889.575889
67,2927.279661
68,2943.151378
69,2901.473013
70,2897.426073
71,2869.508131
72,2881.550184
73,2862.301696
74,2889.634890
75,2934.383101
76,2928.406641
77,2930.873776
78,2950.283397
79,2943.923372
80,2929.261235
81,2926.547917
82,2932.274849
83,2875.506359
84,2906.440923
85,2896.925717
86,2849.079066
87,2841.322162
88,2828.732951
89,2842.418691
90,2849.189326
91,2870.131949
92,2866.400401
93,2865.405727
94,2859.116804
95,2881.876849
96,2926.720495
97,2918.487842
98,2871.122014
99,2900.441044
100,2903.831361
101,2909.888657
102,2923.427430
103,2907.796754
104,2921.367646
105,2975.997695
106,2996.656394
107,3020.510625
108,3020.318347
109,2968.601739
110,2959.757526
111,2995.453216
112,2994.953764
113,2973.239491
114,2987.655605
115,2982.154113
116,2990.355293
117,2948.861515
118,2933.241134
119,2950.203919
120,2931.418188
121,2963.073222
122,2933.135699
123,2914.354597
124,2916.813989
125,2908.690285
126,2883.919885
127,2910.823386
128,2944.100487
129,2965.280941
130,2957.781976
131,2934.161281
132,2920.285176
133,2961.766695
134,2928.315523
135,2958.676702
136,2910.386143
137,2963.171378
138,2946.149694
139,2922.506609
140,2876.379882
141,2864.939554
142,2915.206527
143,2952.086096
144,2895.802890
145,2879.558771
146,2842.827724
147,2884.761378
148,2912.973406
149,2948.132455
150,2941.562577
151,2906.332920
152,2904.639629
153,2896.438634
154,2901.193343
155,2885.010029
156,2823.392045
157,2818.380264
158,2825.067803
159,2887.015490
160,2902.450331
161,2913.282122
162,2894.208870
163,2904.300399
164,2906.015810
165,2924.637806
166,2922.909433
167,2903.101794
168,2905.372775
169,2905.653945
170,2976.608219
171,2993.910618
172,2977.227654
173,2933.203125
174,2921.308467
175,2893.084695
176,2872.012473
177,2843.072416
178,2822.635046
179,2831.880461
180,2881.732637
181,2879.572460
182,2883.308031
183,2938.823539
184,2960.373636
185,2940.205907
186,2937.865332
187,2932.333656
188,2922.229251
189,2942.806159
190,2971.188605
191,3010.236855
192,3026.124989
193,3024.616750
194,3033.784100
195,3013.096596
196,3029.409522
197,3031.405041
198,3067.811326
199,3069.868692
200,3032.107332
201,3027.203828
202,2996.811143
203,2925.916826
204,2915.708493
205,2941.181209
206,2930.391940
207,2879.889894
208,2877.037987
209,2926.126385
210,2930.275266
211,2962.845555
212,2918.603610
213,2938.566096
214,2953.376452
215,2941.926387
216,2988.583846
217,2953.973857
218,2943.346470
219,2947.106018
220,2971.680692
221,2977.875028
222,3010.781921
223,3017.200367
224,3046.510073
225,3058.162996
226,3058.246575
227,3047.085236
228,3024.611143
229,3030.685136
230,3042.443279
231,3077.324968
232,3072.640163
233,3037.330282
234,3011.872266
235,2994.413045
236,2927.567785
237,2969.073688
238,2985.520579
239,2952.965648
240,2961.167894
241,2970.889159
242,3032.264105
243,3036.580475
244,3002.998669
245,2941.839444
246,2940.586068
247,2931.141588
248,2881.324094
249,2890.992101
250,2934.514591
251,2932.314070
252,2948.815660
253,2969.474195
254,2951.355450
255,2939.160448
256,2970.563717
257,2964.447307
258,2958.477694
259,2922.303213
260,2876.665228
261,2874.841531
262,2909.744571
263,2935.704680
264,2975.185944
265,3001.473306
266,3019.333310
267,3065.414824
268,3072.651841
269,3070.667172
270,3050.846340
271,2986.329453
272,3022.519040
273,2981.331972
274,2963.183517
275,2961.017658
276,2933.423951
277,2893.377127
278,2915.970962
279,2930.815172
280,2870.034117
281,2914.657928
282,2927.051250
283,2955.821233
284,3006.086836
285,3030.931911
286,3056.461934
287,2996.268762
288,2922.972526
289,2926.740001
290,2929.642000
291,2894.906743
292,2872.969598
293,2867.125120
294,2915.164427
295,2828.273979
296,2841.365209
297,2842.458418
298,2795.651510
299,2814.250114
300,2791.079257
301,2767.237963
302,2752.199266
303,2772.648217
304,2807.083365
305,2785.500237
306,2774.289250
307,2766.238020
308,2812.530307
309,2848.832115
310,2844.205148
311,2870.371123
312,2882.663321
313,2900.834083
314,2904.255483
315,2943.090145
316,2942.806225
317,2904.959670
318,2879.095703
319,2910.480455
320,2945.390918
321,2942.179819
322,2900.848696
323,2847.329220
324,2826.789576
325,2802.922996
326,2826.116889
327,2815.420148
328,2835.307699
329,2867.555428
330,2893.371921
331,2861.114864
332,2818.313025
333,2836.125714
334,2840.477932
335,2833.460533
336,2851.818889
337,2867.988553
338,2858.474409
339,2863.987765
340,2849.609336
341,2829.382615
342,2861.220143
343,2888.890990
344,2880.663936
345,2941.524957
346,2939.562111
347,2927.630078
348,2881.510526
349,2854.800705
350,2800.841703
351,2785.342628
352,2834.571253
353,2836.932313
354,2878.277910
355,2859.543242
356,2882.533164
357,2916.317128
358,2897.694037
359,2894.076864
360,2862.037680
361,2877.369749
362,2897.038066
363,2841.233323
364,2822.609780
365,2860.096897
366,2879.241808
367,2928.406418
368,2947.116652
369,2897.935069
370,2875.873199
371,2902.383610
372,2958.051360
373,2930.277626
374,2889.333716
375,2851.823944
376,2850.918454
377,2854.692632
378,2834.708337
379,2831.207105
380,2837.583744
381,2874.231571
382,2907.548410
383,2903.273090
384,2892.614291
385,2873.661606
386,2894.544788
387,2862.503742
388,2903.994086
389,2912.093496
390,2907.030863
391,2903.857627
392,2926.941658
393,2892.721611
394,2902.339021
395,2895.226667
396,2924.598181
397,2916.682593
398,2944.945154
399,2946.240321
400,2974.188087
401,2935.744397
402,2971.504176
403,3032.731962
404,3013.091048
405,3019.531279
406,3007.773001
407,3002.663986
408,3027.274550
409,3023.863938
410,3061.741590
411,3044.597272
412,3043.417544
413,2975.617725
414,2938.827392
415,2921.491420
416,2939.266273
417,2981.219729
418,2968.830547
419,2960.079230
420,2994.053581
421,3011.075425
422,3042.019405
423,2999.940009
424,2995.999646
425,2984.753547
426,2950.739266
427,2923.760190
428,2959.487508
429,3015.433821
430,3033.098381
431,3064.724098
432,3067.141114
433,3087.433522
434,3091.879304
435,3060.830980
436,3090.765228
437,3090.522687
438,3072.954447
439,3031.693142
440,3047.750144
441,3029.306846
442,3000.633366
443,2955.898809
444,2925.549035
445,2914.051415
446,2919.596978
447,2923.388005
448,2966.642898
449,2967.946459
450,2960.676315
451,2967.741215
452,2960.588637
453,2919.874666
454,2975.853384
455,2946.836479
456,2969.201048
457,2959.190530
458,2925.240475
459,2928.429737
460,2956.347586
461,2951.211300
462,2962.164059
463,2986.903391
464,2963.868808
465,3005.201778
466,2980.151687
467,2960.317478
468,2908.504014
469,2923.668458
470,2949.826197
471,2930.773710
472,2898.604094
473,2938.866983
474,2951.654646
475,2969.391893
476,2960.334582
477,2962.522123
478,2976.808325
479,3001.623653
480,3022.234758
481,2990.759409
482,3029.521450
483,3037.048905
484,3044.483365
485,3054.143784
486,3062.668240
487,3104.507792
488,3122.304633
489,3157.617507
490,3198.775612
491,3195.225793
492,3126.129738
493,3186.407911
494,3154.892804
495,3122.710351
496,3115.544693
497,3074.306306
498,3041.288097
499,3028.614790
