0,3022.397896
1,3166.643463
2,3154.809082
3,3227.968063
4,3328.046352
5,3344.311406
6,3354.726123
7,3286.061068
8,3297.698393
9,3297.344219
10,3310.231672
11,3385.125296
12,3424.241441
13,3446.363551
14,3387.322737
15,3393.570768
16,3326.192662
17,3274.344509
18,3290.483733
19,3204.650224
20,3243.599177
21,3256.744385
22,3324.441950
23,3286.067285
24,3326.262657
25,3326.057307
26,3422.973451
27,3360.984407
28,3307.582068
29,3286.114538
30,3350.415475
31,3281.903825
32,3301.556262
33,3298.070037
34,3331.203689
35,3356.071700
36,3330.953792
37,3292.289498
38,3302.085136
39,3305.245490
40,3377.834070
41,3388.401229
42,3395.126806
43,3451.481098
44,3451.376702
45,3488.675115
46,3478.665249
47,3583.622879
48,3567.934208
49,3532.108514
50,3561.518527
51,3528.005596
52,3538.386901
53,3552.682368
54,3579.353291
55,3636.464857
56,3623.081718
57,3601.338199
58,3633.466432
59,3687.873804
60,3664.636648
61,3684.827018
62,3667.951405
63,3608.302025
64,3526.251541
65,3600.695754
66,3664.683609
67,3691.227885
68,3667.969508
69,3753.483699
70,3743.939183
71,3866.396511
72,3848.975721
73,3939.286823
74,3918.387104
75,4067.204273
76,3926.967457
77,3973.178812
78,4085.216758
79,4198.519826
80,4162.582968
81,4086.153408
82,4112.851025
83,4045.496735
84,4012.005592
85,4155.556546
86,4180.967226
87,4166.006349
88,4249.885004
89,4495.859483
90,4545.348353
91,4665.008093
92,4703.970313
93,4735.101521
94,4820.639240
95,4869.238612
96,4935.461709
97,5107.409916
98,5059.756274
99,5155.861041
100,5248.582629
101,5413.828043
102,5437.048896
103,5423.288502
104,5532.763396
105,5619.777850
106,5669.564960
107,5727.894096
108,5913.420365
109,5797.075419
110,5992.236848
111,5984.740063
112,5890.180396
113,5827.847715
114,5944.131063
115,6072.974802
116,6182.910172
117,6228.962642
118,6271.149573
119,6308.402433
120,6382.716585
121,6427.066851
122,6453.046003
123,6510.012664
124,6517.712798
125,6550.073003
126,6491.783697
127,6590.101775
128,6591.018341
129,6522.812547
130,6589.349045
131,6606.481394
132,6664.180601
133,6656.441522
134,6706.264273
135,6808.065922
136,6738.236580
137,6747.697450
138,6736.322134
139,6754.827108
140,6869.281628
141,6852.561541
142,6869.335452
143,6879.188267
144,6865.536925
145,6846.434298
146,6855.346677
147,6878.518473
148,6902.521122
149,6856.240741
150,6856.002778
151,6866.988793
152,6932.401514
153,6936.393074
154,6902.824510
155,6918.737243
156,6957.832546
157,6947.566764
158,6920.041110
159,6905.588955
160,6966.188454
161,6966.472230
162,6950.502244
163,6965.713251
164,6935.674592
165,6953.189275
166,6955.192331
167,6951.639857
168,6950.627574
169,6963.471774
170,6963.810219
171,6948.429828
172,6964.182733
173,6955.238659
174,6967.983795
175,6954.949477
176,6968.392971
177,6970.433958
178,6969.580767
179,6969.758793
180,6956.468195
181,6971.909570
182,6972.282756
183,6972.744188
184,6972.478107
185,6973.383457
186,6973.596322
187,6974.004538
188,6974.678835
189,6975.140554
190,6974.980905
191,6975.087338
192,6975.885582
193,6976.204880
194,6977.801369
195,6978.972127
196,6980.089669
197,6980.089669
198,6980.036453
199,6980.089669
200,6980.408967
201,6981.792590
202,6981.686158
203,6982.058672
204,6981.792590
205,6982.165105
206,6981.845807
207,6982.431186
208,6982.963349
209,6983.069781
210,6983.761593
211,6984.080891
212,6983.868026
213,6984.346972
214,6984.346972
215,6984.346972
216,6984.772703
217,6984.719486
218,6984.666270
219,6984.932352
220,6985.038784
221,6985.092000
222,6985.092000
223,6985.092000
224,6985.092000
225,6985.092000
226,6985.092000
227,6985.092000
228,6985.092000
229,6985.092000
230,6985.092000
231,6985.092000
232,6985.092000
233,6985.092000
234,6985.092000
235,6985.092000
236,6985.092000
237,6985.092000
238,6985.092000
239,6985.092000
240,6985.092000
241,6985.092000
242,6985.092000
243,6985.092000
244,6985.092000
245,6985.092000
246,6985.092000
247,6985.092000
248,6985.092000
249,6985.092000
250,6985.092000
251,6985.092000
252,6985.092000
253,6985.092000
254,6985.092000
255,6985.092000
256,6985.092000
257,6985.092000
258,6985.092000
259,6985.092000
260,6985.092000
261,6985.092000
262,6985.092000
263,6985.092000
264,6985.092000
265,6985.092000
266,6985.092000
267,6985.092000
268,6985.092000
269,6985.092000
270,6985.092000
271,6985.092000
272,6985.092000
273,6985.092000
274,6985.092000
275,6985.092000
276,6985.092000
277,6985.092000
278,6985.092000
279,6985.092000
280,6985.092000
281,6985.092000
282,6985.092000
283,6985.092000
284,6985.092000
285,6985.092000
286,6985.092000
287,6985.092000
288,6985.092000
289,6985.092000
290,6985.092000
291,6985.092000
292,6985.092000
293,6985.092000
294,6985.092000
295,6985.092000
296,6985.092000
297,6985.092000
298,6985.092000
299,6985.092000
300,6985.092000
301,6985.092000
302,6985.092000
303,6985.092000
304,6985.092000
305,6985.092000
306,6985.092000
307,6985.092000
308,6985.092000
309,6985.092000
310,6985.092000
311,6985.092000
312,6985.092000
313,6985.092000
314,6985.092000
315,6985.092000
316,6985.092000
317,6985.092000
318,6985.092000
319,6985.092000
320,6985.092000
321,6985.092000
322,6985.092000
323,6985.092000
324,6985.092000
325,6985.092000
326,6985.092000
327,6985.092000
328,6985.092000
329,6985.092000
330,6985.092000
331,6985.092000
332,6985.092000
333,6985.092000
334,6985.092000
335,6985.092000
336,6985.092000
337,6985.092000
338,6985.092000
339,6985.092000
340,6985.092000
341,6985.092000
342,6985.092000
343,6985.092000
344,6985.092000
345,6985.092000
346,6985.092000
347,6985.092000
348,6985.092000
349,6985.092000
350,6985.092000
351,6985.092000
352,6985.092000
353,6985.092000
354,6985.092000
355,6985.092000
356,6985.092000
357,6985.092000
358,6985.092000
359,6985.092000
360,6985.092000
361,6985.092000
362,6985.092000
363,6985.092000
364,6985.092000
365,6985.092000
366,6985.092000
367,6985.092000
368,6985.092000
369,6985.092000
370,6985.092000
371,6985.092000
372,6985.092000
373,6985.092000
374,6985.092000
375,6985.092000
376,6985.092000
377,6985.092000
378,6985.092000
379,6985.092000
380,6985.092000
381,6985.092000
382,6985.092000
383,6985.092000
384,6985.092000
385,6985.092000
386,6985.092000
387,6985.092000
388,6985.092000
389,6985.092000
390,6985.092000
391,6985.092000
392,6985.092000
393,6985.092000
394,6985.092000
395,6985.092000
396,6985.092000
397,6985.092000
398,6985.092000
399,6985.092000
400,6985.092000
401,6985.092000
402,6985.092000
403,6985.092000
404,6985.092000
405,6985.092000
406,6985.092000
407,6985.092000
408,6985.092000
409,6985.092000
410,6985.092000
411,6985.092000
412,6985.092000
413,6985.092000
414,6985.092000
415,6985.092000
416,6985.092000
417,6985.092000
418,6985.092000
419,6985.092000
420,6985.092000
421,6985.092000
422,6985.092000
423,6985.092000
424,6985.092000
425,6985.092000
426,6985.092000
427,6985.092000
428,6985.092000
429,6985.092000
430,6985.092000
431,6985.092000
432,6985.092000
433,6985.092000
434,6985.092000
435,6985.092000
436,6985.092000
437,6985.092000
438,6985.092000
439,6985.092000
440,6985.092000
441,6985.092000
442,6985.092000
443,6985.092000
444,6985.092000
445,6985.092000
446,6985.092000
447,6985.092000
448,6985.092000
449,6985.092000
450,6985.092000
451,6985.092000
452,6985.092000
453,6985.092000
454,6985.092000
455,6985.092000
456,6985.092000
457,6985.092000
458,6985.092000
459,6985.092000
460,6985.092000
461,6985.092000
462,6985.092000
463,6985.092000
464,6985.092000
465,6985.092000
466,6985.092000
467,6985.092000
468,6985.092000
469,6985.092000
470,6985.092000
471,6985.092000
472,6985.092000
473,6985.092000
474,6985.092000
475,6985.092000
476,6985.092000
477,6985.092000
478,6985.092000
479,6985.092000
480,6985.092000
481,6985.092000
482,6985.092000
483,6985.092000
484,6985.092000
485,6985.092000
486,6985.092000
487,6985.092000
488,6985.092000
489,6985.092000
490,6985.092000
491,6985.092000
492,6985.092000
493,6985.092000
494,6985.092000
495,6985.092000
496,6985.092000
497,6985.092000
498,6985.092000
499,6985.092000
