0,2990.008740
1,2907.662298
2,2896.585540
3,2921.516588
4,2923.475383
5,2959.092357
6,2929.524398
7,2923.711795
8,2971.641761
9,2929.475671
10,2935.833330
11,2944.292129
12,2933.418201
13,2944.427901
14,2872.085095
15,2937.167132
16,2953.688463
17,2964.911752
18,2953.395572
19,2964.691094
20,2934.880294
21,2908.327301
22,2925.119089
23,2915.688721
24,2899.615933
25,2927.803121
26,2884.715862
27,2820.780858
28,2843.708275
29,2851.673653
30,2839.738704
31,2878.501196
32,2882.046076
33,2896.867999
34,2891.663605
35,2866.548140
36,2853.052761
37,2885.541828
38,2889.928417
39,2997.452845
40,2969.686695
41,3041.868466
42,3002.296999
43,2926.096993
44,2855.057833
45,2846.556900
46,2906.438951
47,2972.319945
48,2976.199354
49,2968.393802
50,2940.784758
51,2906.289547
52,2918.959986
53,2953.440599
54,2939.100864
55,2933.858873
56,2951.018540
57,2959.700495
58,2975.541219
59,2970.316695
60,2987.618046
61,2978.280480
62,2974.678756
63,2971.893068
64,2924.253689
65,2995.593351
66,2879.634905
67,2878.525039
68,2905.868646
69,2849.465393
70,2873.690257
71,2912.005324
72,2887.976632
73,2895.026076
74,2974.815659
75,2981.379332
76,2966.604596
77,2868.896174
78,2858.096987
79,2854.429550
80,2877.818084
81,2888.840295
82,2861.501553
83,2830.678916
84,2881.189569
85,2854.057513
86,2869.918652
87,2797.571737
88,2838.525135
89,2882.728597
90,2890.603134
91,2892.308162
92,2898.217578
93,2876.619354
94,2865.334819
95,2871.840436
96,2859.271658
97,2955.564911
98,2949.906875
99,2942.651496
100,2950.438456
101,2953.991660
102,2929.798140
103,2908.479443
104,2969.414215
105,2977.302875
106,2926.436242
107,2950.021942
108,2929.130979
109,2992.044200
110,2967.603317
111,2990.165932
112,2976.102449
113,2963.401982
114,3072.551331
115,3032.116074
116,3057.436975
117,3033.694041
118,3009.089167
119,3020.430565
120,2967.813863
121,3078.548622
122,3079.824830
123,3058.753820
124,3067.789315
125,3118.077104
126,3126.201343
127,3070.420352
128,3105.407417
129,3122.129408
130,3097.487173
131,3086.735356
132,3111.418168
133,3156.219390
134,3084.949630
135,3112.717089
136,3055.182449
137,3020.098304
138,3011.095733
139,2963.811416
140,2965.628231
141,2966.782066
142,3069.518212
143,3062.330855
144,3029.331434
145,3049.518999
146,3065.959561
147,3015.219840
148,3043.653846
149,2964.962360
150,2960.769610
151,2959.409555
152,2962.129823
153,2932.546709
154,2968.098501
155,2893.801348
156,2874.881472
157,2909.346105
158,2876.964619
159,2866.083174
160,2916.075881
161,2889.378713
162,2872.130918
163,2913.987721
164,2919.924391
165,2950.440775
166,2925.902832
167,2955.047604
168,2957.612990
169,2980.727335
170,2937.687976
171,2904.974621
172,2945.670539
173,2964.135953
174,2894.675461
175,2869.213021
176,2888.448155
177,2905.332824
178,2976.470784
179,2995.364074
180,2978.174293
181,2940.662505
182,2963.481924
183,2984.179803
184,2979.948995
185,2988.354464
186,2949.782682
187,2952.516182
188,2961.754427
189,2979.733402
190,2916.006678
191,2859.660596
192,2902.830771
193,2869.289972
194,2961.903973
195,3043.840444
196,3024.867856
197,2936.498354
198,2896.239450
199,2880.954038
200,2826.436479
201,2859.676446
202,2829.545897
203,2820.284232
204,2819.043455
205,2824.553748
206,2910.481118
207,2914.216498
208,2865.568999
209,2873.708636
210,2857.978230
211,2811.384209
212,2801.162120
213,2817.792505
214,2872.127750
215,2910.660395
216,2932.781921
217,2917.934111
218,2889.441956
219,2887.697078
220,2862.666259
221,2868.754597
222,2859.981407
223,2931.013806
224,2897.554188
225,2898.487023
226,2889.930696
227,2927.765945
228,2945.460889
229,2970.672282
230,2906.220449
231,2937.718336
232,2864.418943
233,2944.770314
234,2927.404811
235,2877.878025
236,2879.605546
237,2814.609961
238,2821.514693
239,2830.377596
240,2880.836659
241,2868.452718
242,2875.250496
243,2818.250023
244,2830.176058
245,2791.779575
246,2804.521718
247,2889.527343
248,2860.079984
249,2861.363877
250,2853.165054
251,2862.851229
252,2809.901526
253,2865.586964
254,2856.459301
255,2927.455421
256,2920.248794
257,2931.551803
258,2902.876457
259,2773.256281
260,2774.581125
261,2795.389462
262,2749.868932
263,2787.048995
264,2800.905388
265,2782.649694
266,2825.038740
267,2800.297447
268,2782.551146
269,2741.115100
270,2789.971953
271,2831.085638
272,2835.519398
273,2819.991531
274,2830.766064
275,2806.660691
276,2800.910319
277,2756.707038
278,2799.947784
279,2810.171526
280,2805.119731
281,2770.261514
282,2773.608928
283,2791.978749
284,2828.677575
285,2818.691891
286,2855.231583
287,2801.476990
288,2829.184414
289,2893.728817
290,2884.178071
291,2824.388074
292,2815.310274
293,2724.057841
294,2765.682294
295,2793.626941
296,2776.832057
297,2805.205010
298,2862.382600
299,2785.332663
300,2817.390315
301,2832.216954
302,2893.700946
303,2869.562847
304,2831.203173
305,2819.751687
306,2804.212463
307,2720.659628
308,2723.232163
309,2710.283849
310,2667.861698
311,2704.556530
312,2725.072690
313,2684.398633
314,2708.967675
315,2715.532924
316,2719.269456
317,2750.018587
318,2717.936420
319,2755.137139
320,2778.894896
321,2778.308745
322,2758.426001
323,2773.198295
324,2748.340606
325,2799.137821
326,2820.879520
327,2827.001989
328,2824.570287
329,2774.595096
330,2738.026566
331,2756.125577
332,2821.841243
333,2850.623915
334,2857.365929
335,2908.144634
336,2837.436806
337,2800.756302
338,2784.241191
339,2811.669272
340,2826.741141
341,2887.820271
342,2861.618330
343,2806.193533
344,2849.235331
345,2789.217758
346,2814.237364
347,2831.152381
348,2866.437314
349,2862.992743
350,2800.948226
351,2722.170004
352,2733.725300
353,2750.286764
354,2745.793742
355,2707.413991
356,2719.646112
357,2754.796867
358,2769.508963
359,2713.811600
360,2691.103132
361,2773.197688
362,2683.965397
363,2721.647751
364,2746.230655
365,2794.085347
366,2806.794878
367,2796.704802
368,2721.684850
369,2729.285141
370,2760.799914
371,2760.309333
372,2772.133564
373,2757.080368
374,2824.620255
375,2842.670224
376,2845.380892
377,2853.690241
378,2889.259860
379,2873.838072
380,2905.268181
381,2884.369147
382,2864.748210
383,2867.767832
384,2891.994913
385,2890.239849
386,2868.468886
387,2802.289556
388,2807.439592
389,2827.530077
390,2781.476711
391,2829.699878
392,2831.490635
393,2808.152193
394,2793.406963
395,2838.045329
396,2781.937618
397,2855.180747
398,2836.215820
399,2704.528679
400,2704.054691
401,2686.393586
402,2639.466033
403,2577.760332
404,2629.149236
405,2634.706590
406,2745.928277
407,2714.333362
408,2736.115834
409,2729.010382
410,2727.948858
411,2724.710373
412,2686.976493
413,2733.019952
414,2709.048642
415,2714.012939
416,2721.236616
417,2737.301822
418,2739.607670
419,2743.280318
420,2765.154471
421,2725.393276
422,2708.873242
423,2692.338236
424,2692.588020
425,2774.016166
426,2802.502761
427,2801.934201
428,2793.663535
429,2763.524961
430,2768.985426
431,2818.961179
432,2814.284355
433,2837.410003
434,2831.947656
435,2922.878523
436,2928.960596
437,2924.172327
438,2909.643267
439,2839.645470
440,2824.524504
441,2813.425002
442,2819.127126
443,2799.369276
444,2750.657402
445,2709.015383
446,2712.608927
447,2692.945532
448,2704.136283
449,2653.908865
450,2644.128603
451,2665.262004
452,2658.170483
453,2659.213006
454,2683.854604
455,2735.677225
456,2722.033506
457,2769.216492
458,2792.028977
459,2705.254251
460,2755.463543
461,2814.639494
462,2741.964761
463,2729.475414
464,2677.597715
465,2633.368032
466,2652.579377
467,2656.127884
468,2596.965272
469,2598.799109
470,2681.403676
471,2736.982933
472,2706.165354
473,2753.712942
474,2759.595978
475,2739.339470
476,2696.971881
477,2658.276099
478,2683.292193
479,2729.102871
480,2716.604474
481,2761.966998
482,2808.906104
483,2862.531511
484,2847.771356
485,2866.073093
486,2820.994576
487,2844.939645
488,2819.541248
489,2803.042515
490,2765.363137
491,2818.595798
492,2808.625430
493,2781.379798
494,2775.719864
495,2789.012671
496,2799.273917
497,2770.783735
498,2765.143665
499,2749.534402
