0,3073.147234
1,6096.013273
2,6481.448866
3,6712.125981
4,6962.256360
5,7178.509744
6,7413.570537
7,7605.660920
8,7741.259349
9,7913.489405
10,8027.372637
11,8181.650787
12,8298.722302
13,8444.486490
14,8605.553950
15,8679.501108
16,8748.687840
17,8799.843401
18,8951.989777
19,9053.781190
20,9173.769742
21,9318.336010
22,9454.859655
23,9672.985963
24,9725.109626
25,9872.127694
26,9967.134044
27,9937.476163
28,10113.636260
29,10217.028962
30,10099.419907
31,10253.061579
32,10363.687720
33,10402.371591
34,10640.089986
35,10691.892016
36,10616.282894
37,10740.705768
38,10889.813862
39,10954.003369
40,11059.541370
41,11244.632353
42,11296.627953
43,11206.435029
44,11358.515659
45,11470.428889
46,11481.744838
47,11488.612558
48,11525.708513
49,11602.259128
50,11714.098068
51,11571.924853
52,11777.080687
53,11784.334169
54,11923.321965
55,11910.875882
56,12111.266369
57,12253.269031
58,12186.147809
59,12251.987529
60,12253.720593
61,12434.449055
62,12441.603366
63,12527.978681
64,12620.334498
65,12710.484232
66,12769.231463
67,12848.306161
68,12973.825656
69,12952.812496
70,12747.325021
71,12878.713288
72,12851.532563
73,13078.454867
74,13007.988886
75,13196.138727
76,13177.263054
77,13308.249537
78,13037.445496
79,12956.076525
80,12983.982824
81,12983.324824
82,12983.032388
83,13048.244418
84,13152.289294
85,13224.165301
86,13317.484449
87,13161.852711
88,13195.673919
89,13327.242974
90,13288.685014
91,13476.714469
92,13302.590032
93,13137.144725
94,13156.786205
95,13226.507007
96,13026.398869
97,13258.419589
98,13304.904782
99,13377.684689
100,13232.502028
101,13163.414611
102,13251.413326
103,13382.969586
104,13285.190849
105,13170.690294
106,13224.087961
107,13294.957761
108,13354.543531
109,13195.593662
110,13384.049014
111,13313.934281
112,13283.589663
113,13271.211370
114,13359.289209
115,13337.506428
116,13426.456304
117,13523.813379
118,13595.113169
119,13288.540093
120,13288.132599
121,13411.308466
122,13347.267221
123,13377.473036
124,13273.267272
125,13350.181819
126,13253.395377
127,13394.445013
128,13182.375211
129,13130.262803
130,13277.268759
131,13187.980338
132,13299.381406
133,13469.980387
134,13445.381544
135,13249.256404
136,13484.373831
137,13211.125226
138,13094.322456
139,13196.408663
140,13426.489072
141,13234.658765
142,13400.395694
143,13335.137663
144,13374.173470
145,13430.560995
146,13122.670311
147,13353.605010
148,13240.278705
149,13289.841631
150,13345.285131
151,13133.325185
152,13070.658938
153,13277.564038
154,13420.410714
155,13386.567173
156,13405.063416
157,13200.489901
158,13427.489302
159,13470.320349
160,13530.744801
161,13487.753113
162,13557.314049
163,13146.561773
164,12994.460964
165,13185.127476
166,13283.005894
167,13375.384268
168,13336.512771
169,13185.284843
170,13185.149481
171,13282.574520
172,13152.429108
173,13224.640962
174,13172.861693
175,13239.034196
176,13147.670095
177,13254.229645
178,13206.400092
179,13241.973623
180,13208.607514
181,13433.966309
182,13352.876350
183,13324.306128
184,13377.370718
185,13385.638751
186,13385.651893
187,13286.044356
188,13315.661431
189,13267.733062
190,13402.306152
191,13229.889785
192,13271.557950
193,13339.857101
194,13348.337757
195,13129.677482
196,13378.171012
197,13444.656616
198,13315.054272
199,13231.527590
200,13431.458209
201,13574.390553
202,13478.964848
203,13734.630857
204,13553.154450
205,13249.138365
206,13370.214981
207,13281.798974
208,13266.797077
209,13373.505277
210,13326.177451
211,13485.360501
212,13355.716437
213,13479.424684
214,13322.346870
215,13111.535907
216,13161.963227
217,13046.958514
218,13399.937820
219,13323.907323
220,13089.846625
221,13200.145847
222,13353.854334
223,13167.135268
224,13200.688693
225,13348.452531
226,13175.321626
227,13387.138638
228,13265.991106
229,13475.150542
230,13327.004243
231,13354.379795
232,13382.772167
233,13388.011714
234,13235.925884
235,13421.370300
236,13320.811163
237,13457.398579
238,13430.366920
239,13664.588220
240,13358.191192
241,13468.616740
242,13220.335840
243,13251.449766
244,13117.813473
245,13192.171675
246,13088.264917
247,13411.940610
248,13356.383279
249,13379.087439
250,13238.239700
251,13218.062306
252,13316.759011
253,13353.945771
254,13414.824224
255,13225.347177
256,13110.882413
257,13276.695877
258,13276.840517
259,13270.652983
260,13210.331067
261,13261.654993
262,13166.841301
263,13189.553788
264,13272.325110
265,13147.597221
266,13053.746255
267,13104.426659
268,13239.460050
269,13315.847812
270,13573.258288
271,13295.109331
272,13317.154584
273,13257.492251
274,13334.166627
275,13319.845924
276,13188.265817
277,13194.895705
278,13237.723313
279,13273.081396
280,13285.954305
281,13289.628962
282,13365.279789
283,13332.576629
284,13211.310282
285,13265.357896
286,13211.091293
287,13317.166544
288,13291.177338
289,13266.527281
290,13177.778940
291,13262.779458
292,13527.932021
293,13273.557893
294,13504.658148
295,13343.808818
296,13156.777315
297,13243.505413
298,13109.544876
299,13402.884741
300,13135.752932
301,13272.589360
302,13225.300270
303,13273.224751
304,13544.889924
305,13368.811455
306,13312.149351
307,13159.175445
308,13318.451379
309,13211.009951
310,13562.744550
311,13509.289751
312,13448.240666
313,13471.556257
314,13334.832166
315,13144.416367
316,13259.131244
317,13224.093794
318,13307.473828
319,13276.756714
320,13347.176333
321,13344.867082
322,13390.118161
323,13466.677088
324,13338.807979
325,13402.386397
326,13430.787136
327,13537.236053
328,13271.409037
329,13238.126047
330,13296.419951
331,13380.420881
332,13347.173601
333,13296.999226
334,13365.303018
335,13304.393977
336,13357.850843
337,13385.877773
338,13455.169430
339,13258.954998
340,13228.189928
341,13422.002191
342,13400.847723
343,13425.534911
344,13387.450448
345,13310.316830
346,13319.812633
347,13368.979705
348,13211.011709
349,13393.827394
350,13193.014151
351,13247.977672
352,13258.769932
353,13219.809935
354,13383.127679
355,13437.120763
356,13222.250467
357,13208.090284
358,13372.721457
359,13424.940988
360,13543.912971
361,13354.869685
362,13372.245225
363,13523.268995
364,13357.531640
365,13309.823893
366,13258.989485
367,13273.887801
368,13230.158309
369,13349.915428
370,13491.408408
371,13228.477218
372,13471.721927
373,13323.582406
374,13515.827350
375,13275.700490
376,13344.413587
377,13540.797144
378,13216.235381
379,13494.924769
380,13369.818621
381,13348.221102
382,13155.616083
383,13336.866376
384,13326.373135
385,13185.417422
386,13406.259179
387,13359.375010
388,13441.314612
389,13204.560264
390,13248.017170
391,13381.089887
392,13287.234042
393,13308.105111
394,13268.133502
395,13282.167524
396,13317.725412
397,13222.636131
398,13104.251952
399,13182.540210
400,13409.280560
401,13360.260834
402,13497.169540
403,13473.135331
404,13254.080746
405,13438.528961
406,13240.121444
407,13238.862156
408,13383.438715
409,13405.876054
410,13390.169245
411,13276.175499
412,13239.104845
413,13344.888984
414,13300.300580
415,13284.391737
416,13475.092835
417,13267.360566
418,13388.278642
419,13411.081482
420,13443.455480
421,13386.142164
422,13481.790521
423,13279.600114
424,13438.026112
425,13363.394530
426,13323.748850
427,13359.686394
428,13395.361143
429,13278.480198
430,13260.245409
431,13423.641894
432,13175.367720
433,13357.025258
434,13260.830366
435,13357.273386
436,13379.806481
437,13224.197140
438,13320.351424
439,13305.011116
440,13368.677153
441,13377.149902
442,13495.115330
443,13457.288976
444,13186.405312
445,13310.085157
446,13357.005388
447,13284.758739
448,13226.465634
449,13318.800922
450,13355.126588
451,13247.995152
452,13340.606867
453,13221.976242
454,13396.068409
455,13373.918804
456,13274.438514
457,13394.946839
458,13322.623608
459,13145.072058
460,13365.592985
461,13354.432792
462,13341.938948
463,13369.486373
464,13215.812014
465,13309.404472
466,13115.510996
467,13174.790584
468,13237.622076
469,13385.515688
470,13365.683753
471,13347.660920
472,13523.964325
473,13420.833541
474,13254.263684
475,13350.037165
476,13200.441538
477,13358.778873
478,13289.993036
479,13181.788890
480,13258.388411
481,13294.173215
482,13408.870465
483,13420.668865
484,13240.416667
485,13141.271999
486,13299.456299
487,13361.029169
488,13265.733952
489,13370.396307
490,13291.200501
491,13284.643368
492,13434.876747
493,13332.409608
494,13376.846813
495,13376.909994
496,13436.110383
497,13315.564973
498,13070.109012
499,13354.913734
