0,3079.402817
1,3068.274043
2,3032.579377
3,3034.993914
4,3051.864820
5,3074.735181
6,3083.754106
7,3130.279216
8,3134.139626
9,3139.760085
10,3104.211397
11,3076.571871
12,3024.664508
13,2956.990443
14,2980.681743
15,2987.075600
16,3020.661931
17,2933.405765
18,2917.309938
19,3001.189992
20,3081.584292
21,3094.833214
22,3087.308656
23,3106.205031
24,3111.958560
25,3155.653061
26,3150.451801
27,3158.348796
28,3192.886934
29,3163.110271
30,3220.915434
31,3180.361387
32,3118.351336
33,3138.537781
34,3100.177827
35,3102.087853
36,3087.962689
37,3125.422953
38,3086.509848
39,3062.857761
40,3110.368493
41,3102.573059
42,3103.663905
43,3059.231033
44,3029.563770
45,3047.677683
46,3071.036920
47,3076.727620
48,3085.323491
49,3111.068013
50,3076.027590
51,3050.268622
52,2972.020696
53,2999.927885
54,2991.530919
55,3114.406180
56,3119.453861
57,3042.123234
58,3053.341210
59,3093.193234
60,3059.734396
61,3083.082944
62,3118.702739
63,3066.286156
64,2998.635926
65,3014.142519
66,3033.466661
67,3064.194057
68,3070.511034
69,3021.526817
70,3095.949713
71,3012.111226
72,3032.941436
73,3024.907157
74,2977.810650
75,3017.055782
76,3055.757943
77,3080.930519
78,3059.139430
79,3114.201520
80,3129.061839
81,3094.924845
82,3077.960238
83,3090.952564
84,3145.851701
85,3130.733646
86,3124.548698
87,3136.618132
88,3155.434387
89,3113.996108
90,3129.006991
91,3111.260723
92,3073.149478
93,3024.283300
94,3075.693504
95,3127.308278
96,3081.410483
97,3108.252387
98,3070.422956
99,3067.650721
100,3164.965395
101,3142.618089
102,3136.180465
103,3162.820334
104,3168.082913
105,3149.573948
106,3112.219587
107,3155.389868
108,3224.049094
109,3196.729293
110,3110.036645
111,3141.330536
112,3164.875152
113,3189.419241
114,3215.664809
115,3202.237507
116,3250.228295
117,3248.287728
118,3274.513244
119,3243.361452
120,3317.027715
121,3327.318779
122,3352.971282
123,3330.716606
124,3358.548552
125,3323.506619
126,3238.384603
127,3305.242713
128,3341.811439
129,3360.863297
130,3332.215614
131,3327.439889
132,3416.022502
133,3325.527097
134,3320.823190
135,3488.050214
136,3424.887874
137,3467.188312
138,3493.540487
139,3442.050705
140,3455.295910
141,3411.067840
142,3404.089386
143,3399.421157
144,3390.111546
145,3435.976637
146,3513.748146
147,3514.673844
148,3489.534208
149,3500.971950
150,3599.504855
151,3601.490508
152,3635.693360
153,3664.522991
154,3698.403941
155,3695.330773
156,3754.187758
157,3868.129047
158,3818.381555
159,3885.648266
160,3938.516140
161,4095.846752
162,4141.239745
163,4260.302802
164,4280.921038
165,4421.971182
166,4642.019527
167,4557.460004
168,4584.400403
169,4570.528462
170,4575.875398
171,4625.245287
172,4658.275303
173,4661.107227
174,4669.465071
175,4820.418181
176,4918.479229
177,4917.571994
178,5168.070459
179,5394.029440
180,5294.149192
181,5473.694792
182,5398.042308
183,5599.218271
184,5661.056904
185,5608.152789
186,5718.171201
187,5907.471149
188,5811.736694
189,5788.628685
190,5791.942785
191,6168.615662
192,6288.419526
193,6257.919184
194,6449.408483
195,6320.772243
196,6328.233162
197,6458.674235
198,6593.183428
199,6762.050099
200,6691.897447
201,6775.719792
202,6671.572384
203,6722.926906
204,6732.901207
205,6734.346558
206,6869.856671
207,6829.829225
208,6972.196811
209,7073.630006
210,7169.246226
211,7208.851776
212,7166.693723
213,7191.040162
214,7158.902017
215,7190.097185
216,7232.813693
217,7203.343831
218,7162.761842
219,7201.131090
220,7264.456990
221,7265.878902
222,7259.803744
223,7324.426920
224,7322.700808
225,7360.556070
226,7396.235107
227,7395.800800
228,7416.705206
229,7372.282602
230,7408.066371
231,7450.589396
232,7432.790668
233,7464.115829
234,7479.507590
235,7469.383105
236,7450.619111
237,7499.121137
238,7501.401548
239,7527.060055
240,7455.774974
241,7481.435353
242,7484.355895
243,7478.313997
244,7432.598419
245,7484.919559
246,7517.165966
247,7462.142986
248,7501.418121
249,7504.679807
250,7453.372931
251,7476.645233
252,7499.384527
253,7490.565690
254,7515.349127
255,7501.258602
256,7516.883676
257,7479.316069
258,7387.913200
259,7463.194378
260,7435.744849
261,7481.369004
262,7501.212295
263,7438.683414
264,7373.265749
265,7356.845070
266,7428.376486
267,7374.616578
268,7466.848484
269,7381.526876
270,7417.592891
271,7433.987176
272,7450.185854
273,7358.873543
274,7313.845332
275,7328.350428
276,7417.550925
277,7467.742730
278,7525.665131
279,7567.791181
280,7572.142316
281,7544.636679
282,7514.437160
283,7516.485849
284,7522.833186
285,7559.981333
286,7612.250973
287,7651.761514
288,7623.240709
289,7647.636897
290,7676.197609
291,7705.845843
292,7667.700161
293,7717.846321
294,7690.819989
295,7725.391874
296,7729.837273
297,7703.881227
298,7713.210201
299,7748.594324
300,7773.641103
301,7755.559044
302,7776.297927
303,7807.089173
304,7820.560798
305,7766.606457
306,7767.681788
307,7805.339988
308,7776.744077
309,7743.329104
310,7729.973316
311,7767.563745
312,7737.730459
313,7746.654629
314,7678.111189
315,7714.107756
316,7745.092541
317,7700.393525
318,7705.869842
319,7722.193888
320,7813.073815
321,7870.414304
322,7854.699506
323,7795.946963
324,7732.624772
325,7771.526543
326,7613.079862
327,7699.153291
328,7703.088666
329,7607.197530
330,7675.460268
331,7608.893346
332,7594.213966
333,7648.720678
334,7700.669659
335,7750.944006
336,7738.019888
337,7729.485578
338,7768.609330
339,7787.886345
340,7721.180090
341,7747.093093
342,7771.638452
343,7826.701542
344,7781.714019
345,7824.762012
346,7788.887579
347,7640.947101
348,7683.168184
349,7759.992101
350,7779.480869
351,7824.574302
352,7821.449586
353,7832.630668
354,7870.320000
355,7840.626854
356,7833.129715
357,7771.742008
358,7840.661428
359,7823.224256
360,7749.192957
361,7744.639537
362,7721.691511
363,7674.981723
364,7735.746603
365,7629.160284
366,7626.793651
367,7676.624091
368,7767.681685
369,7799.953826
370,7775.375645
371,7766.060694
372,7771.217801
373,7790.361487
374,7758.380603
375,7687.091648
376,7705.465043
377,7767.469816
378,7788.202790
379,7737.059821
380,7703.032071
381,7656.263303
382,7673.774045
383,7625.370833
384,7648.250918
385,7774.751136
386,7785.787982
387,7806.765740
388,7698.803045
389,7709.657702
390,7714.144413
391,7781.018462
392,7784.551289
393,7771.297112
394,7817.391723
395,7785.716098
396,7807.675088
397,7848.978838
398,7828.381248
399,7770.015305
400,7811.481162
401,7815.114294
402,7844.119677
403,7817.207330
404,7771.631963
405,7717.619501
406,7683.455357
407,7786.526531
408,7778.122429
409,7759.210100
410,7798.523083
411,7852.107066
412,7874.554165
413,7768.879009
414,7834.254247
415,7927.852781
416,7894.702656
417,7936.782655
418,7959.034416
419,7778.923467
420,7778.661103
421,7692.010282
422,7758.323973
423,7825.845036
424,7865.337348
425,7883.540836
426,7819.962291
427,7878.284725
428,7940.975996
429,7951.578225
430,7892.088952
431,7887.854616
432,7866.113284
433,7930.223151
434,7923.962107
435,7852.886507
436,7773.604195
437,7712.600762
438,7705.288495
439,7768.692151
440,7706.311828
441,7734.529875
442,7807.269220
443,7931.316639
444,7972.813915
445,7914.437822
446,7908.416667
447,7878.835982
448,7921.180462
449,7984.338438
450,7930.160244
451,7915.741231
452,7959.213772
453,7948.872573
454,7949.859611
455,7808.269136
456,7830.222354
457,7863.096002
458,7877.544425
459,7781.056035
460,7886.344268
461,7802.821555
462,7832.717071
463,7727.086964
464,7700.462207
465,7666.470416
466,7697.361259
467,7834.947255
468,7786.492508
469,7766.562267
470,7801.141381
471,7808.204489
472,7806.403224
473,7805.265768
474,7741.080551
475,7776.226349
476,7791.230883
477,7857.253065
478,7898.045385
479,7885.582737
480,7884.336383
481,7972.414777
482,8018.038504
483,8008.745358
484,8013.252729
485,7911.451080
486,7943.692362
487,7867.453743
488,7901.740535
489,7944.991994
490,7944.014516
491,7955.956712
492,7930.913716
493,7913.320769
494,7867.981731
495,7985.277564
496,8240.496576
497,8269.513407
498,8356.505286
499,8409.953972
