0,3042.165866
1,5971.904066
2,6367.960302
3,6559.764414
4,6874.025373
5,7079.117328
6,7329.819101
7,7489.789047
8,7589.632341
9,7710.306141
10,7884.327955
11,8027.497635
12,8196.920823
13,8294.370011
14,8388.989239
15,8494.307397
16,8501.535810
17,8734.852278
18,8756.291107
19,8887.193132
20,8916.050252
21,9001.244275
22,9097.314505
23,9090.737713
24,9308.222776
25,9270.345298
26,9372.168982
27,9494.503411
28,9481.374637
29,9526.441399
30,9515.274935
31,9516.031955
32,9686.050997
33,9833.540673
34,9981.329602
35,9969.046041
36,10019.220678
37,10120.189616
38,10170.863445
39,10389.556888
40,10464.449183
41,10400.627117
42,10478.160750
43,10520.145433
44,10579.930262
45,10736.521501
46,10740.678309
47,10666.473796
48,10757.183487
49,10852.614340
50,10990.377741
51,10896.370001
52,10976.002986
53,11099.186357
54,11106.533730
55,11100.322170
56,11156.964836
57,11100.154549
58,11451.987701
59,11374.223797
60,11483.538703
61,11251.980615
62,11428.423601
63,11566.760823
64,11641.819622
65,11731.135949
66,11760.403676
67,11803.783577
68,11662.989216
69,11805.011136
70,11692.515883
71,11626.957670
72,11905.180790
73,12003.455593
74,11842.931461
75,11934.180834
76,12051.582552
77,12066.348877
78,12138.768285
79,12197.697279
80,11989.434900
81,11907.166060
82,12152.926185
83,12080.758300
84,12155.513058
85,12041.930379
86,12136.872034
87,12068.743545
88,12145.273182
89,12330.939941
90,12090.599900
91,12243.261294
92,12332.452983
93,12178.535836
94,12385.620106
95,12423.979697
96,12522.633286
97,12299.466947
98,12400.396513
99,12510.317249
100,12246.715960
101,12381.358981
102,12380.976207
103,12509.789428
104,12449.228699
105,12426.023472
106,12386.689211
107,12315.493925
108,12453.437923
109,12701.150353
110,12500.164513
111,12534.671888
112,12505.872662
113,12354.122731
114,12310.180719
115,12495.669573
116,12538.838092
117,12504.554765
118,12615.026997
119,12717.893144
120,12693.819898
121,12765.995069
122,12542.248134
123,12430.225828
124,12869.989841
125,12775.495971
126,12669.518521
127,12826.553595
128,12660.084303
129,12670.052567
130,12767.065744
131,12570.549789
132,12702.452634
133,12758.937008
134,12764.950996
135,12478.957560
136,12754.752080
137,12809.894415
138,12727.326867
139,12766.867316
140,12719.974891
141,12802.115764
142,12516.140892
143,12685.874012
144,12771.975044
145,12693.987143
146,12728.582565
147,12698.551380
148,12771.082627
149,12711.763198
150,12697.765946
151,12691.844976
152,12914.863083
153,12821.666882
154,12640.734379
155,12746.392251
156,12747.591030
157,12767.321590
158,12932.630826
159,12816.319767
160,12910.173762
161,12987.437950
162,12897.525701
163,12789.738844
164,13078.977023
165,12994.918985
166,12921.051421
167,12825.489041
168,12693.538326
169,12895.303300
170,13089.237382
171,12864.706704
172,13026.146202
173,13043.615536
174,12983.982208
175,13374.692163
176,13039.425529
177,13021.265061
178,12818.603554
179,12894.858232
180,12794.844210
181,12773.384316
182,12928.329110
183,12998.993487
184,13095.154980
185,12908.025037
186,13028.894692
187,13000.176921
188,13009.451693
189,13230.963870
190,13096.166521
191,13031.729122
192,12933.292664
193,12826.495985
194,12937.517573
195,12966.660100
196,13067.617507
197,12978.741090
198,13207.273525
199,13213.626635
200,13162.943901
201,12909.353276
202,12821.202174
203,13157.337179
204,13052.873303
205,13018.359677
206,13041.891789
207,13014.617995
208,13025.576797
209,12979.940830
210,13063.412637
211,13344.355763
212,13253.683995
213,13314.172053
214,12994.568200
215,13082.606682
216,13160.840273
217,13240.512460
218,13219.921041
219,13181.581268
220,13455.004896
221,13398.764952
222,13016.976697
223,13564.512000
224,13274.319983
225,13022.917329
226,13001.572992
227,12999.731873
228,12932.350582
229,13078.473976
230,13354.429549
231,13372.291601
232,13121.740200
233,13176.460822
234,13100.458920
235,13134.824914
236,13459.259911
237,13252.375492
238,13358.358868
239,13366.039074
240,13170.355890
241,13229.484273
242,13309.583423
243,13427.957585
244,13144.924768
245,13178.981210
246,13315.718564
247,13237.799553
248,13230.329891
249,13288.293802
250,13359.888215
251,13276.480395
252,13306.710810
253,13320.228539
254,13295.712242
255,13266.996705
256,13486.730304
257,13207.894885
258,13351.617946
259,13338.441889
260,13226.057172
261,13261.713134
262,13279.606395
263,13426.551024
264,13218.620533
265,13366.655170
266,13392.016899
267,13396.500053
268,13470.695717
269,13428.540691
270,13664.639439
271,13338.386374
272,13434.820700
273,13237.952744
274,13344.458765
275,13418.711949
276,13424.391274
277,13398.791475
278,13469.883710
279,13452.254710
280,13275.650287
281,13449.839077
282,13333.431548
283,13231.743850
284,13406.045115
285,13387.345493
286,13447.077091
287,13466.756484
288,13455.046864
289,13243.779333
290,13136.027521
291,13384.748768
292,13557.830802
293,13382.775961
294,13570.947405
295,13696.848430
296,13450.669345
297,13292.925065
298,13384.168919
299,13393.272269
300,13210.037420
301,13297.496422
302,13280.390897
303,13404.644899
304,13338.054791
305,13353.348106
306,13361.064431
307,13440.108297
308,13474.792454
309,13296.342853
310,13388.279187
311,13612.955968
312,13589.851513
313,13456.204508
314,13295.810619
315,13540.691312
316,13516.334465
317,13526.612607
318,13427.637284
319,13421.350232
320,13378.176682
321,13312.276072
322,13248.700451
323,13487.153356
324,13572.404964
325,13354.995314
326,13521.305595
327,13487.829602
328,13406.823170
329,13509.366278
330,13389.977428
331,13574.770823
332,13326.989765
333,13504.613302
334,13359.769083
335,13528.537575
336,13579.345258
337,13482.289492
338,13425.720567
339,13526.408084
340,13698.649519
341,13658.783838
342,13524.345182
343,13534.481062
344,13567.678057
345,13677.281183
346,13544.668650
347,13635.418681
348,13713.884663
349,13584.038096
350,13521.172000
351,13453.140625
352,13392.885100
353,13336.912188
354,13398.111296
355,13370.857012
356,13701.025294
357,13641.661860
358,13500.523633
359,13227.423451
360,13612.396630
361,13295.909882
362,13409.545400
363,13407.368894
364,13486.352805
365,13642.160503
366,13371.191300
367,13530.664616
368,13419.490776
369,13427.150008
370,13393.881938
371,13517.766300
372,13621.636075
373,13643.751434
374,13401.092109
375,13738.982921
376,13769.649518
377,13726.026403
378,13497.417327
379,13595.091329
380,13585.021398
381,13456.934090
382,13342.523340
383,13346.964716
384,13508.798778
385,13555.943777
386,13375.762284
387,13542.440668
388,13461.713330
389,13540.060430
390,13473.028823
391,13509.982719
392,13374.865257
393,13253.013979
394,13722.644192
395,13665.354463
396,13606.772182
397,13608.598838
398,13474.602527
399,13480.226799
400,13485.917958
401,13585.684672
402,13539.630847
403,13547.056840
404,13563.057785
405,13337.117394
406,13758.588872
407,13534.508284
408,13562.004698
409,13613.949517
410,13516.105322
411,13483.530878
412,13442.275440
413,13641.329142
414,13707.119820
415,13619.566400
416,13670.502433
417,13574.659768
418,13564.208395
419,13595.994730
420,13439.820104
421,13652.854247
422,13763.531451
423,13502.434835
424,13517.275288
425,13684.863607
426,13491.670586
427,13490.656187
428,13419.619177
429,13758.600492
430,13842.718072
431,13781.279239
432,13510.806264
433,13839.972458
434,13675.121048
435,13737.250963
436,13810.829992
437,13872.044886
438,13510.965029
439,13771.593814
440,13785.301889
441,13674.494477
442,13348.341343
443,13488.967257
444,13652.410419
445,13535.192228
446,13386.753712
447,13692.468897
448,13596.643736
449,13714.419789
450,13465.986052
451,13784.784920
452,13809.972969
453,13562.110891
454,13717.315847
455,13311.059623
456,13709.917765
457,13720.340298
458,13421.375618
459,13678.019708
460,13718.741498
461,13349.390229
462,13539.711840
463,13392.767933
464,13376.008557
465,13559.408343
466,13673.941887
467,13592.466218
468,13835.836751
469,13784.042928
470,13675.876928
471,13612.450598
472,13863.420142
473,13630.906864
474,13604.751860
475,13697.161708
476,13627.499438
477,13708.032986
478,14004.469383
479,13599.716447
480,13538.136267
481,13697.743054
482,13359.538515
483,13487.763072
484,13707.855209
485,13779.395115
486,13568.338129
487,13508.799288
488,13524.232289
489,13473.465807
490,13513.554138
491,13733.961445
492,13762.626379
493,13634.365147
494,13420.970950
495,13881.747026
496,13790.434708
497,13711.786546
498,13655.103773
499,13453.321342
