0,3067.925417
1,3479.072552
2,3766.409496
3,4034.336157
4,4283.536485
5,4519.963280
6,4728.112807
7,4938.969588
8,5134.830783
9,5338.555855
10,5502.637697
11,5684.649209
12,5858.694979
13,6036.433485
14,6201.548726
15,6369.910667
16,6500.693006
17,6593.613471
18,6696.916653
19,6797.065205
20,6876.196136
21,6940.472827
22,7010.901974
23,7089.440723
24,7152.473069
25,7220.012240
26,7276.479093
27,7325.736569
28,7374.363654
29,7422.995461
30,7465.545597
31,7502.885301
32,7533.858933
33,7570.308354
34,7610.290213
35,7668.103646
36,7742.017512
37,7857.034670
38,8032.009015
39,8203.304169
40,8298.639556
41,8341.367347
42,8372.165498
43,8403.956927
44,8435.443076
45,8453.058228
46,8465.988989
47,8479.297502
48,8483.330066
49,8483.865323
50,8484.319270
51,8484.370930
52,8484.813964
53,8485.232258
54,8486.068848
55,8487.560223
56,8490.069991
57,8492.816250
58,8496.635589
59,8502.128107
60,8512.694848
61,8530.554403
62,8555.003032
63,8587.405538
64,8588.408195
65,8588.408195
66,8588.683635
67,8588.959076
68,8589.234516
69,8589.509957
70,8590.887159
71,8591.988921
72,8594.467886
73,8597.222291
74,8601.841941
75,8608.389675
76,8618.518135
77,8632.227322
78,8652.272133
79,8656.992883
80,8656.992883
81,8656.992883
82,8656.992883
83,8656.992883
84,8656.992883
85,8656.992883
86,8656.992883
87,8656.992883
88,8656.992883
89,8656.992883
90,8656.992883
91,8656.992883
92,8656.992883
93,8656.992883
94,8656.992883
95,8656.992883
96,8656.992883
97,8656.992883
98,8656.992883
99,8656.992883
100,8656.992883
101,8656.992883
102,8656.992883
103,8656.992883
104,8656.992883
105,8656.992883
106,8656.992883
107,8656.992883
108,8656.992883
109,8656.992883
110,8656.992883
111,8656.992883
112,8656.992883
113,8656.992883
114,8656.992883
115,8656.992883
116,8656.992883
117,8656.992883
118,8656.992883
119,8656.992883
120,8656.992883
121,8656.992883
122,8656.992883
123,8656.992883
124,8656.992883
125,8656.992883
126,8656.992883
127,8656.992883
128,8656.992883
129,8656.992883
130,8656.992883
131,8656.992883
132,8657.062908
133,8657.062908
134,8657.132933
135,8657.272982
136,8657.413032
137,8657.623106
138,8657.833181
139,8658.323355
140,8658.883553
141,8659.793876
142,8661.334422
143,8663.575216
144,8667.356557
145,8673.168617
146,8674.499089
147,8674.499089
148,8674.499089
149,8674.499089
150,8674.499089
151,8674.499089
152,8674.499089
153,8674.499089
154,8674.499089
155,8674.499089
156,8674.499089
157,8674.499089
158,8674.499089
159,8674.499089
160,8674.499089
161,8674.499089
162,8674.499089
163,8674.499089
164,8674.499089
165,8674.499089
166,8674.499089
167,8674.499089
168,8674.499089
169,8674.499089
170,8674.499089
171,8674.499089
172,8674.499089
173,8674.499089
174,8674.499089
175,8674.499089
176,8674.499089
177,8674.499089
178,8674.499089
179,8674.499089
180,8674.499089
181,8674.499089
182,8674.569133
183,8674.639177
184,8674.709221
185,8674.919354
186,8675.129486
187,8675.479706
188,8676.110103
189,8677.090720
190,8678.421558
191,8680.312748
192,8682.974423
193,8687.597333
194,8692.010111
195,8692.010111
196,8692.185766
197,8692.361421
198,8692.537076
199,8693.267649
200,8694.173877
201,8695.052152
202,8697.187965
203,8699.878696
204,8703.272048
205,8707.016709
206,8714.709640
207,8726.136135
208,8741.024285
209,8752.602062
210,8763.166613
211,8776.815482
212,8800.202073
213,8836.632115
214,8864.037761
215,8891.729041
216,8891.729041
217,8891.729041
218,8891.729041
219,8891.729041
220,8891.729041
221,8891.729041
222,8891.862324
223,8891.995606
224,8892.128889
225,8892.262172
226,8892.662019
227,8893.328432
228,8894.261410
229,8895.460953
230,8897.060344
231,8899.459430
232,8903.324624
233,8909.722187
234,8917.719141
235,8925.049682
236,8925.049682
237,8925.049682
238,8925.049682
239,8925.049682
240,8925.049682
241,8925.049682
242,8925.049682
243,8925.049682
244,8925.049682
245,8925.049682
246,8925.049682
247,8925.049682
248,8925.108110
249,8925.166538
250,8925.283395
251,8925.400252
252,8925.633966
253,8926.101393
254,8926.451964
255,8926.977820
256,8927.620532
257,8928.789101
258,8930.483525
259,8933.171232
260,8937.436507
261,8939.656787
262,8939.656787
263,8939.656787
264,8939.656787
265,8939.656787
266,8939.656787
267,8939.656787
268,8939.656787
269,8939.656787
270,8939.656787
271,8939.656787
272,8939.656787
273,8939.656787
274,8939.656787
275,8939.656787
276,8939.656787
277,8939.656787
278,8939.656787
279,8939.656787
280,8939.656787
281,8939.656787
282,8939.656787
283,8939.656787
284,8939.656787
285,8939.772719
286,8939.772719
287,8939.888650
288,8939.888650
289,8940.004582
290,8940.236445
291,8940.468309
292,8940.816104
293,8941.395763
294,8941.859490
295,8942.439148
296,8943.134739
297,8944.757783
298,8947.424212
299,8950.902164
300,8956.350955
301,8964.466175
302,8968.639717
303,8968.639717
304,8968.639717
305,8968.639717
306,8968.639717
307,8968.639717
308,8968.639717
309,8968.639717
310,8968.639717
311,8968.639717
312,8968.639717
313,8968.639717
314,8968.639717
315,8968.639717
316,8968.639717
317,8968.639717
318,8968.639717
319,8968.639717
320,8968.639717
321,8968.639717
322,8968.639717
323,8968.639717
324,8968.639717
325,8968.639717
326,8968.639717
327,8968.639717
328,8968.639717
329,8968.705477
330,8968.771237
331,8968.836997
332,8968.968518
333,8969.165798
334,8969.560358
335,8970.020678
336,8970.809799
337,8971.993480
338,8973.505961
339,8975.741802
340,8979.950445
341,8985.079729
342,8985.079729
343,8985.079729
344,8985.079729
345,8985.079729
346,8985.079729
347,8985.079729
348,8985.079729
349,8985.079729
350,8985.079729
351,8985.079729
352,8985.079729
353,8985.079729
354,8985.079729
355,8985.079729
356,8985.079729
357,8985.079729
358,8985.079729
359,8985.079729
360,8985.079729
361,8985.079729
362,8985.079729
363,8985.079729
364,8985.079729
365,8985.079729
366,8985.079729
367,8985.079729
368,8985.079729
369,8985.079729
370,8985.079729
371,8985.079729
372,8985.079729
373,8985.103036
374,8985.126343
375,8985.172956
376,8985.219570
377,8985.289490
378,8985.406025
379,8985.569173
380,8985.848855
381,8986.221765
382,8986.781129
383,8987.596869
384,8988.902053
385,8990.906442
386,8990.906442
387,8990.906442
388,8990.906442
389,8990.906442
390,8990.906442
391,8990.906442
392,8990.906442
393,8990.906442
394,8990.906442
395,8990.906442
396,8990.906442
397,8990.906442
398,8990.906442
399,8990.906442
400,8990.906442
401,8990.906442
402,8990.906442
403,8990.906442
404,8990.906442
405,8990.906442
406,8990.906442
407,8990.906442
408,8990.906442
409,8990.906442
410,8990.906442
411,8990.906442
412,8990.906442
413,8990.906442
414,8990.906442
415,8990.906442
416,8990.906442
417,8990.906442
418,8990.906442
419,8990.906442
420,8990.906442
421,8990.906442
422,8990.906442
423,8990.906442
424,8990.906442
425,8991.004680
426,8991.102918
427,8991.102918
428,8991.102918
429,8991.201156
430,8991.495870
431,8991.888823
432,8992.281775
433,8993.165918
434,8994.148300
435,8995.228919
436,8997.684872
437,9001.123206
438,9006.428064
439,9012.715303
440,9015.640420
441,9015.640420
442,9015.640420
443,9015.640420
444,9015.640420
445,9015.814870
446,9015.989319
447,9016.512669
448,9016.861568
449,9017.559367
450,9018.780516
451,9020.699464
452,9023.665110
453,9026.805206
454,9032.910949
455,9041.284538
456,9053.513655
457,9059.331295
458,9059.457735
459,9059.710614
460,9060.216372
461,9060.999271
462,9061.782170
463,9062.540808
464,9063.931643
465,9065.701797
466,9068.393067
467,9072.866975
468,9079.628573
469,9089.930478
470,9090.955183
471,9091.027968
472,9091.125014
473,9091.222060
474,9091.319107
475,9091.585984
476,9091.852861
477,9092.022693
478,9092.338093
479,9092.993156
480,9093.551172
481,9094.960228
482,9096.753700
483,9096.753700
484,9096.753700
485,9096.753700
486,9096.753700
487,9096.753700
488,9096.753700
489,9096.753700
490,9096.753700
491,9096.753700
492,9096.753700
493,9096.753700
494,9096.753700
495,9096.753700
496,9096.753700
497,9096.753700
498,9096.753700
499,9096.753700
