0,3038.602774
1,3276.607126
2,3413.035155
3,3445.387515
4,3459.830024
5,3471.976786
6,3541.588300
7,3566.252543
8,3548.469449
9,3585.809320
10,3637.879474
11,3723.408452
12,3738.163738
13,3723.680708
14,3704.163869
15,3724.869972
16,3865.966104
17,4001.415908
18,3918.566741
19,3992.318828
20,3906.754068
21,3999.022972
22,4042.134222
23,4060.534767
24,4070.298951
25,4099.634795
26,4015.541314
27,3925.244848
28,3923.550551
29,3998.843444
30,3985.542568
31,4016.585097
32,3992.182768
33,3991.991560
34,4009.566548
35,3981.748924
36,3923.680018
37,3833.628642
38,3832.012610
39,3804.563384
40,3777.263630
41,3828.783057
42,3822.007719
43,3828.544750
44,3867.405099
45,3883.486136
46,3912.366535
47,3952.024746
48,3989.946060
49,3999.217456
50,4015.267573
51,3975.908589
52,3996.534375
53,4003.504635
54,3962.696787
55,3974.760807
56,3983.014203
57,4031.918890
58,3969.546736
59,4058.772647
60,4077.030035
61,4013.012522
62,3957.780419
63,3839.966211
64,3827.920994
65,3954.931531
66,4079.152195
67,3977.675366
68,4061.572001
69,4052.081342
70,3956.997451
71,3856.469755
72,3959.536604
73,3971.602150
74,3966.738313
75,3885.161689
76,3979.702042
77,4060.555754
78,4022.292937
79,4056.262860
80,4129.751077
81,4174.393153
82,4171.051007
83,4140.797704
84,4168.135830
85,4186.350245
86,4315.608283
87,4168.643527
88,4224.364238
89,4129.043329
90,4235.012551
91,4334.096416
92,4273.864321
93,4218.110610
94,4317.720539
95,4335.846760
96,4379.553632
97,4462.771459
98,4499.603098
99,4508.477879
100,4513.430489
101,4495.811111
102,4505.957516
103,4485.036062
104,4544.825434
105,4554.245346
106,4680.577850
107,4594.849438
108,4520.978753
109,4605.603185
110,4762.701229
111,4689.610145
112,4725.142342
113,4719.468004
114,4583.066269
115,4641.645774
116,4714.432660
117,4733.763569
118,4721.827127
119,4854.270678
120,5011.646788
121,5103.108970
122,5077.769780
123,5261.572297
124,5289.753771
125,5254.622213
126,5207.505056
127,5293.757965
128,5418.908837
129,5364.092324
130,5398.853946
131,5392.861492
132,5501.588091
133,5467.043817
134,5508.289337
135,5313.212718
136,5396.230653
137,5399.116460
138,5461.681559
139,5492.727052
140,5685.523268
141,5660.558995
142,5839.622826
143,5873.385553
144,5933.454070
145,5959.785076
146,6056.286086
147,5916.035577
148,5902.780519
149,6002.177390
150,6038.757267
151,6058.938549
152,6093.992403
153,6104.140315
154,6248.793639
155,6307.516252
156,6304.505131
157,6172.061465
158,6248.114408
159,6311.621529
160,6382.608674
161,6420.249248
162,6499.960007
163,6454.526623
164,6523.115129
165,6647.854638
166,6629.579789
167,6653.148730
168,6884.299933
169,6833.826054
170,6921.014682
171,6997.133746
172,6912.474723
173,6918.446111
174,6990.145301
175,7004.779714
176,7079.121136
177,6908.276134
178,6996.971141
179,7062.556664
180,7198.255870
181,7180.692267
182,7217.202426
183,7204.718204
184,7158.871802
185,7249.602621
186,7374.740082
187,7305.559689
188,7395.480395
189,7435.050809
190,7418.872966
191,7536.473519
192,7574.113720
193,7574.964762
194,7611.845534
195,7727.455318
196,7675.947676
197,7835.601565
198,7857.701300
199,7800.753945
200,7809.272752
201,7809.038323
202,7836.464927
203,7906.215164
204,7846.946325
205,7895.396406
206,7879.411367
207,7994.305076
208,7950.115214
209,8038.925865
210,8008.653469
211,8025.036654
212,8002.508477
213,7926.291646
214,8023.173298
215,8033.641854
216,8003.398509
217,8084.601036
218,8040.662549
219,8093.435767
220,8074.593392
221,8121.226587
222,8142.007261
223,8110.592751
224,8086.464315
225,8132.986003
226,8012.551744
227,8141.078643
228,8232.375941
229,8262.912776
230,8313.883769
231,8366.648362
232,8380.087068
233,8371.470785
234,8343.560592
235,8368.500615
236,8364.481229
237,8359.859702
238,8364.839650
239,8372.434300
240,8364.411997
241,8354.672612
242,8375.014105
243,8335.507419
244,8282.092671
245,8319.771102
246,8352.424914
247,8360.622465
248,8339.711727
249,8221.302106
250,8251.318975
251,8175.072557
252,8273.896702
253,8316.472060
254,8359.603693
255,8397.474769
256,8232.312282
257,8321.386638
258,8316.958556
259,8344.786229
260,8318.850938
261,8292.102867
262,8330.093733
263,8334.065024
264,8365.375290
265,8339.895603
266,8326.957438
267,8304.645621
268,8329.290483
269,8333.340374
270,8354.286043
271,8364.295725
272,8328.640730
273,8300.356212
274,8249.105700
275,8313.263855
276,8308.823962
277,8384.883063
278,8365.091380
279,8349.021382
280,8349.908233
281,8349.042825
282,8352.811846
283,8356.029626
284,8342.212196
285,8362.143657
286,8377.982282
287,8400.806490
288,8376.898248
289,8360.155874
290,8376.390972
291,8387.551750
292,8354.069769
293,8394.516271
294,8369.976070
295,8358.549144
296,8360.543652
297,8354.869747
298,8356.859513
299,8301.881805
300,8360.111010
301,8382.475583
302,8368.051518
303,8358.262467
304,8348.832967
305,8334.756638
306,8385.220281
307,8364.997353
308,8362.859292
309,8385.195318
310,8354.349028
311,8348.862957
312,8379.003521
313,8387.410906
314,8410.989948
315,8407.653535
316,8414.277055
317,8435.557588
318,8393.733147
319,8401.851125
320,8419.495258
321,8414.884728
322,8442.127515
323,8415.371728
324,8458.722979
325,8448.102226
326,8440.196181
327,8465.916654
328,8463.275442
329,8442.271707
330,8447.661022
331,8440.555424
332,8442.062642
333,8438.239682
334,8416.669083
335,8445.468555
336,8449.621854
337,8414.340109
338,8449.608167
339,8428.169791
340,8449.359500
341,8466.026189
342,8424.609216
343,8391.754605
344,8439.256080
345,8301.009298
346,8357.688779
347,8410.628174
348,8423.903512
349,8431.670285
350,8442.576194
351,8458.009237
352,8450.557175
353,8424.553776
354,8425.990425
355,8412.614097
356,8439.567512
357,8447.717890
358,8443.743635
359,8460.391476
360,8444.495549
361,8459.210483
362,8449.820096
363,8461.742995
364,8465.441973
365,8449.709469
366,8439.504735
367,8436.084091
368,8465.095898
369,8461.009253
370,8461.754298
371,8459.732403
372,8477.566930
373,8454.422022
374,8464.499787
375,8451.167356
376,8413.943114
377,8439.723324
378,8443.037687
379,8483.937146
380,8442.538606
381,8454.867158
382,8451.118223
383,8456.126959
384,8429.358435
385,8381.563508
386,8437.070632
387,8414.030054
388,8386.758708
389,8392.054429
390,8399.371290
391,8437.167179
392,8405.044501
393,8404.849520
394,8379.715409
395,8403.473577
396,8433.091861
397,8442.741865
398,8456.635521
399,8401.939600
400,8435.735329
401,8471.427805
402,8494.586765
403,8476.699793
404,8453.348581
405,8433.853055
406,8461.776312
407,8451.844533
408,8465.918994
409,8445.303685
410,8424.435384
411,8391.024106
412,8458.581637
413,8445.610392
414,8472.894248
415,8439.242390
416,8401.050111
417,8469.050123
418,8449.894702
419,8463.233214
420,8465.235134
421,8441.058965
422,8440.173781
423,8432.915918
424,8426.609815
425,8447.285600
426,8480.297504
427,8468.221888
428,8481.238261
429,8461.562808
430,8445.476600
431,8477.904577
432,8438.113989
433,8468.884140
434,8445.076811
435,8482.215518
436,8468.180876
437,8428.762870
438,8464.194540
439,8484.114557
440,8441.418068
441,8460.350327
442,8425.855367
443,8452.037713
444,8446.982266
445,8467.586493
446,8460.932778
447,8425.078214
448,8391.349224
449,8422.477886
450,8438.163215
451,8442.577018
452,8480.769686
453,8401.506345
454,8459.609698
455,8452.296709
456,8461.802434
457,8457.969864
458,8436.615232
459,8450.844033
460,8464.721629
461,8449.954885
462,8426.338149
463,8449.229910
464,8340.827434
465,8411.067798
466,8437.746011
467,8367.846769
468,8420.724296
469,8475.478261
470,8497.527163
471,8458.749226
472,8478.517027
473,8383.613554
474,8416.925301
475,8481.981262
476,8491.985258
477,8463.922337
478,8518.532289
479,8515.538792
480,8407.628502
481,8478.575969
482,8473.252758
483,8487.077930
484,8448.213061
485,8409.118097
486,8460.085063
487,8365.594897
488,8449.738726
489,8354.710975
490,8436.068423
491,8449.277041
492,8469.351585
493,8482.571463
494,8415.533271
495,8406.705104
496,8322.539185
497,8416.588201
498,8464.049880
499,8479.125086
