0,3037.853187
1,6038.563793
2,6569.910598
3,6911.922307
4,7264.214118
5,7512.724557
6,7860.336992
7,8158.471176
8,8473.990816
9,8765.439309
10,9045.397793
11,9328.599308
12,9573.553687
13,9672.610444
14,9970.910108
15,10237.547554
16,10436.112411
17,10630.916565
18,10801.253360
19,10944.007423
20,11105.855069
21,11211.470147
22,11541.443087
23,11741.743407
24,12020.075656
25,12076.673537
26,12142.446896
27,12167.839447
28,12157.276294
29,12553.213971
30,12625.877210
31,12622.399588
32,12824.425613
33,12909.955751
34,12868.194919
35,12995.730133
36,13100.253628
37,13367.023728
38,13306.897329
39,13289.065073
40,13325.280221
41,13414.071237
42,13411.227581
43,13692.719961
44,13708.105722
45,13680.231415
46,13786.212889
47,13874.054791
48,14082.549801
49,14203.349990
50,14253.471711
51,14290.098145
52,14252.829016
53,14241.283980
54,14427.401753
55,14441.233631
56,14465.578767
57,14518.867270
58,14482.194544
59,14576.287935
60,14579.261632
61,14727.963618
62,14754.935405
63,14788.816374
64,14779.351991
65,14877.888624
66,14890.249896
67,15068.073741
68,14962.135817
69,14981.068030
70,14947.232116
71,14746.431609
72,14888.639346
73,15020.557425
74,14981.768835
75,15192.701666
76,15190.149740
77,15234.560049
78,15158.177852
79,15060.208156
80,15223.008337
81,15298.670461
82,15352.813265
83,15410.615668
84,15548.124594
85,15537.537794
86,15534.081050
87,15575.342829
88,15521.221054
89,15499.496258
90,15607.113694
91,15357.202520
92,15391.339683
93,15597.581596
94,15544.853615
95,15563.169693
96,15525.140493
97,15772.583278
98,15700.678870
99,15683.278245
100,15531.454894
101,15551.836214
102,15601.900711
103,15414.232680
104,15239.845537
105,15395.293424
106,15585.122913
107,15764.590655
108,15712.369102
109,15619.601204
110,15667.156147
111,15670.902124
112,15638.645304
113,15680.201934
114,15733.524563
115,15717.693925
116,15609.764826
117,15724.485643
118,15651.574001
119,15654.332345
120,15629.745611
121,15784.434705
122,15584.253929
123,15537.102651
124,15634.730586
125,15575.105291
126,15694.511142
127,15628.068044
128,15833.629874
129,15714.487159
130,15531.588082
131,15601.773398
132,15559.628602
133,15662.843384
134,15860.831723
135,15836.631161
136,15759.035720
137,15779.296726
138,15818.033270
139,15534.635042
140,15482.471369
141,15483.865568
142,15460.714066
143,15641.886828
144,15618.471309
145,15725.784598
146,15459.639248
147,15502.197432
148,15694.312972
149,15602.327982
150,15645.976861
151,15617.390374
152,15553.499273
153,15475.735922
154,15546.755568
155,15626.979165
156,15473.370318
157,15796.277039
158,15951.085286
159,15987.392816
160,15976.011831
161,15722.115212
162,15714.416278
163,15839.541800
164,15590.911603
165,15820.705109
166,15922.699424
167,15755.593734
168,15813.858564
169,15792.891166
170,15691.104119
171,15802.719251
172,15895.023142
173,15814.824748
174,15724.280075
175,15733.043147
176,15806.947138
177,15935.314773
178,15902.196565
179,16083.525252
180,16270.430185
181,15984.531787
182,16044.878014
183,16254.610211
184,16176.493727
185,16064.360300
186,16080.344928
187,16358.439950
188,16496.154983
189,16504.806941
190,16430.873846
191,16483.623144
192,16433.217100
193,16497.576674
194,16507.981068
195,16803.520903
196,16852.290863
197,16876.466366
198,16777.478521
199,16771.647319
200,16844.100870
201,16722.681362
202,16638.584364
203,16676.874566
204,16663.396406
205,16621.729774
206,16683.801693
207,16541.964487
208,16706.539649
209,16738.695750
210,16737.303099
211,16654.982502
212,16683.336820
213,16486.492403
214,16550.027300
215,16643.121137
216,16645.300524
217,16612.350276
218,16683.254119
219,16588.449316
220,16645.105571
221,16537.950158
222,16655.926483
223,16768.885465
224,16890.239727
225,16737.537479
226,16666.220555
227,16663.854001
228,16700.239045
229,16813.250116
230,16843.042444
231,16797.893538
232,16751.196741
233,16727.716638
234,16899.336075
235,16889.315832
236,17009.398569
237,16916.692433
238,16912.893062
239,17068.206489
240,17159.298411
241,16918.880383
242,17060.034637
243,16948.377011
244,16929.120823
245,17016.410400
246,17050.072587
247,16872.196055
248,16992.037664
249,17112.740810
250,17120.958666
251,17125.451289
252,17172.367784
253,17167.865279
254,17131.209478
255,17186.059802
256,17150.640181
257,17140.386890
258,16969.413020
259,17062.167893
260,16944.221167
261,16778.693609
262,16978.940109
263,17014.340542
264,16920.861630
265,16887.541735
266,17032.886433
267,17216.043987
268,17244.615874
269,17290.545050
270,17095.243192
271,17083.697855
272,17206.451100
273,17157.125074
274,17138.582270
275,17188.714357
276,17201.527503
277,17149.699199
278,17219.694355
279,17219.325785
280,17151.455111
281,17166.935348
282,17084.088169
283,17331.137127
284,17207.000565
285,17320.724691
286,17281.850509
287,17217.078943
288,17170.690347
289,17254.829468
290,17453.916866
291,17146.223986
292,17314.738946
293,17106.564223
294,17109.712753
295,17227.230957
296,17160.141941
297,17153.474157
298,17152.022506
299,17380.224804
300,17170.345879
301,17102.496716
302,17059.804221
303,17054.264847
304,17148.399707
305,17078.796500
306,17281.903369
307,17323.452645
308,17178.569600
309,17204.435987
310,17308.514633
311,17365.357947
312,17434.758375
313,17210.825136
314,17015.376878
315,17050.074740
316,17199.395691
317,17157.388060
318,17169.528995
319,16949.204438
320,17064.787567
321,17218.586217
322,17135.826000
323,17103.953689
324,17047.366659
325,17160.326435
326,17155.984357
327,17098.851252
328,17104.865832
329,17256.710779
330,17233.215120
331,17299.142714
332,17343.068814
333,17208.889203
334,17052.752323
335,17265.431897
336,17231.091839
337,17162.516317
338,17078.766291
339,17082.631745
340,17123.389656
341,17102.668384
342,17096.285072
343,17223.642811
344,17227.286143
345,17245.275158
346,17261.302347
347,17301.610873
348,17235.083022
349,17308.064154
350,17339.983989
351,17264.661300
352,17282.699313
353,17189.316314
354,17111.447620
355,17209.020990
356,17078.389409
357,17189.560451
358,17191.461667
359,17226.353825
360,17208.384508
361,17094.177145
362,17183.784565
363,17215.307474
364,17334.371805
365,17189.065449
366,17155.348544
367,17025.612343
368,17144.800198
369,17092.847072
370,17252.491821
371,17029.083768
372,17199.090927
373,17278.492561
374,17085.119830
375,17125.968995
376,17292.551971
377,17331.024058
378,17271.709460
379,17241.644940
380,17185.618404
381,17101.926584
382,17326.636869
383,17034.390532
384,17100.781453
385,17229.560382
386,17188.964997
387,17309.979296
388,17157.990813
389,17276.811614
390,17201.946463
391,17045.027341
392,17154.418741
393,17076.209367
394,17292.944768
395,17040.618718
396,16983.282802
397,17220.817707
398,17135.071146
399,17211.923451
400,17196.336947
401,17184.844360
402,17267.895764
403,17261.076541
404,17206.782633
405,17245.033638
406,17275.234457
407,17293.427054
408,17250.524472
409,17134.008447
410,17251.252707
411,17202.340849
412,17084.684566
413,17065.469009
414,17030.550535
415,17183.385452
416,17191.540133
417,17304.656325
418,17191.283209
419,17140.653382
420,17023.962061
421,17059.084118
422,17289.693966
423,17308.998192
424,17319.420413
425,17346.306798
426,17179.641235
427,17194.115184
428,17220.479967
429,17168.859535
430,17286.519197
431,17178.815529
432,17261.300935
433,17250.948529
434,17263.790979
435,17308.893156
436,17174.449286
437,17039.412524
438,17156.532434
439,17097.762189
440,17210.288152
441,17176.424525
442,16900.640209
443,17103.787082
444,17423.871621
445,17373.709146
446,17414.632049
447,17275.506843
448,17228.474724
449,17100.995632
450,17094.124626
451,16950.319146
452,17185.993636
453,17289.638609
454,17032.436526
455,17131.593784
456,17098.423013
457,17072.254433
458,17088.929197
459,17011.974540
460,17162.328430
461,17108.878542
462,17266.662868
463,17290.167868
464,17258.841295
465,17207.777776
466,17246.152282
467,17215.309214
468,17156.744523
469,17185.825588
470,17105.765164
471,17166.360307
472,17100.429564
473,17226.313240
474,17279.508075
475,17205.449696
476,17055.209190
477,17302.309329
478,17321.588249
479,17234.395809
480,17030.590580
481,17172.084940
482,17154.693175
483,17179.170366
484,17233.260743
485,17190.003846
486,17148.512044
487,17234.257662
488,17138.516219
489,16823.610668
490,17077.828586
491,17152.614042
492,17179.610681
493,17301.422749
494,17003.255484
495,17214.715497
496,17403.758432
497,17422.110550
498,17344.030366
499,17365.743497
