0,3094.998681
1,3494.596405
2,3780.943063
3,4083.487754
4,4284.129014
5,4534.696319
6,4717.626388
7,4943.497994
8,5176.371473
9,5395.715593
10,5659.570211
11,5917.893984
12,6200.145495
13,6461.045422
14,6719.157592
15,6899.752671
16,7091.448106
17,7247.042336
18,7373.151302
19,7483.470821
20,7590.293130
21,7687.082283
22,7769.918096
23,7866.625153
24,7953.564640
25,8036.358514
26,8109.190435
27,8166.392235
28,8199.634063
29,8225.558289
30,8246.342041
31,8268.979278
32,8284.876997
33,8289.337711
34,8293.835541
35,8300.391870
36,8313.247510
37,8323.038029
38,8325.541390
39,8329.895950
40,8337.671951
41,8348.728913
42,8357.974448
43,8358.145009
44,8358.827252
45,8359.850616
46,8361.726783
47,8363.944071
48,8368.208088
49,8374.007150
50,8383.899669
51,8399.932371
52,8399.932371
53,8399.932371
54,8399.932371
55,8399.932371
56,8399.932371
57,8399.932371
58,8399.932371
59,8399.932371
60,8399.932371
61,8399.932371
62,8399.932371
63,8399.932371
64,8399.932371
65,8399.932371
66,8400.071580
67,8400.071580
68,8400.071580
69,8400.071580
70,8400.071580
71,8400.071580
72,8400.071580
73,8400.071580
74,8400.210790
75,8400.349999
76,8400.767627
77,8401.046046
78,8401.742093
79,8402.855768
80,8404.804699
81,8406.614420
82,8410.094655
83,8414.410145
84,8422.762707
85,8434.734712
86,8434.734712
87,8434.734712
88,8434.734712
89,8434.734712
90,8434.734712
91,8434.734712
92,8434.734712
93,8434.734712
94,8434.734712
95,8434.734712
96,8434.734712
97,8434.734712
98,8434.734712
99,8434.734712
100,8434.734712
101,8434.734712
102,8434.734712
103,8434.734712
104,8435.180706
105,8435.180706
106,8435.626700
107,8436.072694
108,8436.072694
109,8436.518688
110,8437.410676
111,8438.302664
112,8441.424621
113,8445.438567
114,8450.344500
115,8459.264379
116,8470.414227
117,8490.929948
118,8523.700101
119,8546.233196
120,8546.233196
121,8546.233196
122,8546.233196
123,8546.233196
124,8546.233196
125,8546.233196
126,8546.233196
127,8546.233196
128,8546.233196
129,8546.233196
130,8546.233196
131,8546.233196
132,8546.233196
133,8546.233196
134,8546.233196
135,8546.233196
136,8546.233196
137,8546.233196
138,8546.233196
139,8546.233196
140,8546.233196
141,8546.233196
142,8546.233196
143,8546.233196
144,8546.233196
145,8546.233196
146,8546.233196
147,8546.233196
148,8546.233196
149,8546.233196
150,8546.233196
151,8546.233196
152,8546.233196
153,8546.233196
154,8546.233196
155,8546.233196
156,8546.233196
157,8546.233196
158,8546.233196
159,8546.233196
160,8546.233196
161,8546.233196
162,8546.233196
163,8546.233196
164,8546.233196
165,8546.233196
166,8546.233196
167,8546.233196
168,8546.233196
169,8546.233196
170,8546.233196
171,8546.233196
172,8546.233196
173,8546.233196
174,8546.233196
175,8546.233196
176,8546.233196
177,8546.233196
178,8546.233196
179,8546.233196
180,8546.233196
181,8546.233196
182,8546.233196
183,8546.233196
184,8546.233196
185,8546.233196
186,8546.233196
187,8546.233196
188,8546.233196
189,8546.233196
190,8546.233196
191,8546.233196
192,8546.233196
193,8546.233196
194,8546.233196
195,8546.233196
196,8546.233196
197,8546.233196
198,8546.233196
199,8546.233196
200,8546.233196
201,8546.233196
202,8546.233196
203,8546.233196
204,8546.233196
205,8547.176357
206,8547.176357
207,8547.176357
208,8547.176357
209,8548.591100
210,8550.477423
211,8551.420584
212,8553.306907
213,8557.079553
214,8563.210103
215,8573.113299
216,8588.675464
217,8614.140825
218,8659.412577
219,8664.128385
220,8664.128385
221,8664.128385
222,8664.128385
223,8664.128385
224,8664.128385
225,8664.128385
226,8664.128385
227,8664.128385
228,8664.128385
229,8664.128385
230,8664.128385
231,8664.128385
232,8664.128385
233,8664.128385
234,8664.128385
235,8664.128385
236,8664.128385
237,8664.128385
238,8664.128385
239,8664.128385
240,8664.128385
241,8664.128385
242,8664.128385
243,8664.128385
244,8664.128385
245,8664.128385
246,8664.128385
247,8664.128385
248,8664.128385
249,8664.128385
250,8664.128385
251,8664.128385
252,8664.128385
253,8664.128385
254,8664.128385
255,8664.128385
256,8664.128385
257,8664.128385
258,8664.128385
259,8664.128385
260,8664.128385
261,8664.128385
262,8664.128385
263,8664.128385
264,8664.128385
265,8664.128385
266,8664.128385
267,8664.128385
268,8664.128385
269,8664.128385
270,8664.128385
271,8664.128385
272,8664.128385
273,8664.128385
274,8664.128385
275,8664.128385
276,8664.128385
277,8664.128385
278,8664.128385
279,8664.128385
280,8664.128385
281,8664.128385
282,8664.128385
283,8664.128385
284,8664.128385
285,8664.128385
286,8664.128385
287,8664.128385
288,8664.128385
289,8664.128385
290,8664.128385
291,8664.128385
292,8664.128385
293,8664.128385
294,8664.128385
295,8664.128385
296,8664.128385
297,8664.128385
298,8664.128385
299,8664.128385
300,8664.128385
301,8664.128385
302,8664.197225
303,8664.197225
304,8664.197225
305,8664.197225
306,8664.197225
307,8664.197225
308,8664.334904
309,8664.472584
310,8664.679103
311,8665.160981
312,8665.642859
313,8666.950814
314,8667.845731
315,8670.048603
316,8673.697109
317,8679.823847
318,8681.338321
319,8681.338321
320,8681.338321
321,8681.338321
322,8681.338321
323,8681.338321
324,8681.338321
325,8681.338321
326,8681.338321
327,8681.338321
328,8681.338321
329,8681.338321
330,8681.338321
331,8681.338321
332,8681.338321
333,8681.338321
334,8681.338321
335,8681.338321
336,8681.338321
337,8681.338321
338,8681.338321
339,8681.338321
340,8681.338321
341,8681.338321
342,8681.338321
343,8681.338321
344,8681.338321
345,8681.338321
346,8681.338321
347,8681.338321
348,8681.338321
349,8681.338321
350,8681.338321
351,8681.338321
352,8681.338321
353,8681.338321
354,8681.338321
355,8681.338321
356,8681.338321
357,8681.338321
358,8681.338321
359,8681.338321
360,8681.338321
361,8681.338321
362,8681.338321
363,8681.338321
364,8681.338321
365,8681.338321
366,8681.338321
367,8681.338321
368,8681.338321
369,8681.338321
370,8681.338321
371,8681.338321
372,8681.338321
373,8681.338321
374,8681.338321
375,8681.338321
376,8681.338321
377,8681.338321
378,8681.338321
379,8681.338321
380,8681.338321
381,8681.338321
382,8681.338321
383,8681.338321
384,8682.347959
385,8683.357598
386,8686.386513
387,8690.425066
388,8695.473258
389,8700.521450
390,8709.608195
391,8723.743133
392,8761.099752
393,8809.562394
394,8874.179250
395,8933.747914
396,8933.747914
397,8933.747914
398,8933.747914
399,8933.747914
400,8933.747914
401,8933.747914
402,8933.747914
403,8933.747914
404,8933.747914
405,8933.747914
406,8933.747914
407,8933.747914
408,8933.747914
409,8933.747914
410,8933.747914
411,8933.747914
412,8933.747914
413,8933.747914
414,8933.747914
415,8933.747914
416,8933.747914
417,8933.747914
418,8933.747914
419,8933.747914
420,8933.747914
421,8933.747914
422,8933.747914
423,8933.747914
424,8933.747914
425,8933.747914
426,8933.747914
427,8933.747914
428,8933.747914
429,8933.747914
430,8933.747914
431,8933.747914
432,8933.747914
433,8933.747914
434,8933.747914
435,8933.747914
436,8933.747914
437,8933.747914
438,8933.747914
439,8933.747914
440,8933.747914
441,8933.747914
442,8933.747914
443,8933.747914
444,8933.747914
445,8933.747914
446,8933.747914
447,8933.747914
448,8933.747914
449,8933.747914
450,8933.747914
451,8933.747914
452,8933.747914
453,8933.747914
454,8933.747914
455,8933.747914
456,8933.747914
457,8933.747914
458,8933.747914
459,8933.747914
460,8933.747914
461,8933.747914
462,8933.747914
463,8933.747914
464,8933.747914
465,8933.747914
466,8933.747914
467,8933.747914
468,8933.747914
469,8933.747914
470,8933.747914
471,8933.747914
472,8933.747914
473,8933.747914
474,8933.747914
475,8933.747914
476,8933.747914
477,8933.747914
478,8933.747914
479,8933.747914
480,8933.747914
481,8933.747914
482,8933.747914
483,8933.747914
484,8933.747914
485,8933.747914
486,8933.747914
487,8933.747914
488,8933.747914
489,8933.747914
490,8933.747914
491,8933.747914
492,8933.747914
493,8933.747914
494,8933.747914
495,8933.747914
496,8933.747914
497,8933.747914
498,8933.747914
499,8933.747914
