0,3073.592629
1,3227.447747
2,3403.821923
3,3553.300564
4,3776.617951
5,3930.352583
6,4092.760616
7,4286.451781
8,4397.647592
9,4469.727256
10,4576.842759
11,4696.094380
12,4744.452142
13,4761.937799
14,4842.074898
15,4950.735219
16,5070.662994
17,5211.670978
18,5294.139587
19,5448.513381
20,5572.565707
21,5650.259967
22,5678.617389
23,5688.753550
24,5793.631799
25,5926.541802
26,6047.535984
27,6042.760833
28,5977.182087
29,5968.779780
30,6062.343624
31,6142.845245
32,6198.311513
33,6192.387268
34,6276.067759
35,6334.544603
36,6376.522778
37,6485.076225
38,6547.078072
39,6517.904338
40,6516.566475
41,6510.640354
42,6530.156900
43,6502.249656
44,6515.237890
45,6552.769695
46,6610.607365
47,6655.309157
48,6672.737607
49,6675.498149
50,6690.411854
51,6718.577963
52,6749.143477
53,6855.000338
54,6899.941480
55,6882.022344
56,6882.406243
57,6887.009067
58,6959.261325
59,6945.624827
60,6929.378665
61,6970.911544
62,6988.791834
63,6993.190360
64,6932.015696
65,6895.972289
66,6897.081395
67,6912.024416
68,7041.706906
69,7049.068549
70,7032.172273
71,7068.213202
72,7082.809442
73,7081.855937
74,7089.258439
75,7073.420140
76,7119.427874
77,7120.437039
78,7095.628810
79,7079.078246
80,7090.673635
81,7164.131860
82,7159.661772
83,7130.302455
84,7103.526111
85,7143.591968
86,7133.243855
87,7071.654722
88,7145.232068
89,7192.677737
90,7199.052916
91,7233.693485
92,7297.158791
93,7281.543349
94,7290.191582
95,7295.689429
96,7300.475896
97,7302.560845
98,7330.372468
99,7357.091062
100,7357.516613
101,7402.378535
102,7345.993606
103,7409.631165
104,7446.291415
105,7409.475264
106,7461.951266
107,7491.589455
108,7533.764592
109,7581.912770
110,7633.099008
111,7660.478170
112,7660.637127
113,7626.430803
114,7644.374523
115,7670.041579
116,7718.649311
117,7716.747855
118,7725.505552
119,7772.588208
120,7758.543269
121,7736.529687
122,7786.546403
123,7780.452052
124,7781.698027
125,7818.027348
126,7830.570866
127,7830.272051
128,7803.512160
129,7825.414746
130,7806.914808
131,7832.110455
132,7819.245183
133,7806.857352
134,7841.510818
135,7871.836760
136,7866.950612
137,7842.526463
138,7841.757794
139,7886.646431
140,7894.873455
141,7891.066942
142,7900.511024
143,7879.346535
144,7865.250966
145,7854.330035
146,7886.732310
147,7851.639208
148,7865.225469
149,7902.541889
150,7895.987170
151,7903.429690
152,7910.400706
153,7919.101976
154,7911.552545
155,7941.224303
156,7951.193284
157,7956.707235
158,7928.934755
159,7957.609177
160,7978.970349
161,8004.457234
162,7971.071801
163,8000.203674
164,8020.221337
165,8023.150376
166,8019.945586
167,8014.621941
168,8027.253981
169,7994.147776
170,8045.898896
171,8080.202292
172,8082.091901
173,8062.509308
174,8067.863057
175,8030.553208
176,8073.919673
177,8082.405458
178,8084.908127
179,8083.020060
180,8091.089799
181,8084.266136
182,8081.616472
183,8082.117340
184,8099.451426
185,8118.565281
186,8113.018529
187,8108.007202
188,8116.964411
189,8141.670769
190,8161.803468
191,8163.544083
192,8181.826541
193,8205.354889
194,8212.940156
195,8248.084599
196,8277.241757
197,8278.756397
198,8293.503924
199,8284.946712
200,8286.584085
201,8279.765370
202,8284.114024
203,8278.034212
204,8285.722441
205,8301.926431
206,8292.675423
207,8328.975216
208,8322.617226
209,8345.534478
210,8370.617928
211,8369.657711
212,8395.730957
213,8403.894263
214,8427.551568
215,8444.113660
216,8463.767548
217,8462.024996
218,8470.883012
219,8470.542339
220,8472.848000
221,8465.693478
222,8467.958877
223,8474.458714
224,8470.741136
225,8474.157818
226,8474.593742
227,8469.481225
228,8472.704122
229,8475.566713
230,8475.820676
231,8475.315502
232,8464.691436
233,8469.392733
234,8476.448372
235,8483.591267
236,8475.914742
237,8478.768827
238,8477.239200
239,8479.177570
240,8482.731605
241,8479.562072
242,8480.185126
243,8473.444607
244,8469.520878
245,8488.522425
246,8482.271777
247,8482.800107
248,8478.220484
249,8483.741793
250,8485.467814
251,8481.025260
252,8488.210674
253,8483.784328
254,8489.515795
255,8483.482729
256,8485.372512
257,8485.438375
258,8481.323196
259,8488.012591
260,8484.439181
261,8481.420395
262,8482.816705
263,8487.579473
264,8486.660104
265,8489.038736
266,8486.886257
267,8485.810972
268,8487.224618
269,8486.419168
270,8484.924512
271,8480.190967
272,8484.579938
273,8485.902469
274,8480.733438
275,8483.267982
276,8482.506801
277,8480.756535
278,8480.120990
279,8483.519041
280,8484.435784
281,8484.350667
282,8486.583555
283,8487.593221
284,8495.395295
285,8497.569512
286,8500.863611
287,8529.746860
288,8552.220746
289,8587.011451
290,8606.993644
291,8622.901149
292,8625.359689
293,8638.068517
294,8641.518438
295,8639.103563
296,8640.724571
297,8636.606015
298,8641.737237
299,8630.757837
300,8637.916255
301,8638.630689
302,8629.738427
303,8632.121512
304,8639.605739
305,8636.395582
306,8637.845746
307,8640.177195
308,8640.581104
309,8637.036885
310,8639.786290
311,8637.290223
312,8638.942803
313,8640.640193
314,8638.631382
315,8642.119063
316,8640.977860
317,8638.882141
318,8636.533816
319,8634.465897
320,8633.427125
321,8639.682578
322,8640.683978
323,8638.828153
324,8639.272611
325,8633.484959
326,8634.023808
327,8639.750564
328,8640.921818
329,8639.299623
330,8638.916104
331,8636.231059
332,8638.398150
333,8637.611050
334,8640.228220
335,8642.174239
336,8642.147911
337,8635.359548
338,8638.836919
339,8631.250350
340,8640.549517
341,8641.935180
342,8639.929081
343,8637.775869
344,8642.891482
345,8638.172089
346,8641.854896
347,8638.137133
348,8632.956101
349,8633.837871
350,8635.728068
351,8637.845202
352,8639.880143
353,8641.271601
354,8630.783845
355,8626.720678
356,8639.367129
357,8636.714628
358,8644.000772
359,8642.854777
360,8644.865012
361,8641.505448
362,8649.603057
363,8644.348001
364,8654.157277
365,8663.394227
366,8655.169384
367,8662.481361
368,8669.844811
369,8676.985138
370,8681.964669
371,8682.311710
372,8677.164442
373,8685.271976
374,8691.048555
375,8687.251428
376,8691.537225
377,8691.566885
378,8695.906350
379,8702.224486
380,8717.005096
381,8726.249397
382,8740.413735
383,8735.502500
384,8742.457281
385,8743.795434
386,8749.564438
387,8756.283153
388,8743.130542
389,8753.172802
390,8751.641117
391,8759.913115
392,8755.400805
393,8754.029308
394,8746.627289
395,8754.463729
396,8760.092063
397,8758.334963
398,8758.084024
399,8750.481658
400,8745.217096
401,8751.997344
402,8757.614128
403,8759.063229
404,8758.648342
405,8759.879559
406,8758.554940
407,8755.401349
408,8758.556993
409,8758.033368
410,8758.828269
411,8758.103818
412,8758.313615
413,8752.910904
414,8752.181869
415,8754.287981
416,8755.180208
417,8750.112963
418,8758.961432
419,8753.567202
420,8751.626884
421,8748.128828
422,8757.284416
423,8756.323617
424,8751.488667
425,8747.431787
426,8750.264711
427,8755.245027
428,8757.034111
429,8743.448620
430,8751.300780
431,8755.317129
432,8758.173476
433,8756.206237
434,8753.850082
435,8753.486588
436,8751.576616
437,8753.917391
438,8749.777757
439,8757.886855
440,8752.557604
441,8758.084024
442,8753.268084
443,8751.672790
444,8755.142169
445,8760.448288
446,8754.916055
447,8759.825508
448,8754.902377
449,8757.282230
450,8755.628507
451,8761.160876
452,8759.684518
453,8754.693693
454,8745.090130
455,8759.100753
456,8754.834638
457,8754.814578
458,8756.630645
459,8757.047316
460,8755.818289
461,8758.105251
462,8755.045745
463,8752.508124
464,8756.004301
465,8755.576013
466,8752.918778
467,8748.082073
468,8756.546128
469,8756.563086
470,8761.626093
471,8752.089718
472,8760.480834
473,8754.709674
474,8756.838648
475,8755.968257
476,8754.088823
477,8754.595934
478,8756.030979
479,8755.036470
480,8753.367208
481,8752.243609
482,8752.596961
483,8758.850007
484,8761.140582
485,8754.014956
486,8756.526511
487,8753.988938
488,8753.516449
489,8758.733214
490,8747.663800
491,8752.845296
492,8755.750629
493,8754.576956
494,8756.263811
495,8745.295701
496,8749.747234
497,8759.238720
498,8762.343512
499,8755.437788
