0,3090.535123
1,6284.840856
2,6841.674794
3,7218.837374
4,7554.103145
5,7903.889477
6,8198.079451
7,8568.892689
8,8837.688295
9,9055.308539
10,9522.385461
11,9772.740650
12,10004.936440
13,10257.989996
14,10716.276942
15,10878.759206
16,11355.079440
17,11844.887988
18,12087.931923
19,12235.789813
20,12348.021244
21,12484.972810
22,12752.817505
23,12933.961504
24,13000.903135
25,13156.306629
26,13419.437766
27,13327.695333
28,13486.308434
29,13484.817842
30,13553.913473
31,13547.123403
32,13574.093690
33,13959.136273
34,13740.952897
35,13883.512797
36,14151.469392
37,14108.220067
38,14134.704344
39,14099.587573
40,14165.971516
41,14154.224269
42,14450.218430
43,14509.105908
44,14684.081214
45,14758.115060
46,14881.754435
47,15138.152959
48,15060.982796
49,15066.092606
50,15269.383073
51,15275.811498
52,15388.424688
53,15445.134480
54,15210.524703
55,15295.905862
56,15271.567920
57,15450.985613
58,15303.895646
59,15560.027341
60,15237.317257
61,15401.809315
62,15350.534611
63,15242.192729
64,15316.864545
65,15522.907394
66,15714.937047
67,15643.178830
68,15737.719633
69,15660.489502
70,15617.306226
71,15655.663509
72,15502.103327
73,15514.339438
74,15755.580400
75,15654.695882
76,15470.714486
77,15442.798269
78,15582.442010
79,15474.680380
80,15283.961050
81,15550.711364
82,15513.455854
83,15546.208047
84,15366.283676
85,15450.273126
86,15726.756116
87,15784.159540
88,15409.942193
89,15447.087699
90,15592.776087
91,15602.919658
92,15500.353337
93,15558.692960
94,15521.865274
95,15380.488733
96,15486.236553
97,15462.210591
98,15656.688176
99,15733.566082
100,15553.838253
101,15549.806351
102,15456.529106
103,15546.933946
104,15833.728311
105,15838.050151
106,15680.940051
107,15606.129214
108,15608.800540
109,15401.997453
110,15605.338180
111,15404.948388
112,15464.733508
113,15821.515336
114,15610.656076
115,15881.926675
116,15696.044004
117,15555.240160
118,15462.921752
119,15516.258942
120,15527.175743
121,15819.612635
122,15858.136748
123,15690.810606
124,15542.241822
125,15474.238690
126,15755.651264
127,15795.063589
128,15707.851522
129,15547.034997
130,15623.327686
131,15750.129202
132,15590.808961
133,15654.219752
134,15565.928145
135,15505.816910
136,15495.837439
137,15629.415179
138,15610.664989
139,15331.458680
140,15556.272236
141,15555.542258
142,15567.925183
143,15533.470609
144,15639.236800
145,15951.608825
146,15555.933861
147,15910.398762
148,15484.697666
149,15487.105090
150,15583.980855
151,15587.875735
152,15415.499743
153,15609.381797
154,15843.173707
155,15659.482023
156,15557.043994
157,15564.519039
158,15694.587122
159,15543.552060
160,15653.490700
161,15417.455756
162,15626.171073
163,15388.420802
164,15585.145801
165,15494.710826
166,15576.092697
167,15653.654503
168,15484.179440
169,15635.887603
170,15940.283541
171,15603.786009
172,15498.885323
173,15725.422377
174,15532.779676
175,15613.372242
176,15537.294628
177,15477.231083
178,15507.823947
179,15270.048872
180,15477.290300
181,15478.788438
182,15712.821302
183,15585.808895
184,15955.311658
185,15834.819818
186,15683.592031
187,15521.598813
188,15632.644847
189,15729.638969
190,15848.073275
191,15797.459475
192,15639.892821
193,15791.608659
194,15323.232858
195,15533.840825
196,15677.708136
197,15636.174431
198,15662.761881
199,15513.755882
200,15498.897285
201,15699.855605
202,15642.770371
203,15671.013156
204,15676.773546
205,15614.845907
206,15346.993862
207,15531.943515
208,15760.974049
209,15638.199778
210,15793.932432
211,15633.408023
212,15551.245039
213,15681.231621
214,15689.562422
215,15631.599842
216,15557.419781
217,15625.822809
218,15354.861763
219,15501.055380
220,15542.130762
221,15563.521907
222,15623.450350
223,15467.017588
224,15521.728437
225,15601.892954
226,15617.180622
227,15668.563395
228,15607.942326
229,15459.562356
230,15491.313727
231,15435.376912
232,15439.654142
233,15293.025863
234,15598.377593
235,15260.665919
236,15712.209709
237,15822.881794
238,15735.985967
239,15625.274452
240,15545.180102
241,15471.897242
242,15695.308684
243,15582.959657
244,15490.850160
245,15719.401292
246,15527.121652
247,15291.431188
248,15459.336318
249,15541.282814
250,15691.373203
251,15516.872909
252,15312.843992
253,15679.677889
254,15756.988337
255,15389.143843
256,15606.639381
257,15794.348010
258,15676.562805
259,15885.382864
260,15857.527113
261,15657.119778
262,15676.355563
263,15576.492125
264,15611.600877
265,15351.947429
266,15322.940391
267,15615.406017
268,15439.725579
269,15420.477129
270,15459.344562
271,15503.606427
272,15510.961753
273,15813.874468
274,15713.193614
275,15682.274153
276,15631.075666
277,15674.141373
278,15598.696067
279,15235.893091
280,15373.114984
281,15322.257661
282,15552.948439
283,15549.131314
284,15598.923504
285,15622.089706
286,15749.690950
287,15706.851112
288,15393.434641
289,15393.418822
290,15296.729425
291,15387.041672
292,15358.342171
293,15445.923861
294,15424.482380
295,15464.573312
296,15443.689910
297,15392.297791
298,15566.627178
299,15702.102533
300,15575.742282
301,15697.725571
302,15465.913540
303,15663.142024
304,15725.426662
305,15465.745234
306,15406.451900
307,15624.622296
308,15730.716341
309,15745.649791
310,15385.182858
311,15477.183342
312,15556.457999
313,15593.495311
314,15494.909432
315,15628.465920
316,15689.023394
317,15647.055401
318,15634.849224
319,15466.627262
320,15681.862750
321,15673.203402
322,15584.246938
323,15673.448069
324,15598.444672
325,15613.730204
326,15303.299484
327,15569.312142
328,15555.140577
329,15743.920310
330,15922.773625
331,15528.179789
332,15371.607637
333,15677.203529
334,15575.555524
335,15462.434078
336,15639.124631
337,15513.758832
338,15578.156972
339,15686.032857
340,15504.374250
341,15693.769499
342,15590.765226
343,15665.095471
344,15725.881530
345,15745.308718
346,15594.413838
347,15504.813568
348,15964.377956
349,15751.240837
350,15717.754739
351,15911.588610
352,15792.435343
353,15934.021805
354,15745.887657
355,15886.105236
356,15867.379112
357,15643.323964
358,15803.790629
359,15681.149708
360,15758.581824
361,15687.850496
362,15719.634138
363,15965.094456
364,15896.849803
365,15910.832227
366,15971.963927
367,15862.557223
368,15707.991195
369,15937.905593
370,15891.744952
371,15889.313335
372,15901.002024
373,15888.046793
374,15884.015653
375,15791.725318
376,15743.714007
377,15914.604147
378,15656.553060
379,15580.087668
380,15628.606508
381,15680.021566
382,15608.693719
383,15559.262092
384,15873.840221
385,15904.330439
386,15475.691889
387,15686.564703
388,15531.739055
389,15702.903164
390,15908.209633
391,15944.210019
392,15833.010192
393,15831.629871
394,15991.930190
395,16004.904242
396,15788.528005
397,15727.254717
398,15796.339915
399,15551.672459
400,15658.981161
401,15825.298283
402,15829.823384
403,15832.254042
404,15571.243810
405,15928.009824
406,15828.956145
407,15632.405758
408,15680.448740
409,15776.962301
410,15882.787697
411,15961.368519
412,15975.585418
413,15884.823633
414,15903.266980
415,15989.752118
416,15762.380011
417,15737.639897
418,15798.528984
419,15864.593321
420,15638.501095
421,15651.023960
422,15835.203002
423,15843.899622
424,15856.947728
425,15622.691990
426,15676.286107
427,15596.898572
428,15759.827562
429,15878.271730
430,16046.094992
431,15767.349139
432,15616.660226
433,15872.358593
434,15791.077516
435,15881.381449
436,15695.226242
437,15834.283877
438,15886.123070
439,16137.984471
440,16091.256803
441,16039.229065
442,15957.944170
443,15903.192670
444,15813.183349
445,15755.951500
446,15812.029615
447,15955.628779
448,15911.891075
449,15821.407826
450,15639.393005
451,15778.477176
452,15626.381951
453,15820.944453
454,15804.430349
455,16164.149977
456,15933.423543
457,15831.208732
458,15535.993907
459,15568.049164
460,15546.473105
461,15737.292541
462,15921.708035
463,15993.159621
464,15542.633621
465,15690.166462
466,15794.989852
467,15929.530295
468,15694.846821
469,15783.226054
470,15693.701906
471,15713.178344
472,15809.174892
473,15805.968968
474,15968.691670
475,15749.264153
476,15878.502121
477,15899.260178
478,15609.339430
479,15719.697894
480,15601.370294
481,15856.434503
482,15891.223114
483,15922.913962
484,15763.836788
485,15728.665313
486,15723.274079
487,15857.309221
488,15807.909006
489,15827.082213
490,16066.849798
491,16176.477963
492,16223.679391
493,16037.687877
494,16273.495937
495,16235.889405
496,16275.367450
497,16262.549411
498,16343.313101
499,16071.779831
