0,3015.659722
1,6000.194317
2,6335.454589
3,6569.375622
4,6805.145831
5,7019.546690
6,7223.401758
7,7459.920087
8,7655.039258
9,7865.824387
10,8022.864929
11,8175.647587
12,8412.047250
13,8558.292755
14,8669.901143
15,8878.910899
16,8930.949525
17,9139.234706
18,9197.223122
19,9428.893346
20,9574.293761
21,9709.188279
22,9820.029988
23,9880.958812
24,10114.385915
25,10268.280031
26,10380.959677
27,10596.797561
28,10678.364937
29,10767.935615
30,10874.655154
31,11057.852058
32,11254.432135
33,11308.099025
34,11474.741548
35,11583.672941
36,11612.427885
37,11730.841485
38,11833.480082
39,11964.634237
40,12097.920413
41,12013.768963
42,12120.278186
43,12296.543877
44,12330.524324
45,12453.745637
46,12518.678901
47,12581.356459
48,12652.327266
49,12608.750668
50,12664.227898
51,12818.753867
52,12846.574313
53,12885.126657
54,12992.397591
55,12974.690434
56,13126.525847
57,13065.036547
58,13197.902722
59,13463.125108
60,13413.062268
61,13652.583724
62,13435.346154
63,13400.293959
64,13493.799770
65,13506.696090
66,13742.118369
67,13468.722564
68,13498.677893
69,13457.727118
70,13435.651125
71,13661.055333
72,13712.972068
73,13874.278435
74,13888.813977
75,13781.297386
76,13890.487368
77,13581.334989
78,13661.540363
79,13913.748283
80,14094.687712
81,13796.301974
82,13981.035110
83,13846.665783
84,13838.288652
85,13937.035514
86,13888.908465
87,13855.075042
88,13792.124705
89,13907.310729
90,13787.557050
91,14027.688235
92,14094.119906
93,14019.203222
94,13844.722632
95,13906.659346
96,13900.866691
97,13965.998303
98,14079.116562
99,14057.056202
100,14005.107261
101,14052.258956
102,13942.961807
103,14095.899409
104,13965.722863
105,13806.507673
106,14080.561124
107,14027.566212
108,14013.127311
109,13883.036415
110,13923.629943
111,13947.291938
112,13804.588421
113,14240.624846
114,14070.890315
115,14224.391527
116,14206.608155
117,14106.552596
118,14016.344680
119,13959.527828
120,13798.881536
121,13928.217370
122,14023.241787
123,13839.019755
124,13896.516477
125,14083.575029
126,14046.623441
127,14250.251518
128,14061.180889
129,14133.542033
130,14163.078151
131,13975.636482
132,14210.426571
133,14090.193786
134,13935.754617
135,14091.708128
136,13990.484446
137,14080.819751
138,14353.688266
139,14279.503998
140,14153.317867
141,14197.846165
142,14184.756657
143,14046.994403
144,13967.298753
145,14267.227347
146,14211.700711
147,14059.644652
148,14052.005867
149,13917.467316
150,13898.552309
151,14253.863907
152,14084.552778
153,14288.725313
154,14068.799689
155,14059.155108
156,14079.135186
157,14034.082681
158,13844.892465
159,13889.255865
160,14109.954027
161,14055.223089
162,14032.888557
163,13756.925340
164,13964.146622
165,13975.746015
166,14233.665071
167,14137.146502
168,13875.428702
169,14151.508835
170,13864.112031
171,13956.039385
172,14015.425775
173,14013.048494
174,14094.534442
175,13830.746392
176,13908.238818
177,14098.884206
178,14081.715120
179,13983.031351
180,14076.464631
181,14235.496331
182,14027.779418
183,14107.643767
184,13977.968524
185,13916.207809
186,13921.473291
187,13962.900294
188,14184.434317
189,14065.342050
190,13809.893985
191,13968.146636
192,14165.905763
193,14021.751394
194,13953.098849
195,14122.737770
196,14178.408562
197,14269.416355
198,14128.937906
199,14062.830992
200,14015.453512
201,14195.226775
202,14012.140215
203,14062.277453
204,14111.661881
205,14058.548035
206,14104.882268
207,13905.554892
208,14018.302434
209,13985.055029
210,13858.866912
211,14003.470949
212,13975.732406
213,13860.605035
214,13858.821194
215,14129.942480
216,14055.188527
217,14117.600028
218,14162.054894
219,13874.132856
220,14151.759907
221,14084.612654
222,14146.428284
223,14168.708745
224,14168.528562
225,14055.337690
226,14115.916994
227,14160.758049
228,14013.022540
229,13995.217814
230,14091.901270
231,14186.240397
232,14107.895078
233,14018.084074
234,14126.817605
235,14151.290257
236,13971.040652
237,14148.022350
238,13754.655254
239,13844.125194
240,14041.857289
241,14174.316167
242,14193.821733
243,14037.534509
244,14025.963391
245,14128.828998
246,14230.063078
247,14031.781454
248,14209.659564
249,13993.060228
250,14076.442353
251,14053.770850
252,14365.744606
253,14205.044382
254,14069.869767
255,13989.010835
256,14036.440074
257,13823.380466
258,13961.089413
259,14238.520574
260,14023.837510
261,14004.639412
262,13901.238939
263,14199.636877
264,13922.584939
265,14009.740077
266,14167.110741
267,14029.680829
268,13936.276540
269,13983.865875
270,14030.039595
271,13909.950238
272,14092.484625
273,14244.283886
274,13989.403485
275,14011.444056
276,14019.764166
277,14105.986706
278,14142.544815
279,14122.603567
280,13859.005810
281,13890.975271
282,14151.178272
283,14042.282425
284,13858.442075
285,14043.193789
286,14166.705519
287,14170.550079
288,14227.724179
289,14219.459353
290,13930.923286
291,13867.840293
292,13970.178037
293,14179.404182
294,13828.716026
295,14136.932785
296,14079.397535
297,13959.306606
298,13959.433629
299,13984.839440
300,14310.694775
301,14180.247955
302,13969.057229
303,13964.884783
304,14071.540381
305,14118.679113
306,14205.230830
307,14050.481308
308,14155.217931
309,14082.139687
310,14108.402130
311,14118.203793
312,13936.909646
313,14103.697632
314,14315.652541
315,14073.617666
316,14247.961936
317,13973.169756
318,14101.013386
319,14083.837241
320,13940.101418
321,14009.454640
322,14156.551886
323,14002.549500
324,14087.887077
325,14218.508124
326,14269.987362
327,14204.671673
328,14327.419073
329,14231.885361
330,13974.223724
331,13978.144667
332,14020.689701
333,13984.796212
334,14034.399659
335,13983.672341
336,14092.774782
337,14103.453594
338,14053.170978
339,14222.464740
340,13895.604630
341,13993.301478
342,14106.429428
343,13988.444465
344,14249.637107
345,13992.580499
346,13892.695902
347,14177.168922
348,14250.697807
349,14094.251468
350,14015.831967
351,14115.387968
352,14092.332783
353,14094.865419
354,14031.163444
355,14152.526807
356,14260.124742
357,13975.569201
358,13998.310125
359,13966.053891
360,14053.028990
361,14264.554062
362,14307.615659
363,14296.045086
364,14015.151846
365,14041.886545
366,14202.346128
367,14093.493993
368,13935.570609
369,13736.363524
370,14012.133047
371,14173.875163
372,14155.247404
373,14254.320809
374,14179.212142
375,14055.258963
376,14006.759591
377,14183.934268
378,14003.565447
379,14090.800264
380,14155.329111
381,14175.574882
382,13980.472850
383,14104.039151
384,13868.092574
385,14013.692105
386,14101.262489
387,14156.280913
388,14044.756010
389,13891.395664
390,14230.861315
391,14242.877732
392,14285.377648
393,14160.729013
394,13799.354966
395,13964.417640
396,14193.608446
397,14007.341667
398,13957.083917
399,14285.916756
400,14053.490431
401,14171.657343
402,14194.547323
403,13875.953982
404,14038.870921
405,14000.166817
406,14061.452099
407,13925.404122
408,13904.649795
409,13998.088648
410,14383.690368
411,14064.391187
412,14059.633222
413,14175.870031
414,14088.477166
415,14176.968761
416,14193.075813
417,14014.484890
418,14147.554508
419,14038.513475
420,14162.343103
421,14288.368150
422,14280.262291
423,14048.639279
424,14024.540573
425,14175.553771
426,14165.769916
427,14206.742197
428,14058.667059
429,14100.966972
430,14101.370750
431,14161.952915
432,14288.135820
433,14070.632801
434,14163.197588
435,14043.549521
436,13939.469846
437,14132.206193
438,13980.063687
439,14030.063849
440,14152.428449
441,13909.979254
442,14062.085849
443,14097.129211
444,14149.170480
445,14131.402242
446,14080.331699
447,14065.738487
448,14074.092455
449,14052.721225
450,14075.806352
451,14006.155240
452,14243.123863
453,13975.797831
454,14082.292038
455,13923.609501
456,14069.500071
457,14278.582943
458,14046.818832
459,14003.540828
460,14008.084549
461,13856.811005
462,14035.668203
463,14254.100958
464,13854.910948
465,14114.673992
466,14104.343439
467,13907.747736
468,14032.194124
469,14025.166440
470,14172.356546
471,14068.315209
472,13961.163934
473,13998.202162
474,13901.774604
475,13923.250884
476,14019.109139
477,13985.832268
478,14150.104973
479,14082.161412
480,14098.854989
481,14135.887120
482,13946.089268
483,14230.019987
484,14120.012301
485,14026.292861
486,13925.300165
487,14074.037667
488,13974.375968
489,13825.070110
490,14159.081872
491,14216.561779
492,14150.890657
493,14032.168709
494,14143.499005
495,13991.961418
496,14095.738608
497,14130.204391
498,14224.506572
499,14213.420373
