0,3094.245072
1,3433.735779
2,3734.371712
3,3982.073885
4,4224.417221
5,4493.909020
6,4704.057335
7,4951.275471
8,5177.183834
9,5387.611452
10,5606.655574
11,5864.971078
12,6069.369785
13,6289.617477
14,6544.062393
15,6704.204545
16,6916.409458
17,7111.232297
18,7222.673573
19,7310.389890
20,7360.060587
21,7434.991567
22,7487.299111
23,7618.785653
24,7659.880282
25,7659.759555
26,7695.839822
27,7750.769164
28,7781.794458
29,7766.655345
30,7782.976861
31,7803.926858
32,7811.745801
33,7858.026314
34,7879.812645
35,7902.783548
36,7882.160941
37,7883.000144
38,7887.147188
39,7949.421504
40,7938.257202
41,7974.913797
42,7991.558305
43,7981.113970
44,8008.236023
45,8011.763332
46,8016.993489
47,8072.928029
48,8047.380666
49,8113.915752
50,8103.094080
51,8125.905183
52,8133.397790
53,8173.857081
54,8197.731532
55,8223.960439
56,8145.739849
57,8218.626485
58,8220.287856
59,8210.424287
60,8218.272191
61,8241.757287
62,8266.155735
63,8192.637806
64,8183.364258
65,8242.348006
66,8235.682692
67,8234.689407
68,8170.337601
69,8198.985235
70,8239.156260
71,8188.264905
72,8246.348192
73,8200.242918
74,8172.060891
75,8218.116737
76,8196.900388
77,8241.313645
78,8209.036896
79,8228.339477
80,8246.097078
81,8253.473179
82,8245.385515
83,8231.552586
84,8283.167279
85,8247.021914
86,8176.756248
87,8247.121457
88,8199.797552
89,8113.322900
90,8219.886297
91,8234.466890
92,8216.323204
93,8243.029966
94,8263.528533
95,8280.138515
96,8244.415009
97,8238.597577
98,8205.088539
99,8273.745578
100,8260.556950
101,8312.648694
102,8210.419599
103,8238.898341
104,8255.049860
105,8295.216521
106,8249.637298
107,8187.630677
108,8287.507902
109,8294.015039
110,8259.208703
111,8199.728148
112,8247.118962
113,8261.464901
114,8305.918167
115,8214.288833
116,8225.384566
117,8246.114148
118,8254.946225
119,8320.995884
120,8312.181824
121,8235.257415
122,8270.673939
123,8228.824958
124,8238.072836
125,8325.652261
126,8303.875584
127,8281.507708
128,8286.514158
129,8280.358398
130,8268.831588
131,8264.968984
132,8263.378728
133,8264.445290
134,8307.527648
135,8343.078781
136,8283.018619
137,8285.159603
138,8358.360223
139,8440.624116
140,8540.677125
141,8526.227673
142,8553.301526
143,8520.028506
144,8598.184404
145,8634.113163
146,8585.355646
147,8632.443837
148,8595.647413
149,8599.886905
150,8578.469156
151,8629.437655
152,8608.469916
153,8605.049632
154,8617.896872
155,8639.180682
156,8530.734275
157,8551.440354
158,8602.698286
159,8626.164559
160,8592.436130
161,8654.007405
162,8633.269023
163,8628.288825
164,8578.463982
165,8606.469485
166,8646.008429
167,8600.320980
168,8646.690703
169,8614.133135
170,8605.748474
171,8533.507444
172,8567.083536
173,8609.669784
174,8639.539836
175,8613.866136
176,8550.997959
177,8531.488911
178,8642.161595
179,8531.991562
180,8609.631000
181,8632.360074
182,8602.942536
183,8591.762218
184,8611.017393
185,8524.378435
186,8557.488427
187,8585.206837
188,8566.685890
189,8618.357459
190,8614.368101
191,8579.470765
192,8570.409261
193,8552.936837
194,8649.155889
195,8657.366361
196,8565.180342
197,8641.831888
198,8608.157746
199,8700.803419
200,8711.034828
201,8686.648450
202,8717.112902
203,8683.728854
204,8659.868469
205,8646.202610
206,8636.250933
207,8666.988831
208,8662.231217
209,8555.802189
210,8673.750066
211,8726.637839
212,8703.092519
213,8742.499098
214,8624.608413
215,8596.517357
216,8668.855736
217,8653.258938
218,8683.371720
219,8668.278660
220,8741.786696
221,8743.249371
222,8666.182449
223,8711.217981
224,8713.257158
225,8580.054696
226,8611.641311
227,8692.879386
228,8661.280307
229,8718.872204
230,8721.576087
231,8714.524770
232,8617.271236
233,8663.833498
234,8690.470794
235,8623.250632
236,8749.110040
237,8687.829823
238,8665.316275
239,8710.648593
240,8701.499636
241,8678.607184
242,8676.053349
243,8638.264228
244,8679.650374
245,8738.046623
246,8734.267239
247,8637.992522
248,8685.813026
249,8686.483428
250,8688.600570
251,8668.155069
252,8696.472944
253,8726.415180
254,8695.240610
255,8694.606156
256,8704.393820
257,8748.656105
258,8684.153702
259,8713.240658
260,8694.886566
261,8704.348734
262,8682.083449
263,8713.780587
264,8696.261640
265,8713.322554
266,8670.610478
267,8729.987433
268,8683.576149
269,8717.629998
270,8724.716755
271,8762.479749
272,8682.217462
273,8714.558937
274,8744.226609
275,8715.891626
276,8619.505796
277,8700.541759
278,8690.503476
279,8759.063029
280,8665.617143
281,8596.005259
282,8635.944984
283,8603.320215
284,8648.112709
285,8719.158316
286,8663.066934
287,8632.812193
288,8675.810991
289,8680.323508
290,8741.086142
291,8712.857909
292,8700.866282
293,8676.026658
294,8670.801120
295,8690.776705
296,8693.308947
297,8608.313741
298,8699.159257
299,8634.316361
300,8562.816412
301,8656.844909
302,8722.034266
303,8675.564278
304,8725.930436
305,8690.595084
306,8730.098051
307,8718.070837
308,8717.453651
309,8725.080977
310,8727.326394
311,8708.381745
312,8691.803055
313,8714.020854
314,8648.809784
315,8722.288426
316,8717.332539
317,8743.086361
318,8746.100842
319,8745.883501
320,8728.213394
321,8783.166879
322,8726.770677
323,8764.960131
324,8745.127036
325,8681.375462
326,8644.778278
327,8740.780333
328,8758.678683
329,8741.686380
330,8769.830025
331,8711.862140
332,8673.014715
333,8765.738463
334,8744.271653
335,8750.459531
336,8670.187591
337,8761.932617
338,8740.202342
339,8763.284771
340,8725.119030
341,8724.023300
342,8728.458374
343,8696.664451
344,8677.357708
345,8656.475961
346,8725.170777
347,8671.087302
348,8715.030839
349,8714.030865
350,8778.719838
351,8765.380657
352,8664.828060
353,8721.176028
354,8639.518243
355,8780.993557
356,8713.769806
357,8672.258368
358,8672.651202
359,8790.850109
360,8765.060122
361,8784.569503
362,8760.449112
363,8746.615760
364,8658.202512
365,8737.389234
366,8724.861895
367,8731.699572
368,8752.450551
369,8748.094162
370,8762.760678
371,8751.863117
372,8694.595977
373,8725.719709
374,8743.249638
375,8676.988232
376,8730.199352
377,8739.908944
378,8774.478869
379,8636.936118
380,8721.723618
381,8725.466268
382,8782.884716
383,8672.708232
384,8700.556089
385,8698.035754
386,8728.374008
387,8692.131669
388,8763.076626
389,8710.019350
390,8644.333020
391,8650.650383
392,8608.702518
393,8691.380717
394,8772.892270
395,8736.819026
396,8688.249446
397,8769.348286
398,8777.595238
399,8790.546918
400,8766.120272
401,8751.270080
402,8660.676224
403,8743.338618
404,8749.897664
405,8686.522578
406,8714.117186
407,8784.102228
408,8759.037254
409,8720.054902
410,8688.762916
411,8746.014831
412,8770.122186
413,8733.675669
414,8732.260601
415,8694.556554
416,8766.182409
417,8764.564811
418,8627.601901
419,8782.828347
420,8708.994652
421,8674.172433
422,8725.043525
423,8728.039787
424,8739.046938
425,8816.680087
426,8729.355076
427,8786.888716
428,8763.977275
429,8789.381021
430,8763.762206
431,8763.056548
432,8775.446428
433,8747.071444
434,8757.176027
435,8776.925672
436,8748.985115
437,8805.075495
438,8753.114539
439,8723.985393
440,8817.814879
441,8685.159149
442,8680.327295
443,8674.855570
444,8757.797549
445,8729.348397
446,8731.756760
447,8727.749895
448,8716.742581
449,8737.504144
450,8815.984960
451,8763.283915
452,8736.314221
453,8764.532852
454,8711.691269
455,8787.210926
456,8779.009534
457,8700.354606
458,8735.820342
459,8767.573843
460,8689.058173
461,8733.253497
462,8803.677421
463,8738.593039
464,8798.123144
465,8733.650020
466,8733.376554
467,8785.150577
468,8747.354517
469,8802.442834
470,8801.092369
471,8803.078779
472,8687.800185
473,8807.440578
474,8758.484134
475,8730.970667
476,8751.121166
477,8798.527767
478,8735.750925
479,8765.547937
480,8779.210529
481,8747.462429
482,8745.344770
483,8765.254064
484,8756.605087
485,8708.354603
486,8727.999169
487,8713.915109
488,8720.298321
489,8791.374994
490,8660.737528
491,8680.485275
492,8749.552806
493,8769.011197
494,8806.425223
495,8778.577848
496,8715.152242
497,8737.295243
498,8722.033530
499,8806.138915
