0,3070.496072
1,3480.184334
2,3738.422772
3,4039.157068
4,4306.163790
5,4623.029468
6,4969.852473
7,5301.169370
8,5606.382084
9,5877.336970
10,6149.261950
11,6377.044843
12,6651.734217
13,6908.744628
14,7103.612609
15,7270.601493
16,7396.691935
17,7512.191958
18,7596.751825
19,7660.664550
20,7709.774148
21,7763.956085
22,7810.485565
23,7851.260059
24,7894.964288
25,7962.488745
26,8028.134186
27,8084.556730
28,8174.869339
29,8291.284194
30,8358.296282
31,8391.779965
32,8432.882002
33,8488.054801
34,8513.854779
35,8515.500302
36,8518.015237
37,8520.719587
38,8526.244334
39,8535.097517
40,8547.552565
41,8565.681871
42,8572.002418
43,8572.557334
44,8572.570854
45,8572.570854
46,8572.570854
47,8572.570854
48,8572.570854
49,8572.601886
50,8572.601886
51,8572.632919
52,8572.679469
53,8572.726018
54,8573.777159
55,8574.936916
56,8576.864671
57,8579.905634
58,8584.059804
59,8589.508954
60,8600.002639
61,8613.189158
62,8630.445030
63,8666.023227
64,8670.392839
65,8676.748637
66,8683.700292
67,8683.700292
68,8684.604341
69,8685.056366
70,8685.445738
71,8686.613855
72,8691.084908
73,8693.282378
74,8697.510075
75,8705.861392
76,8722.362094
77,8746.724469
78,8779.173948
79,8783.432612
80,8784.229014
81,8787.016422
82,8791.396634
83,8799.360657
84,8812.103094
85,8834.402358
86,8866.258450
87,8880.593691
88,8880.593691
89,8880.593691
90,8880.593691
91,8880.593691
92,8880.593691
93,8880.593691
94,8880.593691
95,8880.593691
96,8880.593691
97,8880.593691
98,8880.593691
99,8880.593691
100,8880.593691
101,8880.593691
102,8880.593691
103,8880.593691
104,8880.593691
105,8880.593691
106,8880.593691
107,8880.593691
108,8880.593691
109,8880.593691
110,8880.593691
111,8880.593691
112,8880.593691
113,8880.593691
114,8880.593691
115,8880.593691
116,8880.593691
117,8880.593691
118,8880.593691
119,8880.593691
120,8880.593691
121,8880.593691
122,8880.593691
123,8880.593691
124,8880.593691
125,8880.593691
126,8880.593691
127,8880.593691
128,8880.593691
129,8880.593691
130,8880.593691
131,8880.593691
132,8880.593691
133,8880.593691
134,8880.593691
135,8880.593691
136,8880.593691
137,8880.593691
138,8880.593691
139,8880.593691
140,8880.593691
141,8880.593691
142,8880.593691
143,8880.593691
144,8880.593691
145,8880.593691
146,8880.593691
147,8880.593691
148,8880.593691
149,8880.593691
150,8880.593691
151,8880.593691
152,8880.593691
153,8880.593691
154,8880.593691
155,8880.593691
156,8880.593691
157,8880.593691
158,8880.593691
159,8880.593691
160,8880.593691
161,8880.593691
162,8880.593691
163,8880.593691
164,8880.593691
165,8880.593691
166,8880.593691
167,8880.593691
168,8880.593691
169,8880.593691
170,8880.593691
171,8880.593691
172,8880.593691
173,8880.593691
174,8880.593691
175,8880.593691
176,8880.593691
177,8885.483226
178,8888.277246
179,8895.960801
180,8914.121930
181,8949.047179
182,9013.309637
183,9055.219936
184,9055.219936
185,9055.219936
186,9055.219936
187,9055.219936
188,9055.219936
189,9055.219936
190,9055.219936
191,9055.219936
192,9055.219936
193,9055.219936
194,9055.219936
195,9055.219936
196,9058.177700
197,9063.107307
198,9074.445402
199,9098.600476
200,9129.656999
201,9178.460107
202,9178.460107
203,9178.460107
204,9178.460107
205,9178.460107
206,9178.460107
207,9178.460107
208,9178.460107
209,9178.460107
210,9178.460107
211,9178.460107
212,9178.460107
213,9178.460107
214,9178.460107
215,9178.460107
216,9178.460107
217,9178.460107
218,9178.460107
219,9178.460107
220,9178.460107
221,9178.460107
222,9178.460107
223,9178.460107
224,9178.460107
225,9178.460107
226,9178.460107
227,9178.460107
228,9178.460107
229,9178.460107
230,9178.460107
231,9178.460107
232,9178.460107
233,9178.460107
234,9178.460107
235,9178.460107
236,9178.460107
237,9178.460107
238,9178.460107
239,9178.460107
240,9178.460107
241,9178.460107
242,9178.460107
243,9178.460107
244,9178.460107
245,9178.460107
246,9178.460107
247,9178.460107
248,9178.460107
249,9178.460107
250,9178.460107
251,9178.460107
252,9178.460107
253,9178.460107
254,9178.460107
255,9178.460107
256,9178.460107
257,9178.460107
258,9178.460107
259,9178.460107
260,9178.460107
261,9178.460107
262,9178.460107
263,9178.460107
264,9178.460107
265,9178.460107
266,9178.460107
267,9178.460107
268,9178.460107
269,9178.460107
270,9178.460107
271,9178.460107
272,9178.460107
273,9178.460107
274,9178.460107
275,9178.460107
276,9178.460107
277,9178.460107
278,9178.460107
279,9178.460107
280,9178.460107
281,9178.460107
282,9178.460107
283,9178.460107
284,9178.460107
285,9178.460107
286,9178.460107
287,9178.460107
288,9178.460107
289,9178.460107
290,9178.460107
291,9178.460107
292,9178.460107
293,9178.460107
294,9178.460107
295,9178.460107
296,9178.460107
297,9178.460107
298,9178.460107
299,9178.460107
300,9178.460107
301,9178.460107
302,9178.460107
303,9178.460107
304,9178.460107
305,9178.460107
306,9178.460107
307,9178.460107
308,9178.460107
309,9178.460107
310,9178.908060
311,9179.266423
312,9180.251921
313,9182.312507
314,9185.985726
315,9192.525847
316,9200.857782
317,9200.857782
318,9200.857782
319,9200.857782
320,9200.857782
321,9200.857782
322,9200.857782
323,9200.857782
324,9200.857782
325,9200.857782
326,9200.857782
327,9200.857782
328,9200.857782
329,9200.857782
330,9200.857782
331,9200.857782
332,9200.857782
333,9200.857782
334,9200.857782
335,9200.857782
336,9200.857782
337,9200.857782
338,9200.857782
339,9200.857782
340,9200.857782
341,9200.857782
342,9200.857782
343,9200.857782
344,9200.857782
345,9200.857782
346,9200.857782
347,9200.857782
348,9200.857782
349,9200.857782
350,9200.857782
351,9200.857782
352,9200.857782
353,9200.857782
354,9200.857782
355,9200.857782
356,9200.857782
357,9200.857782
358,9200.857782
359,9200.857782
360,9200.857782
361,9200.857782
362,9200.857782
363,9200.857782
364,9200.857782
365,9200.857782
366,9200.857782
367,9200.857782
368,9200.857782
369,9200.857782
370,9200.857782
371,9200.857782
372,9200.857782
373,9200.857782
374,9200.857782
375,9200.857782
376,9200.857782
377,9200.857782
378,9200.857782
379,9200.857782
380,9200.857782
381,9200.857782
382,9200.857782
383,9200.857782
384,9200.857782
385,9200.857782
386,9201.316545
387,9202.845753
388,9204.833724
389,9209.574271
390,9217.679076
391,9236.029579
392,9239.087996
393,9239.087996
394,9239.087996
395,9239.087996
396,9239.087996
397,9239.087996
398,9239.087996
399,9239.087996
400,9239.087996
401,9239.087996
402,9239.087996
403,9239.087996
404,9239.087996
405,9239.087996
406,9239.087996
407,9239.087996
408,9239.087996
409,9239.087996
410,9239.087996
411,9239.087996
412,9239.087996
413,9239.087996
414,9239.087996
415,9239.087996
416,9239.087996
417,9239.087996
418,9239.087996
419,9239.087996
420,9239.087996
421,9239.087996
422,9239.087996
423,9239.087996
424,9239.087996
425,9239.087996
426,9239.087996
427,9239.087996
428,9239.087996
429,9239.087996
430,9239.087996
431,9239.087996
432,9239.087996
433,9239.087996
434,9239.087996
435,9239.087996
436,9239.087996
437,9239.087996
438,9239.087996
439,9239.087996
440,9239.087996
441,9239.087996
442,9239.087996
443,9239.087996
444,9239.087996
445,9239.087996
446,9239.087996
447,9239.087996
448,9239.087996
449,9239.087996
450,9239.087996
451,9239.087996
452,9239.087996
453,9239.087996
454,9239.087996
455,9239.087996
456,9239.087996
457,9239.087996
458,9239.087996
459,9239.087996
460,9239.087996
461,9239.087996
462,9239.087996
463,9239.087996
464,9239.087996
465,9239.087996
466,9239.087996
467,9239.087996
468,9239.087996
469,9239.087996
470,9239.087996
471,9239.087996
472,9239.087996
473,9239.087996
474,9239.087996
475,9239.087996
476,9239.087996
477,9239.087996
478,9239.087996
479,9239.087996
480,9239.087996
481,9239.087996
482,9239.087996
483,9239.087996
484,9239.087996
485,9239.087996
486,9239.087996
487,9239.087996
488,9239.087996
489,9239.087996
490,9239.087996
491,9239.087996
492,9239.087996
493,9239.087996
494,9239.087996
495,9239.087996
496,9239.087996
497,9239.087996
498,9239.087996
499,9239.087996
