0,3020.094241
1,3474.617194
2,3742.483288
3,3964.460667
4,4186.678523
5,4431.460640
6,4683.502480
7,4917.335994
8,5155.560556
9,5357.505798
10,5624.338596
11,5866.585448
12,6115.372063
13,6361.173881
14,6603.580530
15,6820.923246
16,7011.970919
17,7211.602156
18,7392.039494
19,7540.572691
20,7641.676422
21,7729.164512
22,7786.798553
23,7835.835992
24,7891.310958
25,7952.869280
26,8010.442361
27,8042.742226
28,8057.013674
29,8058.025270
30,8058.842328
31,8058.842328
32,8058.842328
33,8058.842328
34,8058.842328
35,8058.842328
36,8058.842328
37,8058.842328
38,8058.842328
39,8058.842328
40,8058.842328
41,8058.842328
42,8058.842328
43,8058.842328
44,8058.842328
45,8058.842328
46,8058.842328
47,8058.842328
48,8058.842328
49,8058.842328
50,8058.842328
51,8058.842328
52,8058.842328
53,8058.842328
54,8058.842328
55,8058.842328
56,8058.842328
57,8058.842328
58,8058.842328
59,8058.842328
60,8058.842328
61,8058.842328
62,8058.842328
63,8058.842328
64,8058.842328
65,8058.842328
66,8058.842328
67,8058.842328
68,8058.842328
69,8058.842328
70,8058.842328
71,8058.842328
72,8058.842328
73,8058.842328
74,8058.842328
75,8058.842328
76,8058.842328
77,8058.842328
78,8058.842328
79,8058.842328
80,8058.842328
81,8058.842328
82,8058.842328
83,8058.842328
84,8058.842328
85,8058.842328
86,8058.842328
87,8058.842328
88,8058.842328
89,8058.842328
90,8058.842328
91,8058.842328
92,8058.842328
93,8058.842328
94,8058.842328
95,8058.842328
96,8058.842328
97,8058.842328
98,8058.842328
99,8058.842328
100,8058.842328
101,8058.842328
102,8058.842328
103,8058.842328
104,8058.842328
105,8058.842328
106,8058.842328
107,8058.842328
108,8058.842328
109,8058.842328
110,8058.842328
111,8058.842328
112,8058.842328
113,8058.842328
114,8058.842328
115,8058.842328
116,8058.842328
117,8058.842328
118,8058.842328
119,8058.842328
120,8058.842328
121,8058.842328
122,8058.842328
123,8058.842328
124,8058.842328
125,8058.842328
126,8058.842328
127,8058.842328
128,8058.842328
129,8058.842328
130,8058.842328
131,8058.842328
132,8058.842328
133,8058.842328
134,8058.842328
135,8058.842328
136,8058.842328
137,8058.842328
138,8058.842328
139,8058.842328
140,8058.842328
141,8058.842328
142,8058.842328
143,8058.842328
144,8058.842328
145,8058.842328
146,8058.842328
147,8058.842328
148,8058.842328
149,8058.842328
150,8058.842328
151,8058.842328
152,8058.842328
153,8058.842328
154,8058.842328
155,8058.842328
156,8058.842328
157,8058.842328
158,8058.842328
159,8058.842328
160,8058.842328
161,8058.842328
162,8058.842328
163,8058.842328
164,8058.842328
165,8058.842328
166,8058.842328
167,8058.842328
168,8058.842328
169,8058.842328
170,8058.842328
171,8058.842328
172,8058.842328
173,8058.842328
174,8058.842328
175,8058.842328
176,8058.842328
177,8058.842328
178,8058.842328
179,8058.842328
180,8058.842328
181,8058.842328
182,8058.842328
183,8058.842328
184,8058.842328
185,8058.842328
186,8058.842328
187,8058.842328
188,8058.842328
189,8058.842328
190,8058.842328
191,8058.842328
192,8058.842328
193,8058.842328
194,8058.842328
195,8058.842328
196,8058.842328
197,8058.842328
198,8058.842328
199,8058.842328
200,8058.842328
201,8058.842328
202,8058.842328
203,8058.842328
204,8058.842328
205,8058.842328
206,8058.842328
207,8058.842328
208,8058.842328
209,8058.842328
210,8058.842328
211,8058.842328
212,8058.842328
213,8058.842328
214,8058.842328
215,8058.842328
216,8058.842328
217,8058.842328
218,8058.842328
219,8058.842328
220,8058.842328
221,8058.842328
222,8058.842328
223,8058.842328
224,8058.842328
225,8058.842328
226,8058.842328
227,8058.842328
228,8058.842328
229,8058.842328
230,8058.842328
231,8058.842328
232,8058.842328
233,8058.842328
234,8058.842328
235,8058.842328
236,8058.842328
237,8058.842328
238,8058.842328
239,8058.842328
240,8058.842328
241,8058.842328
242,8058.842328
243,8058.842328
244,8058.842328
245,8058.842328
246,8058.842328
247,8058.842328
248,8058.842328
249,8058.842328
250,8058.842328
251,8058.842328
252,8058.842328
253,8058.842328
254,8058.842328
255,8058.842328
256,8058.842328
257,8058.842328
258,8058.842328
259,8058.842328
260,8058.842328
261,8058.842328
262,8058.842328
263,8058.842328
264,8058.842328
265,8058.842328
266,8058.842328
267,8058.842328
268,8058.842328
269,8058.842328
270,8058.842328
271,8058.842328
272,8058.842328
273,8058.842328
274,8058.842328
275,8058.842328
276,8058.842328
277,8058.842328
278,8058.842328
279,8058.842328
280,8058.842328
281,8058.842328
282,8058.842328
283,8058.842328
284,8058.842328
285,8058.842328
286,8058.842328
287,8058.842328
288,8058.842328
289,8058.842328
290,8058.842328
291,8058.842328
292,8058.842328
293,8058.842328
294,8058.842328
295,8058.842328
296,8058.842328
297,8058.842328
298,8058.842328
299,8058.842328
300,8058.842328
301,8058.842328
302,8058.842328
303,8058.842328
304,8058.842328
305,8058.842328
306,8058.842328
307,8058.842328
308,8058.842328
309,8058.842328
310,8058.842328
311,8058.842328
312,8058.842328
313,8058.842328
314,8058.842328
315,8058.842328
316,8058.842328
317,8058.842328
318,8058.842328
319,8058.842328
320,8058.842328
321,8058.842328
322,8058.842328
323,8058.842328
324,8058.842328
325,8058.842328
326,8058.842328
327,8058.842328
328,8058.842328
329,8058.842328
330,8058.842328
331,8058.842328
332,8058.842328
333,8058.842328
334,8058.842328
335,8058.842328
336,8058.842328
337,8058.842328
338,8058.842328
339,8058.842328
340,8058.842328
341,8058.842328
342,8058.842328
343,8058.842328
344,8058.842328
345,8058.842328
346,8058.842328
347,8058.842328
348,8058.842328
349,8058.842328
350,8058.842328
351,8058.842328
352,8058.842328
353,8058.842328
354,8058.842328
355,8058.842328
356,8058.842328
357,8058.842328
358,8058.842328
359,8058.842328
360,8058.842328
361,8058.842328
362,8058.842328
363,8058.842328
364,8058.842328
365,8058.842328
366,8058.842328
367,8058.842328
368,8058.842328
369,8058.842328
370,8058.842328
371,8058.842328
372,8058.842328
373,8058.842328
374,8058.842328
375,8058.842328
376,8058.842328
377,8058.842328
378,8058.842328
379,8058.842328
380,8058.842328
381,8058.842328
382,8058.842328
383,8058.842328
384,8058.842328
385,8058.842328
386,8058.842328
387,8058.842328
388,8058.842328
389,8058.842328
390,8058.842328
391,8058.842328
392,8058.842328
393,8058.842328
394,8058.842328
395,8058.842328
396,8058.842328
397,8058.842328
398,8058.842328
399,8058.842328
400,8058.842328
401,8058.842328
402,8058.842328
403,8058.842328
404,8058.842328
405,8058.842328
406,8058.842328
407,8058.842328
408,8058.842328
409,8058.842328
410,8058.842328
411,8058.842328
412,8058.842328
413,8058.842328
414,8058.842328
415,8058.842328
416,8058.842328
417,8058.842328
418,8058.842328
419,8058.842328
420,8058.842328
421,8058.842328
422,8058.842328
423,8058.842328
424,8058.842328
425,8058.842328
426,8058.842328
427,8058.842328
428,8058.842328
429,8058.842328
430,8058.842328
431,8058.842328
432,8058.842328
433,8058.842328
434,8058.842328
435,8058.842328
436,8058.842328
437,8058.842328
438,8058.842328
439,8058.842328
440,8058.842328
441,8058.842328
442,8058.842328
443,8058.842328
444,8058.842328
445,8058.842328
446,8058.842328
447,8058.842328
448,8058.842328
449,8058.842328
450,8058.842328
451,8058.842328
452,8058.842328
453,8058.842328
454,8058.842328
455,8058.842328
456,8058.842328
457,8058.842328
458,8058.842328
459,8058.842328
460,8058.842328
461,8058.842328
462,8058.842328
463,8058.842328
464,8058.842328
465,8058.842328
466,8058.842328
467,8058.842328
468,8058.842328
469,8058.842328
470,8058.842328
471,8058.842328
472,8058.842328
473,8058.842328
474,8058.842328
475,8058.842328
476,8058.842328
477,8058.842328
478,8058.842328
479,8058.842328
480,8058.842328
481,8058.842328
482,8058.842328
483,8058.842328
484,8058.842328
485,8058.842328
486,8058.842328
487,8058.842328
488,8058.842328
489,8058.842328
490,8058.842328
491,8058.842328
492,8058.842328
493,8058.842328
494,8058.842328
495,8058.842328
496,8058.842328
497,8058.842328
498,8058.842328
499,8058.842328
