0,3067.483513
1,6100.719899
2,6510.355050
3,6859.624764
4,7179.735666
5,7507.656653
6,7903.088147
7,8148.148723
8,8521.376058
9,8874.384371
10,9265.789940
11,9597.634194
12,9914.886304
13,10231.084678
14,10459.896948
15,10730.977218
16,10900.094541
17,11206.200223
18,11375.269414
19,11689.194768
20,12000.600447
21,12162.994673
22,12465.734644
23,12709.686264
24,12827.539908
25,13004.930965
26,13158.121748
27,13521.914838
28,13538.721241
29,13675.710066
30,13969.643309
31,13968.526703
32,14149.245047
33,14299.622593
34,14399.631998
35,14325.035549
36,14466.157997
37,14473.343258
38,14752.454038
39,14619.470859
40,14758.526457
41,14795.606263
42,14928.968625
43,14892.267366
44,14934.608457
45,15052.355818
46,15094.120264
47,15031.736680
48,15063.182682
49,15226.418692
50,15394.375772
51,15406.462680
52,15527.879201
53,15418.072865
54,15391.731392
55,15572.834676
56,15576.818822
57,15649.186170
58,15674.702550
59,15583.328401
60,15714.829971
61,15649.365727
62,15633.394151
63,15658.098109
64,15574.944279
65,15602.109420
66,15665.548157
67,15658.946562
68,15702.954510
69,15762.960818
70,15795.732486
71,15682.423218
72,15721.352224
73,15650.883830
74,15593.493818
75,15786.916629
76,15665.782199
77,15735.887037
78,15765.218865
79,15783.979650
80,15741.931885
81,15682.167336
82,15662.795134
83,15590.877689
84,15649.960542
85,15707.344619
86,15742.415035
87,15783.880004
88,15783.297924
89,15703.617776
90,15872.339775
91,15845.767080
92,15851.764088
93,15745.161595
94,15778.954550
95,15760.851314
96,15611.842504
97,15691.743168
98,15764.870105
99,15824.591374
100,15751.650697
101,15778.600301
102,15722.443826
103,15671.209747
104,15809.437387
105,15731.623202
106,15757.143897
107,15789.607671
108,15727.617085
109,15743.754747
110,15784.755432
111,15767.871391
112,15783.721741
113,15799.752306
114,15849.248017
115,15803.032874
116,15810.160385
117,15703.452357
118,15822.116911
119,15739.454384
120,15660.992882
121,15680.444423
122,15723.569130
123,15703.313911
124,15838.946296
125,15799.359660
126,15720.031385
127,15749.999794
128,15752.749126
129,15739.268200
130,15792.734550
131,15753.551211
132,15828.294092
133,15826.140222
134,15751.330196
135,15821.830000
136,15699.477708
137,15643.485638
138,15656.873089
139,15684.359594
140,15721.461518
141,15754.400168
142,15795.477667
143,15731.658528
144,15753.006081
145,15810.372893
146,15880.387996
147,15809.931582
148,15753.352149
149,15789.612576
150,15647.551436
151,15633.417686
152,15672.320687
153,15738.802459
154,15736.659921
155,15775.728571
156,15847.192000
157,15845.791905
158,15792.430740
159,15726.169897
160,15772.977781
161,15621.859908
162,15698.644138
163,15781.434937
164,15813.161358
165,15755.662964
166,15706.731121
167,15788.209705
168,15761.484070
169,15780.659419
170,15676.849500
171,15737.759928
172,15735.157072
173,15756.147638
174,15747.224194
175,15724.120144
176,15743.091469
177,15795.264772
178,15756.575384
179,15651.617573
180,15672.741608
181,15682.102441
182,15777.406662
183,15889.467224
184,15902.886261
185,15742.503424
186,15782.510418
187,15881.943548
188,15891.485198
189,15766.206307
190,15788.013259
191,15720.407636
192,15780.891308
193,15709.021212
194,15829.801647
195,15751.501558
196,15723.444750
197,15663.016775
198,15739.738965
199,15663.628586
200,15763.025668
201,15706.049499
202,15822.813267
203,15832.271797
204,15763.263464
205,15709.309115
206,15579.697756
207,15785.749035
208,15950.256786
209,15737.416294
210,15679.396531
211,15648.493206
212,15772.577880
213,15687.002904
214,15794.636057
215,15794.907255
216,15646.999739
217,15638.241415
218,15681.299320
219,15649.740505
220,15819.312656
221,15876.101029
222,15840.380343
223,15685.417340
224,15721.762609
225,15862.605016
226,15741.026942
227,15661.625308
228,15768.533022
229,15778.155067
230,15878.152864
231,15862.925955
232,15727.946149
233,15702.368619
234,15749.342506
235,15811.479287
236,15817.755865
237,15823.073466
238,15826.237052
239,15749.315399
240,15634.776433
241,15644.467515
242,15707.221930
243,15764.475352
244,15731.151674
245,15688.348707
246,15680.841184
247,15624.768584
248,15761.175829
249,15663.157015
250,15749.754944
251,15745.275524
252,15699.669037
253,15748.885445
254,15704.767901
255,15758.641557
256,15620.668632
257,15634.997277
258,15724.092175
259,15688.909604
260,15823.730645
261,15742.790786
262,15729.390736
263,15643.028287
264,15816.108029
265,15848.028895
266,15825.123549
267,15860.714646
268,15827.310099
269,15795.147476
270,15709.073157
271,15723.583464
272,15839.290808
273,15676.659112
274,15752.333228
275,15683.559622
276,15773.317300
277,15786.228580
278,15836.645100
279,15826.732287
280,15753.940002
281,15565.098426
282,15732.223177
283,15656.499507
284,15767.704643
285,15738.156689
286,15652.673633
287,15629.712738
288,15686.947749
289,15762.057498
290,15752.581641
291,15868.314905
292,15859.381294
293,15708.303249
294,15754.019633
295,15723.876491
296,15679.970411
297,15713.913853
298,15774.141549
299,15705.859815
300,15683.648853
301,15670.458211
302,15673.999520
303,15626.011530
304,15638.703746
305,15645.362929
306,15697.766293
307,15824.819604
308,15714.164039
309,15669.976148
310,15626.025071
311,15735.934870
312,15828.669142
313,15808.587032
314,15691.418614
315,15733.685763
316,15679.248270
317,15752.844286
318,15750.842435
319,15766.023120
320,15709.539124
321,15788.780543
322,15793.665582
323,15786.450151
324,15809.872839
325,15726.305103
326,15769.485667
327,15836.104162
328,15699.113515
329,15718.108859
330,15770.268671
331,15742.101905
332,15773.032803
333,15779.313413
334,15689.139096
335,15791.488533
336,15818.930171
337,15723.010586
338,15735.495323
339,15733.885406
340,15727.552994
341,15949.211077
342,15924.860121
343,15748.168934
344,15709.288731
345,15667.865873
346,15655.681764
347,15683.439567
348,15685.455201
349,15664.405679
350,15808.094433
351,15701.798690
352,15562.874271
353,15692.096519
354,15826.942587
355,15794.193274
356,15870.895376
357,15795.652434
358,15740.421365
359,15724.315508
360,15647.056033
361,15580.475019
362,15665.798765
363,15715.114643
364,15676.602906
365,15602.052946
366,15782.974569
367,15725.250585
368,15761.020359
369,15777.869253
370,15808.970276
371,15792.028819
372,15707.572954
373,15744.608632
374,15767.071208
375,15677.905915
376,15665.163487
377,15737.332708
378,15633.918622
379,15720.022691
380,15675.438693
381,15772.880517
382,15739.418153
383,15765.517910
384,15802.686014
385,15773.735515
386,15749.986931
387,15739.162768
388,15782.409476
389,15757.554923
390,15724.787718
391,15775.894411
392,15768.286505
393,15749.140370
394,15732.254602
395,15744.554273
396,15749.746667
397,15738.480941
398,15709.552283
399,15729.485481
400,15702.144106
401,15809.957531
402,15726.870086
403,15672.139551
404,15646.528246
405,15763.026534
406,15708.117083
407,15600.623381
408,15781.910670
409,15696.953295
410,15834.772899
411,15816.164464
412,15628.486566
413,15712.845820
414,15798.445890
415,15727.180238
416,15635.565553
417,15762.918259
418,15730.383848
419,15893.087879
420,15741.155721
421,15685.455312
422,15597.077531
423,15646.084626
424,15614.756901
425,15660.764297
426,15638.982186
427,15608.435453
428,15561.858327
429,15598.516656
430,15626.167818
431,15656.686629
432,15701.064054
433,15725.558669
434,15707.727494
435,15762.135173
436,15711.739893
437,15635.839483
438,15682.929906
439,15759.144049
440,15707.642869
441,15655.619445
442,15733.196145
443,15754.928187
444,15630.506533
445,15667.389494
446,15724.357115
447,15847.872210
448,15832.175952
449,15792.055085
450,15863.705773
451,15830.692968
452,15788.811538
453,15747.365795
454,15773.492815
455,15789.604869
456,15770.094504
457,15715.504936
458,15638.936413
459,15656.113346
460,15759.896058
461,15665.641429
462,15744.627352
463,15864.715715
464,15661.932603
465,15727.337997
466,15679.438781
467,15773.961304
468,15773.328992
469,15700.631804
470,15705.622921
471,15672.542248
472,15676.896116
473,15629.507679
474,15641.115757
475,15761.460094
476,15665.126614
477,15767.272418
478,15677.305748
479,15606.572259
480,15758.094927
481,15759.858046
482,15797.269668
483,15855.659078
484,15726.085925
485,15700.574942
486,15543.230930
487,15457.193269
488,15639.050211
489,15583.346544
490,15634.136788
491,15615.073929
492,15719.489835
493,15714.881085
494,15683.036170
495,15728.208443
496,15654.975990
497,15686.998566
498,15625.681947
499,15723.256721
