0,3085.398881
1,6153.924059
2,6544.907957
3,6812.375357
4,7095.226973
5,7331.479893
6,7563.459496
7,7763.525567
8,7879.534276
9,8035.643197
10,8282.395853
11,8393.656330
12,8610.650125
13,8796.188012
14,9005.077406
15,9153.266470
16,9317.717704
17,9471.069031
18,9642.664011
19,9846.009242
20,9992.440414
21,10063.287480
22,10158.755281
23,10177.484816
24,10433.316144
25,10560.724242
26,10634.204766
27,10691.396476
28,10746.147381
29,10750.765577
30,11020.475777
31,11132.631869
32,11349.649265
33,11339.644490
34,11334.007679
35,11562.840383
36,11775.230029
37,11724.065517
38,11838.737869
39,12015.404522
40,12179.530852
41,12152.326102
42,12367.589139
43,12318.249845
44,12348.498398
45,12270.151945
46,12623.151909
47,12530.201256
48,12634.434023
49,12895.552959
50,12974.172260
51,12804.814514
52,12708.662346
53,13017.895513
54,12906.918125
55,12994.862722
56,13062.782138
57,13020.910771
58,13118.890182
59,13113.487463
60,13115.346632
61,13135.106748
62,13090.571229
63,13102.033110
64,13293.293110
65,13262.939842
66,13190.670534
67,13089.529829
68,13225.728278
69,13225.811160
70,13568.515615
71,13339.543626
72,13371.639370
73,13194.081678
74,13343.334135
75,13438.900339
76,13301.913329
77,13349.519259
78,13455.829954
79,13452.396076
80,13535.418883
81,13227.412775
82,13425.452069
83,13440.842044
84,13790.813966
85,13704.918020
86,13553.591417
87,13698.146836
88,13855.539999
89,13809.581049
90,13698.984894
91,13749.479263
92,13734.486702
93,13570.775830
94,13622.537193
95,13725.750856
96,13565.891502
97,13710.211409
98,13884.620250
99,13670.493056
100,13812.028274
101,13806.767937
102,13753.924682
103,13821.084248
104,13746.346264
105,13878.285920
106,13737.711259
107,13642.009579
108,13778.708630
109,13682.649332
110,13701.347910
111,13765.814793
112,13524.453664
113,13708.833940
114,13704.457878
115,13777.843111
116,13859.030264
117,13568.151573
118,13756.527919
119,13720.304604
120,13671.266969
121,13570.302037
122,13642.852193
123,13570.558788
124,13730.994358
125,13571.331575
126,13780.351505
127,13635.177541
128,13484.892836
129,13812.223084
130,13910.990964
131,13864.006743
132,13903.498651
133,13659.971121
134,13814.872967
135,13712.690764
136,13547.242776
137,13736.754562
138,13632.558176
139,13541.289679
140,13698.220674
141,13676.681591
142,13863.603884
143,13929.835377
144,13644.570019
145,13464.757666
146,13578.362488
147,13812.663077
148,13650.901648
149,13898.603994
150,13623.746904
151,13456.684976
152,13762.092482
153,13555.239498
154,13837.885311
155,13588.988038
156,13725.591339
157,13669.996013
158,13604.524149
159,13827.386229
160,13847.235347
161,13753.975059
162,13784.636244
163,13829.885492
164,13722.968886
165,13776.793020
166,13754.762932
167,13729.966650
168,13726.151674
169,13744.337355
170,13821.635274
171,13773.737655
172,13553.675445
173,13654.987681
174,13647.459681
175,13554.195995
176,13640.541939
177,13725.287906
178,13590.885962
179,13696.364724
180,13768.899798
181,13694.856435
182,13674.737460
183,13650.357110
184,13533.674647
185,13934.431136
186,13729.969522
187,13541.626526
188,13924.281385
189,13692.022619
190,13904.061304
191,13848.361547
192,13750.732926
193,13885.446516
194,13683.626045
195,13854.014035
196,13864.809258
197,13830.667058
198,13705.101864
199,13861.377396
200,13912.182194
201,13736.967371
202,13784.077722
203,13750.361569
204,13920.604870
205,13829.413058
206,13622.837732
207,13723.606333
208,13573.928966
209,13723.080518
210,13881.714221
211,13549.788133
212,13480.469516
213,13642.050001
214,13659.343998
215,14097.155896
216,13912.985105
217,13733.390342
218,13788.690651
219,13717.859478
220,13957.816083
221,13885.845420
222,13879.740005
223,13755.945247
224,13783.772168
225,13742.614047
226,13953.558155
227,13788.221231
228,13828.883178
229,13665.463065
230,13769.073805
231,13834.089416
232,13848.911657
233,13640.455216
234,13933.426606
235,13664.333147
236,13594.790647
237,13716.320063
238,13710.734235
239,13763.234602
240,13949.851940
241,13772.049750
242,13835.469990
243,13727.625559
244,13771.628355
245,13760.599454
246,14001.091537
247,13972.059259
248,13733.253247
249,13834.169521
250,13703.084723
251,13761.035131
252,13735.213949
253,14000.430316
254,13658.662614
255,13754.132993
256,13645.509965
257,13831.578989
258,13792.058975
259,13708.567677
260,13695.599731
261,13768.650969
262,13688.990096
263,13490.175650
264,13811.956705
265,13705.141801
266,13771.758154
267,13649.634670
268,13725.487257
269,13927.660450
270,13938.954243
271,13859.324249
272,13935.767102
273,13615.603199
274,13855.638612
275,13901.167847
276,13787.321698
277,13926.581068
278,13663.267536
279,13805.900262
280,13686.304183
281,13874.107277
282,13795.748372
283,13531.769019
284,13731.217153
285,13775.333629
286,13893.870398
287,13897.486840
288,13569.661036
289,13732.681299
290,13739.846428
291,13506.780969
292,13643.939367
293,13912.952363
294,13843.840334
295,13828.438813
296,13550.150067
297,13976.579185
298,13704.173343
299,13711.083182
300,13786.265130
301,13835.060584
302,13604.730617
303,13844.173817
304,13716.454015
305,13702.552635
306,13840.867935
307,13781.078457
308,13723.735442
309,13917.653150
310,13677.961804
311,13859.454737
312,13782.121186
313,13719.756837
314,13653.857510
315,13722.141458
316,13804.015191
317,13786.502478
318,13692.819442
319,13745.618294
320,13589.943922
321,13546.430071
322,13681.023644
323,13701.324030
324,13565.799999
325,13815.313131
326,13818.179236
327,13715.026233
328,13661.106617
329,13664.356411
330,13808.808158
331,13687.573078
332,13952.394310
333,13762.163029
334,13832.541186
335,13803.424750
336,13834.833852
337,13508.855004
338,13879.611568
339,13937.225694
340,14006.298555
341,13858.502159
342,13891.780429
343,13441.866746
344,13789.482718
345,13630.151748
346,13613.073000
347,13820.007676
348,13764.670486
349,13910.469839
350,13767.080408
351,13686.579739
352,13850.396976
353,13788.891794
354,13715.196040
355,13546.557867
356,13887.873443
357,13842.700452
358,13846.461003
359,13959.067986
360,13733.791209
361,13596.270780
362,13615.528952
363,13634.342273
364,13860.419005
365,13800.443124
366,13647.173110
367,13594.461710
368,13738.034608
369,13559.078151
370,13749.872578
371,13700.475837
372,13767.956690
373,13857.077602
374,13682.439010
375,13758.451853
376,13813.870437
377,13762.733815
378,13617.663692
379,13724.231485
380,13811.481499
381,13568.598609
382,13798.616167
383,13886.275943
384,13910.222293
385,13924.894810
386,13787.059894
387,13892.507347
388,13663.717369
389,13689.101849
390,13799.387643
391,13694.475419
392,13676.535956
393,13886.148064
394,13773.861341
395,13667.374697
396,13530.356204
397,13616.200974
398,13799.470477
399,13518.872400
400,13443.482290
401,13710.178251
402,13950.867751
403,13737.193843
404,13763.963309
405,13712.515393
406,13602.777032
407,13560.294998
408,13774.932312
409,13671.062511
410,13739.992430
411,13711.621826
412,13739.652694
413,13900.570564
414,13650.713680
415,13924.404183
416,13625.557094
417,13719.409508
418,13914.956838
419,13575.788840
420,13646.709259
421,13761.896119
422,13672.104710
423,13882.743307
424,13620.740534
425,13737.447433
426,13802.527957
427,13701.588700
428,13820.538198
429,13804.494495
430,13958.695026
431,13756.271026
432,13754.304952
433,13739.681171
434,13710.595675
435,13741.175327
436,13593.044811
437,13514.649200
438,13676.394975
439,13775.682266
440,13827.773182
441,13726.270391
442,13764.405166
443,13725.307705
444,13834.882885
445,13636.463902
446,13916.815675
447,13608.883664
448,13696.749225
449,13713.963839
450,13447.607368
451,13545.651828
452,13611.144798
453,13697.812399
454,13669.781363
455,13622.207134
456,13702.873381
457,13747.372016
458,13642.817556
459,13819.676236
460,13711.839757
461,13745.229264
462,13556.718839
463,14090.920881
464,13818.360150
465,13732.691229
466,13588.780617
467,13588.889649
468,13673.815345
469,13733.316643
470,13614.043513
471,13462.572010
472,13708.776719
473,13962.296041
474,13588.901974
475,13662.110917
476,13713.886635
477,13473.036232
478,13683.431606
479,13688.479424
480,13768.360845
481,13583.023530
482,13765.641000
483,13839.961306
484,13754.564664
485,13822.586106
486,13613.955181
487,13798.701759
488,13372.811173
489,13685.485070
490,13986.712706
491,13832.103288
492,13653.732239
493,13583.193551
494,13858.304042
495,13739.936962
496,13663.844966
497,13728.764989
498,13780.391055
499,13767.009500
