0,3066.767408
1,3303.431250
2,3514.465928
3,3696.695286
4,3875.370711
5,3955.852247
6,4102.421625
7,4163.323937
8,4292.023084
9,4324.080993
10,4408.541064
11,4506.784410
12,4458.385070
13,4500.530607
14,4651.304969
15,4768.061091
16,4827.025373
17,4881.646604
18,4952.967712
19,4908.373165
20,4914.376451
21,4994.934351
22,5080.528450
23,5123.522742
24,5317.788451
25,5397.245629
26,5670.717127
27,5578.750626
28,5688.449168
29,5667.698720
30,5807.825730
31,5956.451335
32,5900.824927
33,5948.177089
34,6103.158773
35,6100.201269
36,6062.601408
37,6056.102447
38,6237.590699
39,6325.853029
40,6414.815379
41,6433.643569
42,6384.334549
43,6558.385024
44,6597.497318
45,6437.546823
46,6526.315956
47,6586.864606
48,6624.319952
49,6508.955569
50,6676.740725
51,6585.537605
52,6636.762063
53,6681.345439
54,6426.050134
55,6528.770550
56,6646.698184
57,6879.655903
58,6776.088831
59,6629.994901
60,6488.280450
61,6616.484882
62,6606.516783
63,6735.490789
64,6834.052223
65,6871.226910
66,6775.364727
67,6674.591206
68,6667.427565
69,6776.581825
70,6818.614935
71,6937.444857
72,6861.096795
73,6737.152260
74,6658.943721
75,6594.682938
76,6529.727388
77,6447.531485
78,6523.676280
79,6614.331011
80,6580.372166
81,6449.369332
82,6564.178238
83,6708.545917
84,6665.805075
85,6389.667628
86,6424.276905
87,6615.278851
88,6623.983249
89,6789.327817
90,6730.990104
91,6856.959153
92,6856.261563
93,6782.121392
94,6579.428809
95,6352.742070
96,6667.878240
97,6695.257765
98,6650.065069
99,6631.027144
100,6624.215027
101,6686.717915
102,6778.147844
103,6796.775875
104,6756.683112
105,6596.775000
106,6542.783362
107,6636.690153
108,6514.339301
109,6367.701861
110,6440.049251
111,6388.449953
112,6614.985018
113,6534.847657
114,6545.489170
115,6535.829770
116,6540.324664
117,6803.780292
118,6872.101312
119,6802.312064
120,6893.775946
121,6995.817366
122,6701.840262
123,6983.751898
124,6764.321185
125,6675.624556
126,6713.827350
127,6857.374112
128,6829.819401
129,6757.102089
130,6914.747005
131,6993.983633
132,6879.189774
133,6923.620389
134,6908.479572
135,7050.885920
136,6951.456088
137,6911.322418
138,6984.305014
139,6925.580120
140,6703.588661
141,6803.316414
142,6809.993820
143,7072.853812
144,7020.976459
145,6947.822086
146,6950.680660
147,6937.968043
148,6944.772335
149,6870.316604
150,6736.391770
151,6664.383628
152,6640.369860
153,6914.428654
154,6980.506120
155,6780.160433
156,6804.519412
157,6702.093907
158,6762.731050
159,6822.093886
160,7056.688382
161,6972.063775
162,7097.795959
163,6945.633556
164,6840.486366
165,6913.487997
166,7119.538126
167,7020.478702
168,6988.506147
169,7020.235088
170,7039.393096
171,7086.091065
172,7113.093341
173,7001.077180
174,7062.047140
175,7191.770064
176,7078.407791
177,7121.950654
178,6969.217647
179,7052.800889
180,7015.355156
181,7291.743171
182,7022.323146
183,7169.911990
184,7298.707170
185,7150.159896
186,7038.351458
187,7085.656285
188,6921.994521
189,7015.936237
190,6983.151086
191,7182.929897
192,7185.541292
193,7143.376698
194,7153.241142
195,6972.251042
196,6806.709549
197,6841.340491
198,7087.628866
199,7042.421060
200,7197.058766
201,7239.243553
202,7092.727231
203,7203.135486
204,7417.379064
205,7235.503560
206,7132.140272
207,7177.564614
208,7206.055253
209,7138.625188
210,7257.863508
211,7134.238452
212,7352.095443
213,7170.674062
214,7360.788650
215,7409.855764
216,7134.908673
217,7104.890845
218,7031.845818
219,7331.356039
220,7343.748589
221,7229.635120
222,7025.807019
223,6972.815658
224,7036.451513
225,6834.297103
226,7036.075551
227,7262.957996
228,7209.724394
229,7319.440449
230,7202.763271
231,7157.810959
232,7209.994339
233,7173.341319
234,7017.610894
235,7024.511928
236,7011.429700
237,7007.116003
238,7121.168184
239,6873.941503
240,7085.484134
241,7078.695309
242,6995.832699
243,7064.396187
244,7091.946164
245,6893.285451
246,7144.159844
247,7143.383477
248,6944.532751
249,6904.151784
250,6975.571410
251,7145.153197
252,7047.743732
253,6882.912499
254,6904.895653
255,6879.975761
256,7029.080144
257,6929.803300
258,7088.547999
259,7083.246501
260,6959.997369
261,7025.538196
262,7084.152100
263,7109.778294
264,7170.097260
265,7081.955339
266,6861.383043
267,6950.545014
268,7039.300649
269,6983.811929
270,7112.743202
271,7223.514297
272,6914.409631
273,7076.028437
274,6983.211530
275,7159.339265
276,7078.301223
277,6938.500810
278,6731.250786
279,6864.975328
280,6914.964669
281,7067.159208
282,7140.943622
283,6961.914511
284,6933.821518
285,7012.781609
286,6904.030741
287,6839.752614
288,7001.153171
289,7104.636096
290,7141.050740
291,7142.793333
292,7118.766807
293,7428.666849
294,7149.277604
295,7075.631135
296,7051.238753
297,7198.378561
298,7025.092420
299,7184.350282
300,7062.640527
301,6995.472712
302,7181.702370
303,7271.782470
304,7125.330760
305,7122.276994
306,7063.352800
307,7284.115151
308,7395.135659
309,7421.831532
310,7295.165428
311,7203.132311
312,7476.947579
313,7338.398386
314,7293.660644
315,7146.616752
316,7055.204067
317,7308.999840
318,7281.606890
319,7085.866908
320,7039.629219
321,7070.054081
322,7193.591072
323,7130.436811
324,7280.470605
325,7261.879671
326,7071.085693
327,6980.075030
328,6887.141786
329,6808.948987
330,6881.699885
331,6894.698483
332,6973.800629
333,7124.897961
334,6973.808700
335,7057.290852
336,7208.045946
337,7183.252948
338,7026.830308
339,7066.510641
340,7181.175136
341,7290.277538
342,7232.324023
343,6894.069626
344,6802.722033
345,7020.950687
346,7059.088892
347,6978.999758
348,6934.144086
349,7000.337109
350,7248.775412
351,7006.167964
352,7198.694883
353,7156.985977
354,7127.207635
355,7027.483182
356,7161.312733
357,7211.679354
358,7268.206094
359,7341.589410
360,7176.247894
361,6945.646128
362,6936.289721
363,7049.520271
364,7090.285560
365,7064.051084
366,7155.111302
367,7264.469855
368,7025.696915
369,7094.052158
370,7202.540469
371,7149.780940
372,7114.312096
373,7019.841808
374,6810.121946
375,7167.607782
376,7100.630611
377,7164.382084
378,7221.225147
379,7372.550006
380,7346.198087
381,7280.701600
382,7306.055112
383,7312.145137
384,7394.248945
385,7385.866115
386,7425.718982
387,7372.984166
388,7334.414347
389,7005.635492
390,7017.270492
391,7024.419805
392,7090.041465
393,6986.176413
394,7241.319438
395,7235.287352
396,7342.331885
397,7306.307309
398,7385.223668
399,7232.021196
400,7069.364901
401,7280.254328
402,7289.279422
403,7357.053771
404,7347.299425
405,7434.334477
406,7459.470133
407,7053.851191
408,7100.320677
409,7243.411791
410,7389.632628
411,7354.482214
412,7430.125757
413,7437.472376
414,7352.871149
415,7086.809021
416,7080.354508
417,7180.512319
418,7109.488004
419,7137.913513
420,7241.427836
421,7219.926827
422,7473.865369
423,7518.434668
424,7354.043274
425,7492.851451
426,7538.989047
427,7368.735680
428,7220.170562
429,7128.274618
430,6991.531013
431,6873.265257
432,7059.989373
433,7243.423783
434,7328.991442
435,7433.539446
436,7515.887232
437,7429.709930
438,7360.790740
439,7529.728469
440,7649.886458
441,7683.034846
442,7502.600268
443,7344.767787
444,7444.899530
445,7509.863375
446,7392.030675
447,7187.270007
448,7288.936190
449,7141.155764
450,7318.430464
451,7176.520823
452,7262.525799
453,7423.103186
454,6990.938027
455,7213.447764
456,7131.401961
457,7045.885719
458,7142.092670
459,7259.565821
460,7288.572815
461,7301.396994
462,7448.089751
463,7387.911734
464,7136.591412
465,7222.612077
466,7379.265329
467,7318.185332
468,7450.773233
469,7355.724877
470,7212.583095
471,7170.282614
472,7450.999501
473,7392.896541
474,7272.597810
475,7300.727690
476,7353.769484
477,7367.533431
478,7228.449470
479,7456.831151
480,7358.794754
481,7513.007367
482,7544.306900
483,7472.897314
484,7318.271184
485,7336.662760
486,7062.493741
487,7269.707806
488,7136.528229
489,7225.859578
490,7366.849765
491,7149.173384
492,7391.685924
493,7471.668506
494,7500.009114
495,7498.348341
496,7341.367633
497,7332.915471
498,7467.248003
499,7448.608839
