0,3097.891227
1,6136.917298
2,6536.614837
3,6703.883831
4,6907.012769
5,7059.184388
6,7217.134874
7,7277.029963
8,7412.709446
9,7488.678926
10,7636.080096
11,7736.479707
12,7820.738564
13,7887.509551
14,7996.756967
15,8048.826399
16,8103.823317
17,8140.347130
18,8196.790527
19,8235.438936
20,8279.112627
21,8379.099698
22,8412.071588
23,8466.379422
24,8430.043666
25,8523.528005
26,8609.858157
27,8749.459312
28,8790.547309
29,8801.834091
30,8807.824938
31,8806.779230
32,8924.397268
33,8968.775889
34,8905.041187
35,9103.664672
36,9056.179283
37,9154.138428
38,9148.965410
39,9096.514882
40,9120.917696
41,9140.821441
42,9170.066960
43,9201.461416
44,9278.455937
45,9363.058902
46,9314.688007
47,9384.648908
48,9427.830157
49,9363.555034
50,9414.917922
51,9544.937222
52,9672.004744
53,9572.617175
54,9597.567225
55,9740.260771
56,9725.890000
57,9674.477289
58,9722.330363
59,9871.832477
60,9830.561562
61,9849.514402
62,9838.677595
63,9838.327318
64,9874.130457
65,9936.577434
66,9977.490584
67,10023.347939
68,10006.412899
69,9957.527273
70,10119.218110
71,9990.291916
72,9893.436057
73,10042.919545
74,10139.364500
75,10106.715319
76,10077.281204
77,10072.366072
78,10099.166929
79,10247.139085
80,10153.659508
81,10229.927079
82,10162.900133
83,10272.154815
84,10210.108928
85,10316.919975
86,10344.205182
87,10329.680842
88,10261.413926
89,10431.256910
90,10413.145765
91,10406.431557
92,10504.964963
93,10573.608871
94,10454.913768
95,10353.720729
96,10529.089900
97,10545.017774
98,10578.557662
99,10552.652217
100,10534.949223
101,10599.643014
102,10510.279887
103,10571.776127
104,10476.414109
105,10621.823704
106,10607.828867
107,10636.429692
108,10584.657420
109,10713.916306
110,10646.139287
111,10625.572832
112,10672.549371
113,10661.531046
114,10638.767621
115,10855.731268
116,10685.660644
117,10631.961920
118,10757.198624
119,10702.423883
120,10743.308200
121,10637.414786
122,10659.319685
123,10770.342074
124,10784.275443
125,10776.281791
126,10712.154020
127,10768.848704
128,10727.858752
129,10717.072631
130,10837.398095
131,10906.489993
132,10869.219377
133,11001.485807
134,10859.189386
135,10940.786922
136,10868.972511
137,10962.358428
138,10876.560214
139,10916.618708
140,10907.594569
141,10919.174725
142,11048.986020
143,10994.954795
144,11082.548492
145,10986.769743
146,10961.287997
147,11130.958258
148,11112.698152
149,11090.325814
150,11117.365507
151,11123.594246
152,11023.661314
153,11099.927261
154,11039.974214
155,11009.549982
156,11120.323461
157,11203.285960
158,11274.979793
159,11278.688124
160,11192.245242
161,11320.012867
162,11278.197333
163,11223.572578
164,11205.805238
165,11114.847072
166,11054.074452
167,11102.695204
168,11133.776648
169,11144.934467
170,11287.616021
171,11323.740313
172,11365.904814
173,11292.267477
174,11440.780269
175,11378.659150
176,11313.334271
177,11332.127010
178,11315.201163
179,11405.056465
180,11350.062872
181,11412.635261
182,11342.243332
183,11359.760892
184,11482.116941
185,11314.112155
186,11448.840973
187,11428.198333
188,11572.034705
189,11419.654203
190,11334.882032
191,11465.461297
192,11443.391519
193,11509.902606
194,11401.795058
195,11455.651387
196,11579.607100
197,11504.771842
198,11562.974896
199,11455.032114
200,11605.360050
201,11517.054537
202,11493.506765
203,11506.910971
204,11644.174645
205,11627.142216
206,11409.909771
207,11501.518587
208,11386.241361
209,11533.493155
210,11602.571031
211,11631.131060
212,11609.323468
213,11644.439521
214,11635.181147
215,11615.404117
216,11560.143882
217,11660.047645
218,11633.318295
219,11480.825618
220,11575.846639
221,11539.708652
222,11489.579365
223,11671.799031
224,11636.267171
225,11595.789719
226,11634.926152
227,11754.776434
228,11649.630245
229,11701.773010
230,11785.162686
231,11693.065174
232,11717.978395
233,11726.225942
234,11698.156026
235,11712.651186
236,11737.953862
237,11822.955652
238,11779.219043
239,11749.495985
240,11821.139758
241,11745.690315
242,11741.689791
243,11843.609554
244,11842.014715
245,11861.589281
246,11742.891431
247,11716.435603
248,11701.339102
249,11938.500642
250,11800.582636
251,11819.163893
252,11790.838322
253,11818.877521
254,11970.383163
255,11852.859697
256,11890.685583
257,11820.078254
258,11879.216199
259,11916.960827
260,11872.568950
261,11852.840535
262,11678.372000
263,11753.177747
264,11958.551717
265,12039.442943
266,11804.243837
267,11855.718637
268,11856.357540
269,11807.749997
270,11851.872346
271,11893.736309
272,11864.988133
273,11993.757915
274,11973.626922
275,11874.278096
276,11863.902748
277,11988.241456
278,11911.051297
279,11886.584985
280,11894.658853
281,11970.973280
282,12005.056571
283,11950.822291
284,11954.242658
285,12046.981464
286,12022.960983
287,11937.067498
288,11882.272335
289,11961.930452
290,12067.081467
291,12054.501786
292,12036.050898
293,12024.906042
294,12046.201117
295,11902.975371
296,11978.587643
297,12007.510781
298,11971.556695
299,12005.458553
300,11947.706931
301,12017.532420
302,12106.682142
303,12042.026038
304,12097.482435
305,11995.275191
306,11990.524771
307,11998.312771
308,12072.229854
309,12020.901375
310,12062.809739
311,12076.143083
312,12085.025940
313,12254.944129
314,11950.719887
315,12128.075824
316,11980.026782
317,12043.574995
318,12027.438171
319,11983.884852
320,12001.244146
321,12087.902292
322,11973.681402
323,11987.338954
324,12057.692628
325,12167.366232
326,11988.208473
327,12119.157576
328,12199.512686
329,12071.557884
330,12109.482162
331,12042.226604
332,12042.379295
333,11988.089298
334,12085.665738
335,12092.459843
336,12056.666916
337,12126.474658
338,12121.459414
339,12013.296385
340,12062.810201
341,12212.511666
342,12159.070748
343,12129.069836
344,12177.079743
345,12261.210026
346,12236.432456
347,12104.832652
348,12121.225392
349,12068.217406
350,12346.513297
351,12394.641750
352,12312.098222
353,12176.425492
354,12294.351349
355,12321.908794
356,12339.954995
357,12314.459695
358,12283.662774
359,12292.038552
360,12275.598027
361,12288.783581
362,12223.482719
363,12255.412363
364,12212.276062
365,12299.811914
366,12341.237607
367,12321.072942
368,12250.616803
369,12355.672441
370,12294.040413
371,12448.242293
372,12355.464595
373,12413.031036
374,12402.823793
375,12354.315641
376,12298.049254
377,12247.297789
378,12333.722235
379,12437.693595
380,12345.573335
381,12327.491313
382,12449.789404
383,12402.829221
384,12405.870774
385,12486.816884
386,12437.773933
387,12315.090164
388,12374.939973
389,12287.085499
390,12444.570874
391,12504.530150
392,12520.909551
393,12424.401969
394,12313.351824
395,12439.487714
396,12578.315684
397,12519.823338
398,12505.471076
399,12391.624175
400,12386.674120
401,12348.278100
402,12550.659369
403,12475.291107
404,12511.852369
405,12434.834027
406,12444.489941
407,12515.377180
408,12469.773458
409,12528.172715
410,12406.567438
411,12581.976469
412,12326.593672
413,12634.046434
414,12478.452953
415,12365.955087
416,12566.644319
417,12538.160657
418,12615.248370
419,12597.583253
420,12517.786107
421,12540.066039
422,12597.840197
423,12521.023544
424,12513.932761
425,12565.778976
426,12619.715591
427,12685.187025
428,12685.570380
429,12555.407521
430,12587.564808
431,12700.038090
432,12667.820481
433,12627.736938
434,12606.001476
435,12544.205490
436,12518.049812
437,12587.710845
438,12533.778929
439,12482.428797
440,12695.384406
441,12693.838510
442,12644.727929
443,12632.695533
444,12657.539891
445,12720.322499
446,12653.982691
447,12596.869054
448,12553.937083
449,12446.764078
450,12625.529572
451,12456.836732
452,12595.821575
453,12514.691644
454,12823.433805
455,12723.529279
456,12641.709971
457,12719.238565
458,12687.903998
459,12809.410757
460,12716.265732
461,12646.426120
462,12740.156213
463,12562.804060
464,12776.078605
465,12649.465959
466,12754.922202
467,12592.760638
468,12641.057976
469,12692.977315
470,12710.490168
471,12673.214447
472,12626.703873
473,12773.554199
474,12678.052678
475,12661.189814
476,12816.352328
477,12857.149244
478,12746.834162
479,12751.179321
480,12599.984846
481,12617.585085
482,12494.697015
483,12639.810319
484,12711.031524
485,12772.764445
486,12836.166882
487,12658.426777
488,12733.450434
489,12596.433211
490,12832.059691
491,12648.845848
492,12771.829356
493,12875.164817
494,12851.377262
495,12746.250704
496,12805.199424
497,12973.340052
498,12900.547355
499,12832.870821
